**********************************
LOGGING TIME: 20161112_155754
CLIENT IP: 10.105.74.162
USERNAME: V.Uday
OS: Windows 8
*********************Neutral database**********************************
MM, 66, 23, 1477468750684
MM, 64, 17, 0
MM, 62, 12, 16
MM, 60, 7, 0
MM, 57, 0, 15
MM, 43, 23, 32
MM, 37, 16, 0
MM, 29, 7, 15
MM, 16, 7, 500
MM, 16, 10, 16
MM, 17, 10, 187
MM, 19, 9, 16
MM, 27, 0, 16
MM, 45, 0, 313
MM, 37, 4, 0
MM, 28, 7, 15
MM, 21, 9, 0
MM, 12, 11, 16
MM, 3, 13, 0
MM, 3, 13, 265
MM, 7, 11, 16
MM, 10, 9, 0
MM, 11, 9, 16
MM, 12, 8, 0
MM, 13, 8, 15
MC, 1, 313
MM, 13, 13, 156
MM, 91, 4, 63
MM, 93, 7, 0
MM, 94, 10, 15
MM, 96, 12, 0
MM, 97, 15, 16
MM, 98, 18, 0
MM, 100, 20, 15
MM, 101, 21, 0
MM, 104, 24, 16
MM, 107, 26, 16
MM, 146, 2, 62
MM, 153, 5, 0
MM, 161, 8, 16
MM, 169, 15, 0
MM, 11, 25, 16
MM, 255, 1, 125
MM, 256, 29, 15
MM, 256, 51, 0
MM, 3, 15, 31
MM, 4, 9, 16
MM, 5, 18, 16
MM, 7, 28, 0
MM, 2, 7, 31
MM, 5, 15, 0
MM, 8, 20, 15
MM, 13, 28, 0
MM, 18, 30, 172
MM, 11, 21, 16
MM, 4, 13, 0
MM, 42, 27, 16
MM, 35, 20, 15
MM, 29, 14, 0
MM, 23, 9, 16
MM, 18, 4, 0
MM, 10, 30, 21
MM, 7, 27, 11
MM, 5, 24, 0
MM, 4, 22, 16
MM, 3, 21, 0
MM, 3, 20, 48
MM, 3, 17, 15
MM, 3, 13, 16
MM, 3, 7, 0
MM, 5, 5, 16
MM, 7, 3, 0
MM, 42, 2, 172
MM, 1, 12, 31
MM, 4, 14, 0
MM, 6, 17, 15
MM, 8, 20, 0
MM, 11, 23, 16
MM, 13, 26, 0
MM, 15, 27, 16
MM, 18, 29, 0
MM, 20, 29, 15
MM, 22, 30, 0
MM, 23, 30, 16
MM, 24, 30, 0
MM, 25, 30, 16
MM, 26, 30, 62
MM, 27, 30, 16
MM, 27, 29, 15
MM, 27, 28, 16
MM, 27, 27, 16
MM, 27, 25, 0
MM, 27, 24, 15
MM, 27, 21, 0
MM, 27, 20, 16
MM, 27, 18, 0
MM, 26, 17, 15
MM, 26, 16, 0
MM, 26, 15, 16
MM, 26, 14, 16
MM, 25, 13, 15
MM, 25, 12, 16
MC, 1, 250
MM, 24, 12, 47
MM, 21, 12, 0
MM, 18, 13, 15
MM, 15, 14, 0
MM, 11, 16, 16
MM, 6, 18, 0
MM, 2, 20, 16
MM, 36, 28, 15
MM, 9, 2, 16
MM, 0, 4, 16
MM, 44, 9, 15
MM, 37, 12, 0
MM, 31, 12, 16
MM, 25, 13, 0
MM, 15, 14, 15
MM, 4, 15, 0
MM, 30, 15, 16
MM, 17, 16, 16
MM, 1, 16, 0
MM, 36, 16, 15
MM, 23, 16, 0
MM, 13, 16, 16
MM, 6, 16, 16
MM, 0, 3, 218
MM, 0, 2, 16
MM, 1, 2, 0
MM, 2, 2, 16
MM, 3, 2, 15
MM, 4, 2, 0
MM, 5, 2, 16
MM, 6, 2, 0
MM, 7, 2, 15
MM, 11, 4, 0
MM, 14, 5, 16
MM, 16, 6, 16
MM, 19, 8, 0
MM, 22, 8, 15
MM, 23, 9, 0
MM, 24, 9, 16
MM, 25, 9, 16
MC, 1, 218
MM, 20, 10, 47
MM, 16, 11, 16
MM, 13, 11, 15
MM, 9, 11, 0
MM, 6, 12, 16
MM, 1, 13, 0
MM, 40, 15, 16
MM, 35, 15, 15
MM, 26, 16, 0
MM, 18, 17, 16
MM, 10, 17, 0
MM, 1, 16, 16
MM, 42, 15, 0
MM, 35, 13, 15
MM, 26, 10, 0
MM, 17, 8, 16
MM, 11, 4, 0
MM, 7, 1, 15
MP, 1, 188
MR, 1, 78
MC, 1, 0
MM, 2, 1, 125
MM, 8, 6, 0
MM, 12, 9, 16
MM, 15, 11, 0
MM, 17, 14, 15
MM, 21, 16, 0
MM, 23, 18, 16
MM, 25, 20, 0
MM, 26, 20, 16
MC, 1, 234
MM, 28, 20, 78
MM, 32, 19, 0
MM, 38, 18, 16
MM, 11, 16, 15
MM, 28, 12, 0
MM, 2, 9, 16
MM, 28, 4, 0
MM, 6, 3, 16
MM, 37, 0, 0
MM, 7, 18, 38
MM, 14, 15, 13
MM, 18, 14, 0
MM, 20, 12, 16
MM, 21, 12, 0
MM, 24, 11, 19
MM, 24, 10, 0
MM, 25, 9, 13
MM, 25, 8, 16
MM, 26, 8, 0
MM, 26, 7, 94
MM, 27, 7, 15
MM, 29, 7, 0
MM, 32, 7, 16
MM, 35, 7, 0
MM, 39, 6, 16
MM, 41, 6, 0
MM, 42, 6, 15
MM, 43, 5, 16
MM, 2, 5, 109
MM, 4, 7, 0
MM, 6, 7, 16
MM, 8, 7, 0
MM, 8, 8, 31
MM, 8, 9, 47
MM, 8, 10, 0
MM, 7, 11, 16
MM, 6, 11, 15
MM, 6, 12, 0
MM, 5, 13, 16
MM, 1, 13, 0
MM, 42, 14, 15
MM, 39, 14, 16
MM, 36, 14, 0
MM, 34, 15, 16
MM, 33, 16, 0
MM, 32, 16, 15
MM, 31, 16, 0
MM, 29, 16, 16
MM, 28, 16, 16
MM, 26, 16, 0
MM, 22, 16, 15
MM, 21, 15, 0
MM, 19, 15, 16
MM, 18, 15, 0
MM, 17, 15, 15
MM, 16, 14, 0
MM, 15, 13, 16
MC, 1, 188
MM, 14, 13, 109
MM, 13, 13, 16
MM, 10, 16, 0
MM, 8, 21, 16
MM, 6, 25, 0
MM, 3, 31, 15
MM, 46, 18, 31
MM, 43, 26, 0
MM, 26, 3, 32
MM, 25, 5, 0
MM, 24, 7, 15
MM, 23, 10, 0
MM, 21, 14, 16
MM, 20, 16, 0
MM, 18, 19, 16
MM, 17, 21, 0
MM, 16, 24, 15
MM, 14, 28, 0
MM, 12, 31, 16
MM, 122, 1, 15
MM, 120, 5, 0
MM, 118, 8, 16
MM, 117, 9, 0
MM, 117, 11, 16
MM, 114, 14, 0
MM, 114, 15, 15
MM, 113, 16, 0
MM, 113, 17, 16
MM, 116, 15, 328
MM, 124, 8, 0
MM, 139, 0, 16
MM, 42, 29, 0
MM, 13, 17, 15
MM, 31, 9, 16
MM, 43, 3, 0
MM, 11, 28, 16
MM, 19, 22, 15
MM, 28, 17, 0
MM, 37, 12, 16
MM, 43, 8, 0
MM, 0, 3, 15
MM, 2, 2, 16
MM, 3, 1, 0
MM, 5, 1, 16
MM, 5, 0, 0
MM, 17, 31, 47
MM, 23, 28, 0
MM, 27, 25, 15
MM, 35, 21, 0
MM, 8, 15, 16
MM, 18, 12, 16
MM, 29, 9, 0
MM, 7, 7, 15
MM, 15, 6, 16
MM, 22, 5, 0
MM, 28, 5, 15
MM, 30, 5, 0
MM, 33, 4, 16
MM, 0, 2, 16
MM, 2, 1, 15
MM, 6, 0, 0
MM, 14, 1, 270
MM, 15, 1, 16
MM, 16, 3, 0
MM, 17, 3, 15
MM, 18, 4, 0
MM, 18, 6, 16
MM, 19, 7, 15
MM, 20, 9, 0
MM, 20, 11, 16
MM, 21, 14, 0
MC, 1, 409
MM, 21, 18, 580
MM, 22, 22, 16
MM, 23, 24, 0
MM, 23, 27, 16
MM, 10, 31, 422
MM, 27, 29, 15
MM, 14, 28, 16
MM, 35, 26, 16
MM, 26, 26, 0
MM, 15, 26, 15
MM, 6, 26, 0
MM, 41, 26, 16
MM, 33, 27, 16
MM, 27, 28, 0
MM, 20, 29, 15
MM, 15, 30, 0
MM, 4, 30, 455
MM, 3, 28, 16
MM, 3, 25, 0
MM, 2, 23, 15
MM, 2, 22, 0
MM, 1, 21, 16
MM, 1, 19, 0
MM, 0, 19, 16
MM, 0, 18, 32
MM, 0, 16, 0
MM, 41, 10, 173
MM, 36, 9, 0
MM, 29, 9, 0
MM, 22, 8, 16
MM, 17, 8, 15
MM, 11, 8, 0
MM, 8, 8, 16
MM, 6, 8, 0
MM, 5, 8, 313
MM, 9, 11, 31
MM, 17, 14, 0
MM, 24, 18, 16
MM, 28, 20, 0
MM, 29, 20, 16
MM, 30, 21, 0
MC, 1, 297
MM, 31, 21, 47
MM, 32, 21, 16
MM, 35, 21, 0
MM, 41, 21, 15
MM, 1, 21, 16
MM, 7, 21, 0
MM, 11, 21, 16
MM, 18, 21, 0
MM, 23, 21, 15
MM, 29, 21, 0
MM, 35, 21, 16
MM, 39, 21, 0
MM, 42, 21, 15
MM, 0, 19, 63
MM, 1, 19, 16
MM, 2, 19, 15
MM, 3, 19, 16
MM, 4, 19, 0
MM, 5, 19, 16
MM, 7, 19, 15
MM, 8, 19, 0
MM, 9, 19, 16
MM, 10, 19, 0
MM, 12, 19, 15
MM, 13, 19, 48
MM, 15, 19, 16
MM, 17, 19, 16
MM, 20, 19, 0
MM, 22, 19, 15
MC, 1, 188
MM, 21, 20, 125
MM, 20, 21, 15
MM, 19, 21, 0
MM, 18, 23, 16
MM, 14, 26, 16
MM, 13, 28, 0
MM, 11, 28, 15
MM, 10, 30, 0
MM, 9, 30, 16
MM, 8, 31, 0
MC, 1, 616
MM, 33, 7, 172
MM, 33, 12, 15
MM, 33, 19, 0
MM, 33, 26, 16
MM, 33, 29, 0
MM, 24, 0, 156
MM, 23, 1, 16
MM, 22, 3, 15
MM, 22, 5, 16
MM, 22, 9, 0
MM, 21, 11, 16
MM, 20, 13, 0
MM, 19, 15, 15
MM, 19, 18, 0
MM, 19, 19, 16
MM, 19, 20, 0
MM, 19, 21, 15
MM, 19, 23, 0
MM, 18, 24, 32
MM, 18, 26, 15
MM, 18, 25, 297
MM, 18, 24, 16
MM, 19, 23, 0
MM, 19, 22, 21
MM, 19, 21, 12
MM, 20, 20, 0
MC, 1, 281
MM, 20, 16, 78
MM, 20, 7, 16
MM, 28, 31, 15
MM, 28, 27, 0
MM, 28, 24, 16
MM, 29, 18, 0
MM, 31, 11, 15
MM, 35, 2, 0
MM, 16, 31, 158
MM, 17, 30, 78
MM, 17, 28, 0
MM, 17, 27, 16
MM, 17, 25, 0
MM, 18, 25, 15
MM, 18, 24, 0
MM, 19, 23, 16
MM, 19, 21, 16
MM, 21, 20, 0
MM, 21, 18, 15
MM, 22, 17, 0
MC, 1, 250
MM, 24, 16, 78
MM, 25, 15, 0
MM, 29, 15, 16
MM, 40, 16, 0
MM, 12, 0, 47
MM, 23, 1, 16
MM, 29, 2, 0
MM, 32, 2, 15
MM, 31, 2, 269
MM, 31, 1, 0
MM, 29, 0, 16
MC, 1, 378
MC, 1, 859
MM, 5, 1, 141
MM, 42, 1, 15
MM, 30, 1, 0
MM, 22, 1, 16
MM, 16, 1, 0
MM, 10, 1, 15
MM, 3, 1, 0
MM, 39, 1, 32
MM, 33, 0, 0
MM, 25, 0, 15
MM, 41, 16, 267
MM, 38, 16, 16
MM, 36, 16, 0
MM, 34, 15, 15
MM, 32, 15, 16
MC, 1, 281
MM, 32, 14, 48
MM, 33, 13, 16
MM, 36, 13, 0
MM, 42, 13, 15
MC, 1, 894
MM, 7, 0, 110
MM, 5, 4, 15
MM, 3, 9, 0
MM, 2, 14, 16
MM, 1, 22, 0
MM, 0, 27, 16
MC, 1, 705
MM, 48, 0, 375
MM, 18, 30, 32
MM, 7, 29, 15
MM, 22, 24, 16
MM, 9, 20, 15
MM, 33, 14, 17
MM, 21, 11, 0
MM, 13, 9, 16
MM, 6, 6, 0
MM, 1, 5, 15
MM, 0, 3, 0
MM, 157, 62, 219
MM, 151, 59, 16
MM, 143, 55, 0
MM, 136, 52, 16
MM, 128, 47, 0
MM, 122, 43, 15
MM, 116, 38, 0
MM, 110, 32, 16
MM, 101, 27, 0
MM, 95, 21, 16
MM, 89, 15, 0
MM, 80, 8, 15
MM, 71, 1, 16
MC, 1, 1007
MM, 122, 5, 35662
MM, 133, 21, 0
MM, 138, 32, 16
MM, 143, 41, 0
MM, 147, 47, 16
MM, 150, 50, 0
MM, 151, 51, 15
MM, 151, 53, 63
MM, 152, 53, 16
MM, 153, 53, 0
MM, 155, 53, 15
MM, 155, 55, 16
MM, 156, 57, 15
MM, 157, 58, 0
MM, 159, 62, 16
MM, 227, 63, 392
MM, 229, 60, 16
MM, 231, 57, 0
MM, 232, 54, 16
MM, 233, 53, 0
MM, 234, 51, 15
MM, 234, 50, 16
MM, 235, 49, 15
MM, 235, 48, 157
MM, 237, 43, 17
MM, 240, 38, 0
MM, 241, 34, 17
MM, 243, 32, 0
MM, 243, 31, 15
MM, 245, 31, 253
MM, 245, 30, 16
MM, 246, 30, 0
MM, 246, 29, 15
MM, 248, 28, 16
MM, 248, 35, 2215
MM, 246, 43, 15
MM, 243, 53, 0
MM, 240, 62, 16
MM, 34, 31, 282
MM, 32, 29, 0
MM, 30, 29, 16
MM, 29, 29, 235
MM, 26, 28, 16
MM, 24, 27, 0
MM, 20, 27, 16
MM, 16, 26, 0
MM, 13, 26, 15
MM, 11, 26, 0
MM, 8, 26, 16
MM, 5, 26, 0
MM, 3, 25, 16
MM, 42, 22, 156
MM, 40, 21, 15
MM, 37, 21, 0
MM, 35, 18, 16
MM, 32, 18, 0
MM, 30, 18, 16
MM, 28, 17, 0
MM, 25, 15, 15
MM, 24, 15, 63
MM, 23, 15, 31
MC, 1, 141
MM, 24, 15, 62
MM, 26, 15, 16
MM, 33, 16, 0
MM, 10, 18, 15
MM, 22, 18, 16
MM, 35, 18, 0
MC, 1, 736
MM, 31, 6, 141
MM, 28, 14, 15
MM, 27, 20, 0
MM, 24, 25, 22
MM, 23, 31, 0
MM, 13, 2, 11
MM, 13, 5, 16
MM, 13, 8, 0
MM, 13, 11, 16
MM, 13, 13, 0
MM, 13, 16, 15
MM, 13, 19, 0
MM, 13, 21, 16
MM, 14, 23, 0
MM, 14, 24, 15
MM, 14, 25, 32
MM, 14, 26, 0
MM, 15, 30, 15
MM, 7, 0, 47
MM, 7, 1, 16
MM, 7, 2, 0
MM, 7, 3, 15
MM, 7, 4, 16
MM, 7, 5, 0
MM, 7, 6, 16
MM, 7, 7, 15
MM, 8, 9, 0
MM, 9, 10, 78
MM, 10, 11, 0
MM, 11, 12, 16
MM, 12, 13, 21
MM, 14, 15, 0
MC, 1, 203
MM, 11, 15, 63
MM, 9, 15, 0
MM, 7, 15, 31
MM, 5, 15, 15
MM, 3, 14, 0
MM, 0, 13, 32
MM, 43, 12, 15
MM, 38, 10, 16
MM, 33, 10, 0
MM, 26, 10, 16
MM, 18, 10, 0
MM, 11, 10, 15
MM, 3, 10, 0
MM, 40, 11, 16
MM, 34, 11, 15
MM, 28, 13, 0
MM, 20, 15, 16
MM, 16, 16, 0
MM, 9, 18, 16
MM, 2, 20, 0
MM, 39, 27, 32
MM, 33, 28, 16
MM, 29, 29, 0
MM, 25, 31, 16
MM, 22, 31, 0
MM, 21, 31, 15
MM, 20, 31, 0
MM, 23, 31, 63
MM, 16, 30, 16
MM, 7, 29, 0
MM, 0, 26, 15
MM, 42, 23, 0
MM, 36, 22, 16
MM, 28, 17, 0
MM, 22, 16, 16
MM, 18, 12, 0
MM, 12, 9, 18
MM, 5, 5, 0
MM, 36, 30, 30
MM, 32, 26, 15
MM, 27, 24, 0
MM, 24, 22, 16
MM, 22, 22, 15
MM, 21, 21, 0
MM, 19, 19, 16
MM, 18, 19, 0
MM, 16, 18, 16
MM, 13, 17, 15
MM, 12, 17, 16
MM, 10, 16, 0
MM, 8, 16, 16
MM, 7, 16, 0
MM, 4, 16, 15
MM, 2, 15, 0
MM, 42, 15, 125
MM, 38, 14, 0
MM, 36, 12, 16
MM, 34, 12, 0
MM, 32, 11, 16
MM, 31, 10, 0
MM, 30, 10, 16
MM, 30, 9, 31
MM, 30, 8, 15
MM, 30, 5, 0
MM, 30, 3, 16
MM, 30, 0, 16
MC, 1, 752
MM, 0, 1, 110
MM, 4, 4, 16
MM, 9, 9, 0
MM, 14, 12, 16
MM, 19, 15, 0
MM, 20, 15, 15
MC, 1, 266
MM, 19, 15, 15
MM, 15, 14, 16
MM, 11, 12, 0
MM, 5, 10, 16
MM, 41, 2, 31
MM, 35, 0, 0
MC, 1, 595
MM, 7, 6, 110
MM, 13, 13, 15
MM, 17, 23, 0
MM, 17, 0, 16
MM, 20, 3, 15
MM, 21, 6, 0
MM, 21, 9, 19
MM, 22, 11, 0
MM, 22, 12, 14
MM, 22, 13, 15
MM, 22, 14, 0
MM, 23, 16, 16
MM, 23, 19, 0
MM, 23, 22, 16
MM, 23, 25, 0
MM, 23, 29, 15
MM, 89, 1, 16
MM, 89, 6, 0
MM, 89, 8, 16
MM, 89, 9, 0
MM, 89, 10, 15
MC, 1, 313
MM, 91, 10, 15
MM, 91, 8, 16
MM, 92, 4, 0
MM, 30, 28, 16
MM, 34, 21, 15
MM, 39, 14, 0
MM, 40, 9, 16
MM, 12, 31, 15
MM, 16, 25, 16
MM, 19, 22, 0
MM, 22, 19, 16
MM, 25, 16, 15
MM, 26, 13, 0
MM, 28, 13, 16
MM, 28, 11, 0
MM, 28, 10, 126
MM, 28, 9, 0
MM, 28, 7, 18
MM, 28, 5, 0
MM, 28, 4, 15
MM, 28, 1, 0
MC, 1, 329
MM, 0, 14, 219
MM, 2, 14, 0
MM, 3, 14, 78
MM, 4, 14, 16
MM, 5, 14, 156
MC, 1, 119
MM, 6, 14, 93
MM, 7, 14, 0
MM, 9, 16, 16
MM, 12, 18, 15
MM, 17, 19, 0
MM, 24, 23, 16
MM, 32, 24, 0
MM, 42, 27, 17
MM, 3, 29, 0
MM, 43, 0, 31
MM, 8, 1, 0
MM, 18, 2, 17
MM, 29, 5, 0
MM, 36, 5, 16
MM, 38, 5, 0
MM, 40, 5, 15
MM, 40, 4, 0
MM, 41, 4, 16
MM, 41, 3, 0
MM, 42, 2, 16
MM, 21, 31, 142
MM, 22, 31, 15
MM, 23, 31, 16
MM, 24, 30, 0
MM, 25, 29, 16
MM, 26, 29, 0
MM, 27, 28, 15
MM, 29, 28, 0
MM, 30, 27, 16
MM, 31, 26, 0
MM, 33, 26, 16
MM, 33, 25, 15
MM, 34, 25, 20
MM, 35, 25, 13
MM, 36, 25, 0
MM, 0, 23, 113
MM, 0, 22, 16
MM, 2, 21, 0
MM, 3, 20, 19
MM, 4, 19, 29
MM, 5, 18, 16
MM, 6, 17, 15
MM, 6, 16, 16
MC, 1, 238
MM, 6, 17, 15
MM, 3, 18, 16
MM, 3, 19, 0
MM, 0, 19, 16
MM, 36, 23, 47
MM, 32, 23, 0
MM, 28, 23, 15
MM, 24, 23, 0
MM, 20, 23, 16
MM, 17, 23, 0
MM, 13, 23, 15
MM, 10, 23, 0
MM, 4, 23, 16
MM, 1, 23, 0
MM, 35, 22, 125
MM, 32, 20, 16
MM, 27, 17, 0
MM, 23, 15, 15
MM, 19, 12, 0
MM, 16, 9, 16
MM, 13, 9, 0
MM, 12, 7, 16
MM, 10, 7, 0
MC, 1, 203
MM, 9, 7, 62
MM, 8, 7, 0
MM, 6, 10, 16
MM, 3, 13, 0
MM, 43, 26, 31
MM, 38, 29, 0
MM, 24, 3, 16
MM, 16, 8, 15
MM, 6, 12, 0
MM, 38, 22, 16
MM, 28, 26, 16
MM, 17, 30, 15
MM, 35, 4, 16
MM, 25, 6, 16
MM, 18, 8, 0
MM, 12, 9, 15
MM, 9, 9, 0
MM, 7, 9, 16
MM, 6, 9, 125
MM, 2, 9, 15
MM, 42, 5, 16
MM, 35, 3, 0
MM, 28, 1, 16
MM, 34, 0, 109
MM, 34, 1, 17
MM, 33, 2, 0
MM, 32, 3, 156
MM, 31, 3, 16
MM, 31, 5, 0
MM, 30, 6, 15
MM, 30, 7, 0
MM, 29, 8, 20
MM, 29, 12, 0
MM, 26, 14, 279
MM, 21, 13, 0
MM, 16, 10, 16
MM, 10, 6, 0
MM, 3, 3, 17
MM, 40, 31, 15
MM, 30, 29, 16
MM, 20, 26, 0
MM, 15, 25, 15
MM, 8, 25, 0
MM, 4, 24, 16
MM, 1, 23, 0
MM, 43, 22, 391
MM, 41, 22, 0
MM, 38, 20, 15
MM, 35, 18, 0
MM, 31, 17, 16
MM, 26, 16, 0
MM, 22, 13, 16
MM, 19, 12, 0
MM, 18, 12, 15
MM, 17, 10, 0
MC, 1, 235
MM, 21, 10, 47
MM, 34, 12, 0
MM, 16, 21, 15
MM, 38, 27, 16
MM, 21, 0, 15
MM, 37, 5, 0
MM, 4, 10, 16
MM, 16, 13, 0
MM, 27, 15, 16
MM, 36, 16, 0
MM, 1, 17, 15
MM, 8, 17, 16
MM, 13, 17, 0
MM, 18, 16, 16
MM, 23, 15, 0
MM, 28, 13, 15
MM, 36, 11, 16
MM, 42, 10, 0
MM, 1, 7, 15
MM, 4, 6, 16
MM, 7, 5, 0
MM, 12, 3, 17
MM, 16, 2, 0
MM, 19, 2, 15
MM, 22, 1, 0
MM, 11, 31, 78
MM, 13, 31, 0
MM, 14, 31, 16
MM, 15, 31, 0
MM, 16, 31, 16
MM, 17, 31, 15
MM, 18, 31, 16
MM, 19, 31, 0
MM, 20, 31, 15
MM, 23, 31, 0
MM, 17, 0, 96
MM, 24, 0, 15
MM, 29, 0, 0
MM, 34, 0, 16
MM, 36, 0, 0
MM, 6, 31, 47
MM, 10, 29, 0
MM, 14, 28, 16
MM, 19, 27, 0
MM, 21, 27, 15
MM, 23, 27, 0
MM, 24, 26, 16
MM, 25, 26, 109
MC, 1, 235
MM, 21, 26, 46
MM, 20, 27, 16
MM, 17, 28, 0
MM, 14, 30, 16
MM, 12, 30, 0
MM, 35, 0, 47
MM, 31, 2, 15
MM, 25, 5, 0
MM, 17, 7, 18
MM, 6, 10, 0
MM, 43, 13, 15
MM, 29, 19, 0
MM, 16, 22, 15
MM, 5, 25, 0
MM, 181, 1, 235
MM, 178, 2, 0
MM, 175, 4, 15
MM, 173, 5, 0
MM, 171, 7, 16
MM, 170, 8, 15
MM, 170, 9, 0
MM, 169, 9, 32
MM, 169, 10, 15
MM, 168, 10, 16
MM, 167, 11, 0
MC, 1, 203
MM, 172, 7, 47
MM, 181, 0, 0
MM, 39, 27, 16
MM, 9, 11, 31
MM, 20, 7, 0
MM, 32, 1, 15
MM, 16, 28, 16
MM, 24, 25, 0
MM, 34, 21, 16
MM, 41, 17, 0
MM, 3, 12, 15
MM, 7, 9, 16
MM, 10, 8, 0
MM, 10, 7, 16
MM, 12, 6, 0
MM, 13, 6, 32
MM, 15, 5, 0
MM, 16, 3, 16
MM, 18, 2, 0
MM, 21, 2, 15
MM, 23, 1, 0
MM, 24, 1, 203
MM, 20, 5, 32
MM, 18, 7, 0
MM, 17, 12, 15
MM, 16, 14, 0
MM, 15, 16, 16
MM, 14, 17, 0
MM, 14, 19, 16
MM, 15, 19, 271
MM, 16, 18, 32
MM, 16, 17, 15
MM, 17, 17, 0
MM, 17, 16, 16
MC, 1, 188
MM, 11, 16, 49
MM, 3, 16, 0
MM, 41, 15, 14
MM, 26, 12, 0
MM, 8, 10, 16
MM, 34, 7, 0
MM, 14, 5, 15
MM, 38, 1, 0
MC, 1, 550
MM, 35, 0, 360
MM, 34, 0, 0
MM, 33, 1, 16
MM, 32, 1, 0
MM, 32, 2, 15
MM, 30, 3, 0
MM, 29, 4, 16
MM, 28, 5, 0
MM, 28, 6, 16
MM, 27, 7, 15
MM, 27, 8, 47
MM, 26, 8, 16
MM, 26, 9, 15
MM, 26, 10, 0
MM, 25, 11, 18
MC, 1, 253
MM, 25, 13, 31
MM, 26, 13, 0
MM, 28, 13, 16
MM, 32, 13, 0
MM, 39, 14, 16
MM, 6, 15, 15
MM, 14, 16, 0
MM, 22, 17, 16
MM, 27, 17, 0
MM, 31, 18, 15
MM, 34, 18, 0
MM, 35, 18, 16
MM, 37, 18, 31
MM, 38, 18, 16
MM, 40, 18, 16
MM, 41, 18, 15
MM, 43, 18, 16
MM, 0, 15, 78
MM, 1, 15, 0
MM, 3, 15, 16
MM, 4, 15, 78
MM, 5, 15, 0
MM, 6, 15, 19
MM, 7, 15, 14
MM, 8, 15, 80
MC, 1, 141
MM, 8, 17, 47
MM, 8, 20, 0
MM, 9, 24, 15
MM, 10, 28, 0
MM, 6, 3, 31
MM, 8, 10, 0
MM, 11, 18, 16
MM, 13, 28, 0
MM, 33, 6, 17
MM, 36, 10, 15
MM, 37, 13, 0
MM, 39, 16, 16
MM, 40, 16, 0
MM, 41, 16, 15
MM, 42, 16, 16
MM, 43, 16, 269
MM, 44, 16, 0
MM, 45, 16, 16
MC, 1, 156
MM, 47, 15, 31
MM, 47, 14, 0
MM, 49, 14, 16
MM, 54, 12, 0
MM, 66, 8, 15
MM, 79, 5, 0
MM, 95, 4, 18
MM, 113, 3, 0
MM, 130, 2, 15
MM, 11, 29, 15
MM, 24, 21, 16
MM, 39, 15, 0
MM, 38, 31, 31
MM, 5, 22, 0
MM, 22, 15, 16
MM, 33, 10, 0
MM, 43, 7, 16
MM, 1, 3, 0
MM, 9, 0, 15
MM, 12, 31, 219
MM, 13, 30, 16
MM, 16, 28, 0
MM, 18, 27, 17
MM, 19, 27, 0
MM, 19, 26, 16
MM, 20, 26, 0
MM, 22, 24, 16
MM, 23, 23, 15
MM, 23, 22, 282
MM, 23, 21, 15
MM, 23, 19, 0
MM, 23, 18, 16
MC, 1, 140
MM, 22, 17, 16
MM, 20, 17, 16
MM, 18, 17, 0
MM, 10, 18, 20
MM, 30, 20, 12
MM, 14, 20, 0
MM, 15, 20, 16
MM, 43, 18, 20
MM, 17, 15, 0
MM, 41, 12, 12
MM, 18, 9, 0
MC, 1, 759
MM, 21, 1, 109
MM, 31, 4, 16
MM, 39, 8, 0
MM, 9, 18, 16
MM, 20, 23, 15
MM, 28, 28, 0
MM, 38, 30, 16
MM, 43, 30, 0
MM, 1, 28, 62
MM, 3, 27, 0
MM, 5, 26, 16
MM, 7, 25, 0
MM, 9, 25, 16
MM, 12, 25, 0
MM, 14, 25, 15
MM, 14, 29, 157
MM, 15, 1, 32
MM, 15, 3, 0
MM, 15, 4, 78
MM, 15, 6, 16
MM, 16, 7, 94
MM, 16, 8, 0
MM, 17, 10, 15
MC, 1, 221
MM, 17, 11, 16
MM, 15, 12, 15
MM, 12, 12, 0
MM, 9, 12, 16
MM, 5, 12, 0
MM, 1, 11, 15
MM, 41, 11, 16
MM, 34, 11, 0
MM, 26, 11, 16
MM, 18, 11, 0
MM, 9, 11, 16
MM, 2, 10, 0
MM, 37, 10, 16
MM, 31, 10, 15
MM, 24, 10, 0
MM, 18, 10, 16
MM, 14, 10, 0
MM, 12, 10, 15
MM, 10, 10, 0
MM, 9, 10, 16
MM, 7, 10, 0
MM, 6, 10, 16
MM, 3, 10, 19
MM, 1, 10, 0
MM, 42, 9, 29
MM, 41, 8, 19
MM, 39, 8, 0
MM, 37, 8, 29
MM, 36, 8, 15
MM, 34, 8, 16
MC, 1, 250
MM, 33, 8, 31
MM, 33, 7, 16
MM, 34, 6, 0
MM, 35, 6, 16
MM, 37, 6, 11
MM, 40, 4, 0
MM, 3, 3, 15
MM, 14, 2, 16
MM, 27, 2, 0
MM, 41, 2, 16
MM, 8, 0, 0
MM, 5, 25, 31
MM, 17, 21, 0
MM, 31, 16, 16
MM, 42, 14, 0
MM, 2, 10, 15
MM, 9, 8, 0
MM, 13, 7, 16
MM, 17, 6, 0
MM, 23, 3, 15
MM, 28, 1, 0
MM, 32, 0, 16
MM, 4, 26, 31
MM, 9, 24, 0
MM, 14, 22, 16
MM, 17, 22, 0
MM, 19, 22, 16
MM, 20, 22, 0
MM, 21, 21, 78
MM, 23, 20, 0
MM, 25, 19, 15
MM, 29, 19, 16
MM, 31, 18, 0
MC, 1, 314
MM, 32, 18, 93
MM, 35, 23, 16
MM, 2, 5, 47
MM, 5, 7, 0
MM, 9, 10, 16
MM, 12, 12, 0
MM, 14, 13, 15
MM, 17, 13, 0
MM, 19, 13, 16
MM, 20, 13, 0
MM, 21, 13, 19
MC, 1, 232
MM, 21, 14, 31
MM, 20, 14, 16
MM, 17, 16, 0
MM, 10, 17, 15
MM, 1, 19, 0
MM, 36, 23, 16
MM, 28, 27, 16
MM, 15, 29, 0
MM, 29, 1, 15
MM, 18, 5, 16
MM, 7, 9, 0
MM, 42, 24, 31
MM, 33, 29, 0
MM, 178, 1, 31
MM, 174, 3, 0
MM, 171, 5, 16
MM, 170, 7, 63
MM, 169, 7, 31
MM, 168, 7, 15
MM, 167, 7, 0
MM, 164, 7, 16
MM, 162, 7, 0
MM, 160, 7, 16
MM, 159, 7, 0
MM, 158, 7, 109
MM, 156, 7, 0
MM, 155, 9, 19
MM, 153, 10, 301
MM, 150, 8, 0
MM, 146, 6, 15
MM, 142, 2, 0
MM, 4, 30, 36
MM, 39, 25, 12
MM, 33, 22, 16
MM, 25, 20, 0
MM, 19, 16, 16
MM, 12, 14, 0
MM, 5, 12, 15
MM, 0, 11, 0
MM, 42, 8, 156
MM, 39, 8, 16
MM, 37, 8, 16
MM, 35, 7, 0
MM, 33, 6, 15
MM, 32, 6, 0
MM, 31, 6, 16
MM, 30, 6, 0
MM, 28, 6, 16
MM, 24, 8, 15
MM, 22, 10, 19
MM, 20, 11, 0
MM, 17, 12, 16
MM, 16, 13, 14
MC, 1, 216
MM, 14, 13, 15
MM, 12, 12, 16
MM, 10, 10, 0
MM, 7, 8, 16
MM, 5, 7, 0
MM, 1, 5, 15
MM, 43, 1, 16
MM, 35, 31, 16
MM, 30, 28, 15
MM, 26, 26, 0
MM, 22, 23, 16
MM, 18, 21, 0
MM, 14, 20, 15
MM, 11, 18, 0
MM, 9, 17, 16
MM, 5, 15, 0
MM, 2, 15, 16
MM, 43, 13, 22
MM, 41, 12, 10
MM, 40, 12, 31
MM, 39, 12, 16
MM, 38, 12, 16
MM, 34, 11, 0
MM, 33, 11, 0
MM, 32, 11, 16
MM, 29, 10, 16
MM, 29, 9, 0
MM, 26, 9, 15
MM, 25, 9, 16
MM, 23, 8, 0
MM, 22, 8, 15
MC, 1, 204
MM, 23, 8, 62
MM, 30, 9, 0
MM, 41, 13, 16
MM, 5, 17, 15
MM, 21, 21, 0
MM, 40, 26, 16
MM, 21, 1, 16
MM, 30, 4, 15
MM, 38, 6, 0
MM, 42, 7, 16
MM, 6, 7, 15
MM, 10, 7, 0
MM, 14, 7, 16
MM, 17, 7, 0
MM, 19, 6, 16
MM, 21, 5, 0
MM, 24, 5, 16
MM, 26, 5, 0
MM, 29, 4, 15
MM, 32, 3, 0
MM, 36, 3, 16
MM, 39, 3, 0
MM, 41, 3, 16
MM, 0, 3, 15
MM, 1, 3, 0
MM, 2, 3, 16
MM, 3, 3, 31
MM, 4, 3, 16
MM, 5, 3, 15
MM, 6, 3, 0
MM, 7, 3, 16
MM, 8, 3, 21
MM, 9, 3, 11
MM, 10, 3, 0
MM, 11, 3, 16
MM, 12, 3, 16
MM, 13, 3, 0
MM, 14, 3, 15
MM, 15, 3, 0
MM, 16, 3, 16
MM, 19, 3, 15
MM, 20, 4, 0
MM, 23, 4, 16
MM, 24, 4, 0
MM, 27, 5, 16
MM, 31, 7, 0
MM, 32, 8, 16
MM, 35, 10, 1
MM, 37, 11, 16
MM, 39, 13, 0
MM, 40, 15, 15
MM, 42, 16, 1
MM, 43, 16, 16
MM, 0, 18, 31
MM, 2, 18, 0
MM, 4, 18, 15
MM, 5, 18, 0
MM, 6, 18, 16
MM, 8, 18, 0
MM, 9, 18, 31
MM, 10, 18, 0
MM, 11, 18, 32
MM, 12, 18, 0
MM, 13, 18, 15
MM, 14, 18, 0
MM, 15, 18, 16
MC, 1, 172
MM, 13, 18, 62
MM, 11, 18, 0
MM, 10, 18, 16
MM, 9, 19, 0
MM, 6, 21, 16
MM, 3, 23, 0
MM, 1, 24, 15
MM, 43, 31, 16
MM, 147, 1, 31
MM, 145, 4, 16
MM, 144, 5, 0
MM, 143, 6, 15
MM, 143, 7, 94
MM, 142, 8, 16
MM, 141, 9, 0
MM, 139, 10, 15
MM, 139, 11, 0
MM, 138, 11, 16
MM, 137, 13, 15
MC, 1, 426
MM, 135, 14, 188
MM, 134, 14, 0
MM, 133, 14, 15
MM, 132, 13, 0
MM, 129, 12, 16
MM, 127, 10, 0
MM, 124, 9, 16
MM, 119, 6, 0
MM, 115, 4, 15
MM, 109, 1, 0
MM, 24, 31, 32
MM, 21, 30, 16
MM, 19, 29, 0
MM, 16, 29, 15
MM, 15, 28, 0
MM, 14, 28, 16
MM, 12, 27, 0
MM, 10, 27, 16
MM, 8, 26, 0
MM, 5, 25, 15
MM, 2, 24, 0
MM, 0, 23, 16
MM, 43, 15, 31
MM, 40, 13, 0
MM, 37, 9, 16
MM, 35, 7, 0
MM, 33, 5, 15
MM, 32, 4, 16
MM, 31, 1, 0
MM, 29, 0, 16
MM, 34, 31, 78
MM, 34, 30, 16
MM, 34, 29, 0
MM, 34, 28, 16
MM, 34, 25, 15
MM, 34, 24, 0
MM, 34, 23, 16
MM, 34, 22, 15
MM, 34, 21, 0
MM, 34, 20, 32
MM, 34, 19, 0
MM, 35, 17, 15
MM, 36, 17, 0
MM, 36, 16, 16
MM, 36, 15, 252
MM, 35, 14, 17
MM, 32, 13, 0
MM, 30, 11, 16
MM, 28, 10, 0
MM, 25, 10, 16
MM, 25, 9, 0
MC, 1, 219
MM, 24, 9, 46
MM, 24, 8, 16
MM, 24, 7, 0
MM, 26, 7, 16
MM, 30, 6, 15
MM, 34, 5, 0
MM, 39, 3, 16
MM, 43, 2, 0
MC, 1, 347
MM, 28, 1, 110
MM, 18, 4, 15
MM, 9, 6, 0
MM, 1, 8, 16
MM, 40, 10, 16
MM, 36, 10, 0
MM, 33, 11, 16
MM, 31, 11, 0
MM, 30, 11, 15
MM, 29, 11, 0
MM, 27, 11, 16
MM, 26, 12, 0
MM, 22, 12, 16
MM, 21, 12, 16
MM, 20, 12, 0
MM, 16, 12, 16
MM, 15, 12, 16
MM, 14, 12, 0
MM, 13, 12, 15
MM, 12, 12, 0
MM, 8, 12, 16
MM, 7, 12, 0
MM, 6, 12, 15
MM, 5, 12, 0
MM, 4, 12, 19
MM, 3, 12, 15
MM, 1, 12, 93
MM, 0, 11, 16
MM, 43, 11, 16
MM, 40, 10, 15
MM, 37, 9, 0
MM, 35, 8, 16
MC, 1, 265
MM, 35, 7, 32
MM, 35, 6, 0
MM, 38, 4, 15
MM, 41, 3, 0
MM, 0, 1, 16
MC, 1, 459
MM, 2, 2, 94
MM, 8, 11, 16
MM, 14, 22, 0
MM, 20, 31, 16
MM, 20, 1, 0
MM, 24, 10, 15
MM, 27, 16, 0
MM, 30, 21, 16
MM, 34, 23, 0
MM, 35, 25, 16
MM, 36, 26, 187
MM, 36, 27, 16
MM, 36, 28, 15
MM, 36, 30, 0
MM, 52, 0, 43
MM, 53, 3, 0
MM, 54, 6, 13
MM, 54, 8, 0
MM, 54, 9, 16
MM, 54, 10, 0
MM, 54, 12, 16
MM, 55, 13, 31
MC, 1, 281
MM, 55, 14, 0
MM, 53, 14, 16
MM, 52, 14, 15
MM, 51, 14, 0
MM, 49, 13, 16
MM, 48, 11, 20
MM, 45, 9, 0
MM, 42, 6, 12
MM, 37, 3, 0
MM, 4, 30, 32
MM, 39, 17, 16
MM, 35, 13, 15
MM, 31, 11, 0
MM, 28, 8, 16
MM, 25, 6, 0
MM, 23, 6, 16
MM, 20, 3, 0
MM, 19, 2, 15
MM, 15, 0, 0
MM, 43, 31, 173
MM, 42, 31, 0
MM, 40, 30, 16
MM, 39, 30, 0
MM, 36, 29, 127
MM, 35, 28, 14
MM, 34, 27, 0
MM, 32, 26, 15
MM, 31, 24, 16
MC, 1, 221
MM, 35, 27, 31
MM, 5, 4, 31
MM, 15, 11, 0
MM, 25, 19, 16
MM, 32, 25, 0
MM, 40, 30, 16
MM, 18, 4, 15
MM, 25, 8, 0
MM, 29, 12, 16
MM, 32, 14, 0
MM, 34, 16, 16
MM, 36, 17, 0
MM, 38, 18, 15
MM, 39, 18, 31
MM, 40, 18, 16
MM, 41, 18, 0
MC, 1, 281
MM, 43, 18, 47
MM, 47, 18, 0
MM, 52, 17, 16
MM, 59, 17, 0
MM, 67, 17, 15
MM, 78, 17, 0
MM, 89, 17, 16
MM, 103, 17, 0
MM, 117, 17, 16
MM, 133, 17, 0
MM, 153, 16, 15
MM, 168, 15, 0
MM, 183, 13, 23
MM, 193, 9, 0
MM, 13, 31, 64
MM, 22, 28, 0
MM, 31, 25, 15
MM, 42, 21, 0
MM, 5, 15, 16
MM, 20, 11, 16
MM, 22, 10, 0
MM, 23, 10, 62
MM, 24, 9, 16
MM, 26, 9, 0
MM, 28, 8, 15
MM, 30, 7, 0
MM, 31, 6, 16
MM, 32, 6, 0
MM, 33, 6, 20
MM, 34, 5, 0
MM, 35, 4, 12
MM, 36, 3, 16
MM, 37, 3, 16
MM, 37, 2, 0
MM, 38, 2, 15
MM, 39, 0, 0
MM, 12, 28, 32
MM, 15, 24, 15
MM, 17, 22, 0
MM, 21, 18, 22
MM, 21, 16, 0
MM, 23, 15, 13
MC, 1, 297
MM, 20, 15, 31
MM, 15, 14, 16
MM, 12, 13, 0
MM, 8, 11, 15
MM, 2, 7, 0
MM, 35, 31, 156
MM, 34, 30, 16
MM, 33, 28, 0
MM, 30, 25, 16
MM, 27, 23, 0
MM, 22, 22, 15
MM, 19, 20, 0
MM, 17, 19, 16
MM, 15, 18, 0
MC, 1, 486
MM, 14, 18, 47
MM, 13, 18, 16
MM, 9, 21, 0
MM, 2, 28, 15
MM, 37, 1, 16
MM, 30, 5, 0
MM, 23, 10, 16
MM, 18, 13, 0
MM, 14, 16, 15
MM, 11, 20, 0
MM, 9, 22, 16
MM, 9, 23, 0
MM, 8, 24, 15
MM, 7, 24, 0
MM, 7, 25, 16
MM, 6, 26, 31
MM, 6, 27, 0
MM, 5, 28, 16
MM, 4, 30, 16
MM, 3, 30, 0
MM, 43, 2, 47
MM, 40, 4, 0
MM, 38, 4, 15
MM, 37, 5, 0
MM, 36, 5, 16
MM, 35, 6, 0
MM, 34, 7, 16
MM, 33, 7, 0
MM, 32, 7, 15
MM, 30, 8, 0
MM, 29, 8, 16
MM, 28, 8, 0
MM, 26, 9, 16
MM, 21, 11, 0
MM, 18, 12, 15
MM, 13, 14, 0
MM, 11, 16, 16
MC, 1, 234
MM, 9, 16, 63
MM, 5, 14, 15
MM, 38, 5, 16
MM, 29, 1, 0
MM, 14, 27, 16
MM, 3, 22, 15
MM, 36, 15, 21
MM, 30, 12, 0
MM, 26, 11, 12
MM, 25, 10, 0
MM, 23, 9, 15
MM, 21, 8, 0
MM, 19, 8, 16
MM, 17, 7, 0
MM, 13, 5, 16
MM, 7, 4, 0
MM, 42, 0, 15
MC, 1, 599
MM, 24, 6, 78
MM, 28, 13, 16
MM, 32, 22, 0
MM, 37, 30, 16
MM, 33, 0, 0
MM, 36, 4, 15
MM, 38, 8, 0
MM, 41, 11, 16
MM, 42, 14, 0
MM, 43, 14, 16
MM, 0, 26, 78
MM, 0, 29, 0
MM, 1, 30, 62
MM, 2, 30, 0
MM, 69, 0, 95
MM, 69, 2, 0
MM, 70, 3, 16
MM, 70, 4, 15
MM, 70, 5, 16
MM, 71, 7, 328
MM, 71, 9, 47
MM, 71, 10, 16
MM, 71, 12, 33
MM, 72, 13, 0
MC, 1, 326
MM, 73, 13, 140
MM, 74, 12, 0
MM, 75, 8, 16
MM, 76, 5, 0
MM, 79, 2, 15
MM, 20, 29, 32
MM, 25, 24, 0
MM, 29, 20, 15
MM, 33, 15, 1
MM, 39, 11, 15
MM, 0, 3, 16
MM, 18, 31, 47
MM, 19, 30, 16
MM, 20, 28, 0
MM, 21, 27, 15
MM, 22, 26, 16
MM, 23, 25, 0
MM, 23, 23, 16
MM, 24, 21, 0
MM, 24, 20, 15
MM, 24, 18, 0
MM, 25, 17, 16
MM, 25, 16, 0
MM, 26, 15, 15
MM, 26, 13, 0
MM, 26, 11, 16
MM, 26, 10, 0
MM, 26, 8, 16
MM, 26, 6, 0
MM, 26, 5, 15
MM, 26, 3, 0
MM, 26, 2, 16
MM, 26, 0, 0
MC, 1, 484
MM, 1, 3, 110
MM, 5, 6, 0
MM, 7, 6, 16
MM, 7, 7, 0
MM, 9, 9, 16
MM, 10, 9, 0
MM, 11, 9, 93
MC, 1, 221
MM, 11, 11, 31
MM, 8, 11, 16
MM, 3, 13, 0
MM, 45, 18, 31
MM, 39, 20, 0
MM, 34, 22, 16
MM, 25, 23, 0
MM, 14, 23, 15
MM, 3, 23, 0
MM, 36, 23, 20
MM, 28, 23, 13
MM, 22, 23, 0
MM, 18, 23, 16
MM, 15, 23, 0
MM, 10, 23, 15
MM, 5, 23, 0
MM, 40, 23, 16
MM, 31, 22, 15
MM, 25, 22, 0
MM, 17, 22, 16
MM, 11, 22, 0
MM, 6, 22, 16
MM, 40, 22, 15
MM, 34, 22, 16
MM, 29, 22, 0
MM, 22, 24, 15
MM, 14, 27, 0
MM, 6, 28, 16
MM, 32, 31, 207
MM, 30, 30, 15
MM, 29, 28, 109
MM, 28, 27, 0
MM, 28, 26, 16
MM, 28, 25, 0
MM, 27, 23, 31
MM, 27, 22, 122
MC, 1, 156
MM, 29, 20, 32
MM, 33, 19, 15
MM, 41, 18, 0
MM, 2, 18, 16
MM, 15, 18, 1
MM, 28, 18, 0
MM, 41, 18, 15
MM, 3, 18, 16
MM, 15, 18, 0
MM, 24, 18, 16
MM, 31, 17, 0
MM, 38, 15, 15
MM, 43, 15, 0
MM, 1, 9, 31
MM, 2, 8, 16
MM, 4, 8, 16
MM, 5, 7, 0
MM, 6, 6, 15
MM, 7, 5, 16
MM, 8, 5, 0
MM, 8, 4, 16
MM, 9, 4, 0
MM, 10, 4, 15
MM, 12, 4, 16
MM, 13, 3, 0
MM, 14, 2, 15
MM, 15, 2, 0
MM, 16, 0, 16
MM, 17, 0, 0
MC, 1, 599
MM, 19, 1, 110
MM, 17, 7, 15
MM, 16, 13, 0
MM, 15, 18, 16
MM, 14, 25, 0
MM, 13, 30, 16
MM, 5, 1, 93
MM, 5, 5, 16
MM, 5, 6, 0
MM, 5, 7, 16
MM, 5, 11, 0
MM, 5, 14, 15
MM, 5, 17, 0
MM, 5, 21, 16
MM, 5, 23, 0
MM, 5, 26, 16
MM, 5, 28, 0
MM, 5, 29, 15
MM, 5, 30, 0
MM, 5, 31, 16
MM, 121, 2, 31
MM, 121, 5, 0
MM, 122, 9, 16
MM, 122, 12, 15
MM, 122, 14, 0
MM, 123, 15, 16
MC, 1, 250
MM, 125, 13, 47
MM, 126, 10, 15
MM, 130, 7, 0
MM, 134, 2, 16
MM, 33, 29, 16
MM, 39, 24, 15
MM, 8, 14, 16
MM, 22, 10, 0
MM, 39, 3, 16
MM, 21, 31, 15
MM, 37, 27, 0
MM, 3, 21, 16
MM, 12, 18, 0
MM, 18, 15, 15
MM, 21, 12, 0
MM, 24, 9, 16
MM, 26, 8, 0
MM, 27, 6, 16
MM, 28, 6, 0
MM, 28, 4, 16
MM, 29, 4, 15
MM, 30, 3, 32
MM, 31, 2, 46
MM, 31, 1, 0
MM, 31, 0, 16
MM, 31, 30, 157
MM, 30, 28, 15
MM, 30, 27, 0
MM, 28, 26, 16
MM, 27, 25, 0
MM, 26, 24, 16
MM, 26, 22, 0
MM, 24, 22, 15
MC, 1, 266
MM, 24, 21, 31
MM, 22, 21, 0
MM, 16, 24, 16
MM, 7, 28, 0
MM, 43, 30, 15
MM, 33, 0, 16
MM, 12, 3, 16
MM, 29, 11, 16
MM, 12, 16, 0
MM, 0, 20, 15
MM, 38, 23, 0
MM, 27, 26, 16
MM, 19, 29, 0
MM, 11, 30, 16
MM, 4, 31, 0
MM, 11, 31, 173
MM, 9, 31, 16
MM, 9, 30, 47
MM, 8, 30, 15
MM, 6, 28, 0
MM, 4, 27, 16
MM, 2, 24, 0
MM, 42, 18, 47
MM, 41, 17, 0
MM, 40, 17, 15
MM, 40, 16, 0
MC, 1, 391
MM, 40, 18, 94
MM, 3, 29, 15
MM, 12, 4, 16
MM, 21, 10, 16
MM, 29, 18, 0
MM, 32, 21, 15
MM, 37, 24, 0
MM, 38, 25, 16
MM, 39, 27, 0
MM, 40, 27, 31
MM, 41, 27, 16
MM, 43, 28, 15
MM, 71, 1, 63
MM, 71, 2, 0
MM, 73, 3, 16
MM, 73, 4, 0
MM, 74, 5, 15
MM, 75, 6, 0
MM, 76, 6, 16
MM, 77, 7, 0
MM, 77, 9, 15
MM, 78, 11, 0
MM, 79, 13, 16
MM, 81, 16, 0
MM, 82, 17, 16
MM, 83, 19, 0
MM, 84, 21, 15
MM, 85, 24, 0
MM, 86, 24, 16
MM, 87, 26, 0
MM, 88, 27, 15
MC, 1, 268
MM, 88, 26, 141
MM, 88, 25, 15
MM, 88, 24, 0
MM, 88, 23, 32
MM, 88, 22, 0
MM, 88, 21, 15
MM, 88, 19, 16
MM, 88, 18, 0
MM, 89, 17, 16
MM, 89, 15, 0
MM, 90, 14, 15
MM, 90, 13, 0
MM, 91, 11, 16
MM, 91, 9, 0
MM, 93, 6, 16
MM, 96, 3, 0
MM, 37, 31, 31
MM, 38, 29, 15
MM, 39, 27, 0
MM, 40, 26, 16
MM, 41, 24, 0
MM, 43, 22, 16
MM, 0, 14, 31
MM, 3, 13, 0
MM, 4, 12, 15
MM, 6, 9, 0
MM, 8, 7, 16
MM, 11, 5, 0
MM, 13, 1, 16
MM, 31, 30, 15
MM, 38, 26, 16
MM, 46, 23, 0
MM, 2, 11, 31
MM, 7, 9, 0
MM, 8, 7, 16
MM, 10, 7, 15
MM, 11, 7, 0
MM, 12, 5, 16
MM, 14, 5, 0
MM, 15, 3, 16
MM, 17, 2, 0
MM, 18, 0, 15
MM, 21, 29, 141
MM, 13, 24, 16
MM, 4, 20, 0
MM, 0, 1, 203
MM, 11, 0, 282
MM, 10, 1, 16
MM, 9, 1, 15
MM, 7, 3, 0
MM, 5, 6, 16
MM, 2, 7, 0
MC, 1, 438
MM, 3, 0, 126
MM, 4, 0, 16
MC, 1, 234
MM, 5, 1, 125
MM, 6, 2, 0
MM, 6, 3, 16
MM, 7, 4, 0
MM, 9, 6, 15
MM, 10, 8, 0
MM, 12, 9, 22
MM, 15, 12, 0
MM, 17, 13, 13
MM, 18, 15, 0
MM, 21, 15, 16
MM, 24, 16, 0
MM, 27, 18, 19
MM, 31, 18, 0
MM, 34, 18, 14
MM, 37, 18, 0
MM, 39, 18, 15
MM, 42, 16, 0
MM, 2, 9, 33
MM, 5, 6, 0
MM, 8, 3, 16
MM, 11, 3, 0
MM, 13, 2, 16
MM, 16, 0, 0
MM, 18, 0, 15
MM, 19, 0, 0
MM, 40, 31, 95
MM, 42, 30, 16
MM, 43, 30, 0
MM, 0, 24, 141
MM, 1, 23, 15
MM, 2, 22, 16
MM, 2, 21, 0
MM, 4, 20, 16
MM, 5, 19, 62
MM, 6, 18, 16
MM, 6, 17, 0
MC, 1, 252
MM, 1, 17, 62
MM, 40, 19, 16
MM, 35, 19, 0
MM, 27, 19, 15
MM, 20, 19, 0
MM, 10, 19, 16
MM, 2, 19, 0
MM, 42, 19, 16
MM, 30, 19, 0
MM, 18, 19, 15
MM, 7, 19, 0
MC, 1, 532
MC, 1, 422
MM, 0, 20, 110
MM, 6, 20, 15
MM, 10, 20, 0
MM, 13, 19, 16
MM, 14, 19, 0
MM, 16, 18, 15
MC, 1, 313
MM, 14, 20, 62
MM, 10, 23, 0
MM, 8, 25, 16
MM, 3, 29, 0
MM, 43, 16, 47
MM, 40, 22, 0
MM, 37, 29, 15
MM, 24, 4, 16
MM, 22, 11, 0
MM, 20, 18, 16
MM, 18, 25, 15
MM, 17, 31, 0
MM, 130, 1, 32
MM, 130, 2, 0
MM, 130, 3, 31
MM, 130, 4, 47
MM, 131, 7, 0
MM, 131, 8, 63
MM, 131, 9, 0
MM, 131, 10, 16
MM, 131, 11, 15
MM, 131, 12, 16
MM, 131, 13, 78
MC, 1, 172
MM, 131, 14, 0
MM, 130, 14, 15
MM, 129, 13, 0
MM, 126, 10, 16
MM, 125, 6, 0
MM, 123, 4, 19
MM, 121, 1, 0
MM, 1, 31, 29
MM, 42, 20, 19
MM, 38, 17, 13
MM, 35, 13, 0
MM, 30, 10, 16
MM, 25, 7, 0
MM, 23, 5, 16
MM, 22, 4, 0
MM, 21, 3, 15
MM, 20, 2, 32
MM, 19, 0, 15
MM, 26, 31, 110
MM, 26, 30, 0
MM, 25, 28, 15
MM, 24, 28, 16
MM, 24, 27, 0
MM, 24, 25, 15
MM, 23, 24, 16
MM, 23, 23, 16
MM, 23, 22, 31
MM, 23, 21, 31
MM, 23, 19, 47
MC, 1, 141
MM, 24, 17, 62
MM, 28, 14, 0
MM, 34, 13, 16
MM, 8, 13, 15
MM, 28, 13, 0
MM, 27, 13, 16
MM, 7, 13, 16
MM, 28, 13, 0
MM, 43, 13, 16
MM, 2, 13, 0
MM, 5, 12, 15
MM, 6, 12, 16
MM, 6, 11, 0
MM, 6, 9, 16
MM, 7, 8, 15
MM, 8, 8, 0
MM, 8, 7, 16
MM, 9, 6, 16
MM, 9, 5, 15
MM, 10, 5, 16
MM, 10, 4, 15
MM, 11, 3, 0
MM, 12, 2, 16
MM, 13, 1, 31
MM, 13, 0, 0
MM, 15, 31, 110
MM, 15, 30, 15
MM, 15, 29, 16
MM, 15, 28, 31
MM, 16, 27, 16
MM, 16, 26, 31
MM, 16, 25, 16
MM, 16, 24, 15
MM, 16, 23, 16
MM, 17, 22, 0
MM, 18, 21, 16
MM, 18, 20, 0
MM, 18, 19, 15
MM, 18, 17, 0
MM, 19, 16, 16
MC, 1, 203
MM, 18, 16, 16
MM, 16, 18, 0
MM, 15, 18, 15
MM, 9, 23, 0
MM, 3, 27, 16
MM, 26, 2, 15
MM, 14, 6, 16
MM, 2, 11, 0
MM, 38, 14, 16
MM, 27, 17, 0
MM, 18, 22, 15
MM, 9, 25, 0
MM, 2, 29, 16
MM, 40, 0, 47
MM, 38, 1, 31
MM, 37, 1, 16
MM, 34, 2, 15
MM, 31, 3, 0
MM, 27, 4, 16
MM, 23, 5, 0
MM, 20, 6, 16
MM, 16, 7, 0
MM, 13, 7, 15
MM, 11, 7, 0
MM, 10, 7, 18
MM, 9, 7, 108
MM, 8, 8, 0
MM, 6, 9, 20
MM, 3, 9, 0
MM, 43, 10, 15
MM, 39, 10, 16
MM, 36, 10, 0
MM, 34, 10, 16
MM, 32, 11, 0
MC, 1, 297
MM, 29, 11, 47
MM, 28, 11, 0
MM, 27, 9, 15
MM, 22, 4, 0
MM, 12, 30, 31
MM, 6, 26, 0
MM, 3, 24, 16
MM, 1, 22, 0
MM, 43, 6, 99
MM, 42, 3, 0
MM, 41, 2, 12
MM, 41, 1, 0
MM, 40, 0, 15
MC, 1, 469
MM, 1, 10, 109
MM, 6, 19, 0
MM, 11, 27, 16
MM, 11, 4, 16
MM, 14, 11, 0
MM, 17, 16, 15
MM, 18, 19, 0
MM, 18, 21, 16
MM, 18, 22, 0
MM, 18, 24, 16
MM, 19, 25, 0
MM, 20, 26, 15
MM, 20, 28, 16
MM, 21, 29, 0
MM, 90, 0, 31
MM, 90, 2, 16
MM, 92, 4, 0
MM, 92, 6, 15
MM, 93, 9, 0
MM, 93, 10, 16
MM, 94, 10, 16
MM, 95, 11, 0
MM, 96, 13, 15
MM, 96, 14, 0
MM, 97, 16, 31
MM, 98, 17, 0
MM, 99, 19, 32
MM, 99, 21, 62
MM, 100, 23, 16
MM, 101, 24, 15
MM, 102, 26, 16
MM, 103, 27, 16
MM, 103, 29, 15
MM, 104, 29, 16
MM, 105, 30, 16
MM, 105, 31, 31
MM, 106, 32, 16
MM, 106, 33, 15
MM, 108, 34, 0
MM, 108, 36, 16
MM, 109, 37, 0
MM, 110, 39, 15
MM, 110, 40, 16
MM, 111, 40, 380
MM, 110, 38, 284
MM, 110, 36, 0
MM, 110, 35, 16
MM, 110, 32, 0
MM, 110, 31, 15
MM, 110, 29, 0
MM, 111, 28, 17
MM, 112, 26, 0
MC, 1, 328
MM, 112, 25, 31
MM, 113, 24, 0
MM, 118, 20, 17
MM, 124, 17, 0
MM, 133, 14, 15
MM, 142, 11, 0
MM, 154, 8, 16
MM, 170, 4, 0
MM, 11, 23, 31
MM, 25, 19, 16
MM, 37, 16, 0
MM, 4, 10, 16
MM, 8, 8, 15
MM, 10, 7, 0
MM, 11, 5, 16
MM, 12, 5, 0
MM, 13, 4, 15
MM, 14, 4, 16
MM, 14, 3, 0
MM, 15, 3, 16
MM, 15, 2, 220
MM, 13, 2, 15
MM, 12, 2, 0
MM, 8, 2, 16
MM, 2, 3, 0
MM, 41, 5, 15
MM, 36, 6, 16
MM, 30, 6, 0
MM, 27, 7, 16
MM, 25, 8, 109
MM, 25, 9, 0
MM, 24, 9, 16
MC, 1, 236
MM, 27, 4, 62
MM, 2, 21, 32
MM, 6, 15, 0
MM, 11, 9, 15
MM, 15, 4, 0
MM, 23, 29, 32
MM, 24, 27, 0
MM, 25, 24, 15
MM, 25, 23, 0
MM, 26, 20, 16
MM, 26, 17, 0
MM, 26, 16, 15
MM, 26, 14, 0
MC, 1, 313
MM, 26, 13, 62
MM, 27, 13, 0
MM, 27, 14, 16
MM, 28, 14, 0
MM, 31, 17, 16
MM, 2, 28, 31
MM, 10, 3, 16
MM, 13, 7, 15
MM, 15, 7, 0
MM, 17, 10, 16
MM, 18, 11, 0
MM, 19, 12, 15
MM, 20, 13, 0
MM, 21, 13, 32
MC, 1, 454
MM, 20, 13, 15
MM, 19, 14, 31
MM, 18, 14, 0
MM, 17, 15, 16
MM, 16, 15, 31
MM, 15, 15, 0
MM, 12, 15, 19
MM, 9, 15, 0
MM, 3, 15, 17
MM, 42, 14, 13
MM, 34, 14, 0
MM, 26, 13, 16
MM, 17, 13, 0
MM, 4, 12, 21
MM, 42, 10, 0
MM, 28, 8, 12
MM, 12, 8, 0
MM, 35, 3, 15
MM, 23, 2, 16
MM, 14, 1, 0
MC, 1, 641
MM, 0, 1, 171
MM, 43, 9, 125
MM, 42, 10, 0
MM, 42, 11, 16
MM, 41, 11, 0
MM, 40, 13, 16
MC, 1, 265
MM, 39, 13, 63
MM, 39, 15, 15
MM, 40, 17, 16
MM, 2, 23, 16
MM, 8, 29, 0
MM, 12, 2, 15
MM, 20, 7, 16
MM, 25, 12, 15
MM, 31, 17, 0
MM, 34, 19, 16
MM, 36, 22, 0
MM, 39, 25, 16
MM, 41, 28, 0
MM, 43, 30, 15
MM, 71, 2, 32
MM, 73, 4, 0
MM, 76, 6, 16
MM, 80, 8, 0
MM, 81, 10, 15
MM, 82, 11, 0
MM, 83, 12, 32
MM, 84, 12, 46
MM, 85, 14, 16
MC, 1, 219
MM, 86, 14, 47
MM, 88, 14, 15
MM, 91, 13, 0
MM, 96, 13, 16
MM, 103, 11, 0
MM, 112, 7, 16
MM, 122, 5, 0
MM, 135, 3, 15
MM, 156, 0, 0
MM, 4, 27, 31
MM, 14, 23, 16
MM, 22, 21, 0
MM, 26, 19, 16
MM, 29, 17, 0
MM, 31, 15, 15
MM, 33, 13, 0
MM, 35, 12, 16
MM, 36, 10, 0
MM, 38, 10, 16
MM, 39, 7, 0
MM, 41, 7, 15
MM, 42, 6, 0
MM, 43, 5, 16
MM, 16, 30, 125
MM, 17, 29, 0
MM, 18, 28, 16
MM, 19, 27, 0
MM, 21, 27, 15
MM, 22, 26, 0
MM, 23, 26, 16
MM, 27, 25, 0
MM, 30, 22, 16
MM, 33, 21, 0
MM, 37, 21, 15
MM, 43, 20, 0
MM, 2, 18, 16
MM, 6, 17, 15
MM, 9, 17, 0
MM, 11, 17, 16
MM, 13, 16, 0
MM, 16, 15, 16
MM, 17, 15, 15
MM, 19, 15, 0
MM, 19, 14, 16
MM, 20, 14, 0
MM, 21, 14, 16
MM, 22, 14, 0
MC, 1, 250
MM, 22, 13, 62
MM, 22, 11, 0
MM, 20, 7, 16
MM, 17, 1, 0
MM, 20, 30, 15
MM, 20, 28, 16
MM, 17, 23, 16
MM, 15, 20, 0
MM, 14, 17, 15
MM, 12, 15, 0
MM, 12, 12, 16
MM, 11, 11, 0
MM, 10, 10, 15
MC, 1, 250
MM, 7, 12, 110
MM, 2, 15, 0
MM, 35, 23, 15
MM, 30, 27, 16
MM, 14, 1, 16
MM, 6, 7, 15
MM, 37, 15, 16
MM, 29, 20, 0
MM, 19, 25, 16
MM, 9, 28, 0
MM, 41, 0, 31
MM, 38, 3, 0
MM, 34, 5, 15
MM, 32, 6, 0
MM, 30, 7, 16
MM, 29, 7, 0
MM, 27, 8, 16
MM, 27, 9, 0
MM, 25, 9, 15
MM, 24, 10, 16
MC, 1, 297
MM, 23, 11, 31
MM, 22, 11, 0
MM, 17, 11, 16
MM, 9, 11, 0
MM, 0, 10, 15
MM, 39, 8, 0
MM, 28, 6, 16
MM, 20, 4, 0
MM, 11, 1, 16
MM, 7, 31, 171
MM, 7, 30, 0
MM, 7, 29, 16
MM, 7, 28, 0
MM, 7, 26, 16
MM, 7, 25, 0
MM, 7, 24, 15
MM, 7, 23, 0
MM, 7, 22, 16
MM, 7, 21, 0
MM, 7, 20, 16
MM, 8, 19, 0
MM, 9, 18, 93
MM, 10, 17, 32
MC, 1, 218
MM, 11, 17, 141
MM, 12, 17, 0
MM, 15, 17, 16
MM, 21, 18, 0
MM, 29, 19, 15
MM, 36, 20, 0
MM, 45, 21, 16
MM, 1, 23, 15
MM, 7, 24, 0
MM, 15, 24, 16
MM, 20, 24, 0
MM, 23, 24, 16
MM, 26, 24, 0
MM, 29, 24, 16
MM, 31, 24, 15
MM, 32, 24, 0
MM, 35, 24, 16
MM, 38, 23, 0
MM, 42, 23, 16
MM, 0, 23, 15
MM, 4, 23, 0
MM, 7, 23, 16
MM, 10, 23, 0
MM, 11, 23, 16
MM, 12, 23, 0
MM, 13, 23, 15
MM, 14, 23, 0
MM, 16, 23, 16
MM, 17, 23, 0
MM, 20, 24, 16
MM, 24, 24, 0
MM, 28, 24, 15
MM, 35, 25, 0
MM, 41, 27, 16
MM, 4, 29, 16
MM, 9, 29, 0
MM, 12, 30, 16
MM, 20, 0, 78
MM, 22, 1, 0
MM, 24, 2, 16
MM, 28, 3, 0
MM, 31, 5, 16
MM, 32, 5, 0
MM, 34, 6, 15
MM, 35, 7, 0
MM, 36, 7, 16
MM, 37, 8, 78
MM, 37, 9, 0
MM, 39, 12, 16
MM, 40, 12, 0
MM, 42, 14, 15
MM, 1, 21, 141
MM, 2, 21, 16
MM, 4, 21, 1
MM, 6, 21, 15
MM, 9, 21, 0
MM, 11, 21, 16
MM, 14, 21, 0
MM, 17, 21, 16
MM, 20, 21, 0
MM, 22, 21, 15
MM, 24, 21, 0
MM, 25, 21, 17
MM, 26, 21, 47
MM, 28, 20, 15
MC, 1, 250
MM, 27, 20, 141
MM, 25, 20, 0
MM, 24, 20, 15
MM, 22, 20, 0
MM, 21, 20, 16
MM, 20, 20, 0
MM, 19, 20, 16
MM, 17, 20, 0
MM, 13, 20, 15
MM, 10, 20, 0
MM, 7, 20, 16
MM, 3, 20, 0
MM, 43, 20, 16
MM, 36, 20, 15
MM, 29, 20, 0
MM, 19, 19, 16
MM, 10, 18, 0
MM, 39, 11, 15
MM, 27, 8, 16
MM, 15, 5, 0
MM, 1, 1, 16
MM, 23, 30, 31
MM, 9, 29, 0
MM, 40, 25, 31
MM, 33, 25, 0
MM, 24, 24, 16
MM, 15, 23, 0
MM, 7, 23, 16
MM, 40, 23, 15
MM, 31, 24, 0
MM, 20, 25, 16
MM, 9, 27, 0
MM, 37, 31, 15
MM, 39, 3, 47
MM, 31, 5, 0
MM, 24, 8, 16
MM, 17, 9, 0
MM, 11, 12, 16
MM, 6, 12, 0
MM, 1, 13, 15
MM, 42, 17, 16
MM, 42, 18, 15
MM, 41, 18, 0
MM, 40, 20, 110
MM, 39, 20, 15
MM, 39, 21, 47
MM, 38, 22, 0
MM, 37, 23, 32
MM, 36, 24, 0
MM, 35, 26, 15
MM, 34, 26, 0
MM, 33, 27, 16
MM, 30, 30, 0
MM, 41, 2, 1562
MM, 54, 1, 243560
MM, 54, 3, 8
MM, 54, 6, 8
MM, 54, 9, 8
MM, 56, 13, 8
MM, 57, 16, 8
MM, 57, 18, 8
MM, 58, 20, 9
MM, 59, 21, 8
MM, 59, 23, 8
MM, 60, 26, 23
MM, 40, 12, 1129
MM, 33, 15, 7
MM, 27, 18, 8
MM, 21, 22, 8
MM, 16, 23, 9
MM, 12, 26, 7
MM, 7, 27, 9
MM, 5, 29, 8
MM, 3, 30, 7
MM, 1, 31, 9
MM, 100, 0, 79
MM, 99, 0, 8
MM, 98, 0, 8
MM, 97, 1, 8
MM, 96, 2, 17
MM, 95, 2, 24
MM, 95, 3, 8
MM, 94, 3, 15
MM, 93, 3, 8
MM, 92, 3, 8
MM, 91, 4, 8
MM, 90, 5, 8
MM, 89, 5, 9
MM, 88, 6, 24
MM, 86, 6, 7
MM, 86, 7, 8
MM, 85, 8, 8
MM, 83, 8, 10
MM, 82, 9, 7
MM, 81, 9, 8
MM, 80, 10, 8
MM, 79, 11, 8
MM, 78, 12, 15
