********************************************************************************
LOGGING TIME: 20161112_143154
CLIENT IP: 10.105.74.162
USERNAME: V.Uday
OS: Windows 8
**********************************Emotional database********************************************************************************
MM, 537, 695, 1477468750699
MM, 530, 689, 8
MM, 522, 684, 7
MM, 516, 677, 8
MM, 510, 671, 9
MM, 504, 666, 7
MM, 496, 657, 9
MM, 486, 648, 8
MM, 85, 24, 8
MM, 76, 13, 8
MM, 69, 3, 8
MM, 15, 29, 8
MM, 9, 18, 8
MM, 0, 5, 8
MM, 425, 565, 8
MM, 35, 12, 8
MM, 31, 1, 10
MM, 16, 28, 6
MM, 14, 18, 8
MM, 10, 9, 8
MM, 9, 1, 8
MM, 405, 497, 8
MM, 14, 24, 8
MM, 14, 15, 8
MM, 14, 4, 8
MM, 405, 460, 8
MM, 405, 450, 8
MM, 143, 84, 8
MM, 144, 72, 8
MM, 147, 60, 8
MM, 151, 49, 8
MM, 157, 37, 8
MM, 162, 28, 8
MM, 168, 20, 8
MM, 173, 12, 8
MM, 179, 4, 7
MM, 449, 354, 9
MM, 454, 348, 7
MM, 459, 344, 9
MM, 465, 338, 7
MM, 468, 334, 8
MM, 476, 328, 9
MM, 483, 324, 8
MM, 489, 317, 8
MM, 497, 313, 8
MM, 240, 79, 7
MM, 245, 74, 9
MM, 252, 69, 8
MM, 257, 64, 8
MM, 262, 59, 8
MM, 267, 54, 7
MM, 269, 49, 8
MM, 271, 47, 9
MM, 272, 46, 7
MM, 272, 45, 121
MM, 266, 43, 16
MM, 256, 42, 8
MM, 242, 41, 8
MM, 225, 40, 8
MM, 211, 39, 7
MM, 196, 37, 8
MM, 179, 37, 8
MM, 168, 37, 8
MM, 162, 37, 8
MM, 158, 37, 9
MM, 155, 37, 8
MM, 155, 38, 112
MM, 157, 39, 8
MM, 161, 43, 8
MM, 167, 47, 8
MM, 174, 51, 8
MM, 179, 55, 8
MM, 185, 58, 8
MM, 189, 59, 8
MM, 192, 62, 8
MM, 194, 62, 8
MM, 195, 63, 16
MM, 196, 63, 256
MM, 197, 63, 32
MM, 199, 63, 55872
MM, 199, 66, 16
MM, 196, 76, 7
MM, 459, 313, 8
MM, 458, 324, 8
MM, 458, 333, 8
MM, 458, 343, 8
MM, 458, 352, 9
MM, 194, 3, 8
MM, 195, 11, 7
MM, 197, 16, 9
MM, 198, 21, 7
MM, 200, 27, 8
MM, 202, 34, 8
MM, 203, 41, 9
MM, 204, 45, 8
MM, 207, 51, 8
MM, 209, 58, 8
MM, 213, 65, 8
MM, 216, 74, 8
MM, 219, 82, 8
MM, 487, 450, 8
MM, 487, 460, 8
MM, 7, 5, 8
MM, 4, 17, 8
MM, 481, 496, 8
MM, 476, 508, 8
MM, 33, 18, 8
MM, 469, 534, 8
MM, 466, 546, 8
MM, 36, 24, 8
MM, 26, 5, 8
MM, 24, 17, 8
MM, 23, 29, 8
MM, 65, 2, 8
MM, 64, 10, 8
MM, 63, 14, 8
MM, 63, 17, 8
MM, 63, 16, 64
MM, 63, 14, 8
MM, 61, 11, 7
MM, 59, 9, 8
MM, 58, 8, 9
MM, 58, 6, 8
MM, 57, 5, 16
MM, 57, 3, 7
MM, 57, 2, 8
MM, 57, 1, 8
MM, 447, 611, 9
MM, 449, 608, 8
MM, 17, 28, 8
MM, 21, 22, 8
MM, 26, 14, 8
MM, 30, 11, 8
MM, 31, 7, 8
MM, 469, 580, 8
MM, 474, 576, 8
MM, 476, 574, 8
MM, 478, 570, 8
MM, 9, 30, 8
MM, 10, 29, 8
MM, 10, 28, 64
MM, 10, 27, 8
MM, 12, 24, 8
MM, 14, 21, 8
MM, 16, 19, 7
MM, 19, 14, 8
MM, 20, 10, 9
MM, 22, 5, 7
MM, 23, 1, 9
MM, 495, 534, 8
MM, 15, 28, 8
MM, 16, 23, 8
MM, 17, 19, 8
MM, 18, 16, 8
MM, 19, 13, 8
MM, 20, 10, 8
MM, 21, 8, 8
MM, 21, 6, 8
MM, 22, 6, 7
MM, 22, 4, 8
MM, 23, 3, 16
MM, 23, 2, 9
MM, 24, 1, 7
MM, 24, 2, 209
MM, 22, 3, 8
MM, 20, 5, 7
MM, 20, 7, 8
MM, 19, 9, 9
MM, 18, 10, 8
MC, 1, 880
MM, 17, 12, 112
MM, 12, 13, 8
MM, 2, 17, 8
MM, 477, 523, 8
MM, 32, 24, 8
MM, 27, 25, 8
MM, 22, 27, 8
MM, 16, 28, 8
MM, 11, 30, 7
MM, 447, 534, 9
MM, 444, 534, 8
MM, 443, 534, 8
MM, 442, 535, 56
MM, 441, 536, 8
MM, 440, 536, 8
MM, 440, 537, 7
MM, 439, 537, 9
MM, 437, 537, 8
MM, 436, 537, 7
MM, 4, 0, 8
MM, 2, 1, 8
MM, 0, 2, 8
MM, 426, 541, 8
MM, 423, 541, 9
MM, 422, 541, 8
MM, 421, 541, 8
MM, 35, 2, 8
MM, 34, 2, 7
MM, 33, 2, 25
MM, 32, 2, 8
MM, 31, 2, 8
MM, 29, 2, 8
MM, 25, 4, 7
MM, 23, 5, 8
MM, 22, 5, 8
MM, 20, 6, 8
MM, 17, 8, 8
MM, 15, 9, 8
MM, 13, 9, 9
MM, 13, 10, 8
MM, 12, 10, 8
MM, 10, 10, 7
MM, 9, 10, 9
MM, 8, 10, 40
MM, 7, 10, 64
MM, 3, 11, 16
MM, 382, 552, 8
MM, 34, 14, 7
MM, 27, 15, 8
MM, 14, 16, 9
MM, 2, 18, 8
MM, 55, 22, 7
MM, 49, 22, 8
MM, 44, 23, 9
MM, 39, 23, 8
MM, 37, 24, 10
MM, 41, 24, 190
MM, 48, 22, 8
MM, 54, 21, 8
MM, 341, 558, 8
MM, 2, 18, 8
MM, 8, 16, 8
MM, 12, 16, 8
MM, 14, 15, 8
MM, 16, 14, 8
MC, 1, 360
MM, 18, 14, 56
MM, 28, 9, 8
MM, 7, 4, 8
MM, 25, 0, 8
MM, 424, 537, 8
MM, 442, 536, 8
MM, 459, 536, 8
MM, 472, 536, 7
MM, 483, 536, 8
MM, 491, 536, 8
MM, 496, 536, 8
MM, 501, 536, 8
MM, 507, 536, 9
MM, 510, 536, 8
MM, 513, 536, 16
MM, 514, 536, 8
MM, 515, 536, 8
MM, 517, 536, 8
MM, 520, 536, 8
MM, 525, 536, 8
MM, 530, 536, 8
MM, 536, 536, 8
MM, 545, 536, 8
MM, 555, 536, 8
MM, 565, 537, 7
MM, 576, 538, 8
MM, 585, 538, 8
MM, 594, 539, 8
MM, 2, 0, 9
MM, 4, 0, 8
MM, 5, 0, 8
MM, 6, 0, 112
MM, 8, 1, 8
MM, 9, 2, 8
MM, 11, 3, 8
MM, 15, 3, 8
MM, 18, 4, 8
MM, 24, 8, 8
MM, 28, 10, 8
MM, 631, 552, 8
MM, 636, 554, 8
MM, 2, 16, 8
MM, 4, 17, 8
MM, 5, 18, 8
MM, 7, 19, 32
MM, 9, 19, 15
MM, 10, 18, 9
MM, 11, 18, 7
MM, 12, 18, 9
MM, 13, 18, 8
MM, 14, 17, 32
MC, 1, 247
MM, 14, 16, 17
MM, 12, 16, 7
MM, 10, 16, 9
MM, 6, 16, 8
MM, 1, 16, 7
MM, 632, 555, 9
MM, 26, 15, 8
MM, 14, 14, 8
MM, 0, 13, 8
MM, 27, 12, 8
MM, 8, 8, 7
MM, 548, 546, 9
MM, 22, 6, 7
MM, 9, 4, 9
MM, 510, 542, 7
MM, 32, 2, 9
MM, 27, 2, 8
MM, 24, 1, 8
MM, 20, 0, 8
MM, 489, 538, 64
MM, 487, 538, 8
MM, 486, 538, 8
MM, 481, 536, 8
MM, 478, 534, 8
MM, 33, 30, 8
MM, 28, 29, 8
MM, 19, 26, 8
MM, 12, 24, 7
MM, 1, 22, 9
MM, 434, 523, 8
MM, 31, 19, 7
MM, 26, 17, 11
MC, 1, 334
MM, 25, 17, 104
MM, 21, 21, 8
MM, 20, 25, 8
MM, 19, 28, 8
MM, 17, 30, 8
MM, 412, 534, 8
MM, 410, 537, 7
MM, 25, 0, 9
MM, 25, 1, 8
MM, 25, 2, 8
MM, 25, 3, 8
MM, 25, 4, 16
MM, 25, 6, 31
MM, 25, 7, 89
MM, 24, 7, 8
MM, 23, 8, 8
MM, 23, 9, 8
MM, 22, 10, 8
MC, 1, 184
MM, 22, 11, 56
MM, 24, 11, 19
MM, 29, 11, 4
MM, 426, 550, 9
MM, 17, 12, 7
MM, 465, 553, 9
MM, 9, 14, 7
MM, 21, 14, 8
MM, 34, 14, 9
MM, 1, 14, 8
MM, 7, 14, 8
MM, 11, 14, 8
MM, 13, 14, 8
MM, 14, 14, 8
MM, 15, 13, 96
MM, 16, 13, 8
MM, 18, 12, 8
MM, 20, 10, 8
MM, 23, 9, 8
MM, 25, 9, 7
MM, 27, 8, 9
MM, 30, 7, 8
MM, 31, 7, 8
MM, 31, 6, 8
MM, 33, 6, 8
MM, 34, 6, 8
MM, 35, 5, 8
MM, 36, 4, 8
MM, 548, 543, 8
MM, 549, 543, 8
MM, 551, 543, 8
MM, 0, 4, 8
MM, 3, 4, 8
MM, 6, 4, 8
MM, 10, 4, 8
MM, 14, 4, 8
MM, 18, 5, 8
MM, 22, 5, 8
MM, 27, 6, 8
MM, 31, 7, 7
MM, 33, 8, 9
MM, 34, 8, 128
MM, 34, 9, 16
MM, 33, 9, 8
MM, 32, 10, 16
MM, 30, 11, 16
MM, 29, 11, 32
MC, 1, 344
MM, 29, 10, 88
MM, 31, 9, 15
MM, 32, 7, 8
MM, 33, 6, 8
MM, 35, 4, 8
MM, 36, 1, 9
MM, 593, 537, 8
MM, 594, 535, 8
MM, 598, 533, 8
MM, 35, 29, 8
MM, 601, 529, 8
MM, 603, 526, 8
MM, 604, 525, 8
MM, 606, 524, 8
MM, 0, 21, 7
MM, 1, 19, 9
MC, 1, 383
MM, 3, 20, 224
MM, 5, 24, 9
MM, 6, 27, 8
MM, 7, 30, 8
MM, 615, 538, 8
MM, 18, 4, 8
MM, 18, 10, 8
MM, 19, 14, 8
MM, 20, 18, 8
MM, 23, 25, 8
MM, 23, 30, 7
MM, 622, 574, 11
MM, 22, 2, 5
MM, 24, 6, 8
MM, 25, 10, 8
MM, 27, 12, 9
MM, 28, 14, 8
MM, 29, 15, 8
MM, 29, 16, 8
MM, 30, 18, 16
MM, 30, 19, 16
MM, 635, 597, 7
MM, 636, 599, 9
MM, 637, 600, 8
MM, 637, 601, 8
MM, 639, 603, 8
MM, 639, 605, 8
MM, 640, 607, 8
MM, 642, 610, 8
MM, 644, 611, 8
MM, 645, 613, 8
MM, 646, 614, 7
MM, 645, 614, 201
MM, 644, 614, 8
MM, 644, 612, 16
MM, 643, 612, 7
MM, 643, 611, 9
MM, 642, 611, 8
MM, 641, 609, 8
MM, 639, 608, 8
MM, 638, 607, 8
MM, 637, 607, 8
MM, 634, 606, 8
MM, 634, 605, 8
MM, 29, 29, 8
MM, 28, 28, 16
MM, 27, 28, 16
MM, 26, 27, 8
MM, 25, 27, 8
MM, 23, 26, 8
MM, 21, 25, 8
MM, 19, 25, 8
MM, 17, 24, 8
MM, 15, 23, 8
MM, 14, 22, 8
MM, 11, 21, 8
MM, 7, 19, 8
MM, 4, 17, 8
MM, 1, 15, 8
MM, 599, 588, 8
MM, 36, 11, 8
MM, 31, 8, 8
MM, 28, 6, 8
MM, 23, 4, 8
MM, 17, 3, 8
MM, 12, 1, 8
MM, 6, 1, 8
MM, 1, 0, 8
MM, 555, 575, 8
MM, 548, 573, 8
MM, 543, 571, 8
MM, 539, 570, 8
MM, 23, 28, 8
MM, 19, 26, 7
MM, 13, 26, 9
MM, 9, 24, 8
MM, 4, 23, 8
MM, 0, 21, 8
MM, 506, 558, 8
MM, 32, 19, 8
MM, 27, 18, 7
MM, 22, 17, 9
MM, 17, 15, 8
MM, 11, 15, 8
MM, 5, 14, 8
MM, 2, 14, 8
MM, 0, 13, 8
MM, 468, 551, 24
MM, 466, 551, 15
MM, 464, 550, 16
MM, 33, 11, 25
MM, 30, 10, 8
MM, 26, 10, 8
MM, 23, 9, 8
MM, 20, 9, 8
MM, 16, 8, 8
MM, 10, 8, 8
MM, 5, 8, 7
MM, 426, 547, 9
MM, 422, 547, 8
MM, 30, 8, 8
MM, 25, 8, 8
MM, 21, 9, 8
MM, 18, 9, 8
MM, 17, 9, 7
MM, 16, 9, 9
MC, 1, 328
MM, 16, 11, 64
MM, 16, 16, 8
MM, 19, 22, 8
MM, 23, 26, 8
MM, 412, 570, 8
MM, 416, 575, 8
MM, 29, 6, 8
MM, 34, 14, 8
MM, 36, 18, 8
MM, 430, 600, 8
MM, 433, 605, 8
MM, 434, 607, 7
MM, 435, 608, 320
MM, 435, 609, 9
MM, 435, 611, 8
MM, 46, 0, 8
MM, 46, 4, 8
MM, 47, 7, 8
MM, 47, 9, 8
MM, 48, 13, 7
MM, 51, 16, 9
MM, 51, 19, 7
MM, 51, 17, 264
MM, 50, 15, 17
MM, 50, 14, 23
MC, 1, 177
MM, 50, 12, 112
MM, 49, 9, 8
MM, 47, 8, 8
MM, 43, 3, 8
MM, 41, 1, 8
MM, 429, 612, 8
MM, 426, 608, 7
MM, 33, 29, 8
MM, 30, 27, 8
MM, 28, 24, 9
MM, 24, 22, 8
MM, 22, 20, 8
MM, 20, 18, 8
MM, 20, 17, 24
MM, 20, 16, 31
MM, 19, 15, 9
MM, 18, 12, 16
MM, 17, 11, 16
MC, 1, 184
MM, 17, 10, 64
MM, 16, 9, 8
MM, 15, 8, 8
MM, 13, 7, 8
MM, 12, 4, 8
MM, 9, 4, 8
MM, 7, 1, 8
MM, 4, 0, 8
MM, 390, 571, 8
MM, 3, 29, 8
MM, 0, 28, 8
MM, 383, 565, 7
MM, 381, 564, 8
MM, 379, 564, 9
MM, 33, 24, 8
MM, 33, 23, 240
MM, 32, 22, 8
MM, 31, 22, 8
MM, 28, 20, 8
MM, 28, 19, 8
MM, 26, 18, 8
MM, 26, 17, 16
MC, 1, 199
MM, 26, 15, 40
MM, 27, 15, 16
MM, 29, 15, 9
MM, 32, 15, 7
MM, 34, 15, 9
MM, 381, 554, 8
MM, 384, 554, 8
MM, 3, 15, 7
MM, 4, 15, 9
MM, 5, 15, 8
MM, 7, 15, 7
MM, 9, 15, 8
MC, 1, 257
MM, 10, 14, 24
MM, 12, 13, 7
MM, 16, 11, 9
MM, 27, 11, 7
MM, 3, 11, 9
MM, 25, 11, 8
MM, 1, 11, 7
MM, 22, 8, 8
MM, 2, 4, 9
MM, 15, 1, 8
MM, 535, 537, 8
MM, 540, 537, 8
MM, 542, 537, 8
MM, 542, 536, 200
MM, 542, 535, 15
MM, 542, 534, 8
MM, 18, 30, 8
MM, 18, 29, 8
MM, 16, 28, 9
MM, 14, 27, 16
MM, 13, 26, 8
MM, 12, 25, 8
MM, 11, 25, 8
MM, 10, 24, 8
MM, 8, 23, 8
MM, 4, 22, 8
MM, 1, 19, 8
MM, 520, 521, 8
MM, 518, 521, 8
MM, 517, 520, 8
MM, 34, 17, 8
MC, 1, 280
MM, 517, 519, 144
MM, 518, 520, 8
MM, 520, 520, 8
MM, 1, 20, 8
MM, 7, 24, 8
MM, 14, 26, 8
MM, 20, 28, 8
MM, 27, 29, 8
MM, 558, 533, 8
MM, 567, 534, 8
MM, 575, 535, 8
MM, 584, 537, 8
MM, 591, 538, 8
MM, 1, 0, 8
MM, 7, 1, 8
MM, 10, 1, 8
MM, 13, 2, 8
MM, 15, 3, 8
MM, 16, 3, 8
MM, 17, 3, 8
MM, 18, 4, 8
MM, 19, 4, 16
MM, 21, 5, 8
MM, 22, 6, 8
MM, 23, 7, 7
MM, 24, 7, 9
MM, 25, 7, 8
MM, 27, 8, 8
MM, 30, 9, 8
MM, 32, 10, 8
MM, 631, 550, 8
MM, 634, 551, 8
MM, 636, 551, 8
MM, 1, 12, 8
MM, 4, 14, 8
MM, 6, 14, 8
MM, 6, 15, 8
MM, 8, 15, 7
MM, 9, 15, 9
MM, 11, 15, 23
MM, 12, 15, 17
MM, 14, 15, 16
MM, 17, 15, 8
MM, 22, 15, 8
MM, 24, 16, 8
MM, 25, 17, 8
MM, 27, 17, 8
MM, 28, 17, 8
MM, 32, 17, 8
MM, 673, 556, 8
MM, 1, 18, 8
MM, 9, 19, 7
MM, 17, 20, 8
MM, 24, 22, 8
MM, 33, 22, 9
MM, 722, 563, 8
MM, 726, 563, 8
MM, 729, 563, 8
MM, 728, 563, 208
MM, 725, 562, 7
MM, 724, 562, 9
MM, 722, 562, 16
MM, 720, 561, 8
MM, 717, 560, 16
MM, 715, 559, 128
MM, 34, 19, 7
MC, 1, 233
MM, 33, 19, 80
MM, 32, 19, 8
MM, 31, 19, 16
MM, 30, 19, 8
MM, 29, 19, 16
MM, 28, 19, 8
MM, 27, 19, 8
MM, 26, 19, 16
MM, 24, 19, 8
MM, 22, 19, 8
MM, 17, 18, 8
MM, 14, 18, 8
MM, 12, 18, 8
MM, 6, 18, 8
MM, 678, 557, 7
MM, 33, 17, 9
MM, 22, 15, 8
MM, 11, 12, 8
MM, 0, 11, 8
MM, 27, 9, 8
MM, 16, 8, 8
MM, 6, 7, 8
MM, 592, 545, 8
MM, 28, 4, 8
MM, 19, 3, 8
MM, 11, 2, 7
MM, 3, 2, 9
MM, 548, 540, 7
MM, 541, 538, 8
MM, 535, 537, 9
MM, 528, 536, 8
MM, 519, 534, 8
MM, 30, 30, 8
MM, 22, 30, 8
MM, 17, 29, 8
MM, 11, 28, 8
MM, 3, 26, 7
MM, 479, 528, 8
MM, 35, 25, 8
MM, 27, 24, 8
MM, 23, 24, 9
MM, 17, 23, 7
MM, 13, 22, 9
MM, 8, 21, 8
MM, 5, 21, 8
MM, 2, 20, 8
MM, 0, 20, 8
MM, 438, 522, 119
MM, 436, 521, 16
MM, 436, 520, 9
MM, 435, 520, 7
MM, 433, 519, 9
MM, 34, 16, 8
MM, 33, 16, 8
MM, 31, 15, 8
MM, 29, 14, 8
MM, 28, 14, 8
MM, 26, 13, 8
MM, 25, 12, 8
MM, 24, 12, 8
MM, 22, 11, 16
MC, 1, 232
MM, 21, 11, 48
MM, 20, 11, 7
MM, 20, 15, 9
MM, 21, 20, 8
MM, 23, 24, 8
MM, 26, 29, 8
MM, 427, 536, 8
MM, 4, 3, 8
MM, 8, 9, 8
MM, 12, 16, 8
MM, 15, 23, 8
MM, 18, 28, 8
MM, 447, 570, 8
MM, 450, 574, 8
MM, 18, 1, 7
MM, 19, 3, 8
MM, 19, 5, 9
MM, 20, 6, 8
MM, 21, 6, 8
MM, 21, 8, 96
MM, 22, 9, 7
MM, 22, 10, 17
MM, 23, 12, 8
MM, 24, 14, 8
MM, 25, 16, 8
MM, 26, 19, 8
MM, 28, 21, 8
MM, 28, 22, 8
MM, 29, 24, 8
MM, 30, 26, 72
MM, 30, 27, 8
MM, 31, 27, 16
MM, 31, 28, 120
MM, 31, 29, 8
MM, 465, 607, 8
MM, 465, 609, 16
MM, 466, 611, 8
MM, 467, 611, 8
MM, 77, 0, 8
MM, 77, 1, 16
MM, 77, 2, 8
MM, 77, 3, 8
MM, 78, 5, 8
MM, 78, 6, 8
MM, 79, 7, 8
MM, 79, 9, 8
MM, 80, 10, 8
MM, 472, 609, 287
MM, 472, 605, 8
MM, 473, 602, 9
MM, 474, 597, 8
MM, 3, 17, 8
MM, 5, 13, 7
MM, 11, 8, 8
MM, 16, 3, 8
MM, 497, 574, 8
MM, 503, 570, 9
MM, 1, 26, 8
MM, 10, 20, 7
MM, 19, 16, 8
MM, 29, 14, 8
MM, 550, 548, 8
MM, 4, 7, 9
MM, 11, 6, 8
MM, 16, 5, 8
MM, 23, 5, 8
MM, 26, 5, 8
MM, 28, 3, 8
MM, 29, 3, 8
MM, 30, 3, 16
MM, 31, 2, 16
MM, 32, 1, 32
MM, 32, 0, 8
MM, 33, 0, 8
MM, 588, 538, 8
MM, 589, 538, 8
MM, 590, 536, 8
MM, 593, 535, 8
MM, 594, 534, 8
MM, 597, 533, 8
MM, 36, 30, 8
MM, 602, 531, 8
MM, 604, 530, 7
MM, 604, 529, 8
MM, 0, 26, 9
MM, 0, 25, 7
MM, 1, 24, 9
MM, 2, 24, 8
MM, 3, 23, 8
MM, 4, 22, 15
MM, 4, 21, 8
MM, 5, 19, 8
MM, 6, 19, 9
MM, 6, 18, 8
MM, 6, 17, 96
MC, 1, 120
MM, 4, 17, 23
MM, 606, 522, 8
MM, 36, 21, 8
MM, 29, 25, 9
MM, 19, 28, 7
MM, 572, 534, 9
MM, 561, 537, 8
MM, 548, 538, 8
MM, 18, 2, 8
MM, 508, 543, 8
MM, 18, 7, 8
MM, 3, 9, 8
MM, 34, 11, 8
MM, 24, 12, 8
MM, 17, 13, 8
MM, 13, 14, 8
MM, 10, 14, 7
MM, 7, 15, 9
MM, 5, 15, 8
MM, 2, 16, 8
MM, 0, 17, 8
MM, 425, 557, 8
MM, 423, 558, 8
MM, 422, 558, 8
MM, 33, 20, 8
MM, 31, 20, 8
MM, 29, 20, 8
MM, 27, 21, 16
MC, 1, 296
MM, 26, 21, 31
MM, 26, 22, 9
MM, 26, 24, 7
MM, 28, 27, 8
MM, 417, 570, 8
MM, 421, 574, 8
MM, 36, 3, 9
MM, 0, 8, 7
MM, 6, 13, 8
MM, 12, 17, 9
MM, 18, 20, 8
MM, 20, 22, 8
MM, 24, 24, 8
MM, 25, 25, 23
MM, 25, 26, 33
MM, 26, 27, 8
MM, 26, 28, 16
MM, 27, 29, 8
MM, 28, 30, 8
MM, 462, 607, 16
MM, 463, 609, 8
MM, 464, 610, 8
MM, 465, 611, 8
MM, 465, 612, 24
MM, 76, 1, 184
MM, 76, 2, 16
MM, 76, 3, 16
MM, 76, 4, 72
MM, 77, 5, 16
MM, 77, 6, 32
MM, 77, 8, 8
MM, 78, 8, 8
MM, 78, 9, 23
MM, 79, 11, 9
MM, 80, 12, 8
MM, 81, 14, 8
MM, 81, 15, 8
MC, 1, 207
MM, 81, 13, 8
MM, 81, 12, 9
MM, 81, 10, 7
MM, 81, 9, 9
MM, 81, 7, 8
MM, 81, 6, 7
MM, 82, 3, 9
MM, 82, 1, 8
MM, 472, 612, 8
MM, 472, 610, 8
MM, 474, 604, 8
MM, 1, 24, 8
MM, 5, 19, 7
MM, 7, 14, 9
MM, 8, 12, 8
MM, 9, 9, 8
MM, 11, 6, 8
MM, 11, 4, 8
MM, 12, 2, 8
MM, 13, 1, 8
MM, 490, 574, 8
MM, 490, 572, 8
MM, 491, 571, 8
MM, 21, 30, 8
MM, 21, 28, 8
MM, 22, 26, 96
MM, 22, 25, 16
MM, 22, 23, 8
MM, 22, 22, 40
MC, 1, 143
MM, 23, 21, 75
MM, 23, 20, 6
MM, 25, 19, 8
MM, 27, 18, 8
MM, 28, 16, 8
MM, 33, 14, 8
MM, 507, 551, 8
MM, 2, 10, 8
MM, 8, 8, 8
MM, 12, 5, 8
MM, 18, 2, 8
MM, 23, 1, 8
MM, 26, 0, 8
MM, 539, 538, 8
MM, 541, 537, 8
MM, 543, 536, 8
MM, 544, 536, 8
MM, 545, 535, 7
MM, 546, 534, 16
MM, 547, 534, 9
MM, 547, 533, 8
MM, 548, 533, 8
MM, 26, 30, 8
MM, 27, 30, 8
MM, 28, 30, 8
MM, 29, 29, 8
MM, 31, 28, 7
MM, 33, 28, 8
MM, 558, 529, 9
MM, 559, 528, 8
MM, 560, 528, 8
MM, 561, 527, 48
MM, 562, 526, 16
MM, 563, 526, 8
MM, 563, 525, 7
MM, 1, 23, 8
MM, 2, 23, 8
MM, 3, 22, 8
MM, 5, 21, 33
MM, 6, 21, 8
MM, 6, 20, 8
MM, 8, 20, 8
MM, 8, 19, 8
MM, 9, 18, 8
MM, 9, 17, 16
MC, 1, 223
MM, 8, 18, 25
MM, 6, 23, 8
MM, 4, 26, 7
MM, 564, 534, 9
MM, 7, 0, 8
MM, 4, 6, 8
MM, 553, 552, 7
MM, 548, 556, 9
MM, 34, 22, 8
MM, 33, 26, 8
MM, 30, 30, 8
MM, 540, 571, 8
MM, 539, 573, 8
MM, 538, 575, 8
MM, 21, 0, 56
MM, 21, 1, 8
MM, 21, 2, 8
MM, 21, 3, 18
MM, 20, 5, 5
MM, 19, 5, 8
MM, 19, 7, 8
MM, 19, 8, 9
MM, 18, 8, 8
MM, 17, 10, 8
MM, 17, 11, 8
MM, 17, 12, 8
MM, 16, 12, 8
MC, 1, 191
MM, 16, 13, 25
MM, 15, 13, 8
MM, 14, 16, 8
MM, 12, 18, 8
MM, 11, 21, 8
MM, 8, 24, 7
MM, 6, 26, 8
MM, 4, 28, 8
MM, 518, 609, 9
MM, 516, 611, 8
MM, 124, 1, 7
MM, 123, 3, 8
MM, 121, 5, 9
MM, 121, 6, 8
MM, 120, 6, 16
MC, 1, 304
MM, 119, 7, 16
MM, 119, 6, 16
MM, 119, 3, 8
MM, 119, 0, 7
MM, 509, 607, 9
MM, 33, 24, 8
MM, 32, 18, 8
MM, 31, 13, 8
MM, 30, 7, 8
MM, 29, 2, 8
MM, 503, 575, 8
MM, 502, 573, 8
MM, 502, 571, 8
MM, 501, 570, 8
MM, 31, 28, 8
MM, 30, 27, 8
MM, 30, 25, 10
MM, 30, 23, 5
MM, 28, 21, 8
MM, 27, 18, 8
MM, 27, 17, 9
MM, 26, 16, 8
MM, 25, 15, 8
MM, 25, 14, 32
MM, 25, 13, 8
MM, 25, 12, 16
MM, 25, 10, 16
MM, 24, 8, 8
MM, 24, 7, 8
MM, 24, 5, 8
MM, 24, 3, 8
MM, 24, 2, 8
MM, 24, 1, 8
MM, 494, 538, 8
MM, 493, 536, 7
MM, 493, 535, 41
MM, 493, 534, 40
MM, 493, 533, 8
MM, 11, 30, 8
MM, 12, 30, 8
MM, 13, 28, 8
MM, 13, 26, 8
MM, 13, 24, 8
MM, 14, 23, 8
MM, 14, 22, 8
MM, 14, 21, 8
MM, 14, 20, 16
MC, 1, 144
MM, 15, 20, 96
MM, 16, 19, 8
MM, 17, 18, 8
MM, 20, 16, 8
MM, 26, 16, 8
MM, 519, 518, 8
MM, 8, 15, 8
MM, 20, 13, 8
MM, 34, 10, 8
MM, 4, 10, 8
MM, 16, 10, 8
MM, 27, 10, 7
MM, 36, 10, 8
MM, 3, 9, 9
MM, 8, 9, 8
MM, 15, 9, 8
MM, 19, 9, 8
MM, 22, 8, 8
MM, 25, 7, 8
MM, 26, 7, 16
MM, 27, 7, 8
MM, 29, 7, 8
MM, 638, 509, 8
MM, 641, 509, 8
MM, 1, 7, 8
MM, 5, 7, 8
MM, 11, 7, 8
MM, 16, 7, 8
MM, 21, 7, 7
MM, 27, 7, 9
MM, 30, 7, 8
MM, 32, 7, 8
MM, 34, 7, 18
MM, 33, 8, 237
MM, 31, 9, 9
MM, 29, 11, 8
MM, 27, 11, 16
MM, 27, 12, 8
MM, 26, 13, 8
MM, 26, 14, 8
MC, 1, 255
MM, 25, 14, 25
MM, 24, 14, 8
MM, 22, 16, 8
MM, 17, 20, 8
MM, 8, 27, 7
MM, 641, 533, 9
MM, 32, 0, 7
MM, 17, 7, 9
MM, 2, 15, 8
MM, 25, 23, 8
MM, 5, 30, 8
MM, 29, 1, 8
MM, 14, 8, 8
MM, 2, 14, 8
MM, 33, 19, 8
MM, 25, 24, 8
MM, 19, 28, 8
MM, 485, 607, 7
MM, 479, 612, 9
MM, 82, 2, 8
MM, 76, 5, 7
MM, 72, 8, 8
MM, 69, 10, 8
MM, 67, 11, 249
MM, 67, 12, 8
MM, 63, 10, 191
MM, 61, 7, 9
MM, 60, 5, 7
MM, 58, 3, 8
MM, 447, 612, 9
MM, 445, 611, 8
MM, 444, 608, 7
MM, 7, 28, 9
MM, 5, 26, 8
MM, 1, 21, 8
MM, 429, 593, 7
MM, 34, 12, 9
MM, 30, 8, 8
MM, 29, 5, 8
MM, 24, 4, 7
MM, 24, 2, 8
MM, 23, 2, 9
MM, 23, 1, 8
MM, 414, 575, 8
MM, 414, 574, 8
MM, 414, 572, 8
MM, 413, 570, 8
MM, 27, 29, 8
MM, 27, 28, 8
MM, 27, 27, 8
MM, 27, 25, 8
MM, 27, 24, 16
MM, 27, 23, 8
MM, 27, 22, 16
MM, 26, 20, 8
MM, 26, 19, 8
MM, 25, 17, 8
MM, 23, 16, 8
MM, 23, 15, 8
MM, 21, 14, 8
MM, 20, 13, 8
MM, 19, 12, 8
MM, 19, 10, 8
MM, 17, 9, 24
MM, 17, 7, 8
MM, 15, 5, 16
MM, 15, 3, 8
MM, 13, 1, 8
MM, 395, 537, 8
MM, 36, 29, 8
MM, 32, 27, 8
MM, 30, 25, 8
MM, 28, 24, 8
MM, 27, 23, 8
MM, 26, 22, 8
MM, 24, 20, 8
MC, 1, 304
MM, 23, 20, 16
MM, 20, 22, 8
MM, 18, 25, 8
MM, 366, 533, 8
MM, 18, 0, 8
MM, 15, 6, 8
MM, 13, 11, 7
MM, 10, 15, 9
MM, 9, 18, 8
MM, 8, 20, 8
MM, 7, 21, 8
MC, 1, 239
MM, 8, 21, 33
MM, 9, 20, 7
MM, 14, 18, 9
MM, 17, 16, 8
MM, 20, 14, 8
MM, 26, 12, 8
MM, 33, 9, 8
MM, 383, 545, 8
MM, 4, 3, 8
MM, 396, 538, 8
MM, 403, 536, 8
MM, 410, 533, 8
MM, 23, 29, 8
MM, 30, 26, 8
MM, 436, 527, 8
MM, 6, 24, 8
MM, 12, 23, 8
MM, 18, 22, 8
MM, 21, 22, 8
MM, 23, 21, 8
MM, 25, 21, 8
MM, 26, 21, 63
MM, 27, 21, 16
MM, 28, 20, 8
MM, 29, 19, 8
MM, 30, 19, 8
MM, 31, 19, 8
MM, 32, 18, 9
MM, 33, 18, 7
MM, 34, 18, 9
MM, 35, 18, 8
MM, 36, 18, 8
MM, 476, 520, 8
MM, 477, 518, 8
MM, 478, 518, 8
MM, 479, 518, 8
MM, 480, 516, 7
MM, 1, 12, 8
MM, 2, 11, 8
MM, 4, 8, 12
MM, 5, 7, 4
MM, 6, 6, 8
MM, 7, 4, 8
MC, 1, 248
MM, 7, 5, 33
MM, 6, 9, 8
MM, 3, 12, 7
MM, 0, 17, 9
MM, 479, 524, 8
MM, 36, 28, 8
MM, 472, 534, 8
MM, 0, 0, 8
MM, 467, 543, 8
MM, 467, 547, 8
MM, 465, 550, 8
MM, 464, 551, 8
MM, 464, 552, 8
MM, 36, 16, 8
MM, 35, 18, 16
MM, 33, 21, 8
MM, 32, 22, 7
MM, 31, 23, 9
MM, 30, 23, 8
MM, 30, 25, 8
MM, 25, 29, 7
MM, 24, 30, 8
MM, 23, 30, 9
MM, 446, 573, 8
MM, 444, 574, 8
MM, 7, 1, 8
MM, 6, 3, 8
MM, 5, 4, 8
MM, 4, 4, 8
MM, 3, 5, 8
MM, 3, 6, 8
MM, 2, 7, 8
MM, 1, 7, 8
MM, 0, 8, 8
MM, 0, 9, 16
MM, 433, 586, 8
MM, 432, 587, 24
MM, 431, 588, 16
MM, 430, 588, 8
MM, 428, 589, 8
MM, 36, 13, 7
MM, 35, 14, 17
MM, 34, 14, 8
MM, 33, 14, 8
MM, 32, 14, 8
MM, 28, 14, 8
MM, 27, 14, 8
MM, 25, 14, 8
MM, 21, 14, 16
MM, 20, 14, 16
MM, 16, 14, 8
MM, 13, 14, 8
MM, 11, 14, 8
MM, 13, 12, 264
MM, 14, 12, 7
MM, 17, 10, 9
MM, 19, 9, 8
MM, 21, 8, 8
MM, 25, 5, 8
MM, 28, 5, 8
MM, 33, 4, 8
MM, 430, 577, 8
MM, 0, 0, 8
MM, 440, 574, 8
MM, 447, 572, 7
MM, 454, 570, 9
MM, 35, 28, 8
MM, 469, 566, 8
MM, 7, 26, 8
MM, 14, 24, 8
MM, 21, 22, 8
MM, 25, 22, 8
MM, 30, 20, 7
MM, 34, 19, 8
MM, 508, 558, 8
MM, 0, 19, 9
MM, 3, 18, 7
MM, 4, 18, 8
MM, 5, 18, 8
MM, 6, 16, 65
MM, 8, 16, 24
MM, 10, 15, 8
MM, 11, 15, 8
MM, 12, 15, 8
MM, 14, 15, 8
MM, 17, 14, 8
MM, 20, 14, 8
MM, 22, 14, 8
MM, 25, 14, 8
MM, 27, 14, 8
MM, 30, 14, 8
MM, 32, 13, 8
MM, 33, 13, 8
MM, 36, 13, 8
MM, 549, 552, 8
MM, 551, 551, 8
MM, 553, 551, 7
MM, 2, 11, 8
MM, 4, 11, 9
MM, 7, 11, 8
MM, 10, 11, 7
MM, 12, 11, 8
MM, 14, 11, 9
MM, 15, 11, 8
MM, 16, 10, 136
MC, 1, 184
MM, 17, 10, 104
MM, 19, 11, 8
MM, 20, 13, 8
MM, 22, 14, 8
MM, 24, 17, 8
MM, 27, 17, 8
MM, 29, 18, 8
MM, 30, 19, 8
MM, 31, 19, 8
MM, 34, 20, 8
MM, 36, 21, 7
MM, 595, 561, 9
MM, 3, 23, 8
MM, 6, 23, 8
MM, 10, 24, 8
MM, 15, 24, 8
MM, 18, 25, 8
MM, 21, 25, 8
MM, 24, 26, 8
MM, 27, 27, 16
MM, 28, 27, 8
MM, 30, 28, 8
MM, 32, 28, 8
MM, 631, 568, 8
MM, 633, 568, 8
MM, 637, 570, 8
MM, 639, 571, 8
MM, 641, 571, 8
MM, 642, 571, 8
MM, 643, 572, 8
MM, 644, 573, 8
MM, 645, 574, 40
MM, 5, 1, 16
MM, 5, 2, 16
MM, 6, 4, 8
MM, 7, 5, 8
MM, 7, 6, 8
MM, 9, 8, 8
MM, 10, 8, 23
MC, 1, 233
MM, 10, 9, 16
MM, 10, 10, 8
MM, 8, 10, 8
MM, 3, 11, 8
MM, 639, 588, 8
MM, 29, 14, 7
MM, 20, 17, 8
MM, 8, 18, 9
MM, 36, 21, 8
MM, 15, 21, 8
MM, 36, 21, 8
MM, 17, 25, 8
MM, 5, 27, 8
MM, 513, 604, 8
MM, 31, 29, 8
MM, 28, 30, 8
MM, 503, 607, 56
MM, 502, 608, 56
MM, 502, 609, 24
MM, 502, 610, 8
MM, 502, 611, 16
MM, 112, 0, 8
MM, 111, 1, 8
MM, 110, 2, 8
MM, 110, 3, 8
MM, 110, 4, 16
MM, 110, 5, 16
MM, 110, 8, 8
MM, 110, 11, 8
MM, 110, 13, 8
MM, 109, 15, 8
MM, 108, 18, 8
MM, 107, 20, 8
MM, 107, 22, 8
MC, 1, 576
MM, 106, 24, 112
MM, 106, 23, 8
MM, 106, 22, 8
MM, 106, 21, 8
MM, 106, 20, 8
MM, 107, 19, 8
MM, 108, 17, 8
MM, 108, 15, 8
MM, 108, 12, 8
MM, 109, 9, 8
MM, 111, 5, 8
MM, 112, 0, 8
MM, 503, 609, 8
MM, 31, 27, 8
MM, 32, 22, 8
MM, 33, 15, 8
MM, 34, 10, 8
MM, 34, 5, 8
MM, 35, 0, 21
MM, 511, 573, 1
MM, 512, 571, 3
MM, 512, 570, 7
MM, 1, 29, 8
MM, 1, 28, 8
MM, 1, 26, 8
MM, 1, 25, 8
MM, 2, 23, 8
MM, 2, 22, 8
MM, 3, 19, 7
MM, 3, 18, 8
MM, 4, 15, 9
MM, 4, 12, 8
MM, 7, 10, 7
MM, 14, 2, 32
MM, 15, 0, 8
MM, 16, 0, 9
MM, 528, 537, 8
MM, 529, 537, 8
MM, 530, 536, 8
MM, 533, 535, 7
MM, 533, 534, 9
MM, 535, 533, 8
MM, 12, 30, 79
MM, 11, 30, 8
MM, 531, 533, 9
MM, 524, 534, 8
MM, 514, 537, 8
MM, 502, 538, 8
MM, 490, 538, 7
MM, 480, 538, 9
MM, 467, 538, 8
MM, 456, 538, 8
MM, 445, 538, 8
MM, 436, 538, 8
MM, 431, 538, 8
MM, 428, 538, 8
MM, 426, 538, 8
MM, 426, 537, 96
MM, 425, 536, 7
MM, 424, 534, 8
MM, 424, 533, 9
MM, 26, 30, 8
MM, 26, 28, 8
MM, 25, 27, 16
MM, 25, 25, 8
MM, 25, 24, 8
MM, 25, 23, 16
MM, 24, 22, 8
MM, 23, 21, 11
MM, 22, 21, 37
MM, 21, 21, 40
MM, 18, 20, 8
MM, 16, 20, 8
MM, 13, 19, 8
MM, 11, 17, 8
MM, 9, 16, 8
MM, 8, 16, 32
MC, 1, 232
MM, 8, 19, 111
MM, 8, 22, 9
MM, 8, 26, 8
MM, 8, 28, 7
MM, 405, 534, 9
MM, 405, 538, 8
MM, 20, 1, 7
MM, 20, 3, 8
MM, 19, 3, 8
MM, 18, 5, 8
MM, 17, 7, 16
MM, 17, 8, 33
MM, 17, 10, 16
MM, 17, 11, 8
MM, 17, 13, 16
MM, 16, 13, 8
MM, 15, 14, 16
MC, 1, 176
MM, 16, 14, 39
MM, 19, 13, 8
MM, 24, 13, 9
MM, 31, 12, 7
MM, 424, 550, 8
MM, 8, 10, 9
MM, 21, 6, 7
MM, 466, 541, 8
MM, 487, 537, 8
MM, 507, 536, 8
MM, 5, 30, 8
MM, 25, 28, 9
MM, 563, 528, 7
MM, 12, 24, 9
MM, 23, 23, 7
MM, 31, 21, 9
MM, 601, 522, 7
MM, 605, 521, 9
MM, 0, 18, 8
MM, 1, 17, 8
MM, 3, 16, 8
MM, 4, 15, 8
MM, 5, 15, 7
MM, 5, 14, 8
MM, 6, 14, 9
MM, 7, 13, 8
MM, 7, 12, 8
MM, 8, 12, 7
MM, 9, 12, 9
MM, 10, 12, 7
MM, 11, 11, 17
MM, 12, 11, 8
MM, 13, 11, 16
MM, 13, 10, 8
MM, 14, 10, 16
MM, 15, 10, 8
MM, 16, 9, 7
MM, 17, 9, 16
MM, 18, 9, 8
MM, 19, 9, 9
MM, 20, 9, 24
MM, 21, 9, 8
MM, 22, 9, 16
MM, 23, 9, 8
MM, 24, 9, 8
MM, 25, 9, 8
MM, 28, 9, 8
MM, 638, 511, 8
MM, 641, 511, 8
MM, 0, 9, 8
MM, 1, 9, 7
MM, 4, 9, 8
MM, 6, 9, 8
MM, 9, 9, 9
MM, 13, 9, 7
MM, 17, 9, 8
MM, 21, 9, 9
MM, 25, 9, 8
MM, 30, 8, 8
MM, 33, 7, 8
MM, 35, 7, 8
MM, 681, 508, 72
MM, 682, 508, 16
MM, 683, 508, 8
MM, 685, 508, 8
MM, 686, 508, 8
MM, 1, 6, 8
MM, 2, 6, 24
MM, 3, 6, 40
MM, 4, 6, 8
MM, 6, 6, 16
MM, 6, 7, 8
MM, 7, 7, 8
MM, 8, 8, 8
MM, 9, 8, 120
MM, 10, 9, 8
MC, 1, 167
MM, 9, 9, 25
MM, 4, 10, 7
MM, 1, 12, 8
MM, 683, 515, 8
MM, 33, 14, 8
MM, 29, 16, 8
MM, 25, 17, 8
MM, 19, 20, 8
MM, 13, 21, 8
MM, 5, 23, 8
MM, 638, 528, 8
MM, 18, 28, 8
MM, 5, 30, 8
MM, 32, 30, 8
MM, 16, 30, 8
MM, 563, 532, 8
MM, 26, 30, 8
MM, 10, 30, 8
MM, 519, 532, 8
MM, 21, 30, 9
MM, 8, 29, 7
MM, 479, 529, 9
MM, 29, 26, 7
MM, 24, 25, 9
MM, 21, 25, 8
MM, 21, 24, 152
MM, 21, 23, 8
MM, 20, 22, 7
MM, 20, 21, 8
MM, 19, 20, 16
MM, 18, 19, 9
MM, 17, 18, 16
MM, 16, 18, 16
MM, 13, 18, 8
MM, 12, 18, 8
MM, 11, 18, 8
MM, 8, 18, 8
MM, 5, 18, 8
MM, 2, 18, 8
MM, 0, 18, 8
MM, 435, 520, 8
MM, 35, 18, 8
MM, 33, 18, 8
MM, 31, 18, 8
MM, 30, 18, 8
MM, 29, 18, 8
MM, 28, 18, 8
MM, 27, 18, 7
MM, 26, 18, 209
MM, 23, 17, 16
MM, 22, 17, 8
MM, 20, 16, 8
MM, 18, 14, 8
MM, 17, 14, 8
MM, 15, 13, 8
MM, 13, 12, 8
MM, 12, 11, 15
MM, 10, 11, 80
MC, 1, 209
MM, 10, 13, 23
MM, 11, 16, 9
MM, 11, 19, 8
MM, 11, 23, 8
MM, 12, 29, 8
MM, 410, 535, 8
MM, 26, 2, 8
MM, 26, 7, 8
MM, 25, 13, 8
MM, 25, 17, 8
MM, 24, 21, 7
MM, 24, 25, 8
MM, 24, 28, 8
MM, 23, 29, 8
MM, 23, 30, 9
MM, 408, 570, 15
MM, 408, 572, 9
MM, 408, 573, 32
MM, 408, 574, 8
MM, 408, 575, 8
MM, 17, 3, 15
MM, 17, 6, 9
MM, 18, 7, 8
MM, 18, 8, 344
MM, 18, 6, 24
MM, 19, 5, 8
MM, 21, 4, 8
MM, 22, 2, 7
MM, 25, 1, 9
MM, 28, 0, 8
MM, 421, 573, 8
MM, 426, 571, 8
MM, 4, 29, 8
MM, 11, 27, 8
MM, 20, 24, 8
MM, 31, 21, 8
MM, 0, 18, 8
MM, 13, 17, 8
MM, 31, 13, 8
MM, 9, 12, 8
MM, 24, 11, 8
MM, 36, 9, 8
MM, 3, 8, 8
MM, 11, 7, 8
MM, 20, 4, 7
MM, 25, 2, 9
MM, 28, 0, 8
MM, 585, 537, 8
MM, 586, 537, 8
MM, 586, 536, 8
MM, 586, 535, 7
MM, 587, 534, 9
MM, 588, 534, 88
MM, 588, 533, 8
MM, 589, 533, 8
MM, 25, 30, 7
MM, 26, 30, 8
MM, 26, 29, 9
MM, 27, 28, 8
MM, 28, 28, 8
MM, 28, 27, 8
MM, 29, 26, 8
MM, 29, 25, 8
MM, 31, 25, 8
MM, 31, 24, 8
MM, 32, 24, 8
MM, 33, 24, 8
MM, 33, 23, 8
MM, 34, 23, 8
MM, 35, 23, 8
MM, 36, 21, 8
MM, 602, 523, 8
MM, 603, 523, 8
MM, 606, 523, 8
MM, 606, 522, 8
MM, 0, 20, 8
MM, 1, 19, 8
MM, 3, 19, 32
MM, 4, 18, 24
MM, 6, 18, 24
MM, 7, 18, 48
MM, 7, 17, 128
MC, 1, 136
MM, 3, 20, 48
MM, 603, 522, 8
MM, 33, 22, 8
MM, 24, 25, 8
MM, 15, 27, 8
MM, 567, 533, 8
MM, 554, 535, 8
MM, 539, 538, 8
MM, 14, 0, 8
MM, 510, 541, 8
MM, 29, 4, 8
MM, 20, 5, 7
MM, 12, 6, 9
MM, 4, 7, 8
MM, 468, 547, 8
MM, 464, 547, 8
MM, 35, 9, 8
MM, 33, 9, 8
MM, 31, 9, 8
MM, 31, 10, 8
MM, 29, 10, 8
MM, 27, 11, 7
MM, 23, 12, 16
MM, 22, 12, 8
MM, 21, 12, 8
MM, 18, 12, 8
MM, 15, 13, 8
MM, 12, 13, 9
MM, 9, 13, 8
MM, 6, 14, 8
MM, 2, 15, 8
MM, 0, 15, 8
MM, 426, 554, 8
MM, 425, 554, 64
MM, 424, 554, 24
MM, 421, 555, 8
MM, 35, 16, 8
MM, 34, 16, 7
MM, 29, 18, 8
MM, 24, 18, 8
MM, 19, 19, 9
MM, 12, 19, 8
MM, 6, 20, 8
MM, 2, 20, 7
MM, 383, 559, 9
MM, 381, 559, 8
MM, 380, 559, 80
MM, 379, 559, 8
MM, 33, 20, 16
MM, 29, 20, 8
MM, 27, 20, 8
MM, 26, 20, 8
MM, 25, 20, 7
MM, 23, 20, 8
MM, 22, 20, 17
MM, 21, 20, 16
MM, 20, 20, 24
MM, 19, 20, 16
MC, 1, 208
MM, 18, 19, 16
MM, 20, 18, 16
MM, 23, 18, 8
MM, 31, 17, 8
MM, 0, 15, 8
MM, 15, 15, 7
MM, 424, 554, 9
MM, 30, 15, 8
MM, 19, 15, 8
MM, 3, 15, 8
MM, 27, 15, 8
MM, 6, 15, 8
MM, 21, 15, 8
MM, 31, 15, 8
MM, 596, 554, 8
MM, 7, 15, 8
MM, 13, 15, 8
MM, 18, 15, 8
MM, 25, 15, 8
MM, 31, 15, 8
MM, 634, 554, 7
MM, 5, 15, 8
MM, 12, 15, 8
MM, 20, 15, 9
MM, 27, 17, 8
MM, 35, 17, 8
MM, 0, 17, 8
MM, 8, 17, 8
MM, 11, 17, 7
MM, 13, 17, 8
MM, 14, 17, 8
MM, 15, 17, 81
MC, 1, 296
MC, 2, 176
MM, 14, 17, 64
MM, 10, 17, 8
MM, 1, 16, 7
MM, 29, 13, 9
MM, 12, 11, 8
MM, 32, 8, 7
MM, 14, 6, 8
MM, 0, 3, 8
MM, 30, 1, 8
MM, 574, 538, 8
MM, 566, 535, 8
MM, 562, 534, 9
MM, 560, 533, 8
MM, 559, 532, 128
MM, 558, 531, 8
MM, 558, 530, 8
MM, 33, 27, 8
MM, 32, 25, 8
MM, 32, 24, 8
MM, 31, 23, 8
MM, 30, 22, 16
MM, 29, 21, 8
MM, 29, 20, 16
MM, 28, 20, 8
MM, 28, 18, 8
MM, 27, 18, 8
MM, 26, 17, 8
MM, 25, 15, 16
MM, 24, 14, 16
MC, 1, 207
MM, 24, 15, 56
MM, 25, 17, 17
MM, 27, 21, 8
MM, 30, 25, 8
MM, 33, 27, 8
MM, 558, 533, 8
MM, 561, 535, 8
MM, 562, 537, 8
MM, 11, 2, 10
MM, 14, 5, 5
MM, 16, 8, 8
MM, 18, 9, 9
MM, 19, 11, 8
MM, 19, 13, 8
MM, 21, 14, 8
MM, 23, 15, 16
MM, 24, 16, 8
MM, 25, 16, 32
MM, 26, 16, 8
MM, 27, 17, 8
MM, 28, 17, 8
MM, 29, 18, 8
MM, 30, 19, 8
MM, 32, 19, 8
MM, 33, 21, 8
MM, 36, 23, 8
MM, 594, 564, 8
MM, 595, 566, 8
MM, 1, 29, 8
MM, 2, 29, 8
MM, 3, 30, 8
MM, 602, 570, 56
MM, 602, 571, 8
MM, 603, 572, 8
MM, 603, 573, 16
MM, 604, 575, 8
MM, 605, 575, 16
MM, 3, 1, 8
MM, 4, 3, 8
MM, 4, 4, 16
MM, 4, 5, 8
MM, 4, 7, 112
MM, 5, 9, 24
MC, 1, 192
MM, 602, 586, 47
MM, 598, 588, 9
MM, 32, 14, 7
MM, 26, 16, 8
MM, 19, 18, 9
MM, 11, 20, 8
MM, 4, 23, 8
MM, 554, 600, 8
MM, 30, 26, 8
MM, 23, 28, 8
MM, 20, 30, 7
MM, 533, 607, 9
MM, 530, 607, 8
MM, 525, 608, 8
MM, 522, 608, 8
MM, 519, 609, 8
MM, 515, 609, 10
MM, 510, 610, 5
MM, 506, 611, 8
MM, 503, 611, 8
MM, 500, 612, 8
MM, 106, 0, 8
MM, 104, 1, 9
MM, 102, 2, 8
MM, 102, 3, 8
MM, 101, 3, 8
MM, 100, 4, 240
MM, 100, 5, 8
MM, 99, 7, 8
MM, 99, 9, 8
MM, 99, 10, 16
MM, 99, 11, 8
MM, 99, 12, 8
MC, 1, 239
MM, 98, 11, 32
MM, 98, 8, 9
MM, 97, 3, 7
MM, 486, 610, 8
MM, 9, 24, 8
MM, 7, 16, 9
MM, 4, 5, 8
MM, 477, 572, 8
MM, 1, 24, 8
MM, 468, 555, 8
MM, 466, 549, 7
MM, 36, 5, 9
MM, 36, 2, 7
MM, 35, 0, 8
MM, 461, 537, 8
MM, 460, 534, 9
MM, 21, 30, 8
MM, 21, 28, 8
MM, 21, 27, 15
MM, 21, 26, 9
MM, 21, 25, 8
MM, 22, 24, 55
MM, 22, 23, 8
MM, 23, 22, 8
MM, 25, 22, 17
MM, 25, 21, 8
MM, 26, 20, 8
MM, 28, 18, 19
MM, 29, 18, 5
MM, 30, 17, 8
MM, 32, 17, 8
MM, 33, 14, 8
MM, 35, 14, 8
MM, 36, 14, 8
MM, 477, 516, 8
MM, 479, 515, 8
MM, 481, 514, 8
MM, 0, 12, 8
MM, 3, 12, 8
MM, 5, 12, 8
MM, 6, 12, 87
MM, 6, 11, 9
MM, 8, 11, 8
MM, 9, 11, 16
MM, 12, 11, 8
MM, 13, 11, 16
MM, 14, 11, 8
MC, 1, 215
MM, 16, 11, 49
MM, 17, 12, 8
MM, 20, 15, 8
MM, 25, 19, 8
MM, 30, 22, 8
MM, 518, 527, 8
MM, 0, 28, 8
MM, 529, 533, 8
MM, 533, 535, 8
MM, 539, 537, 8
MM, 32, 0, 8
MM, 548, 539, 8
MM, 552, 539, 8
MM, 1, 0, 8
MM, 3, 1, 8
MM, 4, 2, 8
MM, 6, 2, 8
MM, 7, 2, 16
MM, 8, 3, 16
MM, 9, 3, 8
MM, 9, 5, 8
MM, 10, 5, 16
MM, 12, 6, 136
MM, 12, 7, 8
MM, 13, 7, 7
MM, 15, 8, 9
MM, 15, 9, 8
MM, 16, 10, 10
MM, 17, 10, 126
MC, 1, 96
MM, 18, 10, 24
MM, 20, 9, 7
MM, 22, 9, 8
MM, 24, 7, 8
MM, 26, 6, 9
MM, 30, 3, 8
MM, 33, 0, 8
MM, 589, 537, 7
MM, 594, 535, 9
MM, 597, 534, 7
MM, 35, 30, 9
MM, 601, 531, 7
MM, 602, 529, 8
MM, 603, 529, 9
MM, 603, 528, 8
MM, 605, 527, 8
MM, 606, 525, 8
MM, 0, 22, 7
MM, 2, 20, 9
MM, 3, 18, 7
MM, 4, 18, 8
MM, 6, 17, 8
MM, 6, 16, 9
MM, 7, 15, 8
MM, 8, 15, 8
MM, 9, 15, 16
MM, 9, 14, 15
MM, 9, 13, 8
MM, 9, 11, 9
MM, 10, 11, 8
MM, 11, 9, 8
MM, 12, 8, 7
MC, 1, 144
MM, 12, 7, 16
MM, 11, 7, 17
MM, 7, 12, 8
MM, 3, 15, 8
MM, 606, 519, 8
MM, 35, 20, 8
MM, 27, 24, 8
MM, 17, 28, 8
MM, 570, 533, 8
MM, 558, 536, 8
MM, 34, 1, 8
MM, 24, 3, 8
MM, 12, 4, 8
MM, 509, 544, 8
MM, 29, 6, 8
MM, 18, 8, 8
MM, 8, 8, 8
MM, 469, 550, 8
MM, 34, 12, 8
MM, 27, 13, 8
MM, 21, 13, 8
MM, 17, 13, 8
MM, 15, 14, 8
MM, 13, 15, 10
MM, 11, 15, 5
MM, 11, 16, 145
MM, 10, 16, 8
MM, 9, 16, 8
MM, 6, 16, 8
MM, 3, 16, 8
MM, 425, 555, 8
MM, 34, 16, 8
MM, 30, 16, 8
MM, 26, 16, 8
MM, 22, 16, 8
MM, 19, 16, 8
MM, 17, 16, 8
MM, 16, 16, 8
MC, 1, 239
MM, 14, 17, 56
MM, 14, 18, 8
MM, 15, 19, 9
MM, 16, 22, 8
MM, 18, 24, 8
MM, 22, 27, 7
MM, 413, 570, 9
MM, 416, 572, 7
MM, 30, 1, 8
MM, 34, 5, 8
MM, 36, 8, 8
MM, 429, 588, 8
MM, 430, 590, 8
MM, 431, 591, 8
MM, 432, 592, 8
MM, 432, 594, 8
MM, 0, 19, 16
MM, 0, 20, 8
MM, 1, 22, 8
MM, 3, 24, 16
MM, 3, 25, 8
MM, 4, 27, 8
MM, 4, 28, 24
MM, 4, 29, 8
MM, 5, 30, 8
MM, 439, 607, 8
MM, 440, 610, 16
MM, 51, 0, 16
MM, 51, 1, 32
MM, 51, 2, 8
MM, 51, 3, 8
MM, 51, 4, 16
MM, 51, 6, 8
MM, 51, 7, 64
MM, 51, 8, 8
MM, 51, 9, 8
MM, 52, 10, 8
MC, 1, 184
MM, 53, 10, 16
MM, 53, 8, 16
MM, 53, 7, 9
MM, 53, 2, 7
MM, 443, 611, 8
MM, 9, 28, 8
MM, 9, 22, 8
MM, 9, 12, 8
MM, 9, 4, 8
MM, 443, 575, 8
MM, 444, 570, 9
MM, 18, 28, 8
MM, 20, 26, 8
MM, 21, 24, 8
MM, 22, 21, 8
MM, 22, 19, 8
MM, 23, 18, 7
MM, 23, 15, 9
MM, 23, 14, 8
MM, 23, 11, 7
MM, 23, 9, 8
MM, 23, 7, 8
MM, 23, 6, 8
MM, 23, 5, 8
MM, 23, 4, 24
MM, 23, 3, 32
MM, 23, 2, 16
MM, 23, 1, 16
MM, 23, 0, 8
MM, 451, 538, 40
MM, 451, 537, 16
MM, 451, 536, 8
MM, 451, 534, 16
MM, 13, 30, 8
MM, 14, 28, 9
MM, 15, 26, 8
MM, 15, 23, 7
MM, 16, 21, 8
MM, 16, 18, 8
MM, 17, 16, 8
MC, 1, 136
MM, 19, 16, 73
MM, 20, 16, 7
MM, 22, 16, 9
MM, 23, 16, 8
MM, 28, 17, 8
MM, 477, 520, 8
MM, 7, 19, 8
MM, 21, 20, 8
MM, 34, 22, 8
MM, 10, 24, 7
MM, 29, 24, 9
MM, 1, 24, 8
MM, 16, 24, 8
MM, 30, 24, 7
MM, 2, 24, 9
MM, 16, 24, 8
MM, 28, 24, 8
MM, 2, 24, 8
MM, 7, 23, 8
MM, 12, 21, 8
MM, 12, 20, 8
MM, 14, 20, 8
MC, 1, 400
MM, 14, 19, 7
MM, 13, 19, 8
MM, 12, 19, 8
MM, 7, 19, 8
MM, 2, 19, 8
MM, 639, 521, 8
MM, 24, 19, 9
MM, 15, 19, 8
MM, 5, 19, 8
MM, 603, 520, 8
MM, 30, 17, 8
MM, 24, 16, 8
MM, 18, 16, 8
MM, 13, 15, 8
MM, 10, 15, 8
MC, 1, 304
MM, 10, 16, 48
MM, 8, 21, 8
MM, 7, 26, 8
MM, 571, 533, 8
MM, 16, 2, 8
MM, 15, 9, 8
MM, 13, 16, 8
MM, 10, 22, 8
MM, 8, 29, 7
MM, 561, 574, 9
MM, 0, 1, 8
MM, 0, 2, 8
MM, 0, 4, 8
MM, 0, 5, 80
MM, 559, 582, 8
MM, 559, 583, 8
MM, 558, 583, 8
MM, 557, 585, 8
MM, 557, 586, 7
MM, 556, 586, 9
MM, 555, 587, 16
MM, 554, 587, 8
MM, 554, 588, 16
MM, 36, 13, 8
MM, 35, 13, 7
MM, 34, 13, 17
MM, 34, 14, 8
MM, 31, 15, 8
MM, 31, 16, 7
MM, 30, 16, 8
MM, 29, 16, 9
MM, 28, 17, 8
MM, 28, 18, 8
MM, 25, 19, 8
MM, 24, 19, 63
MM, 23, 19, 9
MM, 22, 19, 16
MC, 1, 168
MM, 21, 19, 24
MM, 20, 18, 8
MM, 19, 17, 8
MM, 17, 16, 16
MM, 14, 14, 7
MM, 10, 12, 9
MM, 4, 9, 8
MM, 515, 584, 7
MM, 34, 6, 8
MM, 30, 3, 8
MM, 24, 1, 8
MM, 21, 0, 9
MM, 492, 574, 8
MM, 489, 571, 8
MM, 486, 571, 8
MM, 484, 570, 8
MM, 13, 30, 8
MM, 12, 29, 7
MM, 11, 28, 8
MM, 9, 28, 8
MM, 7, 26, 9
MM, 5, 25, 8
MM, 1, 24, 8
MM, 469, 561, 8
MM, 467, 561, 8
MM, 465, 559, 8
MM, 36, 19, 8
MM, 35, 18, 264
MM, 33, 18, 16
MM, 31, 17, 8
MM, 30, 16, 8
MM, 28, 16, 8
MM, 27, 15, 8
MM, 26, 14, 8
MM, 25, 14, 48
MC, 1, 168
MM, 25, 13, 32
MM, 26, 13, 23
MM, 29, 13, 9
MM, 33, 13, 7
MM, 465, 552, 9
MM, 3, 13, 8
MM, 10, 15, 7
MM, 18, 17, 8
MM, 31, 20, 8
MM, 1, 23, 8
MM, 18, 27, 9
MM, 549, 567, 7
MM, 572, 572, 9
MM, 595, 573, 8
MM, 12, 0, 8
MM, 28, 2, 8
MM, 4, 3, 8
MM, 15, 4, 8
MM, 22, 6, 8
MM, 27, 6, 8
MM, 29, 6, 8
MM, 29, 7, 144
MM, 28, 7, 8
MM, 27, 7, 15
MM, 23, 7, 16
MM, 22, 7, 8
MM, 21, 7, 8
MM, 20, 7, 25
MM, 19, 8, 8
MM, 18, 8, 40
MC, 1, 1255
MM, 17, 8, 57
MM, 16, 8, 8
MM, 12, 10, 8
MM, 7, 11, 8
MM, 4, 12, 8
MM, 637, 589, 8
MM, 29, 14, 8
MM, 19, 15, 7
MM, 10, 16, 9
MM, 601, 593, 8
MM, 30, 18, 7
MM, 21, 21, 8
MM, 11, 21, 8
MM, 2, 22, 9
MM, 555, 599, 8
MM, 34, 24, 7
MM, 30, 25, 9
MM, 28, 25, 8
MM, 27, 26, 32
MM, 26, 27, 16
MM, 25, 28, 7
MM, 25, 30, 8
MM, 542, 607, 8
MM, 539, 608, 8
MM, 539, 611, 9
MM, 537, 611, 7
MM, 537, 612, 9
MM, 536, 612, 8
MM, 146, 0, 7
MM, 145, 0, 8
MM, 145, 1, 8
MM, 143, 2, 8
MM, 143, 3, 8
MM, 143, 4, 73
MM, 142, 4, 8
MM, 141, 5, 8
MM, 139, 6, 8
MM, 136, 8, 16
MM, 135, 9, 8
MM, 134, 10, 16
MC, 1, 215
MM, 133, 10, 24
MM, 133, 7, 17
MM, 136, 0, 8
MM, 10, 30, 8
MM, 13, 23, 8
MM, 17, 15, 8
MM, 23, 6, 7
MM, 544, 574, 8
MM, 550, 567, 9
MM, 1, 22, 7
MM, 5, 14, 9
MM, 11, 5, 8
MM, 571, 536, 8
MM, 11, 28, 8
MM, 15, 25, 8
MM, 18, 20, 8
MM, 21, 15, 8
MM, 24, 12, 8
MM, 27, 8, 8
MM, 28, 7, 8
MM, 28, 5, 8
MM, 29, 5, 8
MM, 29, 4, 8
MM, 30, 4, 128
MM, 31, 4, 16
MM, 32, 4, 8
MM, 33, 4, 8
MM, 34, 4, 16
MM, 35, 4, 8
MM, 36, 4, 8
MM, 601, 506, 8
MM, 603, 506, 8
MM, 605, 506, 8
MM, 606, 506, 8
MM, 1, 4, 16
MM, 2, 4, 16
MM, 3, 5, 8
MM, 5, 5, 7
MM, 6, 7, 8
MM, 7, 7, 8
MM, 7, 9, 8
MM, 8, 10, 9
MM, 9, 11, 8
MM, 9, 12, 23
MM, 9, 13, 9
MC, 1, 240
MM, 9, 14, 23
MM, 6, 17, 8
MM, 1, 19, 9
MM, 603, 525, 8
MM, 33, 25, 8
MM, 27, 29, 8
MM, 584, 536, 8
MM, 22, 2, 8
MM, 15, 10, 7
MM, 6, 16, 9
MM, 549, 563, 8
MM, 539, 573, 8
MM, 10, 7, 8
MM, 2, 13, 8
MM, 511, 595, 8
MM, 31, 24, 8
MM, 26, 27, 8
MM, 24, 29, 8
MM, 23, 30, 16
MM, 497, 607, 64
MM, 497, 608, 16
MM, 497, 609, 16
MM, 497, 610, 15
MM, 497, 612, 17
MM, 107, 0, 16
MM, 107, 2, 8
MM, 107, 5, 8
MM, 107, 8, 8
MM, 106, 10, 8
MM, 106, 11, 8
MM, 106, 12, 16
MM, 105, 14, 8
MC, 1, 296
MM, 103, 13, 23
MM, 103, 11, 9
MM, 102, 8, 8
MM, 100, 2, 8
MM, 488, 608, 8
MM, 12, 25, 7
MM, 8, 19, 8
MM, 5, 12, 8
MM, 2, 5, 8
MM, 473, 576, 8
MM, 469, 571, 9
MM, 466, 567, 7
MM, 36, 25, 9
MM, 34, 23, 8
MM, 34, 22, 8
MM, 34, 21, 7
MM, 33, 21, 12
MM, 33, 19, 13
MM, 32, 18, 16
MM, 32, 17, 16
MM, 31, 16, 8
MM, 31, 15, 8
MM, 31, 14, 8
MM, 31, 12, 8
MM, 30, 11, 8
MM, 30, 10, 8
MM, 29, 7, 8
MM, 28, 6, 8
MM, 28, 5, 8
MC, 1, 192
MM, 28, 4, 16
MM, 29, 4, 16
MM, 31, 4, 8
MM, 35, 4, 8
MM, 469, 543, 8
MM, 7, 5, 8
MM, 16, 6, 8
MM, 24, 6, 8
MM, 32, 7, 8
MM, 0, 8, 8
MM, 8, 8, 8
MM, 16, 8, 8
MM, 24, 8, 8
MM, 31, 8, 8
MM, 548, 547, 8
MM, 551, 546, 8
MM, 1, 6, 8
MM, 7, 5, 8
MM, 13, 3, 8
MM, 17, 0, 8
MM, 577, 537, 8
MM, 583, 534, 8
MM, 587, 534, 8
MM, 29, 30, 8
MM, 34, 27, 8
MM, 602, 528, 7
MM, 604, 526, 8
MM, 0, 23, 8
MM, 1, 23, 8
MM, 2, 22, 33
MM, 3, 22, 32
MM, 3, 21, 15
MM, 5, 21, 9
MM, 8, 21, 8
MM, 11, 20, 8
MM, 13, 20, 7
MM, 16, 20, 8
MM, 17, 20, 8
MM, 19, 20, 8
MM, 20, 20, 9
MM, 21, 19, 80
MC, 1, 192
MM, 21, 18, 7
MM, 20, 19, 8
MM, 18, 20, 8
MM, 12, 20, 8
MM, 3, 24, 9
MM, 35, 27, 8
MM, 22, 29, 7
MM, 5, 30, 8
MM, 25, 30, 9
MM, 524, 535, 7
MM, 509, 537, 8
MM, 27, 0, 8
MM, 18, 1, 8
MM, 10, 4, 9
MM, 5, 5, 7
MM, 2, 6, 8
MM, 469, 548, 9
MM, 466, 549, 8
MM, 35, 13, 8
MM, 33, 14, 8
MM, 30, 17, 8
MM, 27, 18, 7
MM, 23, 21, 9
MM, 22, 22, 8
MM, 21, 24, 8
MM, 20, 24, 7
MM, 19, 25, 9
MC, 1, 343
MM, 19, 26, 33
MM, 20, 26, 15
MM, 23, 26, 9
MM, 27, 26, 8
MM, 34, 27, 8
MM, 467, 567, 8
MM, 2, 28, 8
MM, 9, 29, 8
MM, 16, 30, 8
MM, 490, 571, 8
MM, 495, 571, 8
MM, 500, 572, 8
MM, 502, 572, 8
MM, 505, 573, 8
MM, 505, 574, 66
MM, 506, 574, 6
MM, 507, 575, 8
MM, 33, 0, 8
MM, 33, 1, 8
MM, 34, 1, 8
MM, 35, 2, 32
MM, 511, 579, 24
MM, 512, 580, 8
MM, 514, 581, 16
MM, 514, 582, 7
MM, 515, 582, 8
MM, 516, 582, 8
MM, 0, 7, 8
MM, 1, 8, 16
MM, 2, 9, 16
MM, 3, 9, 8
MM, 4, 11, 8
MM, 6, 12, 8
MM, 8, 13, 8
MM, 10, 14, 8
MM, 11, 15, 8
MM, 14, 16, 8
MC, 1, 225
MM, 14, 15, 16
MM, 13, 15, 7
MM, 12, 14, 9
MM, 11, 12, 8
MM, 10, 9, 7
MM, 8, 7, 9
MM, 7, 3, 8
MM, 521, 573, 7
MM, 7, 28, 8
MM, 5, 23, 8
MM, 5, 21, 8
MM, 5, 20, 9
MM, 5, 19, 8
MM, 5, 16, 7
MM, 5, 15, 9
MM, 5, 14, 7
MM, 5, 13, 8
MM, 5, 10, 8
MM, 5, 8, 8
MM, 4, 5, 9
MM, 3, 2, 8
MM, 2, 1, 8
MM, 512, 537, 7
MM, 512, 535, 9
MM, 511, 535, 8
MM, 511, 534, 8
MM, 29, 30, 8
MM, 28, 30, 8
MM, 28, 29, 7
MM, 27, 28, 8
MM, 27, 27, 9
MM, 27, 26, 16
MM, 26, 25, 8
MM, 26, 24, 8
MM, 26, 22, 8
MM, 25, 20, 8
MM, 24, 19, 8
MM, 22, 14, 8
MM, 19, 8, 8
MM, 18, 6, 8
MM, 18, 5, 8
MM, 18, 4, 8
MM, 16, 1, 16
MM, 15, 0, 8
MC, 1, 167
MM, 15, 5, 33
MM, 16, 11, 8
MM, 17, 16, 7
MM, 17, 23, 9
MM, 18, 30, 8
MM, 30, 1, 8
MM, 30, 10, 8
MM, 30, 21, 8
MM, 30, 29, 8
MM, 500, 573, 8
MM, 26, 3, 8
MM, 26, 6, 8
MM, 26, 7, 8
MM, 27, 10, 8
MM, 27, 11, 80
MM, 27, 12, 8
MM, 27, 14, 15
MM, 27, 15, 9
MM, 27, 19, 8
MM, 27, 20, 8
MM, 27, 22, 7
MM, 27, 23, 8
MM, 27, 24, 8
MM, 27, 25, 16
MM, 27, 26, 17
MM, 27, 27, 16
MM, 27, 28, 8
MM, 27, 29, 16
MM, 27, 30, 8
MM, 502, 607, 8
MM, 501, 611, 8
MM, 111, 0, 8
MM, 111, 2, 8
MM, 111, 4, 8
MM, 111, 5, 8
MM, 110, 5, 8
MM, 109, 9, 8
MC, 1, 303
MM, 108, 11, 8
MM, 106, 11, 17
MM, 105, 10, 8
MM, 104, 9, 8
MM, 104, 8, 7
MM, 103, 7, 9
MM, 101, 5, 8
MM, 100, 2, 8
MM, 96, 0, 8
MM, 482, 609, 7
MM, 3, 27, 8
MM, 472, 597, 9
MM, 27, 13, 8
MM, 17, 5, 8
MM, 444, 575, 7
MM, 9, 30, 8
MM, 4, 26, 8
MM, 1, 22, 9
MM, 426, 558, 8
MM, 426, 555, 7
MM, 426, 553, 9
MM, 426, 550, 7
MM, 426, 547, 9
MM, 426, 544, 8
MM, 426, 541, 8
MM, 426, 540, 8
MM, 426, 539, 8
MM, 426, 538, 8
MM, 426, 536, 8
MM, 426, 534, 8
MM, 426, 533, 8
MM, 29, 27, 7
MM, 26, 21, 8
MM, 22, 15, 8
MM, 18, 9, 8
MM, 15, 3, 8
MM, 13, 1, 9
MM, 11, 0, 8
MM, 11, 1, 232
MM, 12, 2, 7
MM, 13, 4, 9
MM, 14, 6, 8
MM, 15, 9, 8
MM, 17, 11, 8
MM, 17, 14, 8
MM, 19, 15, 7
MM, 20, 18, 8
MM, 20, 19, 9
MC, 1, 280
MM, 20, 20, 56
MM, 20, 24, 15
MM, 20, 25, 9
MM, 20, 26, 8
MM, 20, 30, 8
MM, 417, 535, 8
MM, 416, 538, 8
MM, 30, 1, 8
MM, 30, 4, 8
MM, 29, 6, 8
MM, 29, 7, 16
MM, 29, 8, 8
MM, 29, 9, 15
MM, 29, 10, 8
MM, 29, 11, 8
MM, 28, 12, 8
MM, 28, 13, 8
MM, 28, 14, 9
MM, 26, 14, 8
MM, 26, 16, 8
MM, 25, 17, 8
MM, 23, 19, 8
MM, 23, 20, 8
MM, 22, 21, 8
MM, 20, 26, 8
MM, 19, 26, 8
MM, 18, 27, 8
MM, 18, 29, 24
MM, 17, 29, 8
MM, 16, 30, 16
MM, 400, 570, 8
MM, 398, 571, 24
MM, 397, 571, 16
MM, 396, 571, 7
MM, 395, 572, 9
MM, 394, 573, 8
MM, 390, 574, 8
MM, 387, 574, 8
MM, 385, 575, 8
MM, 384, 575, 7
MM, 383, 575, 9
MM, 33, 0, 88
MM, 31, 2, 31
MM, 30, 3, 16
MM, 29, 3, 9
MM, 28, 4, 8
MM, 27, 5, 8
MM, 26, 5, 8
MM, 25, 5, 8
MM, 24, 6, 7
MM, 24, 7, 9
MM, 23, 8, 8
MM, 22, 9, 8
MM, 22, 10, 8
MM, 21, 11, 8
MM, 19, 12, 8
MM, 18, 13, 8
MM, 15, 15, 7
MC, 1, 232
MM, 15, 13, 40
MM, 16, 12, 8
MM, 18, 10, 8
MM, 20, 7, 9
MM, 23, 5, 8
MM, 26, 4, 8
MM, 29, 2, 7
MM, 32, 0, 9
MM, 390, 572, 8
MM, 400, 570, 8
MM, 30, 29, 7
MM, 17, 24, 9
MM, 5, 23, 8
MM, 505, 560, 8
MM, 24, 21, 7
MM, 8, 21, 9
MM, 26, 20, 8
MM, 593, 558, 7
MM, 7, 18, 8
MM, 16, 15, 8
MM, 27, 12, 9
MM, 633, 548, 8
MM, 3, 6, 8
MM, 10, 4, 8
MM, 15, 3, 8
MM, 21, 1, 7
MM, 662, 537, 8
MM, 665, 537, 8
MM, 667, 535, 9
MM, 670, 534, 8
MM, 672, 533, 8
MM, 29, 30, 8
MM, 30, 29, 7
MM, 33, 29, 9
MM, 35, 28, 8
MM, 681, 530, 8
MM, 682, 529, 8
MM, 683, 528, 8
MM, 685, 527, 64
MM, 686, 527, 24
MM, 0, 24, 8
MM, 2, 23, 8
MM, 3, 22, 128
MM, 5, 22, 8
MC, 1, 184
MM, 6, 22, 39
MM, 2, 23, 17
MM, 684, 526, 8
MM, 31, 25, 8
MM, 23, 25, 7
MM, 8, 26, 8
MM, 29, 26, 9
MM, 7, 26, 8
MM, 31, 26, 8
MM, 16, 26, 8
MM, 2, 26, 8
MM, 31, 26, 8
MM, 22, 26, 8
MM, 13, 25, 7
MM, 7, 24, 8
MM, 1, 24, 9
MM, 520, 525, 8
MM, 34, 23, 8
MM, 29, 22, 8
MM, 24, 22, 8
MM, 20, 21, 8
MM, 14, 21, 8
MM, 9, 20, 7
MM, 3, 19, 9
MM, 0, 18, 8
MM, 479, 520, 8
MM, 477, 520, 8
MM, 35, 18, 8
MM, 33, 18, 8
MM, 30, 17, 7
MM, 28, 15, 8
MM, 27, 14, 8
MM, 25, 14, 8
MM, 22, 13, 8
MM, 21, 13, 49
MM, 20, 13, 40
MM, 19, 13, 7
MM, 13, 13, 17
MM, 10, 13, 8
MM, 6, 13, 8
MM, 2, 13, 7
MM, 438, 515, 9
MM, 435, 515, 8
MM, 35, 13, 8
MM, 34, 13, 7
MM, 32, 13, 369
MM, 30, 13, 8
MM, 29, 12, 8
MM, 27, 12, 7
MM, 25, 11, 9
MM, 23, 11, 7
MM, 22, 10, 16
MC, 1, 233
MM, 21, 10, 32
MM, 21, 12, 8
MM, 21, 14, 7
MM, 21, 18, 9
MM, 21, 22, 7
MM, 21, 26, 8
MM, 21, 30, 9
MM, 417, 538, 7
MM, 32, 3, 9
MM, 31, 8, 8
MM, 31, 12, 8
MM, 31, 15, 8
MM, 31, 17, 8
MM, 31, 18, 16
MM, 31, 19, 7
MM, 31, 20, 41
MM, 31, 21, 8
MM, 31, 22, 7
MM, 31, 26, 17
MM, 31, 27, 8
MM, 31, 28, 8
MM, 31, 29, 8
MM, 415, 573, 8
MM, 414, 574, 8
MM, 414, 575, 7
MM, 23, 0, 9
MM, 22, 0, 64
MM, 21, 0, 7
MM, 20, 1, 9
MM, 19, 2, 8
MM, 19, 3, 8
MM, 19, 4, 8
MM, 19, 5, 8
MM, 18, 5, 8
MM, 18, 6, 16
MC, 1, 192
MM, 19, 6, 23
MM, 21, 5, 9
MM, 24, 2, 8
MM, 26, 1, 7
MM, 419, 575, 9
MM, 423, 572, 8
MM, 0, 30, 7
MM, 5, 26, 9
MM, 11, 23, 7
MM, 18, 21, 8
MM, 25, 19, 9
MM, 32, 16, 7
MM, 466, 554, 8
MM, 3, 12, 9
MM, 10, 10, 7
MM, 19, 7, 9
MM, 24, 5, 7
MM, 30, 3, 9
MM, 506, 540, 8
MM, 509, 539, 7
MM, 512, 537, 9
MM, 513, 535, 8
MM, 514, 534, 8
MM, 515, 533, 7
MM, 33, 30, 105
MM, 33, 29, 23
MM, 33, 27, 25
MM, 32, 26, 7
MM, 32, 25, 9
MM, 30, 25, 16
MM, 28, 25, 7
MM, 27, 24, 9
MM, 25, 23, 7
MM, 24, 22, 17
MM, 21, 21, 8
MM, 21, 19, 8
MM, 19, 18, 8
MM, 18, 17, 7
MM, 17, 15, 9
MM, 15, 13, 8
MM, 15, 11, 8
MM, 14, 11, 8
MM, 14, 10, 8
MM, 13, 9, 8
MC, 1, 192
MM, 12, 10, 40
MM, 12, 12, 7
MM, 12, 18, 9
MM, 10, 23, 8
MM, 490, 535, 8
MM, 19, 4, 8
MM, 16, 15, 8
MM, 12, 27, 8
MM, 5, 2, 8
MM, 0, 16, 8
MM, 472, 604, 8
MM, 81, 2, 8
MM, 80, 10, 8
MM, 79, 15, 8
MM, 79, 16, 8
MM, 79, 17, 16
MM, 80, 17, 88
MM, 81, 17, 16
MM, 81, 18, 32
MM, 81, 19, 40
MM, 82, 20, 56
MM, 82, 14, 135
MM, 82, 11, 9
MM, 83, 6, 7
MM, 84, 0, 9
MM, 0, 30, 7
MM, 1, 25, 9
MM, 2, 18, 7
MM, 4, 13, 8
MM, 6, 9, 8
MM, 8, 4, 8
MM, 487, 575, 9
MM, 489, 571, 8
MM, 21, 28, 8
MM, 22, 26, 8
MM, 24, 24, 8
MM, 26, 21, 8
MM, 28, 18, 8
MM, 28, 17, 8
MM, 28, 15, 8
MM, 29, 14, 8
MM, 30, 12, 16
MM, 31, 11, 8
MM, 31, 9, 16
MM, 32, 8, 8
MM, 33, 6, 16
MM, 34, 5, 7
MM, 34, 4, 8
MM, 505, 541, 9
MM, 505, 539, 7
MM, 506, 537, 9
MM, 507, 535, 16
MM, 508, 534, 7
MM, 508, 533, 9
MM, 26, 28, 7
MM, 26, 26, 9
MM, 27, 24, 8
MM, 28, 22, 7
MM, 29, 20, 8
MM, 29, 18, 8
MM, 29, 16, 9
MM, 29, 13, 8
MM, 29, 11, 8
MC, 1, 408
MM, 31, 12, 56
MM, 32, 16, 8
MM, 517, 520, 8
MM, 519, 522, 8
MM, 521, 526, 8
MM, 1, 27, 9
MM, 528, 533, 7
MM, 531, 536, 8
MM, 536, 537, 8
MM, 28, 0, 7
MM, 32, 1, 9
MM, 35, 2, 8
MM, 549, 541, 8
MM, 550, 541, 8
MM, 551, 541, 8
MM, 552, 543, 8
MM, 0, 4, 24
MM, 1, 4, 8
MM, 3, 5, 8
MM, 6, 7, 7
MM, 11, 10, 8
MM, 15, 11, 8
MM, 19, 14, 9
MM, 23, 16, 8
MM, 27, 18, 8
MM, 28, 19, 8
MM, 30, 20, 8
MC, 1, 215
MM, 27, 20, 8
MM, 23, 20, 8
MM, 20, 20, 9
MM, 17, 20, 8
MM, 12, 19, 8
MM, 4, 18, 7
MM, 550, 556, 9
MM, 29, 16, 8
MM, 17, 15, 8
MM, 7, 14, 8
MM, 509, 552, 8
MM, 506, 551, 8
MM, 505, 550, 8
MM, 34, 11, 80
MM, 33, 11, 7
MM, 30, 11, 8
MM, 25, 11, 8
MM, 20, 11, 9
MM, 14, 12, 7
MM, 8, 12, 8
MM, 469, 552, 9
MM, 36, 13, 8
MM, 30, 13, 8
MM, 25, 13, 8
MM, 22, 13, 8
MM, 19, 13, 8
MM, 17, 13, 8
MM, 15, 13, 8
MM, 11, 13, 8
MM, 8, 13, 8
MM, 5, 13, 8
MM, 3, 13, 8
MM, 2, 14, 136
MM, 1, 14, 16
MM, 0, 15, 8
MM, 426, 554, 8
MM, 422, 555, 8
MM, 34, 17, 7
MM, 31, 18, 9
MM, 28, 18, 8
MM, 23, 19, 7
MM, 20, 19, 8
MM, 17, 19, 9
MM, 16, 19, 8
MM, 15, 19, 8
MM, 14, 19, 8
MM, 13, 19, 16
MM, 12, 19, 8
MM, 9, 19, 16
MM, 7, 20, 8
MM, 6, 20, 8
MM, 4, 20, 8
MM, 0, 20, 7
MM, 384, 559, 112
MM, 383, 559, 9
MM, 380, 559, 8
MM, 34, 20, 8
MM, 32, 20, 8
MM, 31, 20, 8
MM, 30, 19, 15
MC, 1, 289
MM, 28, 18, 47
MM, 30, 17, 17
MM, 32, 15, 8
MM, 379, 553, 8
MM, 383, 551, 8
MM, 1, 10, 8
MM, 5, 9, 8
MM, 11, 5, 7
MM, 21, 3, 9
MM, 416, 538, 7
MM, 426, 536, 8
MM, 0, 30, 8
MM, 12, 26, 9
MM, 20, 24, 7
MM, 27, 22, 8
MM, 34, 21, 8
MM, 478, 522, 9
MM, 0, 18, 8
MM, 2, 17, 8
MM, 4, 16, 72
MM, 5, 16, 24
MM, 5, 15, 8
MM, 6, 15, 8
MM, 7, 15, 8
MC, 1, 344
MM, 6, 17, 31
MM, 5, 21, 8
MM, 3, 23, 8
MM, 2, 26, 8
MM, 2, 29, 8
MM, 483, 535, 9
MM, 11, 1, 8
MM, 10, 5, 7
MM, 9, 10, 8
MM, 9, 14, 9
MM, 8, 18, 8
MM, 8, 21, 7
MM, 8, 23, 9
MM, 8, 25, 8
MM, 8, 28, 7
MM, 8, 29, 8
MM, 8, 30, 9
MM, 478, 570, 7
MM, 478, 572, 9
MM, 3, 0, 8
MM, 3, 3, 8
MM, 3, 5, 7
MM, 3, 6, 9
MM, 3, 9, 8
MM, 3, 10, 7
MM, 3, 12, 16
MM, 3, 14, 25
MM, 3, 15, 16
MM, 3, 17, 8
MM, 3, 18, 7
MM, 4, 22, 8
MM, 4, 23, 16
MM, 4, 24, 17
MM, 4, 25, 24
MM, 4, 27, 16
MM, 4, 28, 16
MM, 4, 30, 16
MM, 479, 607, 79
MM, 479, 609, 16
MM, 479, 610, 16
MM, 479, 612, 8
MM, 89, 0, 16
MM, 89, 1, 17
MM, 89, 2, 24
MM, 89, 3, 16
MM, 89, 4, 16
MM, 89, 7, 8
MM, 89, 10, 8
MM, 89, 11, 16
MM, 89, 12, 8
MC, 1, 319
MM, 89, 10, 16
MM, 89, 9, 8
MM, 89, 6, 8
MM, 89, 5, 9
MM, 90, 3, 8
MM, 92, 0, 7
MM, 483, 612, 9
MM, 484, 609, 8
MM, 486, 607, 8
MM, 13, 28, 8
MM, 16, 25, 8
MM, 18, 23, 8
MM, 20, 21, 8
MM, 24, 18, 7
MM, 25, 15, 9
MM, 29, 12, 8
MM, 32, 10, 8
MM, 35, 7, 8
MM, 513, 581, 8
MM, 516, 579, 7
MM, 1, 1, 9
MM, 2, 0, 7
MM, 520, 575, 8
MM, 521, 573, 9
MM, 522, 573, 8
MM, 522, 572, 8
MM, 522, 571, 8
MM, 523, 570, 8
MM, 12, 30, 32
MM, 12, 29, 16
MM, 13, 28, 8
MM, 13, 26, 24
MM, 13, 25, 16
MM, 14, 22, 16
MM, 15, 20, 16
MC, 1, 184
MM, 16, 19, 56
MM, 18, 17, 8
MM, 19, 15, 7
MM, 22, 14, 9
MM, 23, 12, 8
MM, 26, 10, 8
MM, 29, 8, 7
MM, 31, 6, 8
MM, 33, 4, 8
MM, 35, 2, 8
MM, 548, 540, 9
MM, 549, 539, 7
MM, 551, 538, 9
MM, 552, 536, 8
MM, 554, 535, 8
MM, 555, 533, 8
MM, 33, 30, 8
MM, 559, 531, 8
MM, 560, 529, 8
MM, 562, 528, 8
MM, 0, 25, 8
MM, 1, 24, 8
MM, 2, 23, 8
MM, 3, 23, 8
MM, 3, 22, 7
MC, 1, 336
MM, 2, 22, 24
MM, 563, 525, 8
MM, 34, 24, 8
MM, 30, 24, 9
MM, 28, 24, 8
MM, 26, 24, 7
MM, 24, 24, 9
MM, 22, 24, 8
MM, 21, 24, 24
MM, 20, 24, 56
MM, 17, 23, 32
MC, 1, 184
MM, 16, 25, 56
MM, 15, 28, 7
MM, 537, 536, 9
MM, 25, 1, 8
MM, 23, 8, 8
MM, 20, 17, 8
MM, 18, 24, 8
MM, 526, 571, 8
MM, 526, 575, 7
MM, 9, 3, 9
MM, 9, 5, 8
MM, 8, 8, 8
MM, 8, 12, 7
MM, 8, 13, 8
MM, 8, 14, 16
MM, 8, 17, 9
MM, 8, 18, 8
MM, 8, 19, 8
MM, 8, 23, 8
MM, 8, 26, 7
MM, 7, 29, 8
MM, 523, 608, 8
MM, 523, 611, 8
MM, 133, 0, 9
MM, 132, 2, 8
MM, 131, 3, 15
MM, 131, 5, 41
MM, 131, 6, 16
MM, 131, 7, 23
MM, 131, 8, 11
MM, 131, 9, 5
MC, 1, 217
MM, 130, 9, 16
MM, 128, 6, 8
MM, 127, 1, 7
MM, 516, 607, 9
MM, 513, 598, 7
MM, 512, 589, 9
MM, 511, 582, 8
MM, 509, 575, 8
MM, 509, 568, 7
MM, 509, 562, 9
MM, 508, 557, 8
MM, 508, 555, 7
MM, 508, 554, 8
MM, 508, 551, 8
MM, 508, 549, 8
MM, 508, 547, 9
MM, 508, 546, 8
MM, 507, 545, 7
MM, 506, 544, 9
MM, 506, 543, 7
MM, 506, 542, 8
MM, 506, 540, 8
MM, 505, 539, 8
MM, 504, 538, 16
MM, 504, 536, 9
MM, 504, 535, 23
MM, 504, 534, 8
MM, 504, 533, 17
MM, 21, 30, 8
MM, 21, 29, 16
MM, 21, 28, 8
MM, 21, 27, 8
MM, 21, 26, 8
MM, 20, 24, 8
MM, 20, 22, 8
MM, 20, 21, 24
MM, 20, 19, 15
MM, 20, 18, 16
MM, 20, 17, 49
MC, 1, 103
MM, 20, 16, 17
MM, 22, 16, 15
MM, 23, 16, 11
MM, 27, 16, 5
MM, 33, 17, 8
MM, 520, 521, 8
MM, 5, 22, 9
MM, 11, 22, 8
MM, 18, 23, 8
MM, 28, 24, 8
MM, 559, 527, 7
MM, 5, 26, 8
MM, 15, 28, 8
MM, 26, 28, 9
MM, 36, 28, 8
MM, 3, 28, 7
MM, 10, 28, 9
MM, 14, 28, 8
MM, 17, 28, 7
MM, 19, 27, 8
MM, 20, 26, 8
MM, 21, 26, 8
MM, 22, 26, 17
MM, 23, 25, 8
MM, 25, 24, 8
MM, 26, 24, 8
MM, 27, 23, 8
MM, 29, 23, 8
MM, 29, 22, 8
MM, 30, 22, 32
MM, 639, 523, 15
MM, 639, 522, 8
MM, 641, 521, 8
MM, 642, 520, 8
MM, 643, 520, 8
MM, 0, 18, 8
MM, 2, 18, 9
MM, 4, 17, 8
MM, 5, 16, 7
MC, 1, 225
MM, 3, 17, 40
MM, 1, 20, 8
MM, 640, 525, 8
MM, 28, 26, 8
MM, 22, 30, 8
MM, 622, 538, 8
MM, 15, 4, 8
MM, 8, 8, 8
MM, 596, 552, 8
MM, 591, 556, 8
MM, 31, 23, 8
MM, 23, 27, 8
MM, 17, 30, 8
MM, 566, 574, 8
MM, 559, 578, 8
MM, 33, 5, 8
MM, 27, 8, 8
MM, 21, 12, 8
MM, 15, 15, 7
MM, 8, 18, 8
MM, 2, 21, 8
MM, 513, 600, 9
MM, 33, 26, 8
MM, 25, 30, 8
MM, 493, 609, 8
MM, 95, 0, 8
MM, 88, 3, 7
MM, 81, 5, 8
MM, 75, 9, 8
MM, 70, 12, 8
MM, 67, 14, 9
MM, 65, 15, 8
MM, 65, 16, 8
MM, 64, 16, 8
MM, 64, 17, 15
MM, 64, 18, 24
MM, 63, 19, 24
MM, 62, 20, 40
MM, 62, 21, 8
MM, 59, 21, 232
MM, 58, 19, 8
MM, 57, 17, 8
MM, 57, 14, 8
MM, 55, 10, 8
MM, 54, 7, 8
MM, 52, 2, 9
MM, 441, 612, 8
MM, 441, 610, 7
MM, 441, 607, 8
MM, 5, 29, 9
MM, 4, 26, 7
MM, 2, 24, 8
MM, 1, 21, 8
MM, 433, 596, 9
MM, 433, 593, 8
MM, 431, 592, 16
MM, 431, 591, 16
MM, 430, 590, 16
MM, 429, 589, 8
MM, 429, 588, 16
MM, 428, 588, 16
MM, 428, 587, 8
MM, 36, 11, 16
MM, 36, 10, 8
MM, 34, 10, 8
MM, 34, 8, 16
MM, 33, 8, 16
MM, 33, 7, 63
MM, 31, 7, 32
MM, 30, 7, 25
MM, 29, 7, 7
MM, 28, 7, 8
MM, 27, 5, 256
MM, 29, 2, 8
MM, 31, 0, 9
MM, 426, 570, 7
MM, 3, 26, 9
MM, 7, 21, 8
MM, 10, 13, 8
MM, 11, 3, 8
MM, 440, 537, 7
MM, 3, 29, 9
MM, 4, 26, 8
MM, 6, 24, 8
MM, 6, 23, 8
MM, 6, 22, 7
MM, 6, 21, 17
MM, 7, 20, 32
MM, 8, 19, 48
MM, 8, 18, 32
MC, 1, 159
MM, 9, 18, 57
MM, 10, 18, 7
MM, 12, 18, 8
MM, 15, 18, 8
MM, 21, 18, 8
MM, 29, 19, 8
MM, 481, 521, 9
MM, 15, 19, 7
MM, 34, 19, 8
MM, 18, 19, 8
MM, 34, 19, 8
MM, 10, 19, 8
MM, 23, 19, 8
MM, 602, 521, 8
MM, 4, 19, 9
MM, 11, 19, 7
MM, 15, 19, 9
MM, 16, 19, 8
MM, 17, 19, 56
MM, 18, 19, 24
MM, 19, 19, 8
MM, 21, 19, 8
MM, 22, 19, 8
MM, 26, 19, 8
MM, 29, 19, 8
MM, 639, 521, 8
MM, 643, 521, 8
MM, 3, 19, 8
MM, 8, 19, 8
MM, 14, 19, 8
MM, 18, 19, 8
MM, 21, 19, 7
MM, 22, 19, 9
MC, 1, 272
MM, 24, 19, 31
MM, 23, 19, 8
MM, 22, 20, 8
MM, 16, 21, 8
MM, 7, 23, 8
MM, 642, 527, 9
MM, 25, 25, 8
MM, 11, 26, 7
MM, 35, 27, 8
MM, 15, 28, 9
MM, 556, 533, 8
MM, 536, 535, 8
MM, 513, 538, 8
MM, 23, 1, 8
MM, 11, 2, 8
MM, 0, 5, 8
MM, 464, 545, 7
MM, 34, 7, 8
MM, 33, 9, 8
MM, 30, 10, 8
MM, 30, 11, 8
MM, 30, 12, 9
MM, 27, 14, 8
MM, 26, 14, 8
MM, 26, 15, 8
MM, 22, 18, 8
MM, 19, 19, 8
MM, 16, 21, 8
MM, 13, 23, 8
MM, 9, 25, 7
MM, 9, 27, 9
MM, 7, 28, 8
MM, 6, 29, 7
MM, 5, 30, 17
MM, 432, 570, 8
MM, 431, 570, 16
MM, 429, 571, 8
MM, 428, 571, 8
MM, 427, 571, 7
MM, 424, 572, 9
MM, 422, 572, 8
MM, 421, 572, 8
MM, 420, 572, 8
MM, 418, 572, 24
MM, 416, 572, 16
MM, 414, 571, 7
MM, 413, 571, 8
MM, 27, 30, 8
MM, 25, 29, 9
MM, 23, 27, 7
MM, 19, 25, 9
MM, 18, 24, 8
MM, 17, 22, 7
MM, 17, 20, 65
MM, 17, 19, 15
MM, 17, 17, 16
MM, 17, 16, 17
MC, 1, 199
MC, 2, 168
MM, 18, 18, 105
MM, 20, 20, 7
MM, 21, 23, 9
MM, 25, 29, 8
MM, 413, 574, 8
MM, 25, 4, 7
MM, 29, 10, 8
MM, 34, 19, 9
MM, 428, 601, 7
MM, 432, 605, 9
MM, 436, 610, 8
MM, 49, 0, 8
MM, 50, 2, 8
MM, 52, 2, 7
MM, 52, 4, 9
MM, 54, 5, 8
MM, 55, 6, 8
MM, 56, 7, 8
MM, 56, 8, 7
MM, 57, 8, 9
MM, 58, 8, 10
MM, 59, 9, 5
MM, 59, 10, 8
MM, 60, 11, 8
MM, 61, 12, 8
MM, 62, 14, 8
MM, 62, 15, 8
MM, 64, 17, 9
MM, 65, 20, 8
MM, 65, 22, 8
MM, 66, 23, 8
MM, 67, 24, 8
MC, 1, 288
MM, 67, 23, 135
MM, 67, 22, 9
MM, 67, 20, 8
MM, 67, 19, 8
MM, 67, 15, 8
MM, 67, 12, 8
MM, 67, 9, 8
MM, 68, 5, 7
MM, 69, 0, 9
MM, 460, 608, 8
MM, 28, 26, 8
MM, 30, 19, 8
MM, 32, 12, 8
MM, 469, 580, 8
MM, 471, 574, 8
MM, 4, 29, 8
MM, 6, 23, 8
MM, 9, 18, 8
MM, 11, 14, 8
MM, 13, 9, 8
MM, 13, 7, 8
MM, 14, 5, 8
MM, 16, 2, 8
MM, 16, 0, 8
MM, 486, 536, 8
MM, 486, 533, 8
MM, 4, 28, 8
MM, 5, 28, 8
MM, 5, 27, 16
MM, 5, 26, 80
MM, 5, 25, 7
MM, 6, 24, 9
MM, 7, 23, 16
MM, 8, 23, 40
MM, 9, 23, 8
MM, 10, 22, 8
MM, 10, 21, 8
MM, 11, 21, 8
MM, 12, 20, 96
MM, 13, 20, 16
MM, 13, 19, 8
MM, 14, 18, 7
MC, 1, 185
MM, 15, 18, 48
MM, 16, 18, 8
MM, 17, 19, 8
MM, 20, 21, 8
MM, 23, 23, 7
MM, 28, 26, 9
MM, 34, 30, 8
MM, 523, 535, 8
MM, 532, 538, 8
MM, 27, 3, 8
MM, 31, 6, 8
MM, 36, 6, 8
MM, 551, 547, 7
MM, 0, 9, 8
MM, 5, 10, 8
MM, 9, 11, 8
MM, 12, 12, 8
MM, 14, 12, 8
MM, 16, 12, 8
MM, 17, 13, 9
MC, 1, 255
MM, 13, 13, 56
MM, 7, 13, 9
MM, 551, 552, 8
MM, 31, 12, 8
MM, 19, 9, 7
MM, 5, 7, 8
MM, 29, 5, 9
MM, 16, 3, 7
MM, 470, 538, 8
MM, 457, 537, 8
MM, 444, 536, 9
MM, 434, 534, 8
MM, 31, 30, 8
MM, 28, 29, 8
MM, 27, 28, 8
MM, 26, 28, 80
MM, 26, 27, 16
MM, 24, 26, 7
MM, 23, 24, 9
MM, 21, 22, 7
MM, 19, 21, 9
MM, 19, 20, 7
MC, 1, 321
MM, 17, 20, 31
MM, 18, 25, 9
MM, 417, 533, 7
MM, 35, 2, 9
MM, 422, 549, 8
MM, 426, 557, 8
MM, 4, 27, 8
MM, 2, 0, 8
MM, 10, 8, 7
MM, 16, 15, 8
MM, 20, 19, 8
MM, 22, 22, 9
MM, 24, 25, 8
MM, 26, 26, 8
MM, 27, 27, 8
MM, 27, 28, 8
MM, 28, 29, 8
MM, 29, 30, 8
MM, 465, 607, 8
MM, 468, 609, 8
MM, 469, 611, 8
MM, 470, 612, 8
MM, 471, 612, 8
MM, 82, 1, 8
MM, 83, 1, 11
MM, 84, 3, 5
MM, 85, 5, 8
MM, 87, 7, 8
MM, 88, 8, 8
MM, 89, 9, 7
MC, 1, 353
MM, 90, 6, 16
MM, 90, 4, 8
MM, 92, 0, 8
MM, 482, 611, 7
MM, 483, 609, 8
MM, 483, 607, 9
MM, 9, 29, 7
MM, 9, 27, 8
MM, 10, 26, 8
MM, 10, 25, 17
MM, 10, 24, 8
MM, 11, 22, 7
MM, 12, 22, 8
MM, 12, 21, 8
MM, 13, 20, 8
MM, 13, 19, 8
MM, 14, 19, 9
MM, 14, 17, 8
MM, 15, 15, 8
MM, 16, 14, 8
MC, 1, 175
MM, 16, 13, 41
MM, 15, 9, 15
MM, 13, 3, 8
MM, 485, 572, 9
MM, 10, 27, 8
MM, 4, 21, 8
MM, 469, 552, 7
MM, 34, 6, 8
MM, 453, 537, 8
MM, 8, 28, 8
MM, 5, 23, 9
MM, 3, 21, 8
MM, 3, 20, 8
MM, 3, 18, 8
MM, 3, 17, 8
MM, 3, 16, 8
MM, 3, 15, 8
MM, 3, 13, 7
MM, 3, 10, 8
MM, 3, 9, 8
MM, 3, 8, 17
MC, 1, 207
MM, 4, 8, 72
MM, 5, 9, 9
MM, 9, 13, 7
MM, 15, 17, 8
MM, 20, 20, 8
MM, 26, 23, 8
MM, 31, 25, 9
MM, 36, 27, 8
MM, 478, 531, 8
MM, 480, 532, 8
MM, 482, 533, 8
MM, 484, 534, 8
MM, 485, 534, 8
MM, 487, 534, 8
MM, 490, 535, 8
MM, 494, 535, 8
MM, 498, 535, 8
MM, 503, 535, 8
MM, 508, 535, 8
MM, 512, 535, 8
MM, 516, 535, 8
MM, 519, 535, 8
MM, 522, 535, 8
MM, 525, 535, 8
MM, 528, 535, 8
MM, 534, 535, 7
MM, 540, 534, 9
MM, 24, 30, 9
MM, 30, 29, 7
MM, 560, 529, 8
MM, 3, 25, 8
MM, 10, 25, 8
MM, 18, 24, 8
MM, 24, 23, 7
MM, 30, 22, 8
MM, 33, 21, 9
MM, 35, 20, 8
MM, 36, 20, 8
MM, 602, 522, 7
MM, 602, 521, 81
MM, 603, 521, 8
MM, 604, 520, 7
MM, 605, 520, 9
MM, 606, 520, 8
MM, 1, 18, 15
MM, 2, 18, 8
MM, 4, 17, 17
MC, 1, 239
MM, 3, 18, 33
MM, 0, 20, 8
MM, 603, 523, 8
MM, 32, 24, 7
MM, 21, 27, 8
MM, 6, 30, 9
MM, 550, 535, 7
MM, 526, 538, 9
MM, 506, 540, 8
MM, 18, 4, 8
MM, 3, 6, 8
MM, 31, 7, 8
MM, 19, 11, 7
MM, 9, 13, 8
MM, 2, 16, 8
MM, 424, 556, 9
MM, 421, 557, 8
MM, 423, 557, 295
MM, 426, 557, 9
MM, 2, 18, 8
MM, 5, 18, 8
MM, 6, 18, 8
MM, 7, 18, 8
MM, 8, 18, 8
MM, 9, 18, 15
MC, 1, 312
MM, 10, 18, 32
MM, 11, 17, 8
MM, 12, 17, 8
MM, 15, 16, 8
MM, 19, 16, 8
MM, 25, 16, 9
MM, 32, 16, 8
MM, 465, 555, 7
MM, 3, 16, 9
MM, 10, 16, 7
MM, 19, 16, 8
MM, 25, 16, 8
MM, 29, 16, 8
MM, 30, 16, 9
MM, 31, 16, 120
MM, 33, 16, 16
MM, 34, 16, 8
MM, 505, 555, 8
MM, 507, 555, 7
MM, 510, 555, 8
MM, 0, 16, 8
MM, 1, 16, 8
MM, 3, 15, 9
MC, 1, 351
MM, 2, 15, 65
MM, 1, 15, 15
MM, 509, 554, 8
MM, 507, 554, 8
MM, 32, 15, 8
MM, 28, 15, 9
MM, 22, 14, 8
MM, 12, 11, 8
MM, 0, 7, 8
MM, 29, 3, 8
MM, 443, 538, 8
MM, 429, 534, 7
MM, 22, 29, 8
MM, 14, 27, 9
MM, 7, 24, 7
MM, 2, 23, 9
MM, 1, 21, 7
MM, 0, 21, 24
MM, 0, 20, 25
MM, 0, 19, 8
MM, 0, 18, 56
MM, 1, 17, 32
MM, 2, 16, 24
MM, 2, 15, 16
MM, 3, 15, 16
MM, 4, 15, 39
MM, 5, 15, 25
MM, 7, 15, 8
MM, 11, 15, 8
MM, 15, 16, 8
MM, 19, 16, 8
MM, 23, 16, 8
MM, 28, 16, 8
MM, 32, 16, 8
MM, 35, 17, 8
MM, 434, 519, 8
MM, 435, 519, 8
MM, 434, 519, 232
MM, 433, 519, 7
MM, 35, 17, 17
MM, 33, 17, 23
MM, 32, 17, 24
MM, 30, 17, 81
MM, 28, 17, 7
MM, 27, 17, 9
MM, 25, 17, 8
MM, 23, 17, 16
MM, 22, 17, 16
MM, 20, 16, 8
MC, 1, 240
MM, 20, 17, 224
MM, 21, 20, 8
MM, 23, 24, 8
MM, 27, 28, 8
MM, 428, 535, 7
MM, 4, 2, 8
MM, 9, 5, 8
MM, 15, 11, 8
MM, 22, 17, 9
MM, 30, 23, 8
MM, 464, 568, 8
MM, 471, 574, 8
MM, 3, 7, 8
MM, 9, 13, 8
MM, 14, 20, 8
MM, 21, 28, 8
MM, 502, 610, 8
MM, 118, 3, 7
MM, 125, 10, 9
MM, 132, 16, 7
MM, 138, 21, 9
MM, 143, 25, 8
MM, 146, 27, 8
MM, 149, 29, 8
MM, 151, 30, 7
MM, 153, 30, 8
MM, 544, 644, 9
MM, 546, 644, 7
MM, 549, 644, 9
MM, 552, 644, 8
MM, 555, 644, 7
MM, 557, 644, 10
MM, 561, 644, 6
MM, 565, 644, 8
MM, 570, 644, 9
MM, 576, 644, 8
MM, 582, 644, 7
MM, 589, 644, 9
MM, 595, 644, 8
MM, 601, 644, 7
MM, 607, 644, 8
MM, 611, 644, 8
MM, 613, 644, 9
MM, 614, 644, 8
MM, 615, 644, 80
MM, 617, 644, 24
MM, 618, 644, 96
MM, 620, 644, 8
MM, 621, 644, 7
MM, 622, 643, 8
MM, 623, 642, 17
MM, 624, 641, 8
MM, 625, 639, 8
MM, 625, 638, 8
MM, 628, 636, 8
MM, 628, 634, 8
MM, 629, 632, 8
MM, 631, 630, 8
MM, 631, 627, 8
MM, 632, 624, 8
MM, 632, 622, 8
MM, 633, 619, 7
MM, 634, 617, 9
MM, 634, 615, 7
MM, 635, 613, 9
MM, 635, 612, 8
MM, 636, 610, 8
MM, 637, 608, 7
MM, 638, 606, 8
MM, 638, 603, 9
MM, 639, 601, 8
MM, 0, 23, 7
MM, 0, 22, 9
MM, 0, 21, 8
MM, 1, 21, 7
MM, 1, 20, 257
MM, 2, 19, 8
MM, 3, 18, 48
MM, 4, 18, 8
MM, 5, 17, 17
MM, 6, 17, 6
MM, 7, 16, 8
MM, 8, 15, 24
MC, 1, 729
MM, 7, 15, 1152
MM, 6, 16, 8
MM, 4, 17, 704
MM, 4, 15, 16
MM, 4, 9, 8
MM, 4, 1, 7
MM, 7, 30, 9
MM, 6, 17, 8
MM, 6, 7, 8
MM, 643, 538, 8
MM, 643, 531, 8
MM, 0, 26, 8
MM, 0, 23, 8
MM, 1, 21, 8
MM, 2, 18, 8
MM, 2, 15, 8
MM, 4, 10, 7
MM, 5, 7, 8
MM, 6, 5, 8
MM, 7, 0, 8
MM, 654, 498, 9
MM, 13, 28, 8
MM, 16, 23, 7
MM, 20, 19, 9
MM, 22, 15, 8
MM, 25, 11, 8
MM, 28, 7, 8
MM, 29, 4, 8
MM, 33, 1, 8
MM, 678, 463, 8
MM, 682, 460, 8
MM, 684, 457, 8
MM, 687, 454, 8
MM, 690, 450, 8
MM, 429, 89, 8
MM, 433, 86, 8
MM, 438, 82, 8
MM, 441, 78, 8
MM, 446, 73, 8
MM, 451, 70, 8
MM, 454, 67, 8
MM, 458, 64, 8
MM, 460, 62, 8
MM, 462, 60, 8
MM, 464, 60, 8
MM, 464, 59, 8
MM, 465, 59, 8
MM, 466, 58, 8
MM, 466, 57, 8
MM, 467, 57, 7
MM, 469, 56, 8
MM, 474, 55, 9
MM, 477, 52, 8
MM, 482, 51, 8
MM, 484, 49, 8
MM, 486, 48, 7
MM, 489, 47, 9
MM, 490, 46, 8
MM, 492, 45, 8
MM, 494, 44, 8
MM, 495, 43, 24
MM, 497, 42, 8
MM, 500, 41, 8
MM, 503, 41, 8
MM, 505, 40, 7
MM, 509, 38, 8
MM, 512, 37, 8
MM, 515, 37, 9
MM, 516, 37, 8
MM, 517, 37, 8
MM, 517, 38, 440
MM, 516, 39, 7
MM, 515, 40, 17
MM, 515, 41, 16
MM, 514, 42, 7
MM, 514, 43, 433
MM, 514, 44, 16
MM, 513, 44, 8
MM, 512, 45, 8
MM, 512, 46, 736
MM, 512, 47, 135
MM, 511, 47, 129
MM, 509, 47, 1463
MM, 508, 46, 8
MM, 506, 45, 8
MM, 500, 41, 8
MM, 490, 35, 8
MM, 481, 29, 9
MM, 471, 26, 7
MM, 460, 20, 9
MM, 449, 17, 8
MM, 440, 13, 7
MM, 432, 10, 9
MM, 426, 7, 8
MM, 419, 3, 8
MM, 415, 1, 8
MM, 675, 354, 8
MM, 671, 351, 8
MM, 670, 351, 8
MM, 668, 349, 8
MM, 667, 348, 8
MM, 666, 347, 8
MM, 663, 343, 8
MM, 662, 342, 8
MM, 660, 339, 7
MM, 658, 335, 8
MM, 656, 333, 8
MM, 655, 330, 9
MM, 653, 326, 8
MM, 653, 322, 8
MM, 652, 318, 7
MM, 651, 315, 8
MM, 651, 312, 8
MM, 387, 81, 8
MM, 387, 78, 9
MM, 387, 75, 7
MM, 388, 72, 9
MM, 389, 70, 8
MM, 392, 67, 8
MM, 394, 65, 8
MM, 397, 62, 8
MM, 401, 60, 8
MM, 403, 58, 8
MM, 405, 56, 7
MM, 410, 55, 9
MM, 413, 53, 8
MM, 416, 52, 7
MM, 417, 52, 8
MM, 419, 52, 8
MM, 419, 51, 16
MM, 420, 51, 8
MM, 421, 50, 9
MM, 423, 49, 8
MM, 426, 49, 8
MM, 429, 48, 8
MM, 433, 46, 8
MM, 436, 45, 8
MM, 438, 45, 8
MM, 439, 44, 8
MM, 441, 43, 8
MM, 443, 42, 72
MM, 443, 43, 816
MM, 443, 48, 7
MM, 443, 52, 8
MM, 444, 58, 8
MM, 444, 61, 8
MM, 445, 63, 8
MM, 445, 64, 9
MM, 446, 65, 7
MM, 446, 66, 96
MM, 447, 68, 8
MM, 448, 71, 9
MM, 448, 73, 8
MM, 450, 76, 8
MM, 453, 81, 8
MM, 718, 312, 8
MM, 721, 315, 8
MM, 723, 321, 8
MM, 727, 328, 8
MM, 730, 334, 7
MM, 732, 341, 9
MM, 736, 349, 8
MM, 475, 0, 7
MM, 478, 11, 9
MM, 482, 22, 8
MM, 485, 33, 8
MM, 491, 47, 8
MM, 495, 57, 8
MM, 501, 68, 8
MM, 506, 78, 8
MM, 510, 85, 8
MM, 512, 88, 8
MM, 778, 447, 8
MM, 514, 88, 112
MM, 514, 83, 8
MM, 514, 79, 7
MM, 512, 74, 8
MM, 512, 71, 8
MM, 510, 68, 8
MM, 508, 64, 8
MM, 506, 60, 8
MM, 506, 58, 8
MM, 505, 56, 9
MM, 504, 54, 8
MM, 504, 52, 7
MM, 504, 51, 8
MM, 504, 50, 9
MM, 502, 49, 31
MM, 501, 48, 8
MM, 501, 47, 24
MM, 500, 46, 9
MM, 500, 45, 240
MM, 500, 44, 7
MM, 500, 43, 8
MM, 501, 43, 8
MM, 503, 42, 9
MM, 506, 42, 8
MM, 509, 41, 8
MM, 510, 41, 8
MM, 511, 41, 8
MM, 512, 41, 16
MM, 511, 41, 880
MM, 510, 41, 8
MM, 509, 40, 8
MM, 507, 39, 7
MM, 505, 38, 9
MM, 503, 36, 8
MM, 500, 35, 8
MM, 497, 33, 8
MM, 491, 31, 8
MM, 485, 28, 8
MM, 479, 24, 8
MM, 473, 20, 8
MM, 467, 17, 7
MM, 463, 14, 9
MM, 458, 12, 8
MM, 453, 8, 8
MM, 451, 4, 8
MM, 448, 0, 8
MM, 708, 352, 8
MM, 704, 347, 8
MM, 702, 343, 8
MM, 701, 341, 8
MM, 700, 339, 7
MM, 699, 337, 8
MM, 698, 335, 8
MM, 697, 333, 8
MM, 697, 332, 8
MM, 697, 331, 8
MM, 697, 330, 97
MM, 697, 329, 8
MM, 697, 326, 8
MM, 698, 323, 8
MM, 698, 321, 7
MM, 699, 316, 9
MM, 699, 314, 8
MM, 700, 311, 7
MM, 437, 81, 9
MM, 437, 79, 8
MM, 437, 76, 8
MM, 437, 75, 8
MM, 438, 72, 8
MM, 438, 71, 96
MM, 438, 69, 16
MM, 438, 67, 8
MM, 438, 66, 39
MM, 438, 65, 17
MM, 438, 64, 8
MM, 438, 63, 8
MM, 438, 61, 8
MM, 438, 60, 16
MM, 438, 59, 8
MM, 438, 58, 128
MM, 438, 56, 16
MM, 438, 55, 8
MM, 438, 54, 8
MM, 439, 52, 8
MM, 439, 51, 8
MM, 439, 50, 7
MM, 439, 49, 9
MM, 439, 48, 8
MM, 439, 47, 8
MM, 440, 45, 8
MM, 440, 44, 640
MM, 440, 42, 8
MM, 440, 41, 16
MM, 440, 39, 8
MM, 440, 38, 16
MM, 441, 36, 8
MM, 441, 35, 8
MC, 1, 375
MM, 442, 38, 177
MM, 443, 41, 8
MM, 444, 44, 8
MM, 445, 50, 8
MM, 448, 56, 8
MM, 450, 64, 8
MM, 452, 71, 8
MM, 454, 81, 7
MM, 718, 317, 9
MM, 719, 324, 8
MM, 720, 329, 8
MM, 721, 335, 8
MM, 721, 339, 7
MM, 721, 342, 9
MM, 721, 343, 8
MM, 721, 344, 8
MM, 721, 345, 24
MM, 721, 346, 8
MM, 721, 347, 8
MM, 721, 348, 15
MM, 721, 349, 8
MM, 721, 350, 8
MM, 721, 354, 5592
MM, 462, 2, 8
MM, 467, 7, 9
MM, 472, 12, 8
MM, 476, 18, 8
MM, 481, 24, 7
MM, 485, 27, 8
MM, 489, 31, 8
MM, 492, 36, 9
MM, 495, 40, 8
MM, 497, 43, 8
MM, 498, 47, 8
MM, 501, 52, 8
MM, 503, 56, 8
MM, 506, 61, 8
MM, 507, 65, 8
MM, 508, 70, 8
MM, 509, 75, 8
MM, 511, 81, 8
MM, 513, 88, 8
MM, 778, 452, 8
MM, 779, 458, 8
MM, 781, 465, 8
MM, 782, 473, 8
MM, 783, 480, 8
MM, 783, 489, 8
MM, 784, 498, 8
MM, 784, 506, 8
MM, 785, 517, 7
MM, 788, 528, 9
MM, 790, 540, 8
MM, 790, 552, 8
MM, 790, 564, 8
MM, 790, 575, 8
MM, 791, 584, 8
MM, 793, 590, 8
MM, 794, 594, 7
MM, 794, 595, 9
MP, 1, 472
MR, 1, 71
MC, 1, 0
MM, 794, 596, 1097
MM, 795, 597, 8
MM, 796, 600, 8
MM, 797, 603, 8
MM, 798, 604, 8
MM, 800, 605, 8
MM, 801, 605, 16
MM, 802, 606, 8
MM, 803, 607, 8
MM, 804, 607, 8
MM, 805, 608, 8
MM, 806, 608, 8
MM, 807, 609, 8
MM, 808, 610, 24
MM, 809, 610, 8
MM, 809, 611, 8
MM, 811, 612, 8
MM, 813, 615, 8
MM, 815, 617, 8
MM, 818, 620, 8
MM, 819, 624, 8
MM, 824, 629, 8
MM, 828, 633, 8
MM, 831, 637, 7
MM, 833, 639, 8
MM, 837, 642, 9
MM, 838, 644, 8
MM, 839, 645, 8
MM, 841, 645, 8
MM, 842, 647, 8
MM, 844, 647, 8
MM, 845, 647, 24
MM, 846, 647, 72
MM, 847, 647, 40
MM, 848, 647, 8
MM, 850, 649, 8
MM, 9, 0, 8
MM, 11, 1, 7
MM, 11, 2, 8
MM, 13, 2, 9
MM, 13, 4, 7
MM, 14, 4, 8
MM, 14, 7, 33
MM, 15, 8, 7
MM, 16, 8, 9
MM, 16, 9, 8
MM, 16, 11, 8
MM, 17, 13, 8
MM, 17, 15, 8
MM, 17, 16, 8
MM, 18, 17, 8
MM, 17, 17, 1056
MM, 16, 17, 392
MM, 12, 17, 16
MM, 7, 16, 8
MM, 4, 15, 7
MM, 0, 14, 9
MM, 837, 662, 8
MM, 831, 657, 8
MM, 823, 651, 7
MM, 811, 643, 8
MM, 801, 635, 8
MM, 793, 627, 8
MM, 777, 616, 9
MM, 750, 597, 8
MM, 719, 574, 7
MM, 7, 9, 9
MM, 8, 12, 8
MM, 14, 10, 8
MM, 314, 71, 8
