********************************************************************************
LOGGING TIME: 20161112_145205
CLIENT IP: 10.105.74.162
USERNAME: V.Uday
OS: Windows 8
**********************************Emotional database********************************************************************************
MM, 615, 693, 1477468750453
MM, 610, 680, 7
MM, 607, 668, 8
MM, 603, 658, 9
MM, 600, 649, 8
MM, 596, 638, 8
MM, 595, 628, 8
MM, 594, 616, 7
MM, 34, 28, 9
MM, 34, 14, 8
MM, 594, 575, 8
MM, 594, 562, 7
MM, 594, 546, 8
MM, 31, 27, 8
MM, 34, 11, 8
MM, 599, 501, 9
MM, 601, 492, 8
MM, 1, 21, 7
MM, 3, 14, 9
MM, 7, 6, 7
MM, 9, 1, 8
MM, 616, 461, 8
MM, 619, 455, 8
MM, 622, 449, 9
MM, 361, 86, 8
MM, 363, 82, 8
MM, 364, 77, 7
MM, 366, 73, 8
MM, 369, 68, 9
MM, 371, 63, 8
MM, 374, 59, 8
MM, 375, 56, 7
MM, 377, 54, 8
MM, 377, 52, 8
MM, 378, 49, 8
MM, 379, 47, 8
MM, 380, 45, 8
MM, 380, 41, 8
MM, 381, 35, 8
MM, 381, 31, 8
MM, 381, 27, 8
MM, 382, 22, 8
MM, 382, 17, 8
MM, 382, 10, 8
MM, 382, 3, 8
MM, 646, 354, 8
MM, 646, 348, 10
MM, 646, 342, 6
MM, 646, 336, 8
MM, 646, 333, 8
MM, 646, 330, 9
MM, 646, 327, 8
MM, 646, 324, 8
MM, 646, 321, 7
MM, 646, 318, 9
MM, 646, 316, 7
MM, 646, 314, 8
MM, 646, 311, 8
MM, 382, 80, 9
MM, 382, 77, 8
MM, 382, 74, 8
MM, 382, 71, 7
MM, 382, 66, 8
MM, 382, 59, 8
MM, 382, 55, 8
MM, 382, 51, 8
MM, 382, 48, 8
MM, 382, 47, 9
MM, 382, 45, 7
MM, 382, 43, 8
MM, 382, 42, 8
MM, 382, 43, 264
MM, 383, 43, 17
MM, 384, 44, 568
MM, 385, 44, 2111
MM, 385, 42, 7169
MM, 385, 41, 23344
MM, 377, 43, 7
MM, 359, 49, 8
MM, 330, 63, 9
MM, 304, 77, 7
MM, 544, 320, 8
MM, 531, 324, 8
MM, 520, 327, 8
MM, 507, 335, 8
MM, 491, 348, 67
MM, 153, 50, 0
MM, 146, 52, 5
MM, 142, 54, 8
MM, 140, 55, 9
MM, 139, 56, 8
MM, 138, 56, 7
MM, 137, 56, 8
MM, 136, 57, 8
MM, 136, 58, 8
MM, 134, 59, 9
MM, 131, 62, 7
MM, 127, 64, 8
MM, 121, 66, 9
MM, 120, 67, 7
MM, 115, 68, 8
MM, 110, 71, 8
MM, 105, 75, 8
MM, 102, 78, 8
MM, 99, 81, 9
MM, 97, 83, 8
MM, 94, 87, 8
MM, 356, 447, 7
MM, 352, 452, 8
MM, 348, 457, 8
MM, 346, 464, 8
MM, 34, 6, 9
MM, 32, 13, 8
MM, 31, 17, 7
MM, 30, 19, 8
MM, 30, 21, 9
MM, 30, 24, 7
MM, 30, 25, 8
MM, 30, 26, 8
MM, 30, 29, 8
MM, 341, 498, 8
MM, 343, 501, 9
MM, 35, 1, 8
MM, 346, 505, 8
MM, 349, 508, 8
MM, 350, 508, 7
MM, 351, 508, 9
MM, 3, 7, 7
MM, 8, 8, 9
MM, 13, 8, 8
MM, 21, 8, 8
MM, 29, 8, 8
MM, 35, 8, 7
MM, 394, 508, 8
MM, 2, 5, 8
MM, 7, 2, 8
MM, 13, 1, 8
MM, 16, 1, 9
MM, 17, 0, 8
MM, 18, 0, 64
MM, 416, 501, 8
MM, 417, 501, 7
MM, 419, 500, 8
MM, 424, 499, 8
MM, 428, 498, 9
MM, 431, 498, 7
MM, 435, 498, 8
MM, 439, 498, 9
MM, 441, 498, 8
MM, 442, 498, 8
MM, 444, 498, 56
MM, 446, 500, 8
MM, 13, 2, 7
MM, 24, 3, 9
MM, 33, 10, 7
MM, 479, 517, 8
MM, 3, 20, 8
MM, 6, 23, 8
MM, 8, 24, 8
MM, 9, 27, 9
MM, 11, 27, 7
MM, 13, 27, 49
MM, 13, 26, 8
MM, 14, 26, 8
MM, 14, 25, 7
MM, 15, 25, 8
MM, 16, 24, 8
MM, 17, 23, 8
MC, 1, 464
MM, 17, 22, 48
MM, 18, 22, 8
MM, 25, 21, 8
MM, 517, 523, 8
MM, 6, 21, 8
MM, 17, 20, 9
MM, 30, 18, 8
MM, 3, 16, 8
MM, 16, 14, 8
MM, 28, 12, 8
MM, 602, 513, 7
MM, 4, 10, 8
MM, 12, 9, 8
MM, 15, 8, 8
MM, 18, 7, 8
MM, 21, 7, 8
MM, 22, 7, 16
MM, 23, 7, 8
MM, 24, 7, 8
MM, 26, 7, 16
MM, 28, 7, 9
MM, 639, 509, 8
MM, 641, 509, 8
MM, 643, 510, 7
MM, 1, 8, 8
MM, 2, 8, 8
MM, 4, 8, 8
MM, 6, 9, 256
MM, 8, 9, 9
MM, 10, 9, 7
MM, 12, 10, 8
MM, 14, 12, 9
MM, 15, 12, 8
MM, 16, 12, 8
MM, 18, 12, 8
MM, 18, 13, 7
MC, 1, 240
MM, 19, 13, 8
MM, 19, 14, 8
MM, 15, 17, 8
MM, 13, 22, 8
MM, 6, 28, 8
MM, 644, 535, 8
MM, 0, 1, 8
MM, 33, 9, 8
MM, 27, 16, 8
MM, 21, 25, 8
MM, 610, 573, 8
MM, 0, 5, 7
MM, 597, 590, 9
MM, 33, 20, 8
MM, 29, 25, 9
MM, 27, 27, 7
MM, 25, 28, 8
MM, 25, 29, 88
MM, 24, 30, 16
MM, 582, 607, 16
MM, 581, 607, 112
MM, 21, 30, 17
MM, 21, 28, 15
MM, 21, 27, 17
MM, 21, 25, 8
MC, 1, 255
MM, 17, 25, 96
MM, 14, 25, 8
MM, 8, 26, 8
MM, 1, 28, 9
MM, 557, 606, 8
MM, 552, 608, 8
MM, 547, 609, 8
MM, 543, 610, 7
MM, 540, 612, 8
MM, 146, 0, 8
MM, 143, 2, 8
MM, 142, 3, 8
MM, 141, 3, 9
MM, 139, 3, 8
MM, 139, 5, 7
MM, 137, 6, 8
MM, 136, 6, 8
MM, 135, 7, 8
MM, 134, 8, 8
MM, 134, 9, 8
MM, 133, 9, 9
MM, 130, 11, 8
MM, 130, 12, 8
MM, 128, 13, 7
MC, 1, 240
MM, 127, 13, 40
MM, 123, 11, 8
MM, 117, 7, 8
MM, 109, 2, 8
MM, 490, 608, 8
MM, 7, 27, 8
MM, 473, 598, 8
MM, 30, 17, 8
MM, 21, 12, 7
MM, 13, 7, 10
MM, 5, 2, 6
MM, 430, 574, 8
MM, 422, 569, 9
MM, 29, 26, 7
MM, 23, 22, 9
MM, 18, 19, 8
MM, 12, 16, 8
MM, 4, 12, 9
MM, 383, 547, 7
MM, 33, 5, 8
MM, 28, 3, 7
MM, 23, 0, 10
MM, 365, 538, 6
MM, 363, 537, 9
MM, 361, 536, 8
MM, 361, 535, 249
MM, 361, 536, 15
MM, 15, 2, 8
MM, 14, 6, 8
MM, 13, 11, 8
MM, 13, 14, 8
MM, 13, 17, 8
MM, 13, 19, 9
MC, 1, 247
MM, 13, 21, 8
MM, 15, 21, 24
MM, 21, 22, 8
MM, 27, 23, 8
MM, 379, 564, 8
MM, 5, 28, 8
MM, 401, 570, 8
MM, 24, 16, 40
MM, 32, 19, 8
MM, 470, 596, 9
MM, 471, 598, 7
MM, 472, 598, 7
MM, 473, 598, 33
MM, 474, 598, 17
MM, 1, 22, 8
MM, 2, 20, 8
MM, 5, 19, 8
MM, 7, 19, 8
MM, 11, 17, 7
MM, 15, 17, 9
MM, 18, 16, 7
MM, 20, 16, 8
MM, 22, 16, 8
MM, 24, 16, 8
MM, 26, 16, 9
MM, 27, 15, 55
MM, 28, 14, 8
MM, 29, 14, 8
MM, 30, 13, 8
MM, 31, 12, 8
MM, 34, 12, 8
MM, 511, 587, 8
MM, 515, 586, 8
MM, 2, 9, 8
MM, 4, 9, 9
MM, 5, 9, 8
MM, 6, 9, 7
MM, 7, 9, 177
MM, 9, 9, 8
MM, 11, 9, 24
MM, 11, 10, 8
MM, 12, 10, 64
MC, 1, 184
MM, 11, 10, 7
MM, 9, 10, 8
MM, 6, 9, 8
MM, 5, 8, 8
MM, 2, 8, 9
MM, 514, 584, 8
MM, 35, 8, 7
MM, 28, 8, 8
MM, 21, 8, 8
MM, 13, 7, 8
MM, 6, 5, 8
MM, 471, 580, 8
MM, 29, 1, 8
MM, 457, 575, 8
MM, 453, 574, 8
MM, 450, 574, 8
MM, 446, 572, 8
MM, 443, 570, 9
MM, 13, 30, 7
MM, 11, 30, 8
MM, 9, 29, 8
MM, 6, 28, 9
MM, 4, 28, 7
MM, 2, 28, 9
MM, 0, 27, 8
MM, 425, 565, 8
MM, 423, 564, 7
MM, 423, 563, 120
MM, 423, 562, 9
MM, 424, 561, 7
MM, 426, 561, 16
MM, 0, 21, 8
MM, 1, 21, 9
MM, 1, 19, 7
MM, 2, 19, 8
MM, 3, 19, 57
MM, 4, 19, 8
MM, 6, 19, 8
MM, 7, 19, 7
MM, 8, 18, 16
MM, 9, 17, 8
MC, 1, 192
MM, 9, 20, 97
MM, 9, 25, 7
MM, 437, 572, 9
MM, 4, 1, 8
MM, 5, 9, 7
MM, 6, 16, 8
MM, 8, 22, 8
MM, 10, 28, 8
MM, 446, 610, 8
MM, 446, 612, 9
MM, 56, 1, 8
MM, 56, 2, 8
MM, 57, 3, 7
MM, 57, 4, 65
MM, 57, 5, 7
MM, 58, 7, 8
MM, 59, 10, 8
MM, 59, 11, 8
MM, 59, 12, 8
MM, 59, 13, 9
MM, 59, 15, 8
MM, 60, 19, 8
MM, 60, 22, 7
MM, 60, 24, 8
MM, 61, 26, 8
MM, 61, 27, 8
MM, 61, 29, 8
MM, 61, 30, 104
MM, 62, 30, 8
MM, 62, 29, 25
MM, 62, 28, 8
MM, 62, 27, 8
MM, 62, 26, 7
MM, 62, 25, 16
MM, 63, 23, 8
MC, 1, 344
MM, 64, 22, 17
MM, 64, 21, 8
MM, 66, 18, 7
MM, 67, 15, 9
MM, 67, 12, 7
MM, 70, 6, 8
MM, 75, 0, 8
MM, 472, 605, 8
MM, 5, 20, 8
MM, 12, 13, 9
MM, 19, 8, 8
MM, 27, 4, 8
MM, 31, 2, 7
MM, 511, 577, 8
MM, 514, 577, 8
MM, 0, 0, 8
MM, 518, 575, 8
MM, 520, 574, 8
MM, 521, 574, 9
MM, 522, 574, 8
MM, 523, 573, 7
MM, 523, 572, 8
MM, 525, 572, 8
MM, 526, 571, 8
MM, 529, 571, 9
MM, 532, 571, 8
MM, 536, 571, 8
MM, 539, 570, 8
MM, 542, 570, 7
MM, 544, 570, 8
MM, 546, 570, 8
MM, 35, 30, 8
MM, 36, 30, 9
MM, 548, 568, 16
MM, 549, 567, 15
MM, 550, 566, 16
MM, 551, 564, 8
MM, 552, 563, 9
MM, 1, 24, 7
MM, 2, 21, 8
MM, 4, 21, 9
MM, 6, 20, 8
MM, 7, 19, 8
MM, 8, 18, 7
MM, 9, 17, 16
MM, 10, 17, 17
MM, 11, 17, 8
MM, 12, 17, 8
MM, 14, 17, 8
MM, 16, 17, 7
MM, 19, 17, 8
MM, 21, 17, 8
MM, 23, 17, 8
MM, 26, 17, 8
MM, 29, 17, 9
MM, 30, 18, 7
MM, 32, 18, 8
MM, 33, 18, 8
MM, 34, 18, 9
MM, 35, 18, 15
MM, 36, 18, 16
MM, 591, 557, 9
MM, 592, 557, 15
MM, 593, 557, 8
MM, 595, 556, 8
MM, 0, 15, 8
MM, 2, 15, 9
MM, 3, 14, 7
MM, 7, 12, 9
MM, 8, 11, 8
MM, 9, 11, 7
MM, 10, 10, 8
MM, 11, 10, 8
MM, 12, 9, 8
MC, 1, 305
MM, 11, 9, 7
MM, 5, 12, 8
MM, 2, 14, 8
MM, 595, 553, 8
MM, 36, 14, 8
MM, 25, 13, 8
MM, 12, 8, 9
MM, 550, 541, 7
MM, 534, 536, 8
MM, 520, 533, 8
MM, 24, 26, 8
MM, 13, 23, 8
MM, 1, 18, 9
MM, 34, 13, 8
MM, 25, 7, 8
MM, 15, 2, 7
MM, 447, 501, 9
MM, 442, 498, 8
MM, 439, 496, 8
MM, 437, 495, 8
MM, 436, 495, 175
MM, 432, 495, 8
MM, 431, 495, 16
MM, 429, 496, 8
MM, 429, 497, 9
MM, 427, 497, 7
MM, 427, 498, 9
MM, 426, 499, 7
MM, 23, 1, 8
MM, 21, 4, 8
MM, 18, 6, 8
MM, 17, 7, 8
MM, 15, 8, 9
MM, 15, 9, 7
MM, 14, 10, 8
MC, 1, 288
MM, 14, 12, 32
MM, 15, 12, 16
MM, 17, 12, 8
MM, 23, 14, 8
MM, 28, 14, 8
MM, 34, 15, 8
MM, 435, 519, 8
MM, 438, 519, 9
MM, 1, 17, 7
MM, 4, 17, 9
MM, 5, 17, 7
MC, 1, 272
MC, 2, 184
MM, 7, 17, 48
MM, 11, 17, 8
MM, 17, 17, 8
MM, 25, 17, 8
MM, 33, 18, 8
MM, 480, 521, 8
MM, 7, 20, 8
MM, 16, 20, 8
MM, 23, 21, 8
MM, 31, 23, 8
MM, 517, 526, 8
MM, 522, 526, 9
MM, 1, 24, 8
MM, 2, 24, 7
MM, 3, 24, 16
MM, 4, 23, 16
MM, 5, 22, 17
MM, 6, 22, 7
MM, 7, 22, 8
MM, 7, 21, 8
MM, 7, 20, 8
MC, 1, 280
MM, 7, 22, 56
MM, 5, 25, 8
MM, 4, 29, 8
MM, 523, 537, 8
MM, 7, 8, 8
MM, 4, 14, 8
MM, 1, 21, 8
MM, 508, 566, 8
MM, 507, 569, 8
MM, 506, 571, 8
MM, 506, 573, 40
MM, 506, 574, 17
MM, 31, 0, 15
MM, 31, 3, 8
MM, 30, 7, 8
MM, 30, 11, 9
MM, 30, 16, 8
MM, 29, 22, 8
MM, 28, 27, 8
MM, 502, 609, 8
MM, 111, 0, 8
MM, 111, 2, 8
MM, 111, 3, 7
MM, 111, 4, 128
MM, 111, 5, 9
MM, 111, 8, 16
MM, 111, 12, 8
MM, 111, 14, 7
MM, 110, 16, 8
MM, 110, 17, 17
MM, 111, 15, 216
MM, 114, 14, 7
MM, 117, 11, 8
MM, 120, 9, 8
MM, 128, 5, 8
MM, 133, 2, 8
MM, 138, 1, 8
MM, 138, 0, 8
MM, 139, 0, 8
MM, 531, 612, 272
MM, 532, 611, 8
MM, 534, 610, 9
MM, 535, 609, 8
MM, 536, 608, 7
MM, 537, 607, 8
MM, 21, 29, 8
MM, 23, 28, 8
MM, 24, 26, 9
MM, 25, 25, 16
MM, 26, 23, 8
MM, 28, 21, 7
MM, 30, 19, 8
MM, 32, 15, 8
MM, 36, 10, 8
MM, 559, 580, 9
MM, 562, 575, 8
MM, 566, 571, 7
MM, 14, 27, 9
MM, 16, 25, 7
MM, 17, 22, 8
MM, 18, 22, 8
MM, 18, 21, 8
MM, 19, 19, 8
MM, 19, 18, 9
MM, 19, 17, 8
MM, 20, 15, 8
MM, 20, 14, 7
MM, 23, 10, 8
MM, 25, 6, 8
MM, 27, 4, 8
MM, 28, 2, 8
MM, 29, 0, 8
MM, 585, 538, 9
MM, 585, 537, 8
MM, 585, 536, 31
MM, 586, 536, 8
MM, 586, 535, 8
MM, 587, 534, 9
MM, 24, 30, 8
MM, 25, 29, 8
MM, 27, 27, 8
MM, 28, 26, 7
MM, 29, 24, 8
MM, 30, 23, 8
MM, 31, 22, 8
MM, 32, 20, 9
MM, 34, 18, 8
MM, 35, 16, 8
MM, 601, 516, 8
MM, 603, 513, 7
MM, 604, 511, 8
MM, 606, 509, 8
MM, 0, 6, 8
MM, 0, 5, 9
MM, 1, 5, 80
MM, 1, 4, 15
MM, 2, 3, 8
MM, 3, 3, 8
MM, 3, 1, 8
MM, 4, 0, 9
MM, 612, 501, 8
MM, 5, 2, 239
MM, 5, 5, 8
MM, 6, 7, 8
MM, 7, 10, 8
MM, 7, 13, 8
MM, 8, 15, 9
MM, 8, 16, 7
MM, 9, 18, 24
MC, 1, 232
MM, 9, 19, 24
MM, 8, 20, 16
MM, 7, 21, 8
MM, 1, 22, 8
MM, 602, 525, 8
MM, 30, 23, 8
MM, 20, 23, 8
MM, 8, 22, 8
MM, 558, 523, 8
MM, 18, 17, 9
MM, 3, 17, 8
MM, 31, 17, 7
MM, 18, 17, 9
MM, 3, 17, 8
MM, 476, 519, 7
MM, 27, 19, 9
MM, 18, 21, 7
MM, 10, 22, 8
MM, 4, 25, 8
MM, 438, 530, 9
MM, 432, 533, 8
MM, 426, 536, 8
MM, 423, 538, 8
MM, 421, 538, 8
MM, 34, 0, 8
MM, 34, 1, 104
MM, 33, 1, 7
MM, 32, 4, 9
MM, 32, 5, 8
MM, 30, 6, 7
MM, 29, 7, 24
MM, 29, 8, 8
MC, 1, 552
MM, 28, 9, 64
MM, 27, 10, 65
MM, 27, 11, 8
MM, 28, 11, 128
MM, 29, 11, 8
MM, 31, 11, 7
MM, 35, 11, 8
MM, 425, 550, 8
MM, 7, 11, 8
MM, 17, 11, 9
MM, 28, 10, 8
MM, 468, 548, 8
MM, 12, 7, 8
MM, 26, 6, 7
MM, 0, 4, 8
MM, 15, 2, 8
MM, 27, 1, 8
MM, 551, 540, 9
MM, 12, 1, 7
MM, 22, 1, 9
MM, 33, 1, 8
MM, 596, 540, 8
MM, 6, 0, 8
MM, 608, 538, 7
MM, 613, 538, 8
MM, 617, 538, 8
MM, 620, 538, 8
MM, 624, 538, 9
MM, 627, 538, 8
MM, 630, 538, 8
MM, 633, 538, 8
MM, 0, 1, 7
MM, 2, 3, 8
MM, 4, 5, 8
MM, 8, 9, 8
MM, 10, 11, 9
MM, 13, 14, 8
MM, 15, 16, 8
MM, 17, 17, 8
MM, 20, 19, 7
MM, 24, 21, 8
MM, 25, 21, 8
MM, 27, 24, 8
MM, 31, 25, 8
MM, 34, 27, 8
MM, 673, 567, 8
MM, 674, 567, 8
MM, 675, 567, 56
MM, 676, 567, 9
MM, 678, 568, 7
MM, 680, 570, 8
MM, 685, 570, 9
MM, 690, 570, 7
MM, 694, 571, 8
MM, 697, 572, 9
MM, 701, 573, 7
MM, 704, 573, 9
MM, 705, 573, 55
MM, 705, 572, 9
MM, 705, 573, 128
MM, 705, 578, 16
MM, 707, 580, 7
MM, 708, 582, 8
MM, 709, 583, 8
MM, 710, 585, 8
MM, 712, 586, 17
MM, 713, 587, 8
MM, 714, 588, 8
MM, 716, 589, 7
MM, 717, 590, 8
MM, 719, 591, 8
MM, 725, 593, 8
MM, 732, 594, 9
MM, 741, 596, 8
MM, 748, 596, 7
MM, 752, 597, 9
MM, 755, 597, 7
MM, 757, 597, 8
MM, 759, 597, 8
MM, 756, 597, 113
MM, 753, 597, 8
MM, 746, 595, 7
MM, 738, 593, 8
MM, 730, 592, 8
MM, 722, 590, 8
MM, 715, 590, 8
MM, 709, 590, 8
MM, 705, 589, 8
MM, 702, 589, 8
MM, 701, 589, 8
MM, 700, 589, 8
MM, 698, 589, 8
MM, 697, 589, 8
MM, 694, 589, 8
MM, 691, 589, 8
MM, 688, 589, 8
MM, 685, 589, 8
MM, 682, 589, 8
MM, 679, 589, 8
MM, 677, 589, 8
MM, 673, 588, 8
MM, 30, 12, 8
MM, 28, 11, 8
MM, 25, 11, 9
MM, 24, 10, 7
MM, 22, 10, 8
MM, 20, 9, 8
MM, 17, 9, 8
MM, 14, 8, 9
MM, 12, 5, 8
MM, 6, 2, 8
MM, 2, 0, 8
MM, 634, 574, 8
MM, 626, 572, 8
MM, 620, 570, 8
MM, 16, 29, 7
MM, 9, 27, 8
MM, 1, 26, 8
MM, 36, 22, 8
MM, 28, 21, 8
MM, 19, 19, 8
MM, 12, 14, 8
MM, 2, 10, 9
MM, 36, 7, 7
MM, 29, 5, 8
MM, 23, 3, 8
MM, 17, 1, 8
MM, 521, 538, 9
MM, 516, 535, 7
MM, 511, 533, 8
MM, 23, 28, 8
MM, 20, 27, 8
MM, 15, 24, 8
MM, 11, 24, 8
MM, 6, 23, 8
MM, 2, 22, 9
MM, 481, 523, 8
MM, 478, 522, 8
MM, 476, 522, 8
MM, 35, 20, 7
MM, 32, 19, 8
MM, 32, 18, 8
MM, 30, 18, 8
MM, 29, 18, 17
MM, 28, 18, 8
MM, 23, 17, 8
MM, 19, 17, 7
MM, 16, 17, 8
MM, 12, 17, 8
MM, 9, 17, 8
MM, 6, 17, 9
MM, 4, 17, 8
MM, 1, 16, 8
MM, 437, 518, 8
MM, 436, 518, 31
MM, 435, 518, 17
MM, 434, 518, 8
MM, 433, 518, 8
MM, 32, 16, 8
MM, 29, 16, 8
MM, 24, 16, 7
MM, 20, 16, 8
MM, 15, 16, 8
MM, 8, 16, 8
MM, 1, 17, 9
MM, 392, 519, 8
MM, 36, 18, 8
MM, 32, 19, 8
MM, 27, 20, 7
MM, 23, 21, 8
MM, 18, 23, 8
MM, 15, 24, 8
MM, 12, 25, 9
MM, 10, 25, 8
MM, 9, 27, 8
MM, 7, 27, 8
MM, 5, 27, 7
MM, 4, 27, 8
MM, 3, 28, 8
MM, 3, 29, 8
MM, 2, 30, 9
MM, 1, 30, 8
MM, 351, 533, 8
MM, 351, 534, 8
MM, 350, 534, 7
MM, 349, 535, 8
MM, 348, 536, 8
MM, 346, 537, 8
MM, 345, 538, 9
MM, 342, 539, 7
MM, 341, 540, 8
MM, 339, 540, 9
MM, 56, 3, 7
MM, 54, 5, 9
MM, 51, 6, 7
MM, 49, 8, 9
MM, 48, 8, 8
MC, 1, 615
MC, 2, 216
MM, 49, 8, 529
MM, 50, 7, 15
MM, 52, 6, 8
MM, 55, 6, 8
MM, 340, 545, 9
MM, 1, 6, 8
MM, 11, 6, 7
MM, 19, 6, 8
MM, 28, 5, 9
MM, 380, 541, 7
MM, 2, 1, 8
MM, 10, 0, 8
MM, 17, 0, 8
MM, 410, 538, 9
MM, 416, 536, 8
MM, 423, 536, 8
MM, 427, 536, 8
MM, 430, 536, 7
MM, 433, 535, 9
MM, 435, 535, 7
MM, 436, 534, 8
MM, 437, 533, 9
MM, 438, 533, 8
MM, 438, 532, 8
MM, 0, 30, 8
MM, 1, 30, 8
MM, 3, 29, 7
MM, 5, 28, 8
MM, 6, 28, 8
MM, 7, 27, 8
MM, 7, 26, 8
MM, 9, 26, 9
MM, 9, 25, 15
MM, 10, 25, 9
MM, 10, 24, 7
MM, 12, 23, 8
MM, 13, 22, 16
MM, 15, 21, 9
MM, 16, 19, 8
MM, 18, 18, 8
MM, 20, 17, 7
MM, 21, 16, 8
MM, 25, 12, 8
MM, 27, 10, 16
MM, 28, 9, 9
MM, 29, 8, 8
MM, 32, 5, 8
MM, 34, 4, 8
MM, 477, 503, 7
MM, 481, 502, 8
MM, 484, 500, 8
MM, 489, 499, 8
MM, 492, 498, 8
MM, 493, 498, 9
MM, 497, 498, 7
MM, 499, 497, 9
MM, 500, 497, 7
MM, 501, 497, 8
MM, 502, 497, 8
MM, 503, 497, 49
MM, 504, 497, 23
MM, 505, 497, 8
MM, 506, 499, 8
MM, 507, 499, 9
MM, 28, 1, 8
MM, 28, 2, 8
MM, 28, 4, 8
MM, 28, 5, 7
MM, 28, 7, 8
MM, 27, 12, 17
MM, 26, 14, 8
MM, 24, 16, 8
MM, 22, 18, 8
MM, 19, 19, 7
MM, 18, 19, 8
MM, 17, 20, 8
MM, 14, 21, 8
MM, 11, 21, 8
MM, 8, 21, 9
MM, 4, 20, 8
MM, 2, 19, 8
MM, 0, 18, 8
MM, 480, 520, 7
MM, 480, 518, 8
MM, 480, 517, 216
MM, 480, 516, 25
MM, 481, 516, 8
MM, 1, 14, 15
MM, 5, 13, 8
MM, 10, 13, 8
MM, 14, 13, 8
MM, 17, 13, 8
MM, 19, 13, 8
MM, 21, 13, 9
MM, 22, 13, 8
MC, 1, 287
MM, 23, 13, 48
MM, 23, 12, 8
MM, 25, 11, 8
MM, 30, 11, 8
MM, 518, 513, 8
MM, 2, 11, 8
MM, 11, 11, 8
MM, 23, 12, 8
MM, 558, 515, 8
MM, 7, 14, 8
MM, 21, 16, 8
MM, 33, 18, 8
MM, 1, 19, 8
MM, 9, 21, 9
MM, 16, 21, 7
MM, 20, 22, 9
MM, 21, 22, 8
MM, 22, 22, 48
MM, 23, 22, 8
MM, 24, 22, 8
MM, 25, 22, 7
MM, 27, 21, 8
MM, 28, 21, 8
MM, 30, 21, 8
MM, 638, 522, 8
MM, 639, 521, 9
MM, 639, 520, 8
MM, 640, 520, 16
MM, 641, 519, 23
MM, 642, 519, 8
MM, 643, 519, 8
MM, 0, 17, 17
MM, 4, 16, 8
MM, 7, 16, 15
MM, 8, 16, 8
MM, 9, 16, 33
MM, 10, 16, 16
MM, 12, 15, 7
MM, 13, 14, 16
MM, 14, 14, 41
MC, 1, 143
MM, 14, 15, 40
MM, 11, 16, 8
MM, 10, 17, 8
MM, 10, 19, 8
MM, 4, 22, 8
MM, 2, 25, 8
MM, 643, 530, 8
MM, 638, 535, 8
MM, 634, 539, 9
MM, 31, 6, 7
MM, 26, 10, 9
MM, 21, 13, 8
MM, 18, 16, 7
MM, 14, 18, 8
MM, 13, 19, 8
MM, 12, 20, 8
MM, 12, 21, 17
MM, 12, 22, 8
MM, 10, 22, 7
MM, 10, 23, 8
MM, 9, 24, 8
MM, 9, 25, 8
MM, 6, 26, 8
MM, 5, 26, 9
MM, 4, 27, 7
MM, 4, 28, 9
MM, 3, 29, 8
MM, 1, 30, 15
MM, 597, 570, 8
MM, 597, 571, 8
MM, 596, 572, 17
MM, 596, 573, 23
MM, 594, 574, 8
MM, 593, 575, 8
MM, 592, 575, 17
MM, 30, 1, 8
MM, 30, 2, 7
MM, 29, 3, 9
MM, 28, 4, 15
MM, 28, 5, 8
MC, 1, 264
MM, 27, 5, 40
MM, 25, 6, 17
MM, 24, 7, 7
MM, 23, 8, 8
MM, 20, 10, 8
MM, 17, 12, 8
MM, 11, 15, 8
MM, 6, 17, 9
MM, 1, 20, 8
MM, 556, 600, 7
MM, 35, 29, 9
MM, 547, 608, 7
MM, 543, 610, 8
MM, 540, 612, 8
MM, 148, 0, 8
MM, 147, 2, 8
MM, 145, 3, 17
MM, 144, 3, 15
MM, 141, 5, 8
MM, 139, 6, 8
MM, 138, 6, 8
MM, 134, 9, 9
MM, 131, 10, 8
MM, 128, 10, 7
MM, 124, 11, 9
MM, 123, 13, 7
MM, 122, 13, 8
MM, 120, 13, 8
MC, 1, 208
MM, 120, 14, 24
MM, 119, 14, 16
MM, 116, 13, 8
MM, 112, 12, 8
MM, 107, 9, 8
MM, 98, 4, 8
MM, 476, 612, 8
MM, 29, 28, 8
MM, 16, 19, 8
MM, 2, 10, 8
MM, 420, 575, 8
MM, 409, 571, 8
MM, 14, 27, 8
MM, 4, 22, 8
MM, 382, 557, 9
MM, 31, 14, 7
MM, 28, 13, 9
MM, 24, 11, 8
MM, 22, 10, 7
MM, 20, 10, 8
MM, 19, 9, 8
MM, 18, 9, 8
MM, 17, 8, 9
MM, 16, 7, 8
MM, 15, 6, 23
MM, 14, 6, 8
MM, 13, 5, 8
MM, 13, 4, 8
MM, 12, 3, 9
MM, 12, 2, 8
MM, 11, 1, 16
MM, 354, 538, 15
MM, 353, 538, 8
MM, 11, 1, 136
MM, 12, 3, 8
MM, 19, 2, 8
MM, 21, 2, 8
MM, 23, 3, 9
MM, 24, 4, 16
MM, 25, 4, 104
MM, 26, 5, 8
MM, 26, 6, 16
MM, 27, 8, 7
MC, 1, 368
MM, 28, 8, 40
MM, 30, 9, 8
MM, 31, 10, 8
MM, 380, 552, 8
MM, 2, 15, 8
MM, 8, 18, 8
MM, 17, 21, 9
MM, 23, 24, 8
MM, 30, 26, 8
MM, 35, 28, 7
MM, 424, 568, 8
MM, 1, 30, 8
MM, 4, 30, 8
MM, 6, 30, 8
MM, 436, 570, 8
MM, 440, 570, 9
MM, 444, 570, 8
MM, 447, 570, 7
MM, 451, 571, 8
MM, 455, 571, 8
MM, 461, 572, 8
MM, 465, 573, 9
MM, 468, 575, 8
MM, 472, 576, 8
MM, 1, 3, 7
MM, 6, 5, 8
MM, 8, 5, 8
MM, 10, 7, 8
MM, 12, 7, 8
MM, 13, 7, 48
MM, 14, 7, 8
MM, 15, 7, 8
MM, 21, 7, 33
MM, 22, 7, 7
MM, 24, 7, 16
MM, 25, 7, 8
MM, 26, 7, 9
MM, 29, 7, 7
MM, 33, 8, 8
MM, 512, 584, 8
MM, 0, 9, 9
MM, 3, 10, 7
MM, 6, 11, 8
MM, 8, 12, 8
MM, 11, 13, 8
MM, 12, 13, 8
MM, 13, 14, 17
MM, 14, 14, 23
MM, 15, 14, 8
MM, 16, 14, 8
MM, 17, 14, 16
MC, 1, 232
MM, 16, 12, 8
MM, 15, 11, 8
MM, 14, 11, 8
MM, 12, 10, 8
MM, 9, 9, 8
MM, 4, 7, 8
MM, 1, 7, 8
MM, 515, 581, 8
MM, 513, 580, 8
MM, 512, 580, 8
MM, 33, 3, 7
MM, 32, 3, 9
MM, 29, 3, 8
MM, 26, 2, 8
MM, 24, 1, 8
MM, 496, 575, 9
MM, 493, 575, 7
MM, 491, 573, 8
MM, 487, 571, 8
MM, 484, 570, 8
MM, 9, 29, 9
MM, 6, 27, 8
MM, 1, 26, 8
MM, 0, 24, 8
MM, 469, 563, 7
MM, 467, 562, 8
MM, 466, 561, 24
MM, 465, 561, 9
MM, 36, 21, 8
MM, 34, 20, 7
MM, 32, 19, 16
MM, 31, 19, 8
MC, 1, 304
MM, 30, 19, 80
MM, 30, 20, 8
MM, 30, 23, 8
MM, 31, 25, 8
MM, 32, 27, 9
MM, 34, 30, 8
MM, 461, 571, 8
MM, 462, 575, 8
MM, 29, 2, 7
MM, 30, 5, 8
MM, 30, 6, 8
MM, 31, 8, 8
MM, 32, 11, 9
MM, 33, 14, 8
MM, 34, 17, 8
MM, 34, 18, 8
MM, 469, 596, 8
MM, 470, 597, 7
MM, 472, 599, 8
MM, 473, 600, 8
MM, 473, 602, 8
MM, 474, 605, 8
MM, 474, 606, 25
MM, 475, 610, 8
MM, 86, 0, 7
MM, 87, 3, 16
MM, 87, 4, 209
MM, 87, 6, 7
MM, 88, 8, 8
MM, 89, 10, 8
MM, 90, 13, 16
MM, 90, 14, 8
MM, 90, 16, 24
MC, 1, 232
MM, 91, 16, 32
MM, 92, 15, 16
MM, 93, 14, 16
MM, 94, 13, 8
MM, 95, 12, 8
MM, 96, 10, 8
MM, 97, 7, 8
MM, 101, 2, 8
MM, 105, 0, 8
MM, 499, 609, 8
MM, 29, 30, 9
MM, 513, 602, 8
MM, 3, 24, 7
MM, 9, 21, 8
MM, 14, 18, 8
MM, 19, 15, 8
MM, 24, 12, 9
MM, 26, 11, 8
MM, 28, 9, 8
MM, 30, 7, 7
MM, 31, 5, 8
MM, 33, 4, 8
MM, 34, 4, 8
MM, 35, 2, 8
MM, 554, 577, 9
MM, 554, 576, 8
MM, 555, 575, 8
MM, 555, 574, 7
MM, 556, 573, 8
MM, 557, 572, 8
MM, 557, 571, 8
MM, 559, 571, 8
MM, 560, 570, 9
MM, 7, 30, 7
MM, 7, 29, 8
MM, 10, 28, 9
MM, 11, 28, 7
MM, 14, 26, 8
MM, 17, 26, 8
MM, 18, 26, 8
MM, 20, 25, 9
MM, 21, 24, 8
MM, 21, 23, 8
MM, 23, 23, 8
MM, 24, 22, 7
MM, 25, 21, 8
MM, 28, 19, 8
MM, 29, 19, 8
MM, 31, 18, 9
MM, 33, 17, 8
MM, 36, 16, 8
MM, 592, 554, 8
MM, 593, 554, 7
MM, 594, 553, 9
MM, 596, 553, 7
MM, 0, 14, 8
MM, 2, 12, 8
MM, 3, 12, 25
MM, 5, 11, 8
MM, 6, 11, 8
MM, 10, 11, 7
MM, 12, 11, 8
MM, 13, 11, 8
MM, 14, 10, 8
MM, 16, 10, 9
MC, 1, 263
MM, 13, 10, 15
MM, 8, 10, 9
MM, 1, 10, 9
MM, 34, 9, 7
MM, 24, 8, 8
MM, 10, 6, 8
MM, 551, 541, 8
MM, 26, 0, 9
MM, 522, 535, 8
MM, 21, 28, 8
MM, 2, 24, 8
MM, 32, 22, 7
MM, 25, 21, 8
MM, 19, 20, 8
MM, 12, 19, 8
MM, 9, 18, 9
MM, 8, 18, 8
MM, 4, 16, 7
MM, 2, 16, 9
MM, 0, 16, 7
MM, 436, 517, 8
MM, 434, 516, 8
MM, 35, 13, 8
MM, 34, 13, 16
MM, 33, 13, 16
MM, 31, 13, 8
MM, 30, 13, 49
MM, 27, 12, 8
MM, 26, 12, 7
MM, 25, 12, 24
MM, 23, 11, 1
MM, 22, 11, 8
MM, 21, 11, 7
MM, 20, 11, 8
MM, 19, 11, 9
MM, 15, 10, 7
MM, 14, 10, 8
MM, 13, 10, 8
MM, 11, 10, 8
MC, 1, 216
MM, 11, 9, 32
MM, 13, 9, 16
MM, 15, 9, 8
MM, 18, 9, 8
MM, 25, 10, 8
MM, 28, 10, 9
MM, 31, 10, 8
MM, 34, 10, 7
MM, 434, 512, 8
MM, 435, 512, 8
MM, 437, 512, 8
MM, 0, 10, 9
MM, 2, 10, 8
MM, 3, 10, 8
MM, 6, 10, 8
MM, 8, 10, 64
MM, 9, 10, 23
MM, 11, 10, 8
MM, 12, 10, 8
MM, 14, 10, 8
MM, 15, 10, 9
MC, 1, 263
MC, 2, 200
MM, 16, 10, 72
MM, 17, 10, 8
MM, 22, 11, 8
MM, 31, 12, 8
MM, 477, 516, 8
MM, 3, 15, 8
MM, 9, 17, 8
MM, 13, 17, 9
MM, 17, 17, 8
MM, 22, 17, 7
MM, 27, 17, 9
MM, 30, 17, 8
MM, 34, 17, 8
MM, 518, 519, 7
MM, 519, 519, 8
MM, 520, 519, 8
MM, 521, 519, 25
MM, 522, 519, 23
MM, 522, 518, 8
MM, 1, 15, 8
MM, 2, 14, 25
MM, 4, 14, 39
MM, 5, 14, 9
MM, 6, 14, 8
MM, 7, 13, 8
MM, 8, 13, 8
MM, 9, 12, 8
MM, 11, 12, 7
MM, 12, 12, 8
MM, 13, 12, 8
MM, 15, 11, 8
MM, 15, 10, 9
MM, 17, 10, 24
MM, 18, 10, 15
MM, 19, 10, 16
MM, 20, 10, 56
MC, 1, 120
MM, 17, 12, 24
MM, 15, 14, 8
MM, 12, 18, 8
MM, 9, 22, 9
MM, 6, 25, 7
MM, 4, 29, 8
MM, 523, 537, 8
MM, 9, 4, 8
MM, 7, 8, 8
MM, 5, 13, 8
MM, 4, 16, 8
MM, 3, 17, 8
MM, 2, 18, 65
MM, 1, 20, 16
MM, 0, 23, 7
MM, 510, 563, 8
MM, 507, 567, 8
MM, 505, 569, 9
MM, 502, 570, 8
MM, 501, 573, 7
MM, 500, 575, 9
MM, 25, 1, 8
MM, 25, 2, 7
MM, 25, 4, 8
MM, 22, 4, 16
MM, 22, 5, 64
MM, 22, 6, 8
MM, 20, 8, 9
MM, 19, 11, 8
MM, 19, 12, 8
MM, 18, 16, 8
MM, 17, 19, 8
MM, 16, 21, 7
MM, 15, 25, 8
MM, 15, 27, 8
MM, 14, 28, 8
MM, 14, 29, 8
MM, 14, 30, 96
MM, 489, 607, 8
MM, 489, 608, 8
MM, 488, 608, 8
MM, 487, 609, 9
MM, 487, 610, 8
MM, 487, 611, 16
MM, 487, 612, 23
MM, 97, 0, 8
MM, 97, 1, 8
MM, 97, 4, 8
MM, 97, 5, 9
MM, 96, 7, 16
MM, 96, 9, 7
MM, 95, 10, 8
MM, 94, 11, 8
MM, 94, 12, 8
MM, 93, 13, 17
MC, 1, 247
MM, 93, 12, 24
MM, 94, 10, 9
MM, 96, 7, 7
MM, 97, 4, 9
MM, 98, 1, 7
MM, 490, 610, 8
MM, 17, 29, 8
MM, 20, 24, 8
MM, 24, 21, 9
MM, 31, 18, 7
MM, 512, 591, 9
MM, 5, 12, 8
MM, 13, 9, 7
MM, 22, 7, 8
MM, 29, 2, 8
MM, 555, 573, 8
MM, 7, 30, 9
MM, 13, 26, 8
MM, 16, 22, 8
MM, 18, 19, 8
MM, 20, 18, 7
MM, 21, 16, 9
MM, 23, 14, 7
MM, 25, 13, 8
MM, 26, 13, 8
MM, 26, 12, 9
MM, 27, 12, 8
MM, 27, 11, 8
MM, 27, 10, 7
MM, 29, 10, 8
MM, 30, 8, 8
MM, 31, 7, 8
MM, 33, 6, 8
MM, 33, 5, 9
MM, 33, 4, 8
MM, 34, 2, 8
MM, 35, 0, 7
MM, 589, 538, 8
MM, 590, 537, 16
MM, 591, 536, 17
MM, 592, 534, 8
MM, 593, 533, 7
MM, 30, 30, 8
MM, 31, 29, 8
MM, 31, 27, 8
MM, 32, 26, 8
MM, 33, 24, 9
MM, 35, 22, 8
MM, 601, 522, 8
MM, 603, 521, 8
MM, 604, 519, 8
MM, 606, 518, 8
MM, 0, 14, 7
MM, 2, 13, 8
MM, 3, 11, 8
MM, 5, 10, 8
MM, 6, 9, 9
MM, 7, 9, 8
MM, 8, 8, 8
MM, 9, 7, 8
MM, 10, 7, 15
MM, 11, 6, 16
MC, 1, 240
MM, 12, 6, 7
MM, 12, 7, 8
MM, 7, 9, 9
MM, 7, 11, 8
MM, 5, 11, 8
MM, 1, 16, 8
MM, 603, 522, 8
MM, 33, 23, 8
MM, 27, 26, 8
MM, 583, 534, 8
MM, 574, 537, 8
MM, 11, 1, 8
MM, 0, 6, 10
MM, 29, 8, 7
MM, 16, 11, 7
MM, 0, 11, 8
MM, 24, 11, 7
MM, 8, 11, 8
MM, 36, 11, 8
MM, 27, 11, 9
MM, 21, 11, 8
MM, 18, 11, 8
MM, 14, 11, 8
MM, 12, 11, 8
MM, 10, 11, 8
MM, 9, 12, 8
MM, 7, 12, 8
MM, 4, 13, 8
MM, 0, 14, 9
MM, 424, 553, 8
MM, 422, 553, 7
MM, 35, 14, 9
MM, 34, 14, 8
MM, 33, 15, 87
MM, 32, 15, 9
MM, 31, 15, 8
MM, 29, 15, 15
MM, 28, 15, 8
MM, 26, 15, 16
MC, 1, 313
MM, 25, 15, 47
MM, 25, 16, 8
MM, 25, 17, 9
MM, 25, 18, 16
MM, 25, 23, 7
MM, 25, 28, 8
MM, 411, 571, 8
MM, 411, 575, 8
MM, 24, 3, 9
MM, 25, 5, 7
MM, 25, 8, 9
MM, 25, 10, 8
MM, 26, 11, 7
MM, 26, 13, 8
MM, 26, 14, 8
MM, 27, 15, 8
MM, 29, 17, 8
MM, 29, 18, 17
MM, 31, 19, 8
MM, 32, 20, 15
MM, 33, 21, 8
MM, 34, 22, 8
MM, 34, 23, 9
MM, 35, 25, 8
MM, 36, 29, 8
MM, 428, 608, 8
MM, 429, 610, 7
MM, 429, 611, 8
MM, 40, 0, 56
MM, 41, 0, 64
MM, 42, 1, 8
MM, 43, 3, 24
MM, 44, 3, 8
MM, 44, 5, 9
MM, 45, 7, 8
MM, 46, 7, 8
MM, 46, 10, 8
MM, 46, 11, 15
MC, 1, 232
MM, 46, 12, 40
MM, 46, 11, 16
MM, 44, 9, 8
MM, 42, 7, 9
MM, 39, 4, 8
MM, 35, 2, 8
MM, 423, 611, 7
MM, 419, 609, 8
MM, 23, 28, 8
MM, 17, 24, 8
MM, 12, 19, 9
MM, 9, 16, 8
MM, 6, 15, 7
MM, 3, 12, 9
MM, 2, 12, 7
MM, 0, 10, 8
MM, 388, 584, 8
MM, 387, 582, 8
MM, 386, 582, 9
MM, 34, 5, 8
MM, 34, 3, 15
MM, 33, 3, 8
MM, 32, 2, 16
MM, 31, 1, 41
MM, 31, 0, 7
MM, 381, 575, 24
MM, 381, 573, 9
MM, 380, 572, 16
MM, 379, 570, 8
MM, 34, 30, 7
MM, 33, 29, 8
MM, 31, 27, 8
MM, 30, 26, 8
MM, 30, 25, 264
MM, 30, 24, 8
MM, 29, 24, 9
MM, 29, 22, 7
MM, 29, 20, 8
MM, 27, 19, 8
MM, 26, 15, 8
MM, 26, 13, 8
MC, 1, 192
MM, 26, 12, 40
MM, 26, 11, 8
MM, 26, 10, 8
MM, 28, 10, 8
MM, 32, 10, 8
MM, 0, 10, 8
MM, 14, 12, 8
MM, 34, 13, 9
MM, 18, 16, 8
MM, 6, 21, 8
MM, 507, 563, 8
MM, 28, 29, 7
MM, 570, 571, 8
MM, 595, 573, 8
MM, 620, 573, 8
MM, 641, 573, 8
MM, 658, 573, 9
MM, 667, 573, 7
MM, 675, 573, 8
MM, 681, 573, 9
MM, 682, 572, 7
MM, 683, 572, 41
MM, 683, 570, 8
MM, 684, 570, 16
MM, 685, 570, 8
MM, 7, 30, 7
MM, 9, 30, 105
MM, 9, 29, 8
MM, 10, 28, 8
MM, 10, 27, 7
MM, 10, 26, 24
MM, 11, 25, 9
MM, 11, 24, 8
MM, 11, 23, 8
MM, 11, 22, 8
MM, 12, 21, 7
MM, 13, 20, 41
MM, 13, 19, 23
MM, 14, 18, 16
MM, 15, 18, 8
MM, 16, 18, 9
MM, 16, 16, 8
MM, 17, 15, 31
MC, 1, 144
MM, 17, 17, 16
MM, 13, 18, 8
MM, 11, 20, 7
MM, 7, 21, 9
MM, 0, 21, 8
MM, 673, 560, 8
MM, 28, 21, 8
MM, 21, 21, 8
MM, 13, 21, 8
MM, 6, 21, 8
MM, 634, 560, 8
MM, 26, 20, 8
MM, 14, 17, 7
MM, 0, 15, 9
MM, 24, 11, 8
MM, 4, 10, 8
MM, 30, 9, 9
MM, 17, 8, 7
MM, 6, 8, 9
MM, 510, 547, 8
MM, 32, 8, 7
MM, 28, 8, 9
MM, 24, 8, 8
MM, 20, 8, 8
MM, 14, 7, 8
MM, 9, 6, 8
MM, 4, 4, 8
MM, 0, 2, 8
MM, 465, 540, 8
MM, 35, 0, 8
MM, 460, 538, 8
MM, 458, 536, 7
MM, 455, 536, 8
MM, 454, 535, 8
MM, 452, 533, 8
MM, 450, 533, 9
MM, 8, 30, 7
MM, 6, 29, 9
MM, 2, 27, 8
MM, 436, 527, 7
MM, 35, 22, 8
MM, 29, 21, 8
MM, 26, 21, 8
MM, 25, 21, 48
MM, 23, 21, 8
MM, 22, 21, 8
MM, 21, 21, 9
MM, 20, 21, 8
MM, 16, 21, 8
MM, 14, 21, 8
MM, 11, 21, 7
MM, 10, 21, 8
MM, 9, 21, 49
MM, 6, 21, 7
MM, 3, 21, 8
MM, 396, 522, 8
MM, 391, 521, 8
MM, 36, 19, 9
MM, 33, 19, 8
MM, 30, 19, 8
MM, 28, 19, 7
MM, 25, 19, 8
MM, 24, 18, 8
MM, 20, 18, 8
MM, 18, 17, 8
MM, 16, 17, 8
MM, 14, 17, 9
MM, 14, 16, 8
MM, 13, 15, 64
MC, 1, 199
MM, 12, 16, 72
MM, 10, 16, 9
MM, 7, 16, 8
MM, 6, 16, 7
MM, 3, 16, 8
MM, 1, 17, 8
MM, 1, 19, 8
MM, 0, 21, 8
MM, 0, 20, 8
MM, 351, 522, 48
MM, 349, 522, 40
MM, 348, 525, 57
MM, 346, 525, 15
MM, 346, 526, 24
MM, 346, 527, 8
MM, 35, 28, 9
MM, 35, 30, 7
MM, 35, 28, 9
MM, 35, 30, 87
MM, 36, 30, 25
MM, 345, 533, 8
MM, 346, 533, 8
MM, 346, 534, 8
MM, 347, 534, 7
MM, 348, 534, 8
MM, 349, 534, 16
MM, 350, 534, 41
MM, 351, 534, 15
MM, 352, 534, 8
MM, 353, 534, 11
MM, 354, 534, 14
MM, 355, 534, 8
MM, 357, 535, 32
MM, 357, 536, 16
MM, 357, 537, 15
MM, 14, 0, 8
MM, 15, 1, 8
MM, 15, 2, 16
MM, 15, 3, 8
MM, 15, 4, 9
MM, 15, 6, 8
MM, 15, 7, 23
MM, 16, 9, 8
MM, 17, 12, 32
MC, 1, 200
MM, 18, 12, 24
MM, 19, 12, 7
MM, 20, 11, 8
MM, 21, 11, 9
MM, 24, 10, 8
MM, 25, 9, 9
MM, 28, 7, 7
MM, 379, 544, 9
MM, 1, 2, 8
MM, 12, 1, 7
MM, 408, 537, 8
MM, 420, 535, 8
MM, 432, 535, 8
MM, 444, 535, 9
MM, 456, 535, 7
MM, 468, 535, 8
MM, 478, 535, 8
MM, 488, 535, 8
MM, 492, 533, 8
MM, 19, 29, 8
MM, 23, 28, 8
MM, 30, 27, 9
MM, 34, 27, 7
MM, 522, 527, 9
MM, 7, 24, 7
MM, 14, 22, 9
MM, 22, 21, 7
MM, 27, 18, 8
MM, 32, 17, 9
MM, 558, 515, 7
MM, 560, 515, 8
MM, 561, 513, 8
MM, 562, 513, 8
MM, 561, 513, 265
MM, 560, 513, 15
MM, 34, 11, 8
MM, 31, 11, 8
MM, 27, 11, 8
MM, 25, 11, 9
MM, 24, 11, 8
MM, 23, 11, 7
MC, 1, 320
MM, 21, 11, 8
MM, 16, 13, 16
MM, 12, 16, 8
MM, 3, 18, 8
MM, 518, 521, 8
MM, 26, 23, 8
MM, 17, 24, 8
MM, 6, 25, 8
MM, 477, 529, 9
MM, 31, 29, 8
MM, 23, 30, 8
MM, 457, 533, 8
MM, 451, 534, 7
MM, 447, 534, 8
MM, 445, 534, 8
MM, 444, 534, 48
MM, 443, 535, 57
MM, 442, 535, 23
MM, 442, 536, 8
MM, 442, 537, 8
MM, 441, 537, 8
MM, 440, 538, 8
MM, 12, 1, 8
MM, 12, 2, 8
MM, 11, 2, 16
MM, 10, 3, 16
MM, 9, 3, 17
MM, 8, 3, 23
MM, 6, 4, 8
MM, 5, 4, 9
MM, 0, 5, 7
MM, 425, 545, 9
MM, 423, 545, 8
MM, 422, 545, 8
MM, 34, 7, 7
MM, 32, 7, 9
MM, 29, 8, 7
MM, 28, 9, 8
MM, 27, 9, 8
MM, 26, 9, 8
MC, 1, 304
MM, 26, 10, 49
MM, 26, 11, 8
MM, 26, 12, 8
MM, 27, 15, 7
MM, 428, 570, 41
MM, 429, 572, 7
MM, 431, 572, 9
MM, 432, 573, 40
MM, 433, 574, 15
MM, 433, 575, 9
MM, 0, 1, 7
MM, 1, 1, 8
MM, 3, 3, 8
MM, 4, 4, 8
MM, 6, 7, 9
MM, 8, 11, 8
MM, 10, 12, 8
MM, 11, 14, 8
MM, 15, 18, 7
MM, 16, 20, 8
MM, 17, 21, 8
MM, 18, 23, 8
MM, 19, 23, 9
MM, 20, 24, 8
MM, 20, 25, 119
MM, 20, 26, 24
MM, 21, 30, 8
MM, 455, 609, 8
MM, 456, 609, 8
MM, 458, 612, 8
MM, 68, 0, 8
MM, 68, 1, 16
MM, 69, 2, 8
MM, 70, 4, 17
MM, 70, 5, 48
MM, 71, 7, 7
MM, 72, 9, 16
MM, 72, 10, 16
MC, 1, 256
MM, 74, 10, 9
MM, 75, 9, 15
MM, 75, 7, 8
MM, 76, 5, 8
MM, 76, 3, 9
MM, 76, 0, 7
MM, 466, 608, 8
MM, 32, 27, 8
MM, 32, 19, 8
MM, 32, 9, 9
MM, 470, 575, 7
MM, 4, 29, 9
MM, 8, 23, 7
MM, 13, 18, 9
MM, 18, 13, 7
MM, 21, 10, 8
MM, 21, 8, 8
MM, 24, 6, 8
MM, 24, 7, 297
MM, 24, 8, 7
MM, 24, 11, 8
MC, 1, 256
MM, 24, 12, 23
MM, 25, 12, 17
MM, 27, 11, 8
MM, 29, 9, 8
MM, 34, 8, 8
MM, 510, 545, 8
MM, 4, 3, 8
MM, 11, 0, 9
MM, 533, 536, 7
MM, 18, 30, 8
MM, 26, 29, 8
MM, 558, 530, 8
MM, 562, 529, 8
MM, 0, 26, 8
MM, 2, 25, 8
MM, 4, 25, 9
MM, 5, 24, 15
MM, 5, 23, 72
MM, 6, 23, 9
MM, 7, 23, 16
MM, 8, 22, 16
MC, 1, 247
MM, 7, 23, 56
MM, 4, 25, 8
MM, 2, 27, 9
MM, 562, 532, 7
MM, 556, 538, 8
MM, 552, 544, 8
MM, 35, 10, 8
MM, 31, 13, 9
MM, 29, 16, 8
MM, 27, 17, 8
MM, 27, 18, 31
MM, 26, 19, 33
MM, 25, 20, 8
MM, 25, 21, 8
MM, 24, 22, 7
MM, 23, 26, 8
MM, 22, 26, 8
MM, 21, 26, 8
MM, 20, 30, 8
MM, 531, 571, 8
MM, 530, 572, 9
MM, 530, 574, 8
MM, 12, 0, 8
MM, 12, 1, 7
MM, 12, 2, 8
MM, 11, 3, 8
MM, 11, 5, 16
MM, 11, 7, 8
MM, 12, 8, 16
MC, 1, 240
MM, 12, 9, 64
MM, 12, 11, 24
MM, 12, 12, 9
MM, 11, 13, 7
MM, 10, 16, 8
MM, 7, 19, 8
MM, 6, 22, 8
MM, 5, 26, 8
MM, 519, 608, 9
MM, 127, 0, 8
MM, 124, 3, 8
MM, 124, 5, 7
MC, 1, 424
MM, 123, 5, 40
MM, 123, 4, 24
MM, 123, 3, 8
MM, 123, 2, 8
MM, 513, 612, 8
MM, 513, 611, 8
MM, 513, 609, 9
MM, 513, 607, 8
MM, 513, 604, 7
MM, 512, 601, 8
MM, 511, 597, 8
MM, 35, 17, 8
MM, 33, 12, 8
MM, 31, 7, 8
MM, 30, 2, 9
MM, 503, 572, 8
MM, 32, 27, 7
MM, 32, 22, 8
MM, 31, 16, 8
MM, 31, 12, 8
MM, 31, 9, 9
MM, 31, 6, 8
MM, 31, 4, 7
MM, 31, 0, 9
MM, 500, 537, 7
MM, 499, 535, 8
MM, 499, 533, 8
MM, 17, 30, 8
MM, 17, 28, 8
MM, 17, 27, 9
MM, 17, 26, 8
MM, 17, 25, 8
MM, 17, 24, 15
MM, 17, 23, 8
MC, 1, 319
MM, 17, 21, 50
MM, 19, 20, 8
MM, 21, 20, 7
MM, 26, 21, 8
MM, 33, 22, 8
MM, 5, 23, 8
MM, 16, 26, 9
MM, 27, 27, 8
MM, 559, 530, 8
MM, 3, 28, 8
MM, 11, 28, 8
MM, 17, 28, 8
MM, 21, 28, 7
MM, 25, 28, 8
MM, 31, 27, 8
MM, 602, 529, 8
MM, 605, 528, 9
MM, 1, 26, 8
MM, 2, 25, 7
MM, 3, 25, 8
MM, 4, 25, 8
MM, 5, 24, 32
MM, 6, 24, 9
MM, 7, 24, 16
MM, 10, 24, 7
MM, 13, 24, 8
MM, 16, 24, 8
MM, 20, 24, 8
MM, 23, 24, 9
MM, 26, 24, 7
MM, 28, 24, 8
MM, 29, 23, 8
MM, 30, 23, 57
MM, 639, 525, 8
MM, 639, 524, 7
MM, 640, 524, 8
MM, 640, 523, 8
MM, 641, 523, 17
MM, 642, 522, 7
MM, 643, 521, 8
MM, 1, 18, 9
MM, 2, 18, 7
MM, 5, 18, 8
MM, 7, 18, 8
MM, 10, 18, 8
MM, 12, 18, 8
MM, 12, 17, 8
MM, 13, 17, 32
MM, 14, 16, 8
MM, 14, 15, 8
MM, 15, 15, 8
MM, 17, 14, 8
MM, 18, 13, 8
MM, 19, 13, 9
MC, 1, 175
MM, 18, 13, 32
MM, 17, 14, 8
MM, 16, 14, 8
MM, 15, 16, 8
MM, 14, 17, 8
MM, 10, 21, 8
MM, 6, 24, 8
MM, 642, 530, 9
MM, 635, 536, 8
MM, 30, 2, 8
MM, 22, 8, 8
MM, 12, 14, 7
MM, 2, 22, 8
MM, 35, 30, 8
MM, 582, 575, 8
MM, 12, 4, 8
MM, 4, 10, 9
MM, 557, 589, 8
MM, 33, 18, 8
MM, 23, 22, 7
MM, 15, 24, 8
MM, 9, 27, 8
MM, 2, 28, 8
MM, 513, 607, 9
MM, 509, 608, 8
MM, 505, 610, 8
MM, 503, 612, 7
MM, 111, 1, 8
MM, 109, 3, 8
MM, 107, 4, 8
MM, 107, 5, 8
MM, 105, 6, 9
MM, 104, 6, 15
MM, 103, 7, 64
MM, 103, 8, 9
MM, 102, 9, 7
MC, 1, 280
MM, 101, 10, 32
MM, 99, 9, 8
MM, 96, 6, 8
MM, 91, 1, 8
MM, 473, 604, 8
MM, 27, 17, 8
MM, 8, 2, 9
MM, 426, 563, 7
MM, 24, 11, 9
MM, 16, 4, 8
MM, 11, 0, 8
MM, 392, 536, 8
MM, 390, 534, 7
MM, 389, 533, 9
MM, 36, 30, 7
MM, 36, 29, 40
MM, 36, 28, 9
MM, 36, 26, 7
MM, 36, 24, 8
MM, 35, 20, 8
MM, 35, 18, 8
MM, 34, 17, 9
MM, 34, 15, 8
MM, 31, 13, 8
MM, 31, 12, 8
MM, 31, 11, 15
MM, 31, 9, 144
MC, 1, 208
MM, 31, 10, 16
MM, 31, 11, 9
MM, 29, 14, 7
MM, 28, 17, 8
MM, 27, 21, 8
MM, 24, 27, 9
MM, 374, 535, 7
MM, 28, 2, 9
MM, 27, 7, 8
MM, 27, 13, 7
MM, 26, 17, 8
MM, 26, 20, 8
MM, 25, 22, 8
MM, 25, 24, 8
MM, 26, 21, 329
MM, 26, 19, 7
MM, 29, 18, 8
MM, 29, 16, 8
MM, 32, 15, 8
MM, 34, 13, 8
MM, 382, 551, 8
MM, 0, 11, 8
MM, 3, 10, 8
MM, 8, 7, 8
MM, 12, 6, 8
MM, 15, 6, 8
MM, 19, 4, 8
MM, 23, 3, 8
MM, 26, 2, 8
MM, 30, 1, 8
MM, 35, 0, 8
MM, 425, 536, 8
MM, 433, 534, 8
MM, 437, 533, 8
MM, 3, 30, 8
MM, 7, 29, 8
MM, 10, 28, 8
MM, 12, 27, 8
MM, 15, 26, 8
MM, 16, 25, 16
MM, 18, 24, 8
MM, 19, 24, 16
MM, 21, 24, 8
MM, 23, 24, 8
MM, 24, 23, 8
MM, 26, 23, 8
MM, 27, 22, 8
MM, 28, 22, 8
MM, 28, 21, 9
MM, 29, 20, 16
MM, 30, 20, 23
MM, 31, 20, 8
MM, 34, 20, 8
MM, 35, 20, 8
MM, 477, 522, 8
MM, 478, 521, 9
MM, 479, 520, 23
MM, 480, 520, 8
MM, 480, 519, 16
MM, 0, 17, 9
MM, 1, 17, 15
MM, 3, 16, 16
MM, 4, 15, 8
MM, 5, 19, 296
MM, 3, 21, 8
MM, 1, 24, 8
MM, 480, 528, 8
MM, 477, 532, 8
MM, 474, 537, 8
MM, 0, 3, 8
MM, 466, 546, 8
MM, 36, 12, 8
MM, 34, 17, 8
MM, 32, 19, 8
MM, 31, 20, 9
MM, 31, 22, 7
MM, 30, 22, 8
MM, 27, 27, 8
MM, 26, 27, 8
MM, 26, 28, 9
MM, 25, 28, 8
MM, 24, 30, 8
MM, 447, 573, 7
MM, 445, 575, 8
MM, 10, 2, 8
MM, 7, 5, 8
MM, 6, 6, 8
MM, 4, 7, 8
MM, 0, 11, 9
MM, 432, 589, 8
MM, 429, 590, 7
MM, 429, 591, 9
MM, 428, 591, 8
MM, 36, 16, 7
MM, 35, 16, 88
MM, 34, 16, 129
MM, 32, 16, 15
MM, 30, 16, 9
MM, 29, 15, 8
MM, 28, 14, 7
MM, 26, 14, 8
MM, 25, 13, 8
MM, 22, 12, 8
MM, 20, 11, 9
MM, 18, 10, 7
MM, 16, 9, 17
MM, 16, 8, 248
MM, 17, 8, 16
MM, 18, 8, 7
MM, 19, 8, 24
MC, 1, 128
MM, 20, 7, 64
MM, 21, 7, 8
MM, 22, 7, 8
MM, 23, 6, 8
MM, 25, 4, 8
MM, 28, 4, 9
MM, 29, 4, 8
MM, 32, 3, 8
MM, 35, 3, 7
MM, 428, 579, 8
MM, 432, 579, 8
MM, 3, 3, 8
MM, 9, 3, 8
MM, 17, 2, 9
MM, 24, 1, 8
MM, 31, 1, 7
MM, 470, 577, 8
MM, 474, 577, 8
MM, 2, 0, 8
MM, 5, 0, 8
MM, 7, 0, 8
MM, 9, 0, 9
MM, 486, 575, 8
MM, 488, 573, 8
MM, 491, 572, 7
MM, 495, 571, 8
MM, 499, 570, 8
MM, 505, 568, 8
MM, 510, 567, 9
MM, 4, 27, 8
MM, 9, 27, 8
MM, 11, 27, 8
MM, 14, 26, 7
MM, 16, 26, 8
MM, 17, 26, 8
MM, 18, 26, 8
MM, 20, 26, 9
MM, 22, 26, 7
MM, 24, 26, 9
MM, 25, 26, 8
MM, 26, 26, 8
MM, 27, 25, 8
MM, 29, 25, 7
MM, 30, 25, 8
MM, 31, 25, 8
MM, 34, 25, 8
MM, 548, 563, 9
MM, 550, 561, 8
MM, 552, 560, 8
MM, 0, 20, 8
MM, 1, 19, 7
MM, 2, 18, 64
MM, 3, 18, 16
MM, 3, 17, 8
MM, 4, 17, 104
MM, 4, 16, 8
MM, 5, 16, 8
MM, 6, 15, 8
MM, 7, 15, 9
MM, 8, 14, 16
MM, 9, 14, 7
MM, 10, 14, 8
MM, 11, 13, 8
MM, 12, 12, 8
MC, 1, 280
MM, 13, 12, 48
MM, 14, 12, 8
MM, 15, 13, 8
MM, 19, 14, 9
MM, 26, 17, 7
MM, 32, 20, 9
MM, 593, 562, 8
MM, 2, 26, 8
MM, 8, 29, 7
MM, 610, 570, 8
MM, 614, 573, 9
MM, 618, 574, 7
MM, 620, 575, 8
MM, 18, 0, 9
MM, 19, 0, 55
MM, 19, 2, 9
MM, 20, 2, 8
MM, 21, 3, 8
MM, 22, 3, 8
MM, 22, 4, 8
MM, 23, 5, 8
MM, 24, 5, 8
MM, 25, 6, 7
MM, 26, 7, 17
MM, 27, 8, 7
MM, 29, 9, 9
MM, 30, 10, 7
MM, 634, 586, 32
MM, 635, 587, 9
MM, 637, 588, 15
MM, 638, 589, 8
MM, 639, 590, 8
MM, 2, 16, 8
MM, 3, 17, 8
MM, 5, 19, 9
MM, 6, 19, 8
MM, 7, 20, 8
MM, 8, 20, 47
MM, 10, 20, 17
MM, 11, 21, 8
MM, 12, 21, 8
MC, 1, 215
MM, 11, 21, 24
MM, 10, 21, 17
MM, 8, 21, 8
MM, 3, 21, 7
MM, 0, 21, 8
MM, 638, 598, 8
MM, 30, 22, 8
MM, 24, 23, 9
MM, 20, 24, 8
MM, 15, 24, 8
MM, 10, 24, 8
MM, 3, 25, 8
MM, 602, 602, 8
MM, 597, 602, 7
MM, 31, 27, 8
MM, 29, 27, 8
MM, 27, 28, 8
MM, 23, 28, 9
MM, 20, 28, 7
MM, 17, 29, 9
MM, 13, 30, 8
MM, 569, 607, 7
MM, 565, 608, 8
MM, 562, 609, 8
MM, 558, 611, 8
MM, 555, 612, 9
MM, 162, 0, 8
MM, 160, 1, 8
MM, 157, 3, 8
MM, 155, 4, 7
MM, 154, 5, 8
MM, 153, 5, 9
MM, 151, 6, 7
MM, 149, 6, 17
MM, 148, 10, 8
MM, 146, 10, 8
MM, 145, 10, 7
MM, 145, 11, 8
MM, 141, 12, 8
MM, 140, 13, 8
MM, 139, 13, 8
MM, 138, 14, 97
MM, 137, 15, 8
MM, 136, 16, 15
MM, 135, 16, 25
MC, 1, 542
MM, 134, 16, 97
MM, 132, 16, 8
MM, 129, 16, 17
MM, 129, 15, 8
MM, 127, 15, 8
MM, 126, 14, 7
MM, 124, 13, 8
MM, 122, 13, 8
MM, 121, 11, 8
MM, 118, 10, 8
MM, 116, 10, 9
MM, 113, 9, 8
MM, 110, 7, 8
MM, 108, 6, 8
MM, 102, 5, 8
MM, 98, 2, 7
MM, 93, 1, 8
MM, 89, 0, 8
MM, 476, 612, 8
MM, 473, 611, 9
MM, 470, 611, 8
MM, 469, 610, 8
MM, 467, 609, 8
MM, 464, 608, 7
MM, 462, 607, 8
MM, 461, 607, 8
MM, 460, 607, 25
MM, 458, 607, 64
MM, 23, 30, 16
MM, 23, 29, 7
MM, 22, 27, 8
MM, 20, 26, 8
MM, 17, 23, 8
MM, 16, 20, 9
MM, 15, 20, 8
MM, 15, 19, 175
MM, 15, 18, 16
MM, 13, 17, 80
MM, 11, 16, 8
MM, 7, 12, 8
MM, 4, 12, 8
MM, 2, 11, 54
MM, 33, 6, 1
MM, 31, 6, 17
MM, 30, 6, 72
MM, 29, 6, 17
MM, 28, 6, 16
MM, 27, 6, 7
MM, 26, 6, 9
MM, 21, 6, 8
MM, 19, 6, 7
MM, 18, 5, 8
MC, 1, 280
MM, 18, 4, 48
MM, 20, 4, 8
MM, 21, 4, 8
MM, 24, 4, 8
MM, 30, 4, 8
MM, 428, 580, 9
MM, 2, 3, 8
MM, 13, 3, 8
MM, 23, 3, 7
MM, 32, 3, 8
MM, 474, 579, 8
MM, 5, 3, 8
MM, 10, 3, 8
MM, 17, 3, 9
MM, 21, 2, 8
MM, 24, 1, 8
MM, 29, 1, 7
MM, 32, 0, 8
MM, 34, 0, 8
MM, 511, 575, 8
MM, 512, 574, 9
MM, 513, 574, 8
MM, 514, 574, 8
MM, 516, 573, 7
MM, 517, 573, 8
MM, 519, 573, 12
MM, 522, 573, 4
MM, 526, 573, 8
MM, 529, 573, 8
MM, 533, 573, 9
MM, 534, 573, 8
MM, 536, 573, 72
MM, 537, 573, 15
MM, 538, 572, 8
MM, 539, 571, 8
MM, 540, 570, 17
MM, 29, 30, 8
MM, 30, 30, 72
MM, 30, 29, 8
MM, 31, 29, 15
MM, 32, 28, 8
MM, 32, 27, 8
MM, 34, 26, 8
MM, 36, 25, 16
MM, 548, 563, 8
MM, 548, 561, 9
MM, 551, 560, 7
MM, 552, 558, 8
MM, 0, 19, 8
MM, 1, 17, 8
MM, 2, 16, 9
MM, 4, 16, 31
MM, 4, 15, 49
MM, 5, 14, 15
MC, 1, 201
MM, 3, 14, 12
MM, 3, 15, 3
MM, 552, 555, 8
MM, 36, 17, 8
MM, 28, 17, 8
MM, 18, 17, 8
MM, 5, 17, 8
MM, 27, 16, 8
MM, 6, 12, 8
MM, 25, 4, 8
MM, 9, 2, 8
MM, 423, 540, 8
MM, 411, 538, 8
MM, 403, 537, 8
MM, 398, 537, 8
MM, 395, 536, 8
MM, 392, 536, 8
MM, 390, 536, 8
MM, 389, 536, 16
MM, 388, 536, 8
MM, 386, 536, 25
MM, 385, 536, 7
MM, 385, 537, 152
MM, 384, 537, 8
MM, 383, 538, 8
MM, 382, 538, 9
MM, 381, 540, 7
MM, 380, 541, 9
MM, 379, 542, 7
MM, 33, 5, 8
MM, 30, 6, 8
MM, 29, 9, 8
MM, 27, 10, 8
MM, 27, 11, 9
MM, 27, 12, 8
MM, 26, 12, 7
MM, 26, 13, 9
MM, 25, 14, 144
MC, 1, 183
MM, 26, 14, 32
MM, 27, 15, 8
MM, 30, 16, 8
MM, 34, 18, 8
MM, 380, 558, 8
MM, 384, 559, 9
MM, 4, 22, 7
MM, 9, 24, 8
MM, 16, 26, 8
MM, 25, 29, 8
MM, 32, 30, 8
MM, 425, 572, 9
MM, 432, 574, 8
MM, 5, 0, 8
MM, 9, 1, 7
MM, 12, 1, 8
MM, 14, 1, 8
MM, 15, 1, 24
MM, 16, 1, 9
MM, 18, 1, 7
MM, 23, 2, 9
MM, 29, 2, 8
MM, 34, 4, 7
MM, 474, 582, 8
MM, 6, 8, 8
MM, 10, 10, 8
MM, 12, 11, 9
MM, 13, 11, 71
MM, 14, 11, 17
MM, 15, 10, 15
MM, 16, 10, 25
MM, 17, 10, 16
MM, 18, 10, 7
MM, 19, 10, 8
MM, 20, 10, 8
MM, 22, 10, 9
MM, 25, 10, 8
MM, 26, 10, 8
MM, 27, 10, 8
MM, 29, 10, 16
MM, 33, 10, 7
MM, 511, 586, 9
MM, 514, 587, 7
MM, 2, 11, 8
MM, 6, 12, 8
MM, 9, 13, 9
MM, 11, 13, 7
MM, 13, 13, 8
MC, 1, 288
MM, 13, 12, 56
MM, 12, 10, 8
MM, 12, 9, 8
MM, 12, 7, 8
MM, 12, 5, 8
MM, 12, 4, 9
MM, 11, 2, 8
MM, 11, 0, 8
MM, 525, 573, 7
MM, 525, 572, 8
MM, 524, 570, 8
MM, 12, 28, 8
MM, 10, 27, 8
MM, 10, 25, 9
MM, 9, 24, 24
MM, 9, 23, 15
MM, 9, 22, 8
MM, 9, 20, 64
MM, 8, 19, 25
MM, 8, 18, 24
MM, 8, 17, 23
MM, 8, 16, 8
MC, 1, 160
MM, 7, 14, 48
MM, 6, 13, 16
MM, 1, 11, 8
MM, 509, 549, 8
MM, 34, 7, 8
MM, 26, 5, 8
MM, 17, 0, 8
MM, 476, 533, 8
MM, 29, 28, 9
MM, 19, 25, 8
MM, 10, 20, 7
MM, 1, 17, 9
MM, 433, 517, 7
MM, 30, 13, 9
MM, 27, 12, 7
MM, 24, 12, 8
MM, 22, 12, 8
MM, 21, 12, 9
MM, 19, 11, 7
MM, 18, 10, 56
MM, 16, 9, 17
MM, 14, 8, 7
MM, 13, 7, 8
MM, 11, 6, 8
MM, 8, 6, 8
MM, 6, 5, 9
MM, 4, 3, 8
MC, 1, 263
MM, 4, 4, 89
MM, 5, 5, 15
MM, 6, 7, 24
MM, 7, 9, 8
MM, 7, 10, 17
MM, 7, 12, 8
MM, 9, 14, 8
MM, 9, 16, 7
MM, 9, 17, 8
MM, 10, 20, 8
MM, 10, 22, 8
MM, 10, 24, 8
MM, 10, 25, 9
MM, 10, 27, 79
MM, 10, 28, 16
MM, 10, 30, 8
MM, 407, 535, 8
MM, 407, 536, 9
MM, 22, 1, 8
MM, 22, 5, 7
MM, 22, 9, 9
MM, 21, 12, 7
MM, 21, 15, 8
MM, 21, 18, 8
MC, 1, 344
MM, 21, 21, 56
MM, 23, 21, 24
MM, 24, 21, 8
MM, 25, 22, 9
MM, 26, 23, 7
MM, 28, 24, 8
MM, 29, 25, 9
MM, 31, 26, 7
MM, 34, 28, 9
MM, 422, 569, 7
MM, 425, 572, 8
MM, 428, 574, 9
MM, 431, 577, 8
MM, 0, 2, 8
MM, 1, 4, 7
MM, 4, 6, 8
MM, 6, 7, 8
MM, 7, 9, 8
MM, 8, 10, 9
MM, 8, 11, 7
MM, 9, 11, 9
MM, 9, 12, 8
MM, 10, 13, 7
MM, 11, 14, 8
MM, 11, 15, 8
MM, 11, 16, 8
MM, 12, 17, 8
MM, 13, 19, 9
MM, 13, 20, 16
MM, 14, 21, 7
MM, 15, 24, 8
MM, 16, 26, 8
MM, 17, 27, 9
MM, 17, 28, 103
MM, 17, 29, 8
MM, 17, 30, 8
MM, 451, 609, 17
MM, 451, 610, 8
MM, 452, 611, 7
MM, 452, 612, 9
MM, 63, 0, 7
MM, 63, 3, 16
MM, 64, 4, 16
MM, 65, 6, 25
MM, 65, 7, 7
MM, 66, 7, 8
MM, 66, 8, 32
MM, 66, 9, 17
MM, 66, 10, 7
MM, 66, 12, 9
MM, 66, 13, 7
MM, 66, 15, 16
MM, 66, 16, 8
MM, 66, 20, 8
MC, 1, 296
MM, 67, 21, 15
MM, 67, 20, 16
MM, 67, 17, 9
MM, 67, 13, 8
MM, 66, 8, 7
MM, 65, 3, 9
MM, 63, 0, 8
MM, 452, 610, 8
MM, 16, 28, 8
MM, 15, 22, 8
MM, 14, 18, 7
MM, 12, 14, 9
MM, 12, 11, 7
MM, 12, 8, 9
MM, 12, 2, 7
MM, 448, 571, 8
MM, 23, 25, 8
MM, 27, 19, 8
MM, 29, 12, 9
MM, 33, 9, 8
MM, 35, 4, 8
MM, 36, 1, 8
MM, 464, 539, 8
MM, 465, 536, 8
MM, 466, 535, 8
MM, 467, 534, 16
MM, 467, 533, 16
MM, 28, 30, 8
MM, 30, 29, 8
MM, 31, 28, 104
MM, 32, 28, 8
MM, 33, 28, 9
MM, 35, 27, 7
MM, 477, 529, 8
MM, 480, 529, 8
MM, 0, 27, 8
MM, 3, 27, 8
MM, 5, 27, 8
MM, 7, 26, 8
MM, 9, 25, 9
MM, 10, 25, 7
MM, 11, 25, 9
MM, 11, 24, 23
MM, 11, 23, 25
MM, 12, 22, 7
MM, 13, 22, 8
MM, 13, 21, 8
MM, 14, 19, 8
MM, 15, 19, 8
MM, 16, 17, 8
MM, 17, 16, 17
MM, 17, 15, 7
MM, 18, 14, 8
MM, 19, 13, 8
MC, 1, 264
MM, 20, 13, 24
MM, 21, 13, 16
MM, 26, 14, 8
MM, 33, 18, 8
MM, 520, 523, 8
MM, 4, 24, 8
MM, 12, 29, 8
MM, 543, 535, 8
MM, 548, 537, 8
MM, 0, 0, 9
MM, 3, 1, 7
MM, 6, 3, 9
MM, 7, 4, 55
MM, 8, 4, 8
MM, 10, 6, 9
MM, 11, 6, 7
MM, 13, 7, 8
MM, 15, 8, 57
MM, 16, 9, 15
MM, 17, 10, 16
MM, 18, 11, 8
MM, 19, 12, 24
MM, 19, 13, 9
MC, 1, 222
MM, 18, 13, 33
MM, 16, 12, 8
MM, 15, 12, 9
MM, 11, 11, 7
MM, 5, 11, 8
MM, 551, 548, 8
MM, 29, 6, 8
MM, 17, 2, 8
MM, 516, 537, 9
MM, 505, 536, 8
MM, 495, 534, 8
MM, 487, 533, 8
MM, 0, 30, 7
MM, 477, 532, 9
MM, 35, 30, 7
MM, 33, 29, 8
MM, 31, 28, 9
MM, 28, 28, 7
MM, 27, 28, 9
MM, 24, 28, 7
MM, 22, 28, 8
MM, 20, 28, 8
MM, 17, 27, 8
MM, 16, 27, 17
MM, 15, 27, 48
MM, 12, 26, 7
MM, 11, 26, 9
MM, 10, 26, 7
MM, 7, 25, 9
MM, 5, 25, 7
MM, 3, 25, 8
MM, 2, 25, 16
MM, 1, 24, 113
MM, 437, 525, 15
MM, 436, 525, 8
MM, 435, 524, 8
MM, 35, 20, 8
MM, 32, 19, 9
MM, 28, 18, 8
MM, 27, 17, 7
MM, 26, 17, 9
MM, 23, 17, 7
MM, 22, 17, 9
MM, 21, 17, 7
MM, 20, 17, 8
MM, 19, 17, 9
MM, 16, 16, 8
MM, 14, 16, 8
MM, 9, 13, 15
MC, 1, 304
MM, 9, 14, 24
MM, 10, 17, 8
MM, 14, 22, 8
MM, 19, 29, 8
MM, 423, 539, 8
MM, 2, 7, 8
MM, 9, 17, 8
MM, 15, 25, 8
MM, 447, 571, 7
MM, 16, 1, 8
MM, 19, 6, 9
MM, 23, 8, 8
MM, 24, 10, 8
MM, 25, 10, 9
MM, 26, 11, 32
MM, 27, 12, 16
MM, 28, 13, 8
MM, 29, 15, 15
MM, 32, 18, 8
MM, 34, 21, 8
MM, 472, 600, 8
MM, 474, 603, 8
MM, 0, 30, 8
MM, 1, 30, 8
MM, 477, 607, 8
MM, 477, 608, 9
MM, 478, 609, 15
MM, 479, 610, 24
MM, 480, 611, 16
MM, 481, 612, 112
MM, 92, 0, 8
MM, 93, 1, 17
MM, 93, 2, 15
MM, 94, 4, 104
MM, 95, 6, 16
MM, 95, 7, 8
MM, 96, 8, 8
MM, 96, 10, 24
MM, 96, 11, 24
MM, 98, 13, 303
MM, 108, 11, 25
MM, 115, 9, 8
MM, 124, 6, 8
MM, 133, 3, 8
MM, 530, 612, 8
MM, 540, 607, 8
MM, 29, 29, 8
MM, 36, 26, 8
MM, 555, 600, 8
MM, 557, 599, 8
MM, 559, 599, 8
MM, 0, 21, 8
MM, 2, 21, 8
MM, 3, 21, 8
MM, 4, 21, 8
MM, 4, 20, 8
MM, 5, 20, 25
MM, 6, 20, 8
MM, 7, 20, 8
MM, 8, 20, 72
MC, 1, 223
MM, 9, 20, 32
MM, 10, 18, 8
MM, 11, 17, 8
MM, 14, 14, 8
MM, 18, 12, 8
MM, 22, 8, 8
MM, 24, 7, 8
MM, 26, 3, 8
MM, 28, 0, 9
MM, 590, 574, 8
MM, 592, 570, 8
MM, 594, 568, 7
MM, 596, 566, 8
MM, 0, 25, 8
MM, 2, 22, 8
MM, 4, 21, 8
MM, 5, 18, 8
MM, 6, 16, 8
MM, 7, 13, 8
MM, 9, 11, 8
MM, 11, 10, 8
MM, 13, 7, 8
MM, 15, 6, 8
MM, 18, 3, 8
MM, 20, 2, 9
MM, 26, 1, 7
MM, 29, 1, 8
MM, 32, 1, 8
MM, 32, 0, 113
MM, 33, 0, 7
MM, 631, 539, 8
MM, 633, 538, 9
MM, 634, 536, 15
MM, 635, 536, 8
MM, 637, 535, 8
MM, 637, 534, 8
MM, 639, 533, 8
MM, 640, 533, 8
MM, 641, 532, 8
MM, 642, 532, 16
MM, 642, 531, 8
MM, 643, 530, 8
MM, 0, 27, 9
MM, 1, 27, 7
MM, 1, 26, 16
MM, 2, 26, 8
MM, 3, 25, 8
MM, 4, 24, 24
MM, 4, 23, 32
MC, 1, 312
MC, 2, 208
MM, 3, 23, 104
MM, 1, 24, 8
MM, 642, 528, 8
MM, 638, 530, 9
MM, 22, 29, 7
MM, 622, 533, 9
MM, 613, 534, 7
MM, 606, 535, 8
MM, 598, 536, 8
MM, 594, 537, 8
MM, 588, 538, 8
MM, 27, 0, 8
MM, 22, 0, 8
MM, 15, 1, 9
MM, 5, 2, 7
MM, 551, 542, 9
MM, 29, 4, 7
MM, 20, 5, 8
MM, 11, 6, 8
MM, 2, 7, 8
MM, 508, 548, 9
MM, 33, 11, 7
MM, 31, 12, 8
MM, 28, 12, 9
MM, 27, 13, 7
MM, 26, 13, 8
MM, 25, 14, 8
MM, 24, 14, 8
MM, 19, 14, 17
MM, 18, 15, 8
MM, 13, 17, 8
MM, 10, 18, 7
MM, 9, 18, 8
MM, 5, 19, 8
MM, 2, 21, 8
MM, 469, 560, 9
MM, 468, 561, 8
MM, 467, 561, 7
MM, 465, 562, 9
MM, 464, 563, 15
MM, 36, 24, 97
MM, 32, 24, 16
MM, 29, 24, 7
MM, 27, 23, 8
MM, 23, 23, 8
MM, 18, 21, 8
MM, 14, 19, 9
MM, 11, 18, 8
MM, 10, 18, 7
MM, 9, 17, 8
MM, 9, 16, 80
MM, 9, 15, 8
MM, 9, 14, 8
MM, 9, 13, 8
MC, 1, 504
MM, 10, 11, 385
MM, 16, 11, 7
MM, 28, 15, 9
MM, 468, 557, 7
MM, 14, 23, 8
MM, 33, 27, 8
MM, 519, 571, 9
MM, 532, 575, 7
MM, 28, 3, 8
MM, 555, 580, 8
MM, 3, 4, 8
MM, 8, 5, 8
MM, 15, 7, 8
MM, 23, 7, 8
MM, 31, 8, 8
MM, 601, 585, 9
MM, 7, 10, 8
MM, 14, 11, 7
MM, 17, 11, 9
MM, 19, 11, 7
MM, 21, 11, 9
MM, 22, 11, 7
MM, 23, 11, 16
MM, 25, 11, 16
MM, 28, 11, 9
MM, 636, 588, 7
MM, 3, 13, 9
MM, 10, 14, 8
MM, 17, 16, 7
MM, 21, 18, 9
MM, 25, 18, 7
MM, 28, 18, 8
MM, 29, 18, 9
MM, 27, 20, 231
MM, 25, 20, 8
MM, 20, 20, 8
MM, 17, 20, 8
MM, 13, 20, 8
MM, 9, 20, 8
MM, 6, 20, 8
MM, 2, 19, 9
MM, 638, 595, 7
MM, 29, 18, 8
MM, 26, 18, 8
MM, 22, 17, 8
MM, 18, 16, 8
MM, 15, 16, 9
MM, 14, 16, 8
MM, 14, 15, 223
MM, 14, 14, 8
MM, 16, 14, 8
MM, 19, 14, 8
MM, 21, 14, 8
MM, 23, 14, 9
MM, 26, 14, 7
MM, 29, 14, 9
MM, 635, 590, 7
MM, 638, 590, 8
MM, 1, 14, 8
MM, 6, 14, 8
MM, 9, 14, 8
MM, 12, 13, 9
MM, 15, 12, 7
MC, 1, 456
MM, 13, 12, 521
MM, 11, 12, 7
MM, 8, 12, 8
MM, 6, 11, 24
MM, 5, 10, 57
MM, 3, 10, 8
MM, 1, 9, 7
MM, 638, 584, 8
MM, 635, 583, 8
MM, 27, 6, 8
MM, 22, 4, 9
MM, 15, 2, 8
MM, 10, 1, 8
MM, 609, 575, 8
MM, 604, 573, 7
MM, 598, 571, 8
MM, 593, 570, 8
MM, 33, 29, 8
MM, 26, 26, 8
MM, 19, 23, 8
MM, 10, 19, 8
MM, 553, 552, 8
MM, 31, 8, 8
MM, 21, 5, 8
MM, 14, 3, 8
MM, 518, 538, 8
MM, 513, 538, 8
MM, 508, 537, 8
MM, 504, 535, 8
MM, 501, 534, 9
MM, 499, 533, 7
MM, 14, 28, 8
MM, 9, 26, 9
MM, 5, 23, 7
MM, 0, 21, 8
MM, 476, 518, 8
MM, 31, 11, 8
MM, 25, 5, 8
MM, 457, 501, 8
MM, 449, 497, 11
MM, 5, 27, 5
MM, 438, 487, 8
MM, 433, 483, 8
MM, 429, 480, 8
MM, 32, 10, 9
MM, 31, 8, 8
MM, 27, 4, 7
MM, 414, 463, 8
MM, 414, 461, 8
MM, 414, 458, 8
MM, 414, 456, 8
MM, 416, 454, 8
MM, 419, 452, 8
MM, 424, 448, 8
MM, 165, 87, 8
MM, 169, 83, 8
MM, 175, 79, 8
MM, 254, 74, 57
MM, 273, 78, 7
MM, 287, 82, 8
MM, 307, 89, 8
MM, 587, 451, 8
MM, 600, 457, 8
MM, 611, 464, 9
MM, 18, 4, 7
MM, 28, 10, 9
MM, 34, 14, 7
MM, 641, 484, 8
MM, 643, 488, 8
MM, 2, 27, 8
MM, 650, 496, 9
MM, 10, 1, 8
MM, 13, 8, 7
MM, 19, 15, 8
MM, 26, 25, 8
MM, 679, 537, 8
MM, 6, 9, 8
MM, 15, 22, 8
MM, 704, 575, 8
MM, 713, 589, 8
MM, 721, 602, 8
MM, 731, 618, 8
MM, 742, 633, 8
MM, 752, 649, 8
MM, 764, 663, 10
MM, 777, 678, 6
MM, 788, 692, 8
MM, 872, 696, 336
MM, 872, 692, 8
MM, 872, 689, 8
MM, 871, 686, 8
MM, 871, 684, 9
MM, 871, 682, 8
MM, 871, 680, 7
MM, 871, 678, 8
MM, 28, 26, 8
MM, 28, 24, 48
MM, 28, 23, 16
MM, 29, 23, 8
MM, 29, 21, 8
MM, 30, 19, 9
MM, 30, 18, 7
MM, 31, 16, 8
MM, 31, 14, 8
MM, 31, 13, 8
MM, 31, 12, 8
MM, 31, 11, 8
MM, 31, 10, 8
MM, 32, 9, 360
MM, 31, 9, 16
MM, 28, 6, 8
MM, 23, 3, 8
MM, 859, 648, 8
MM, 848, 641, 8
MM, 833, 630, 8
MM, 813, 617, 8
MM, 787, 602, 8
MM, 763, 590, 9
MM, 740, 579, 7
MM, 717, 568, 8
MM, 17, 17, 8
MM, 675, 544, 8
MM, 651, 533, 8
MM, 25, 16, 8
MM, 5, 1, 8
MM, 28, 24, 8
MM, 10, 12, 8
MM, 555, 464, 8
MM, 533, 451, 8
MM, 250, 80, 8
MM, 231, 69, 8
MM, 216, 57, 9
MM, 205, 47, 7
MM, 195, 40, 8
