********************************************************************************
LOGGING TIME: 20161112_161659
CLIENT IP: 10.105.74.162
USERNAME: V.Uday
OS: Windows 8
**********************************Emotional database********************************************************************************
MM, 629, 692, 1477468750189
MM, 629, 681, 8
MM, 629, 669, 8
MM, 629, 657, 8
MM, 629, 647, 8
MM, 628, 633, 7
MM, 628, 620, 8
MM, 628, 607, 8
MM, 23, 18, 8
MM, 22, 3, 8
MM, 26, 27, 8
MM, 24, 14, 9
MM, 20, 2, 7
MM, 8, 30, 8
MM, 4, 21, 8
MM, 2, 14, 8
MM, 0, 6, 8
MM, 606, 501, 8
MM, 0, 29, 8
MM, 601, 487, 8
MM, 598, 477, 8
MM, 32, 4, 8
MM, 591, 459, 8
MM, 589, 449, 8
MM, 322, 84, 8
MM, 320, 78, 8
MM, 317, 71, 8
MM, 316, 66, 8
MM, 312, 58, 8
MM, 311, 54, 8
MM, 306, 48, 8
MM, 304, 42, 8
MM, 303, 38, 8
MM, 301, 34, 8
MM, 300, 31, 8
MM, 300, 29, 8
MM, 300, 26, 8
MM, 300, 24, 8
MM, 300, 23, 8
MM, 300, 18, 8
MM, 301, 15, 8
MM, 303, 11, 8
MM, 308, 2, 8
MM, 578, 353, 8
MM, 584, 346, 8
MM, 589, 336, 8
MM, 596, 328, 8
MM, 601, 323, 8
MM, 606, 317, 8
MM, 611, 311, 8
MM, 352, 77, 8
MM, 358, 70, 9
MM, 363, 63, 8
MM, 370, 56, 7
MM, 377, 48, 9
MM, 384, 42, 8
MM, 389, 37, 8
MM, 395, 32, 8
MM, 398, 30, 7
MM, 401, 26, 10
MM, 403, 25, 7
MM, 404, 24, 8
MM, 404, 27, 200
MM, 404, 30, 8
MM, 404, 32, 7
MM, 404, 34, 9
MM, 404, 37, 8
MM, 404, 39, 8
MM, 404, 42, 7
MM, 404, 44, 8
MM, 404, 46, 8
MM, 404, 47, 9
MM, 404, 48, 192
MM, 405, 48, 40
MM, 407, 48, 8
MM, 408, 46, 7
MM, 411, 45, 8
MM, 415, 43, 9
MM, 417, 42, 7
MM, 420, 41, 8
MM, 422, 40, 9
MM, 423, 39, 8
MM, 422, 40, 44559
MM, 416, 45, 8
MM, 408, 54, 8
MM, 397, 66, 8
MM, 384, 79, 9
MM, 636, 318, 8
MM, 622, 328, 8
MM, 603, 341, 8
MM, 588, 355, 8
MM, 309, 10, 8
MM, 292, 23, 8
MM, 280, 32, 8
MM, 269, 40, 8
MM, 259, 48, 7
MM, 251, 55, 9
MM, 242, 63, 8
MM, 232, 73, 7
MM, 224, 83, 8
MM, 481, 450, 8
MM, 475, 457, 9
MM, 470, 464, 8
MM, 27, 6, 8
MM, 24, 9, 7
MM, 23, 12, 9
MM, 21, 12, 7
MM, 20, 14, 9
MM, 20, 15, 8
MM, 19, 16, 16
MM, 19, 17, 16
MM, 17, 19, 7
MM, 16, 23, 9
MM, 15, 24, 8
MM, 15, 26, 7
MM, 14, 27, 8
MM, 13, 28, 8
MM, 11, 29, 9
MM, 11, 30, 7
MM, 449, 496, 9
MM, 448, 497, 8
MM, 447, 498, 9
MM, 446, 499, 6
MM, 445, 499, 8
MM, 445, 500, 408
MM, 445, 501, 9
MM, 6, 2, 16
MM, 7, 2, 80
MM, 9, 3, 7
MM, 10, 4, 8
MM, 12, 4, 8
MM, 13, 4, 73
MM, 17, 4, 8
MM, 24, 4, 8
MM, 29, 3, 8
MM, 33, 2, 8
MM, 35, 1, 8
MM, 476, 502, 8
MM, 477, 502, 8
MM, 478, 502, 152
MM, 1, 0, 8
MM, 9, 0, 8
MM, 21, 2, 8
MM, 33, 3, 8
MM, 4, 5, 8
MM, 17, 8, 8
MM, 27, 10, 8
MM, 32, 13, 8
MM, 29, 13, 167
MM, 26, 13, 8
MM, 23, 14, 8
MM, 26, 14, 121
MM, 27, 14, 8
MM, 29, 14, 8
MM, 31, 14, 8
MM, 32, 14, 8
MM, 34, 14, 16
MM, 559, 516, 8
MM, 561, 516, 7
MM, 562, 516, 16
MM, 563, 516, 8
MM, 0, 14, 57
MM, 1, 14, 16
MM, 3, 15, 8
MM, 4, 15, 7
MM, 5, 15, 9
MM, 8, 17, 8
MM, 10, 18, 7
MM, 11, 18, 9
MM, 12, 18, 8
MM, 13, 18, 16
MM, 14, 18, 8
MM, 16, 18, 8
MM, 18, 18, 8
MM, 18, 17, 8
MM, 20, 17, 8
MM, 22, 17, 8
MM, 23, 17, 8
MM, 24, 16, 15
MM, 25, 16, 33
MM, 26, 16, 8
MM, 27, 16, 16
MM, 30, 15, 8
MM, 33, 15, 8
MM, 603, 517, 8
MM, 4, 16, 8
MM, 11, 16, 8
MM, 17, 17, 8
MM, 20, 17, 8
MM, 22, 17, 16
MC, 1, 384
MM, 20, 17, 48
MM, 16, 17, 8
MM, 9, 16, 8
MM, 2, 15, 8
MM, 601, 517, 8
MM, 27, 14, 7
MM, 17, 14, 8
MM, 7, 13, 9
MM, 561, 512, 8
MM, 30, 10, 8
MM, 23, 10, 7
MM, 17, 10, 8
MM, 14, 10, 8
MM, 11, 10, 8
MM, 9, 10, 249
MM, 8, 10, 16
MM, 4, 10, 8
MM, 1, 10, 8
MM, 521, 512, 8
MM, 519, 512, 8
MM, 34, 10, 8
MM, 33, 10, 16
MM, 32, 10, 95
MM, 31, 11, 17
MM, 30, 11, 8
MM, 29, 11, 24
MM, 28, 11, 104
MM, 27, 11, 16
MM, 26, 11, 7
MM, 25, 12, 16
MC, 1, 280
MM, 24, 12, 57
MM, 23, 13, 8
MM, 21, 14, 8
MM, 17, 14, 8
MM, 13, 15, 7
MM, 7, 17, 8
MM, 2, 20, 8
MM, 479, 523, 8
MM, 35, 24, 9
MM, 31, 26, 8
MM, 26, 28, 8
MM, 21, 30, 8
MM, 456, 535, 8
MM, 451, 537, 8
MM, 20, 1, 8
MM, 15, 2, 8
MM, 10, 5, 8
MM, 7, 7, 8
MM, 5, 8, 8
MM, 3, 9, 8
MM, 3, 10, 8
MM, 2, 10, 8
MM, 1, 11, 56
MM, 0, 12, 7
MM, 426, 552, 17
MM, 424, 552, 8
MM, 423, 552, 8
MM, 33, 15, 8
MM, 31, 15, 8
MM, 30, 15, 8
MM, 27, 16, 8
MM, 25, 16, 7
MM, 22, 16, 9
MM, 21, 16, 8
MM, 18, 16, 8
MM, 14, 15, 8
MM, 13, 15, 8
MM, 10, 14, 8
MM, 8, 14, 8
MM, 6, 14, 8
MM, 9, 14, 288
MM, 12, 14, 8
MM, 13, 14, 7
MM, 15, 14, 8
MM, 16, 14, 9
MM, 17, 14, 8
MM, 18, 14, 7
MM, 19, 14, 8
MM, 20, 14, 8
MM, 21, 14, 8
MC, 1, 208
MM, 22, 14, 56
MM, 22, 15, 8
MM, 23, 19, 8
MM, 23, 23, 9
MM, 24, 28, 8
MM, 413, 574, 8
MM, 23, 6, 8
MM, 29, 16, 8
MM, 31, 25, 8
MM, 423, 610, 8
MM, 34, 1, 8
MM, 34, 3, 8
MM, 35, 4, 8
MM, 36, 5, 7
MM, 36, 6, 105
MM, 36, 7, 8
MM, 37, 9, 24
MC, 1, 215
MM, 37, 10, 24
MM, 36, 10, 9
MM, 35, 10, 8
MM, 34, 10, 8
MM, 32, 9, 7
MM, 30, 7, 8
MM, 28, 5, 9
MM, 24, 3, 7
MM, 21, 0, 9
MM, 407, 611, 8
MM, 403, 608, 8
MM, 8, 30, 8
MM, 6, 28, 8
MM, 4, 27, 8
MM, 0, 23, 8
MM, 0, 22, 8
MM, 389, 597, 8
MM, 389, 596, 8
MM, 388, 594, 8
MM, 388, 593, 8
MM, 387, 592, 7
MM, 386, 590, 9
MM, 385, 588, 8
MM, 34, 10, 8
MM, 32, 7, 8
MM, 31, 5, 24
MM, 29, 3, 24
MM, 28, 3, 8
MM, 28, 2, 8
MM, 27, 1, 8
MM, 26, 0, 8
MM, 375, 575, 8
MM, 374, 574, 7
MM, 374, 573, 9
MM, 373, 572, 8
MM, 26, 30, 8
MM, 25, 27, 8
MM, 22, 26, 8
MM, 20, 22, 8
MM, 18, 20, 7
MM, 16, 17, 9
MM, 15, 16, 8
MM, 15, 15, 8
MM, 14, 14, 8
MM, 14, 13, 8
MC, 1, 232
MM, 12, 11, 31
MM, 17, 11, 25
MM, 28, 11, 7
MM, 5, 12, 8
MM, 33, 13, 8
MM, 20, 18, 8
MM, 11, 21, 8
MM, 508, 560, 9
MM, 19, 21, 8
MM, 552, 560, 8
MM, 14, 21, 7
MM, 24, 21, 9
MM, 31, 20, 7
MM, 35, 20, 9
MM, 592, 559, 8
MM, 594, 559, 8
MM, 595, 559, 8
MM, 2, 18, 8
MM, 5, 17, 8
MM, 7, 17, 8
MM, 10, 17, 8
MM, 14, 17, 8
MM, 17, 17, 8
MM, 20, 17, 8
MM, 21, 17, 8
MM, 24, 17, 8
MM, 25, 17, 8
MM, 26, 17, 8
MM, 27, 17, 8
MM, 28, 17, 7
MM, 30, 17, 9
MM, 31, 17, 7
MM, 631, 556, 8
MM, 634, 556, 8
MM, 0, 17, 8
MM, 5, 17, 9
MM, 9, 17, 7
MM, 11, 17, 8
MM, 14, 16, 8
MM, 17, 15, 8
MM, 18, 15, 8
MM, 19, 15, 16
MM, 20, 14, 16
MM, 21, 14, 8
MM, 22, 13, 8
MM, 24, 13, 8
MM, 27, 13, 8
MM, 28, 13, 9
MM, 31, 12, 8
MM, 34, 12, 7
MM, 35, 12, 9
MM, 674, 551, 8
MM, 676, 551, 8
MM, 678, 551, 7
MM, 1, 12, 8
MM, 3, 12, 9
MM, 5, 12, 8
MM, 6, 12, 8
MM, 8, 12, 8
MC, 1, 303
MM, 8, 11, 25
MM, 6, 11, 7
MM, 1, 11, 8
MM, 35, 11, 9
MM, 29, 11, 7
MM, 21, 11, 8
MM, 10, 11, 8
MM, 632, 549, 9
MM, 20, 8, 7
MM, 0, 5, 8
MM, 25, 2, 8
MM, 12, 1, 8
MM, 1, 0, 8
MM, 33, 0, 8
MM, 24, 0, 8
MM, 16, 0, 9
MM, 7, 0, 7
MM, 507, 539, 9
MM, 29, 0, 8
MM, 21, 0, 8
MM, 14, 0, 8
MM, 6, 0, 7
MM, 468, 539, 8
MM, 34, 0, 8
MM, 453, 536, 9
MM, 448, 536, 8
MM, 443, 535, 8
MM, 439, 533, 7
MM, 433, 533, 8
MM, 430, 533, 9
MM, 31, 30, 7
MM, 29, 29, 8
MM, 27, 28, 9
MM, 24, 27, 16
MM, 21, 26, 8
MM, 20, 25, 16
MM, 18, 25, 8
MM, 16, 24, 8
MM, 15, 23, 8
MM, 13, 23, 8
MM, 10, 22, 8
MM, 9, 20, 8
MM, 8, 20, 8
MM, 5, 20, 7
MM, 2, 19, 9
MM, 1, 18, 16
MM, 0, 18, 8
MM, 395, 519, 7
MM, 395, 517, 8
MM, 393, 517, 9
MM, 38, 15, 8
MM, 35, 14, 8
MM, 32, 14, 8
MM, 30, 14, 8
MM, 28, 14, 8
MM, 26, 14, 8
MM, 25, 14, 72
MM, 24, 14, 8
MM, 23, 14, 8
MM, 18, 13, 8
MM, 15, 12, 15
MC, 1, 177
MM, 15, 16, 80
MM, 15, 18, 8
MM, 14, 21, 8
MM, 13, 24, 8
MM, 12, 28, 8
MM, 12, 30, 8
MM, 364, 534, 40
MM, 364, 535, 55
MM, 364, 537, 24
MM, 363, 538, 16
MM, 18, 1, 16
MM, 17, 2, 9
MC, 1, 239
MM, 17, 4, 72
MM, 18, 4, 17
MM, 20, 4, 8
MM, 23, 4, 7
MM, 27, 4, 8
MM, 33, 4, 8
MM, 382, 543, 8
MM, 5, 3, 8
MM, 15, 2, 9
MM, 24, 2, 8
MM, 30, 0, 7
MM, 425, 533, 9
MM, 437, 530, 8
MM, 6, 27, 8
MM, 13, 25, 8
MM, 21, 25, 7
MM, 28, 24, 9
MM, 476, 523, 7
MM, 481, 520, 9
MM, 8, 17, 8
MM, 12, 16, 8
MM, 16, 14, 8
MM, 22, 13, 8
MM, 24, 12, 8
MM, 27, 11, 8
MM, 30, 10, 8
MM, 31, 9, 8
MM, 32, 9, 8
MM, 33, 8, 8
MM, 34, 8, 64
MM, 517, 510, 8
MM, 518, 510, 8
MM, 519, 510, 8
MM, 522, 510, 8
MM, 2, 8, 8
MM, 4, 8, 8
MM, 7, 8, 8
MM, 10, 8, 8
MM, 11, 8, 8
MM, 12, 8, 7
MM, 13, 8, 161
MC, 1, 95
MM, 14, 8, 72
MM, 13, 8, 8
MM, 9, 10, 8
MM, 3, 14, 8
MM, 521, 518, 8
MM, 33, 19, 8
MM, 29, 22, 8
MM, 23, 26, 8
MM, 14, 30, 8
MM, 485, 536, 8
MM, 4, 1, 8
MM, 36, 5, 8
MM, 24, 9, 8
MM, 12, 14, 8
MM, 426, 555, 8
MM, 32, 20, 8
MM, 25, 22, 8
MM, 18, 24, 8
MM, 13, 25, 8
MM, 12, 26, 56
MM, 11, 26, 16
MM, 10, 25, 96
MM, 9, 23, 8
MM, 9, 22, 8
MM, 9, 20, 8
MM, 9, 19, 16
MM, 9, 17, 17
MM, 9, 16, 8
MM, 9, 14, 15
MC, 1, 192
MM, 11, 14, 72
MM, 13, 14, 8
MM, 17, 16, 8
MM, 20, 18, 8
MM, 25, 20, 8
MM, 30, 22, 8
MM, 34, 27, 8
MM, 424, 568, 8
MM, 428, 572, 8
MM, 430, 573, 8
MM, 433, 575, 8
MM, 1, 0, 8
MM, 4, 2, 8
MM, 6, 5, 8
MM, 7, 5, 8
MM, 8, 8, 8
MM, 8, 9, 8
MM, 9, 11, 8
MM, 9, 12, 8
MM, 10, 14, 8
MM, 11, 14, 40
MM, 11, 15, 8
MM, 13, 16, 16
MM, 14, 17, 8
MM, 14, 18, 8
MM, 16, 19, 8
MM, 18, 21, 8
MM, 19, 22, 8
MM, 23, 25, 8
MM, 24, 28, 8
MM, 460, 607, 8
MM, 462, 610, 8
MM, 464, 611, 8
MM, 74, 1, 8
MM, 75, 3, 16
MM, 77, 3, 8
MM, 78, 4, 8
MM, 78, 6, 64
MM, 80, 6, 24
MM, 80, 7, 40
MM, 80, 8, 41
MM, 80, 9, 8
MM, 81, 10, 9
MM, 82, 10, 7
MM, 83, 12, 8
MM, 84, 12, 8
MM, 85, 13, 8
MM, 85, 14, 8
MM, 86, 15, 8
MM, 86, 17, 8
MM, 86, 18, 8
MM, 87, 20, 8
MM, 87, 22, 8
MM, 87, 23, 15
MM, 87, 25, 193
MM, 88, 25, 24
MM, 88, 24, 24
MM, 89, 24, 8
MM, 89, 22, 8
MM, 89, 21, 8
MM, 89, 20, 8
MM, 90, 18, 8
MC, 1, 496
MM, 90, 17, 40
MM, 90, 16, 8
MM, 90, 12, 8
MM, 89, 10, 7
MM, 88, 8, 8
MM, 88, 5, 8
MM, 87, 2, 8
MM, 87, 1, 9
MM, 476, 611, 8
MM, 475, 609, 8
MM, 475, 607, 7
MM, 0, 29, 9
MM, 0, 26, 8
MM, 0, 24, 7
MM, 0, 22, 9
MM, 0, 21, 8
MM, 0, 19, 8
MM, 0, 18, 8
MM, 0, 17, 8
MM, 1, 14, 7
MM, 1, 12, 9
MM, 1, 9, 8
MM, 1, 8, 8
MM, 1, 6, 7
MM, 1, 4, 8
MM, 1, 3, 8
MM, 1, 1, 9
MM, 476, 575, 96
MM, 477, 574, 8
MM, 479, 573, 8
MM, 481, 571, 8
MM, 483, 570, 8
MM, 15, 29, 8
MM, 17, 28, 8
MM, 19, 28, 16
MM, 20, 27, 7
MM, 21, 27, 17
MM, 22, 27, 8
MM, 23, 26, 23
MM, 23, 25, 153
MM, 23, 24, 8
MM, 22, 22, 39
MM, 21, 21, 17
MM, 21, 20, 7
MM, 21, 19, 8
MM, 21, 17, 16
MM, 21, 16, 9
MC, 1, 175
MM, 21, 14, 41
MM, 22, 13, 7
MM, 25, 10, 8
MM, 30, 8, 8
MM, 507, 545, 8
MM, 3, 0, 9
MM, 528, 535, 8
MM, 540, 533, 7
MM, 29, 26, 9
MM, 563, 525, 7
MM, 5, 21, 8
MM, 11, 19, 9
MM, 14, 17, 8
MM, 15, 16, 8
MM, 17, 14, 8
MM, 18, 14, 8
MM, 18, 13, 8
MM, 19, 12, 8
MM, 20, 11, 15
MC, 1, 305
MM, 18, 12, 31
MM, 17, 15, 8
MM, 13, 19, 9
MM, 10, 22, 8
MM, 4, 30, 8
MM, 7, 3, 8
MM, 0, 10, 8
MM, 549, 555, 8
MM, 33, 21, 8
MM, 31, 25, 8
MM, 29, 28, 8
MM, 28, 29, 8
MM, 27, 29, 120
MM, 27, 30, 8
MM, 537, 571, 16
MM, 537, 572, 8
MM, 537, 573, 8
MM, 536, 574, 8
MM, 19, 0, 8
MM, 18, 4, 8
MM, 18, 5, 16
MM, 18, 6, 7
MM, 18, 7, 9
MM, 18, 8, 8
MM, 18, 9, 15
MM, 18, 12, 8
MM, 18, 13, 8
MM, 18, 14, 8
MM, 18, 15, 8
MC, 1, 184
MM, 17, 15, 25
MM, 16, 15, 8
MM, 15, 16, 8
MM, 12, 21, 8
MM, 11, 23, 8
MM, 11, 25, 7
MM, 10, 28, 8
MM, 525, 609, 9
MM, 134, 0, 8
MM, 133, 3, 8
MM, 132, 8, 8
MM, 129, 14, 7
MM, 126, 19, 9
MM, 123, 24, 7
MM, 120, 28, 8
MM, 510, 644, 9
MM, 509, 645, 15
MM, 508, 646, 9
MM, 508, 645, 303
MM, 119, 30, 8
MM, 119, 27, 9
MM, 120, 24, 8
MM, 122, 21, 7
MM, 122, 18, 9
MM, 122, 16, 8
MM, 123, 15, 8
MM, 123, 13, 8
MM, 124, 13, 8
MM, 124, 12, 8
MC, 1, 247
MM, 124, 11, 49
MM, 124, 8, 7
MM, 124, 2, 8
MM, 513, 608, 8
MM, 35, 24, 8
MM, 31, 16, 9
MM, 28, 7, 8
MM, 502, 573, 8
MM, 32, 28, 7
MM, 31, 21, 9
MM, 31, 14, 7
MM, 30, 6, 9
MM, 30, 0, 7
MM, 500, 535, 8
MM, 18, 30, 9
MM, 18, 27, 8
MM, 18, 23, 8
MM, 18, 21, 8
MM, 18, 20, 7
MC, 1, 320
MM, 19, 20, 41
MM, 21, 19, 8
MM, 23, 18, 8
MM, 28, 18, 8
MM, 519, 520, 8
MM, 8, 18, 8
MM, 20, 18, 8
MM, 33, 18, 8
MM, 3, 18, 8
MM, 14, 18, 8
MM, 23, 17, 8
MM, 28, 17, 8
MM, 35, 17, 7
MM, 604, 518, 9
MM, 606, 516, 7
MM, 1, 13, 9
MM, 2, 13, 8
MM, 3, 11, 8
MM, 4, 11, 8
MM, 6, 10, 8
MM, 7, 9, 8
MM, 8, 9, 7
MM, 8, 8, 9
MM, 10, 8, 7
MM, 12, 8, 8
MM, 14, 8, 8
MM, 17, 8, 9
MM, 20, 8, 7
MM, 22, 9, 9
MM, 24, 9, 8
MM, 26, 10, 8
MM, 27, 10, 72
MM, 28, 10, 8
MM, 638, 512, 8
MM, 640, 512, 8
MM, 642, 512, 7
MM, 0, 10, 9
MM, 1, 11, 8
MM, 3, 11, 8
MM, 5, 11, 8
MM, 7, 11, 8
MM, 9, 12, 8
MM, 10, 12, 8
MM, 11, 12, 7
MM, 13, 13, 9
MM, 14, 14, 16
MM, 16, 14, 24
MM, 16, 15, 8
MM, 17, 15, 8
MC, 1, 183
MM, 17, 16, 17
MM, 14, 17, 7
MM, 11, 20, 9
MM, 5, 22, 7
MM, 641, 528, 9
MM, 30, 28, 7
MM, 631, 534, 8
MM, 29, 1, 9
MM, 23, 7, 8
MM, 15, 14, 8
MM, 5, 21, 8
MM, 591, 568, 8
MM, 23, 0, 8
MM, 15, 7, 7
MM, 6, 13, 8
MM, 0, 17, 9
MM, 555, 596, 7
MM, 35, 21, 9
MM, 33, 24, 7
MM, 31, 24, 10
MM, 30, 24, 15
MM, 29, 25, 8
MM, 28, 25, 8
MM, 28, 26, 8
MM, 27, 27, 16
MM, 26, 27, 8
MM, 25, 27, 8
MM, 24, 28, 48
MM, 23, 29, 24
MM, 22, 29, 15
MM, 22, 30, 9
MM, 538, 607, 8
MM, 537, 608, 16
MM, 536, 611, 7
MM, 146, 1, 9
MM, 145, 4, 8
MM, 144, 5, 8
MM, 144, 6, 8
MM, 143, 8, 8
MM, 143, 9, 8
MM, 142, 10, 96
MC, 1, 159
MM, 141, 11, 8
MM, 140, 11, 9
MM, 138, 9, 8
MM, 136, 7, 8
MM, 131, 5, 8
MM, 125, 1, 8
MM, 510, 611, 7
MM, 23, 30, 8
MM, 12, 24, 8
MM, 3, 19, 9
MM, 34, 13, 8
MM, 26, 9, 8
MM, 17, 4, 8
MM, 442, 574, 7
MM, 435, 570, 9
MM, 2, 27, 8
MM, 424, 565, 8
MM, 424, 564, 8
MM, 422, 563, 8
MM, 422, 562, 47
MM, 422, 560, 9
MM, 422, 557, 8
MM, 421, 554, 8
MM, 33, 9, 8
MM, 28, 4, 7
MM, 25, 0, 9
MM, 408, 535, 8
MM, 9, 30, 8
MM, 7, 27, 8
MM, 6, 25, 8
MM, 4, 24, 8
MM, 2, 23, 7
MM, 1, 22, 9
MM, 396, 524, 8
MM, 395, 524, 8
MM, 394, 524, 7
MM, 391, 524, 8
MM, 37, 22, 8
MM, 33, 22, 9
MM, 29, 22, 8
MM, 27, 22, 8
MM, 24, 22, 8
MM, 21, 22, 7
MM, 19, 21, 185
MM, 19, 20, 56
MM, 19, 19, 16
MM, 19, 17, 7
MM, 20, 16, 9
MC, 1, 160
MM, 20, 15, 24
MM, 19, 15, 7
MM, 19, 16, 144
MM, 19, 18, 8
MM, 19, 19, 8
MM, 19, 21, 25
MM, 19, 22, 16
MM, 19, 24, 15
MM, 19, 25, 112
MM, 19, 26, 16
MM, 19, 27, 17
MM, 19, 28, 8
MM, 19, 29, 16
MM, 19, 30, 8
MM, 371, 533, 23
MM, 371, 535, 8
MM, 370, 536, 9
MM, 370, 537, 32
MM, 369, 538, 16
MM, 25, 0, 64
MM, 24, 2, 32
MM, 23, 3, 7
MM, 23, 4, 9
MM, 22, 5, 7
MM, 21, 6, 8
MC, 1, 241
MM, 21, 7, 47
MM, 22, 7, 9
MM, 24, 6, 8
MM, 27, 4, 7
MM, 30, 3, 9
MM, 379, 540, 7
MM, 386, 538, 9
MM, 397, 537, 7
MM, 404, 536, 8
MM, 411, 533, 9
MM, 19, 30, 8
MM, 24, 29, 7
MM, 28, 27, 9
MM, 29, 27, 8
MM, 31, 26, 8
MM, 33, 25, 7
MM, 35, 24, 8
MM, 434, 526, 8
MM, 436, 526, 8
MM, 438, 524, 8
MM, 1, 21, 9
MM, 4, 20, 8
MM, 6, 20, 8
MM, 9, 20, 7
MM, 12, 20, 8
MM, 15, 20, 9
MM, 16, 20, 8
MM, 18, 20, 16
MM, 20, 18, 7
MM, 21, 18, 9
MM, 22, 17, 7
MM, 23, 16, 8
MM, 24, 16, 8
MM, 26, 15, 8
MM, 28, 15, 8
MM, 29, 15, 8
MM, 30, 15, 9
MM, 32, 14, 7
MM, 33, 14, 8
MM, 34, 14, 9
MM, 35, 13, 8
MM, 476, 515, 8
MM, 478, 515, 8
MM, 480, 514, 7
MM, 0, 11, 9
MM, 1, 10, 8
MM, 3, 9, 7
MM, 4, 8, 9
MM, 6, 8, 8
MM, 7, 7, 8
MM, 8, 6, 8
MM, 10, 5, 23
MM, 11, 4, 24
MC, 1, 328
MM, 10, 5, 48
MM, 8, 9, 8
MM, 6, 11, 9
MM, 4, 14, 8
MM, 1, 19, 8
MM, 0, 24, 8
MM, 480, 533, 7
MM, 7, 0, 8
MM, 5, 7, 9
MM, 2, 12, 8
MM, 0, 16, 8
MM, 469, 559, 8
MM, 467, 562, 7
MM, 466, 563, 9
MM, 465, 564, 8
MM, 464, 564, 80
MM, 36, 26, 8
MM, 36, 27, 8
MM, 35, 27, 8
MM, 34, 28, 8
MM, 32, 29, 8
MM, 30, 30, 8
MM, 457, 570, 9
MM, 456, 571, 6
MM, 454, 575, 9
MM, 18, 0, 7
MM, 18, 1, 8
MM, 18, 3, 9
MM, 17, 4, 8
MM, 17, 5, 8
MM, 16, 6, 7
MM, 15, 7, 112
MM, 14, 7, 8
MM, 13, 7, 8
MM, 12, 7, 9
MM, 9, 7, 16
MM, 6, 7, 7
MM, 2, 7, 8
MM, 433, 582, 9
MM, 430, 582, 8
MM, 428, 582, 8
MM, 35, 6, 8
MM, 34, 6, 31
MM, 33, 6, 17
MM, 32, 6, 8
MM, 31, 6, 8
MM, 30, 7, 16
MM, 29, 7, 8
MM, 28, 7, 7
MM, 27, 8, 17
MM, 26, 10, 31
MM, 25, 10, 65
MM, 24, 10, 8
MM, 23, 10, 16
MM, 22, 10, 8
MM, 21, 10, 7
MM, 17, 10, 8
MM, 16, 10, 8
MM, 13, 11, 17
MM, 17, 11, 231
MM, 19, 11, 9
MM, 22, 11, 7
MM, 26, 11, 9
MM, 28, 11, 8
MM, 32, 10, 8
MM, 430, 584, 8
MM, 2, 5, 7
MM, 8, 3, 8
MM, 11, 2, 8
MM, 449, 575, 8
MM, 455, 574, 9
MM, 460, 572, 7
MM, 466, 570, 9
MM, 2, 30, 8
MM, 8, 27, 8
MM, 16, 26, 8
MM, 22, 25, 7
MM, 27, 23, 8
MM, 33, 23, 8
MM, 510, 562, 8
MM, 3, 23, 9
MM, 7, 23, 8
MM, 10, 23, 8
MM, 14, 23, 8
MM, 18, 23, 8
MM, 21, 23, 8
MM, 24, 23, 8
MM, 27, 23, 8
MM, 30, 23, 8
MM, 32, 23, 7
MM, 34, 23, 8
MM, 35, 23, 10
MM, 36, 23, 6
MM, 549, 561, 8
MM, 551, 561, 8
MM, 552, 561, 8
MM, 553, 560, 9
MM, 553, 559, 16
MM, 0, 20, 80
MM, 1, 20, 7
MM, 1, 19, 8
MM, 2, 19, 8
MM, 4, 18, 8
MM, 5, 17, 8
MM, 6, 16, 8
MM, 6, 15, 9
MM, 7, 15, 23
MM, 7, 14, 49
MM, 8, 14, 7
MM, 9, 13, 16
MC, 1, 296
MM, 5, 15, 73
MM, 3, 16, 8
MM, 3, 17, 8
MM, 2, 18, 7
MM, 1, 19, 8
MM, 553, 558, 8
MM, 552, 560, 9
MM, 548, 563, 8
MM, 35, 26, 8
MM, 34, 26, 8
MM, 29, 30, 8
MM, 537, 571, 7
MM, 532, 575, 8
MM, 12, 1, 9
MM, 8, 4, 8
MM, 5, 6, 8
MM, 2, 8, 8
MM, 515, 585, 8
MM, 514, 587, 8
MM, 513, 587, 24
MM, 512, 588, 15
MM, 511, 589, 9
MM, 35, 14, 7
MM, 34, 15, 9
MM, 32, 15, 8
MM, 31, 17, 8
MM, 30, 17, 7
MM, 28, 17, 8
MM, 23, 21, 8
MM, 21, 22, 8
MM, 20, 23, 9
MM, 19, 24, 8
MM, 18, 25, 16
MM, 13, 28, 8
MM, 12, 30, 8
MM, 11, 30, 8
MM, 10, 30, 8
MM, 481, 609, 7
MM, 479, 610, 9
MM, 477, 612, 8
MM, 85, 1, 8
MM, 81, 3, 7
MM, 79, 4, 9
MM, 77, 5, 8
MM, 73, 6, 7
MM, 71, 7, 8
MM, 70, 8, 9
MM, 69, 8, 8
MM, 68, 9, 16
MM, 67, 10, 40
MM, 66, 10, 176
MM, 66, 12, 24
MM, 66, 13, 96
MM, 67, 13, 8
MC, 1, 320
MM, 69, 13, 7
MM, 69, 11, 8
MM, 71, 9, 9
MM, 71, 7, 7
MM, 72, 4, 9
MM, 73, 1, 8
MM, 463, 609, 8
MM, 29, 27, 8
MM, 29, 20, 7
MM, 30, 15, 8
MM, 31, 8, 9
MM, 33, 2, 8
MM, 468, 574, 8
MM, 469, 571, 8
MM, 469, 568, 8
MM, 0, 25, 8
MM, 2, 21, 7
MM, 2, 17, 8
MM, 3, 14, 8
MM, 3, 12, 9
MM, 4, 9, 8
MM, 6, 7, 7
MM, 7, 4, 8
MM, 8, 2, 9
MM, 9, 0, 7
MM, 480, 538, 16
MM, 480, 537, 49
MM, 483, 534, 24
MM, 484, 533, 16
MM, 3, 30, 8
MM, 4, 28, 8
MM, 5, 27, 72
MM, 6, 26, 16
MM, 7, 25, 8
MM, 8, 24, 24
MM, 8, 23, 15
MM, 9, 22, 8
MM, 10, 21, 9
MM, 11, 20, 8
MM, 12, 19, 8
MM, 13, 19, 8
MC, 1, 400
MM, 14, 18, 96
MM, 16, 19, 8
MM, 22, 22, 7
MM, 29, 26, 8
MM, 517, 530, 8
MM, 520, 532, 8
MM, 523, 534, 8
MM, 525, 536, 9
MM, 17, 0, 8
MM, 20, 2, 8
MM, 21, 3, 8
MM, 24, 5, 7
MM, 26, 6, 8
MM, 29, 8, 8
MM, 32, 10, 9
MM, 548, 550, 8
MM, 0, 14, 8
MM, 3, 15, 8
MM, 5, 16, 8
MM, 7, 17, 8
MM, 9, 17, 8
MM, 10, 17, 32
MM, 11, 17, 7
MM, 12, 17, 8
MM, 13, 17, 24
MC, 1, 192
MM, 11, 17, 24
MM, 9, 16, 9
MM, 7, 16, 8
MM, 5, 15, 8
MM, 0, 13, 8
MM, 550, 552, 6
MM, 36, 13, 9
MM, 32, 12, 8
MM, 25, 10, 9
MM, 18, 7, 8
MM, 11, 4, 7
MM, 4, 1, 8
MM, 508, 537, 8
MM, 498, 534, 8
MM, 8, 30, 8
MM, 2, 29, 8
MM, 480, 530, 8
MM, 36, 27, 8
MM, 32, 25, 8
MM, 27, 25, 9
MM, 24, 24, 8
MM, 21, 22, 7
MM, 18, 21, 8
MM, 14, 21, 9
MM, 11, 19, 8
MM, 10, 18, 8
MM, 8, 18, 8
MM, 6, 17, 8
MM, 3, 16, 7
MM, 2, 14, 9
MM, 0, 12, 8
MM, 437, 514, 8
MM, 435, 514, 8
MM, 435, 513, 8
MM, 35, 11, 8
MM, 34, 11, 16
MM, 33, 11, 8
MM, 30, 11, 16
MM, 28, 10, 8
MM, 26, 10, 8
MM, 24, 10, 8
MM, 22, 10, 8
MM, 21, 10, 16
MC, 1, 256
MM, 19, 10, 64
MM, 16, 11, 15
MM, 14, 16, 9
MM, 13, 19, 8
MM, 13, 22, 7
MM, 13, 23, 8
MM, 12, 24, 97
MM, 12, 25, 23
MM, 12, 26, 9
MM, 11, 28, 16
MM, 11, 30, 7
MM, 407, 536, 9
MM, 406, 537, 8
MM, 406, 538, 8
MM, 19, 3, 8
MM, 17, 5, 8
MM, 17, 6, 7
MM, 17, 8, 9
MC, 1, 280
MM, 17, 7, 40
MM, 17, 4, 7
MM, 17, 1, 8
MM, 17, 0, 9
MM, 402, 536, 8
MM, 402, 533, 8
MM, 6, 29, 7
MM, 8, 26, 8
MM, 9, 24, 9
MM, 10, 22, 8
MM, 11, 19, 8
MM, 12, 17, 8
MM, 13, 16, 8
MM, 13, 14, 8
MC, 1, 256
MM, 13, 17, 71
MM, 13, 23, 9
MM, 13, 30, 8
MM, 25, 2, 8
MM, 25, 10, 8
MM, 25, 17, 8
MM, 26, 26, 8
MM, 412, 571, 8
MM, 415, 575, 8
MM, 26, 3, 8
MM, 29, 5, 8
MM, 30, 7, 7
MM, 31, 7, 8
MM, 31, 8, 80
MM, 32, 10, 9
MM, 34, 11, 9
MM, 428, 589, 7
MM, 431, 591, 8
MM, 432, 593, 8
MM, 0, 20, 7
MM, 0, 23, 8
MM, 1, 24, 8
MM, 3, 27, 9
MM, 5, 30, 8
MM, 440, 607, 8
MM, 441, 608, 8
MM, 442, 609, 8
MM, 443, 610, 7
MM, 444, 612, 8
MM, 445, 612, 9
MM, 56, 0, 8
MM, 56, 1, 8
MM, 58, 3, 8
MM, 59, 4, 16
MM, 60, 5, 71
MM, 61, 6, 32
MM, 62, 9, 25
MC, 1, 192
MM, 62, 6, 31
MM, 62, 4, 9
MM, 62, 2, 8
MM, 452, 612, 8
MM, 452, 608, 8
MM, 17, 30, 8
MM, 17, 27, 8
MM, 16, 25, 8
MM, 16, 24, 8
MM, 15, 23, 8
MM, 15, 22, 15
MM, 15, 21, 16
MM, 15, 20, 9
MM, 15, 19, 8
MM, 15, 18, 8
MM, 15, 17, 8
MM, 15, 16, 8
MM, 15, 15, 8
MM, 15, 14, 16
MC, 1, 200
MM, 15, 13, 40
MM, 16, 12, 8
MM, 17, 11, 7
MM, 18, 10, 8
MM, 19, 9, 9
MM, 21, 7, 7
MM, 23, 5, 8
MM, 26, 2, 8
MM, 465, 575, 9
MM, 471, 571, 8
MM, 5, 28, 8
MM, 10, 23, 8
MM, 15, 21, 8
MM, 21, 19, 7
MM, 26, 15, 8
MM, 30, 12, 9
MM, 505, 548, 8
MM, 0, 4, 8
MM, 6, 0, 8
MM, 523, 537, 8
MM, 529, 533, 8
MM, 9, 29, 7
MM, 14, 28, 9
MM, 19, 26, 8
MM, 23, 23, 8
MM, 25, 22, 8
MM, 27, 20, 8
MM, 29, 20, 8
MM, 29, 19, 7
MM, 30, 18, 8
MM, 31, 18, 9
MM, 32, 18, 8
MM, 34, 17, 15
MM, 558, 519, 8
MM, 560, 519, 8
MM, 563, 519, 9
MM, 1, 17, 7
MM, 2, 17, 8
MM, 3, 17, 8
MM, 4, 17, 16
MM, 5, 17, 9
MM, 7, 17, 8
MM, 8, 19, 16
MM, 11, 19, 8
MM, 13, 20, 8
MM, 16, 23, 7
MM, 20, 24, 8
MM, 25, 24, 9
MM, 29, 27, 7
MM, 34, 27, 9
MM, 603, 529, 8
MM, 606, 529, 8
MM, 3, 27, 7
MM, 5, 27, 9
MM, 6, 27, 8
MM, 9, 27, 8
MM, 9, 26, 8
MM, 10, 26, 8
MM, 11, 25, 8
MM, 12, 24, 8
MM, 13, 23, 16
MM, 14, 23, 8
MM, 15, 22, 8
MM, 16, 21, 16
MM, 16, 20, 7
MM, 17, 20, 17
MM, 17, 19, 16
MM, 18, 19, 88
MC, 1, 191
MM, 18, 18, 17
MM, 17, 18, 8
MM, 15, 19, 8
MM, 12, 21, 8
MM, 7, 22, 7
MM, 3, 23, 9
MM, 606, 525, 7
MM, 601, 526, 8
MM, 32, 26, 9
MM, 24, 26, 8
MM, 17, 26, 7
MM, 8, 26, 9
MM, 561, 528, 8
MM, 25, 25, 8
MM, 10, 24, 7
MM, 518, 525, 8
MM, 26, 22, 10
MM, 17, 21, 6
MM, 12, 21, 9
MM, 10, 21, 7
MM, 9, 21, 8
MM, 7, 21, 9
MM, 5, 21, 15
MM, 4, 21, 8
MM, 3, 21, 17
MM, 2, 21, 7
MM, 1, 22, 8
MM, 1, 23, 8
MM, 481, 525, 16
MM, 481, 526, 8
MM, 480, 526, 32
MM, 478, 528, 17
MM, 477, 528, 8
MM, 476, 529, 8
MM, 473, 533, 8
MM, 471, 534, 8
MM, 470, 535, 8
MM, 468, 536, 7
MM, 465, 541, 8
MM, 464, 542, 9
MM, 464, 543, 8
MM, 36, 4, 7
MM, 36, 5, 8
MM, 35, 5, 8
MM, 34, 7, 9
MM, 33, 8, 15
MM, 32, 8, 24
MM, 31, 9, 16
MM, 30, 10, 17
MM, 30, 11, 56
MM, 29, 11, 8
MM, 29, 12, 8
MM, 28, 12, 8
MM, 27, 12, 7
MM, 26, 13, 9
MM, 24, 13, 16
MM, 21, 13, 24
MC, 1, 224
MM, 19, 13, 40
MM, 18, 13, 8
MM, 16, 9, 8
MM, 13, 5, 8
MM, 11, 2, 8
MM, 8, 0, 8
MM, 434, 535, 8
MM, 34, 30, 8
MM, 33, 28, 8
MM, 30, 25, 8
MM, 30, 23, 8
MM, 29, 22, 7
MM, 28, 20, 9
MC, 1, 335
MM, 28, 19, 81
MM, 30, 18, 8
MM, 434, 519, 8
MM, 3, 17, 8
MM, 15, 17, 8
MM, 26, 17, 8
MM, 477, 519, 8
MM, 8, 17, 8
MM, 21, 17, 7
MM, 32, 17, 8
MM, 0, 17, 8
MM, 9, 17, 8
MM, 19, 17, 9
MM, 27, 17, 8
MM, 34, 17, 8
MM, 561, 519, 8
MM, 1, 17, 7
MM, 5, 17, 8
MM, 9, 17, 9
MM, 12, 16, 8
MM, 14, 16, 8
MM, 17, 16, 8
MM, 20, 16, 8
MM, 24, 16, 7
MM, 27, 16, 8
MM, 31, 16, 8
MM, 36, 16, 9
MM, 603, 518, 8
MM, 0, 17, 8
MM, 3, 17, 8
MM, 6, 17, 8
MM, 9, 17, 8
MM, 13, 17, 8
MM, 16, 17, 8
MM, 19, 17, 7
MM, 20, 17, 8
MM, 21, 17, 73
MM, 22, 17, 8
MM, 26, 17, 8
MM, 30, 18, 8
MM, 640, 520, 8
MM, 643, 520, 8
MM, 4, 18, 24
MM, 5, 18, 32
MM, 6, 18, 15
MM, 7, 17, 16
MM, 9, 16, 17
MM, 9, 14, 8
MM, 12, 13, 8
MM, 13, 13, 8
MM, 14, 11, 8
MC, 1, 184
MM, 12, 12, 31
MM, 11, 12, 8
MM, 4, 14, 8
MM, 641, 518, 9
MM, 26, 17, 8
MM, 17, 18, 8
MM, 7, 19, 8
MM, 36, 19, 7
MM, 16, 19, 8
MM, 560, 521, 8
MM, 18, 19, 8
MM, 0, 21, 9
MM, 23, 24, 8
MM, 8, 26, 8
MM, 478, 530, 8
MM, 27, 29, 7
MM, 16, 29, 8
MM, 9, 30, 8
MM, 3, 30, 8
MM, 0, 30, 9
MM, 437, 532, 8
MM, 436, 533, 8
MM, 435, 534, 8
MM, 434, 535, 32
MM, 433, 535, 48
MM, 431, 535, 16
MM, 428, 536, 7
MM, 427, 537, 8
MM, 426, 537, 8
MM, 35, 0, 8
MM, 32, 0, 8
MM, 28, 1, 8
MM, 26, 3, 9
MM, 22, 4, 7
MM, 18, 5, 9
MM, 16, 8, 8
MM, 13, 9, 8
MM, 10, 11, 7
MC, 1, 344
MM, 11, 11, 73
MM, 12, 11, 7
MM, 17, 12, 8
MM, 20, 12, 9
MM, 25, 13, 8
MM, 28, 14, 8
MM, 31, 15, 7
MM, 35, 15, 8
MM, 426, 555, 9
MM, 3, 16, 8
MM, 7, 17, 8
MM, 13, 19, 8
MM, 19, 19, 8
MM, 25, 20, 7
MM, 28, 20, 8
MM, 33, 21, 9
MM, 36, 22, 8
MM, 465, 561, 7
MM, 468, 561, 8
MM, 0, 23, 8
MM, 1, 23, 8
MM, 3, 23, 8
MM, 6, 23, 32
MM, 17, 25, 0
MM, 21, 25, 8
MM, 26, 26, 8
MM, 31, 28, 9
MM, 506, 567, 7
MM, 510, 569, 9
MM, 513, 571, 7
MM, 518, 572, 8
MM, 522, 573, 8
MM, 525, 573, 8
MM, 530, 575, 9
MM, 16, 0, 7
MM, 19, 1, 9
MM, 22, 1, 8
MM, 27, 2, 7
MM, 33, 3, 9
MM, 555, 579, 7
MM, 0, 4, 9
MM, 4, 4, 8
MM, 8, 4, 8
MM, 11, 5, 8
MM, 12, 6, 8
MM, 16, 7, 8
MM, 18, 8, 8
MM, 19, 9, 7
MM, 21, 9, 8
MM, 22, 9, 9
MM, 23, 11, 8
MM, 26, 12, 8
MM, 28, 13, 8
MM, 31, 15, 8
MM, 34, 16, 8
MM, 36, 17, 8
MM, 598, 595, 8
MM, 601, 596, 8
MM, 1, 21, 8
MM, 3, 23, 8
MM, 5, 25, 8
MM, 7, 26, 8
MM, 10, 29, 8
MM, 13, 30, 8
MM, 617, 608, 8
MM, 620, 610, 7
MM, 621, 611, 8
MM, 624, 612, 8
MM, 625, 614, 8
MM, 627, 615, 9
MM, 629, 617, 7
MM, 631, 618, 8
MM, 632, 618, 8
MM, 634, 618, 9
MM, 636, 618, 63
MM, 637, 618, 25
MM, 639, 618, 72
MM, 639, 617, 8
MM, 640, 617, 8
MM, 640, 616, 8
MM, 642, 615, 8
MM, 643, 613, 8
MM, 644, 611, 7
MM, 644, 609, 8
MM, 646, 607, 8
MM, 7, 28, 8
MM, 8, 26, 9
MM, 10, 24, 8
MM, 10, 22, 8
MM, 11, 21, 9
MM, 12, 20, 6
MM, 12, 19, 73
MM, 12, 17, 16
MM, 13, 16, 15
MM, 13, 14, 17
MC, 1, 223
MM, 13, 13, 33
MM, 12, 13, 16
MM, 7, 13, 7
MM, 5, 13, 8
MM, 2, 14, 9
MM, 639, 591, 8
MM, 636, 591, 8
MM, 634, 592, 8
MM, 27, 17, 8
MM, 24, 18, 8
MM, 18, 19, 8
MM, 13, 19, 8
MM, 7, 20, 8
MM, 0, 20, 8
MM, 599, 596, 8
MM, 33, 21, 8
MM, 28, 22, 7
MM, 22, 23, 9
MM, 18, 25, 8
MM, 15, 26, 8
MM, 10, 29, 8
MM, 6, 29, 8
MM, 2, 30, 8
MM, 559, 608, 8
MM, 557, 609, 8
MM, 556, 610, 8
MM, 554, 611, 8
MM, 550, 612, 7
MM, 159, 0, 8
MM, 157, 0, 10
MM, 153, 3, 7
MM, 151, 4, 8
MM, 147, 5, 8
MM, 142, 7, 8
MM, 139, 8, 8
MM, 136, 8, 7
MM, 133, 8, 8
MM, 130, 8, 8
MM, 128, 8, 8
MM, 127, 8, 97
MM, 126, 8, 9
MM, 122, 10, 7
MM, 120, 11, 8
MM, 118, 11, 8
MM, 117, 11, 8
MM, 115, 11, 232
MM, 114, 11, 7
MM, 113, 12, 9
MM, 112, 12, 8
MC, 1, 296
MM, 112, 11, 55
MM, 112, 8, 9
MM, 112, 4, 8
MM, 501, 612, 7
MM, 501, 608, 9
MM, 26, 29, 7
MM, 26, 27, 9
MM, 26, 24, 8
MM, 26, 22, 8
MM, 26, 20, 8
MM, 27, 18, 8
MM, 28, 16, 8
MM, 30, 12, 7
MM, 34, 9, 8
MM, 511, 581, 8
MM, 516, 579, 8
MM, 519, 575, 9
MM, 523, 570, 8
MM, 15, 28, 7
MM, 16, 25, 8
MM, 18, 25, 9
MM, 18, 23, 8
MM, 19, 22, 16
MM, 19, 21, 31
MM, 19, 20, 8
MM, 19, 19, 8
MM, 20, 19, 8
MM, 21, 18, 128
MM, 22, 17, 17
MM, 24, 16, 16
MM, 26, 15, 8
MM, 28, 14, 8
MM, 29, 14, 8
MM, 32, 13, 8
MM, 33, 13, 7
MM, 36, 13, 8
MM, 550, 552, 9
MM, 551, 552, 8
MM, 0, 13, 8
MM, 1, 13, 8
MM, 3, 13, 8
MM, 5, 13, 7
MM, 8, 13, 8
MM, 10, 13, 8
MM, 12, 13, 8
MM, 14, 13, 9
MM, 15, 13, 8
MM, 18, 13, 8
MM, 21, 13, 8
MM, 23, 13, 8
MM, 25, 13, 7
MM, 26, 13, 8
MM, 27, 13, 9
MM, 28, 13, 16
MC, 1, 272
MM, 29, 12, 96
MM, 30, 8, 8
MM, 32, 5, 8
MM, 34, 3, 8
MM, 36, 0, 8
MM, 594, 536, 8
MM, 31, 30, 8
MM, 35, 27, 8
MM, 604, 525, 8
MM, 606, 521, 8
MM, 2, 16, 8
MM, 4, 15, 8
MM, 5, 14, 8
MM, 6, 13, 8
MC, 1, 264
MM, 5, 14, 55
MM, 2, 15, 9
MM, 0, 15, 7
MM, 606, 517, 9
MM, 601, 522, 8
MM, 31, 22, 8
MM, 22, 24, 8
MM, 15, 26, 7
MM, 6, 28, 9
MM, 559, 531, 8
MM, 23, 30, 8
MM, 534, 533, 7
MM, 522, 536, 8
MM, 510, 538, 8
MM, 26, 0, 9
MM, 17, 2, 7
MM, 7, 2, 8
MM, 0, 3, 8
MM, 464, 542, 9
MM, 31, 3, 8
MM, 29, 4, 7
MM, 27, 4, 8
MM, 25, 4, 9
MM, 23, 4, 8
MM, 23, 5, 8
MM, 22, 5, 8
MM, 21, 6, 7
MM, 18, 6, 9
MM, 16, 6, 8
MM, 16, 7, 8
MM, 12, 8, 8
MM, 9, 8, 7
MM, 7, 10, 8
MM, 5, 10, 9
MM, 4, 10, 8
MM, 3, 10, 8
MM, 2, 10, 16
MM, 1, 10, 7
MM, 0, 10, 8
MM, 426, 549, 33
MM, 425, 549, 8
MM, 425, 550, 8
MM, 424, 551, 8
MM, 422, 551, 16
MM, 421, 551, 15
MM, 35, 13, 9
MM, 34, 13, 7
MM, 33, 13, 9
MM, 31, 14, 7
MM, 26, 14, 8
MM, 23, 14, 8
MM, 21, 14, 9
MM, 18, 15, 8
MM, 16, 15, 8
MM, 15, 15, 8
MM, 13, 15, 8
MM, 12, 15, 7
MM, 11, 15, 9
MM, 10, 15, 15
MM, 9, 15, 8
MC, 1, 177
MM, 6, 15, 48
MM, 7, 15, 23
MM, 8, 15, 9
MM, 12, 17, 8
MM, 18, 19, 8
MM, 23, 21, 8
MM, 27, 23, 8
MM, 32, 26, 8
MM, 35, 28, 8
MM, 423, 569, 8
MM, 424, 571, 8
MM, 425, 573, 8
MM, 427, 574, 7
MM, 428, 577, 9
MM, 430, 579, 7
MM, 431, 581, 8
MM, 431, 582, 9
MM, 433, 585, 8
MM, 0, 11, 8
MM, 0, 13, 8
MM, 1, 16, 8
MM, 3, 18, 8
MM, 3, 21, 8
MM, 4, 24, 8
MM, 5, 28, 8
MM, 6, 30, 8
MM, 440, 609, 8
MM, 441, 611, 7
MM, 442, 612, 9
MM, 52, 0, 7
MM, 53, 1, 88
MM, 53, 3, 41
MM, 54, 4, 32
MM, 55, 6, 24
MM, 55, 7, 16
MC, 1, 247
MM, 55, 8, 17
MM, 55, 6, 15
MM, 55, 2, 8
MM, 445, 612, 9
MM, 445, 608, 7
MM, 10, 29, 8
MM, 10, 26, 8
MM, 8, 20, 8
MM, 5, 15, 8
MM, 4, 12, 9
MM, 2, 10, 8
MM, 2, 9, 7
MM, 2, 8, 8
MM, 2, 6, 9
MM, 0, 5, 8
MM, 0, 4, 7
MM, 0, 2, 8
MM, 432, 577, 9
MM, 431, 574, 8
MM, 430, 572, 8
MM, 429, 570, 8
MM, 1, 30, 7
MM, 0, 27, 9
MM, 426, 564, 15
MM, 425, 563, 9
MM, 424, 560, 8
MM, 424, 559, 7
MM, 423, 557, 9
MM, 423, 556, 7
MM, 422, 554, 9
MM, 422, 552, 7
MM, 421, 550, 8
MM, 35, 10, 9
MM, 35, 8, 8
MM, 34, 6, 8
MM, 33, 4, 7
MM, 32, 2, 9
MM, 31, 0, 8
MM, 416, 538, 8
MM, 416, 537, 8
MM, 415, 536, 8
MM, 415, 534, 16
MM, 415, 533, 15
MM, 17, 29, 8
MM, 17, 26, 8
MM, 16, 24, 10
MM, 16, 23, 7
MM, 16, 21, 8
MM, 16, 20, 15
MM, 16, 19, 9
MM, 16, 18, 16
MM, 16, 17, 7
MM, 16, 16, 16
MC, 1, 177
MM, 15, 16, 56
MM, 11, 19, 8
MM, 8, 24, 8
MM, 4, 30, 8
MM, 397, 538, 8
MM, 8, 6, 8
MM, 5, 14, 8
MM, 1, 20, 8
MM, 383, 565, 8
MM, 382, 569, 8
MM, 379, 570, 8
MM, 379, 571, 7
MM, 379, 572, 41
MM, 378, 573, 8
MM, 378, 574, 15
MM, 377, 575, 8
MM, 26, 1, 8
MM, 25, 2, 9
MM, 23, 3, 8
MM, 23, 5, 7
MM, 22, 6, 89
MM, 21, 7, 8
MM, 21, 8, 8
MM, 21, 9, 7
MM, 20, 9, 8
MM, 20, 10, 97
MC, 1, 95
MM, 20, 11, 41
MM, 21, 11, 8
MM, 23, 9, 7
MM, 27, 7, 8
MM, 33, 4, 8
MM, 2, 2, 9
MM, 15, 0, 8
MM, 424, 572, 8
MM, 447, 570, 8
MM, 3, 27, 8
MM, 23, 25, 7
MM, 0, 22, 8
MM, 15, 20, 8
MM, 29, 15, 8
MM, 0, 12, 9
MM, 11, 8, 7
MM, 22, 5, 11
MM, 31, 3, 6
MM, 594, 539, 8
MM, 599, 538, 7
MM, 604, 536, 9
MM, 607, 535, 8
MM, 610, 535, 7
MM, 613, 534, 9
MM, 11, 30, 8
MM, 15, 29, 8
MM, 22, 29, 7
MM, 26, 28, 8
MM, 30, 28, 8
MM, 641, 530, 9
MM, 0, 28, 8
MM, 2, 28, 8
MM, 4, 28, 8
MM, 5, 28, 8
MM, 6, 27, 8
MM, 7, 27, 8
MM, 8, 26, 8
MM, 10, 26, 8
MM, 13, 26, 8
MM, 16, 25, 8
MM, 21, 25, 8
MM, 26, 24, 8
MM, 29, 23, 8
MM, 31, 23, 8
MM, 34, 23, 7
MM, 35, 23, 81
MM, 36, 22, 23
MM, 681, 524, 9
MM, 683, 524, 8
MM, 685, 523, 7
MM, 686, 523, 8
MM, 0, 21, 8
MM, 3, 19, 9
MM, 5, 18, 7
MM, 7, 18, 9
MM, 8, 16, 8
MM, 10, 16, 8
MM, 6, 16, 272
MM, 1, 17, 7
MM, 682, 521, 8
MM, 33, 21, 9
MM, 26, 22, 8
MM, 18, 22, 7
MM, 8, 24, 9
MM, 640, 528, 8
MM, 18, 27, 7
MM, 4, 29, 8
MM, 599, 533, 8
MM, 585, 535, 8
MM, 572, 536, 8
MM, 559, 537, 9
MM, 548, 539, 8
MM, 26, 0, 8
MM, 17, 1, 8
MM, 9, 1, 7
MM, 2, 1, 8
MM, 509, 540, 9
MM, 507, 540, 7
MM, 506, 540, 9
MM, 34, 1, 7
MM, 33, 1, 8
MM, 31, 0, 9
MM, 30, 0, 8
MM, 500, 538, 7
MM, 498, 537, 8
MM, 495, 535, 8
MM, 492, 534, 8
MM, 9, 30, 9
MM, 6, 30, 7
MM, 5, 28, 8
MM, 4, 27, 9
MM, 3, 27, 8
MM, 1, 26, 31
MM, 0, 26, 16
MM, 480, 527, 9
MM, 478, 526, 8
MM, 476, 525, 16
MM, 36, 22, 8
MM, 34, 22, 8
MM, 34, 21, 15
MM, 33, 20, 17
MM, 32, 19, 16
MM, 30, 18, 8
MM, 29, 17, 16
MM, 28, 17, 8
MM, 27, 16, 176
MC, 1, 143
MM, 25, 16, 40
MM, 21, 16, 8
MM, 16, 16, 8
MM, 12, 16, 9
MM, 4, 15, 8
MM, 437, 515, 8
MM, 434, 515, 8
MM, 33, 12, 8
MM, 30, 12, 8
MM, 28, 12, 8
MM, 26, 12, 8
MM, 23, 12, 8
MC, 1, 295
MM, 21, 12, 57
MM, 20, 13, 8
MM, 18, 16, 8
MM, 17, 18, 8
MM, 15, 20, 8
MM, 15, 23, 8
MM, 13, 27, 8
MM, 12, 29, 8
MM, 408, 534, 8
MM, 406, 536, 8
MM, 406, 538, 8
MM, 20, 0, 16
MM, 20, 2, 15
MM, 20, 3, 33
MM, 19, 3, 8
MM, 19, 4, 7
MM, 19, 5, 9
MM, 18, 7, 8
MM, 18, 8, 8
MM, 18, 11, 16
MM, 17, 13, 8
MM, 17, 15, 16
MC, 1, 279
MC, 2, 169
MM, 18, 14, 80
MM, 23, 12, 8
MM, 27, 9, 8
MM, 34, 7, 8
MM, 0, 4, 7
MM, 8, 1, 8
MM, 446, 537, 9
MM, 21, 30, 8
MM, 34, 28, 8
MM, 6, 26, 8
MM, 23, 24, 7
MM, 0, 22, 9
MM, 18, 19, 8
MM, 32, 17, 8
MM, 1, 15, 8
MM, 11, 15, 7
MM, 17, 15, 9
MM, 22, 15, 8
MM, 24, 15, 7
MM, 24, 14, 9
MM, 26, 14, 8
MM, 27, 14, 63
MM, 29, 13, 8
MM, 31, 12, 8
MM, 34, 12, 9
MM, 35, 12, 8
MM, 601, 514, 8
MM, 602, 514, 8
MM, 605, 514, 8
MM, 0, 12, 7
MM, 1, 12, 8
MM, 3, 11, 81
MM, 4, 11, 8
MM, 6, 11, 15
MM, 8, 11, 8
MM, 11, 11, 9
MM, 14, 11, 8
MM, 16, 11, 7
MC, 1, 256
MM, 17, 11, 33
MM, 18, 11, 15
MM, 20, 11, 8
MM, 24, 11, 8
MM, 28, 11, 9
MM, 638, 513, 8
MM, 642, 513, 8
MM, 0, 11, 7
MM, 2, 11, 9
MM, 5, 11, 8
MM, 7, 11, 8
MM, 8, 11, 8
MM, 10, 11, 8
MM, 11, 12, 8
MM, 12, 12, 8
MM, 13, 12, 8
MM, 15, 13, 8
MM, 22, 14, 24
MM, 26, 16, 8
MM, 27, 16, 8
MC, 1, 216
MM, 27, 17, 24
MM, 26, 18, 23
MM, 22, 19, 8
MM, 20, 20, 9
MM, 18, 21, 8
MM, 16, 21, 8
MM, 15, 21, 8
MM, 14, 21, 8
MM, 13, 22, 8
MM, 12, 22, 8
MM, 11, 22, 16
MM, 10, 22, 8
MM, 6, 24, 8
MM, 4, 25, 8
MM, 0, 26, 8
MM, 639, 528, 7
MM, 28, 27, 8
MM, 24, 29, 8
MM, 626, 533, 9
MM, 622, 534, 7
MM, 619, 536, 8
MM, 617, 538, 9
MM, 614, 538, 7
MM, 15, 0, 8
MM, 14, 1, 8
MM, 13, 2, 8
MM, 13, 3, 9
MM, 11, 3, 8
MM, 11, 5, 8
MM, 9, 5, 8
MM, 9, 7, 7
MM, 9, 8, 9
MM, 7, 9, 8
MM, 6, 9, 8
MM, 5, 11, 8
MM, 5, 12, 7
MM, 1, 16, 9
MM, 0, 18, 8
MM, 595, 558, 8
MM, 594, 559, 8
MM, 33, 25, 7
MM, 31, 27, 9
MM, 29, 29, 7
MM, 27, 30, 9
MM, 581, 570, 8
MM, 581, 572, 7
MM, 579, 572, 9
MM, 579, 573, 7
MM, 578, 573, 9
MM, 577, 574, 8
MM, 576, 574, 15
MM, 576, 575, 8
MM, 575, 575, 8
MM, 13, 0, 9
MM, 12, 1, 8
MM, 10, 1, 8
MM, 9, 1, 8
MM, 9, 2, 7
MM, 7, 2, 8
MM, 6, 3, 8
MM, 2, 4, 9
MM, 1, 5, 7
MM, 0, 5, 9
MM, 559, 581, 8
MM, 558, 581, 16
MM, 556, 581, 8
MM, 556, 582, 8
MM, 555, 583, 24
MM, 554, 583, 15
MM, 36, 7, 8
MM, 35, 7, 16
MM, 34, 7, 9
MM, 33, 8, 8
MM, 32, 8, 8
MM, 31, 8, 8
MM, 30, 9, 7
MM, 28, 10, 8
MM, 25, 11, 265
MM, 23, 11, 7
MM, 21, 10, 16
MM, 19, 9, 9
MM, 18, 9, 8
MM, 15, 8, 8
MM, 12, 6, 7
MM, 7, 5, 8
MM, 3, 4, 8
MM, 514, 579, 9
MM, 32, 0, 8
MM, 500, 574, 8
MM, 494, 572, 8
MM, 486, 571, 8
MM, 482, 571, 8
MM, 476, 570, 8
MM, 1, 30, 8
MM, 466, 568, 8
MM, 35, 29, 8
MM, 31, 29, 8
MM, 28, 28, 8
MM, 26, 28, 7
MM, 21, 27, 9
MM, 18, 27, 7
MM, 12, 26, 9
MM, 9, 25, 8
MM, 6, 25, 8
MM, 4, 24, 8
MM, 2, 23, 8
MM, 1, 22, 15
MM, 0, 22, 9
MM, 426, 560, 200
MM, 424, 560, 8
MM, 423, 559, 8
MM, 34, 19, 8
MM, 31, 17, 8
MM, 28, 17, 8
MM, 25, 17, 8
MM, 22, 16, 8
MM, 20, 16, 8
MC, 1, 295
MM, 21, 17, 81
MM, 24, 20, 8
MM, 26, 22, 9
MM, 28, 24, 7
MM, 32, 27, 8
MM, 419, 570, 8
MM, 420, 573, 7
MM, 34, 2, 9
MM, 429, 584, 8
MM, 432, 588, 8
MM, 1, 18, 8
MM, 3, 22, 8
MM, 5, 24, 7
MM, 7, 26, 9
MM, 8, 27, 8
MM, 8, 28, 7
MM, 9, 30, 49
MM, 10, 30, 8
MM, 444, 607, 8
MM, 445, 608, 16
MM, 445, 609, 7
MM, 445, 611, 9
MM, 55, 0, 8
MM, 56, 2, 8
MM, 58, 4, 8
MM, 58, 7, 7
MM, 58, 10, 8
MM, 59, 12, 8
MC, 1, 249
MM, 57, 11, 23
MM, 55, 9, 16
MM, 54, 7, 8
MM, 53, 6, 9
MM, 51, 2, 7
MM, 438, 612, 8
MM, 437, 611, 8
MM, 435, 608, 9
MM, 433, 607, 8
MM, 431, 604, 8
MM, 429, 601, 7
MM, 36, 23, 8
MM, 32, 20, 9
MM, 30, 19, 7
MM, 27, 16, 9
MM, 24, 15, 8
MM, 22, 13, 8
MM, 18, 12, 8
MM, 16, 10, 8
MM, 14, 10, 8
MM, 12, 9, 8
MM, 10, 9, 7
MM, 9, 8, 8
MM, 7, 7, 8
MM, 6, 6, 8
MM, 5, 5, 25
MM, 4, 5, 16
MM, 4, 4, 8
MM, 3, 4, 7
MM, 2, 3, 8
MM, 390, 578, 9
MM, 389, 576, 7
MM, 385, 575, 9
MM, 383, 574, 8
MM, 381, 572, 8
MM, 378, 571, 8
MM, 33, 30, 7
MM, 32, 29, 8
MM, 31, 27, 9
MM, 31, 25, 8
MM, 29, 24, 8
MM, 28, 23, 8
MM, 27, 21, 7
MM, 25, 20, 17
MM, 23, 19, 8
MM, 20, 19, 8
MM, 18, 18, 16
MM, 17, 18, 7
MM, 15, 17, 9
MM, 14, 17, 8
MC, 1, 207
MM, 14, 16, 8
MM, 15, 15, 17
MM, 17, 14, 8
MM, 19, 12, 8
MM, 22, 11, 7
MM, 24, 8, 9
MM, 28, 7, 8
MM, 381, 542, 7
MM, 2, 2, 8
MM, 396, 537, 8
MM, 406, 536, 8
MM, 412, 535, 9
MM, 417, 534, 8
MM, 420, 534, 8
MM, 421, 534, 8
MM, 422, 533, 7
MM, 423, 533, 8
MM, 27, 30, 8
MM, 29, 30, 17
MM, 30, 30, 7
MM, 32, 29, 9
MM, 35, 29, 9
MM, 435, 531, 6
MM, 436, 531, 8
MM, 438, 531, 8
MM, 1, 29, 9
MM, 3, 29, 7
MM, 4, 29, 9
MM, 5, 29, 8
MM, 6, 29, 8
MM, 7, 29, 7
MM, 9, 28, 16
MM, 11, 27, 25
MM, 12, 25, 24
MM, 14, 24, 15
MM, 15, 23, 16
MM, 15, 22, 8
MM, 16, 22, 8
MM, 17, 21, 9
MC, 1, 311
MM, 17, 20, 25
MM, 16, 20, 24
MM, 12, 19, 7
MM, 10, 19, 8
MM, 9, 19, 17
MM, 7, 18, 8
MM, 6, 17, 16
MM, 5, 17, 8
MM, 4, 17, 8
MM, 3, 16, 8
MM, 2, 16, 24
MM, 1, 16, 7
MM, 0, 16, 8
MM, 438, 518, 16
MM, 435, 517, 8
MM, 433, 516, 8
MM, 35, 14, 24
MM, 34, 14, 8
MM, 33, 14, 8
MM, 32, 14, 16
MM, 30, 14, 16
MM, 29, 14, 561
MC, 1, 255
MM, 30, 17, 209
MM, 33, 24, 8
MM, 436, 534, 8
MM, 12, 3, 8
MM, 15, 12, 7
MM, 19, 21, 9
MM, 22, 30, 8
MM, 450, 573, 8
MM, 17, 0, 7
MM, 19, 2, 8
MM, 20, 5, 9
MM, 21, 6, 8
MM, 22, 7, 8
MM, 23, 7, 8
MM, 24, 8, 8
MM, 26, 9, 7
MM, 28, 10, 8
MM, 30, 12, 9
MM, 31, 14, 7
MM, 33, 15, 8
MM, 34, 17, 8
MM, 469, 594, 10
MM, 470, 594, 7
MM, 471, 595, 7
MM, 472, 598, 9
MM, 472, 599, 16
MM, 472, 601, 15
MM, 473, 601, 8
MM, 473, 602, 8
MM, 473, 604, 17
MM, 474, 605, 31
MM, 0, 30, 48
MM, 475, 608, 33
MM, 477, 610, 8
MM, 477, 612, 8
MM, 88, 1, 15
MM, 88, 4, 9
MM, 89, 5, 7
MM, 90, 7, 8
MM, 90, 8, 8
MM, 90, 11, 8
MM, 91, 12, 9
MM, 91, 14, 8
MM, 91, 15, 8
MM, 92, 16, 8
MM, 93, 17, 40
MC, 1, 255
MM, 93, 16, 33
MM, 93, 15, 31
MM, 93, 14, 8
MM, 92, 13, 33
MM, 92, 12, 8
MM, 91, 11, 8
MM, 91, 10, 8
MM, 90, 10, 8
MM, 89, 9, 8
MM, 88, 7, 16
MM, 87, 6, 7
MM, 86, 5, 9
MM, 85, 3, 7
MM, 83, 2, 9
MM, 83, 0, 8
MM, 471, 612, 8
MM, 470, 611, 8
MM, 469, 610, 8
MM, 469, 608, 8
MM, 468, 608, 8
MM, 467, 607, 8
MM, 31, 30, 8
MM, 31, 29, 8
MM, 29, 29, 8
MM, 29, 28, 7
MM, 28, 28, 48
MM, 26, 27, 8
MM, 26, 26, 49
MM, 24, 26, 23
MM, 24, 24, 16
MM, 22, 24, 9
MM, 22, 23, 15
MM, 21, 22, 16
MM, 20, 22, 9
MM, 19, 21, 23
MM, 16, 20, 25
MM, 16, 19, 8
MM, 16, 18, 7
MM, 14, 17, 9
MM, 13, 17, 16
MC, 1, 239
MM, 12, 15, 81
MM, 12, 14, 8
MM, 12, 11, 7
MM, 11, 8, 9
MM, 10, 5, 8
MM, 9, 2, 8
MM, 9, 0, 8
MM, 442, 571, 8
MM, 12, 26, 8
MM, 10, 19, 8
MM, 10, 15, 8
MM, 8, 8, 8
MM, 5, 3, 8
MM, 431, 538, 7
MM, 430, 536, 9
MM, 430, 534, 8
MM, 430, 533, 8
MM, 33, 29, 8
MM, 32, 29, 8
MM, 32, 28, 8
MM, 31, 26, 9
MM, 30, 24, 14
MM, 29, 24, 9
MM, 29, 23, 8
MM, 28, 21, 17
MM, 27, 18, 7
MM, 25, 14, 8
MM, 23, 12, 8
MM, 21, 9, 8
MM, 19, 3, 8
MM, 17, 1, 8
MM, 413, 500, 8
MM, 412, 498, 8
MM, 412, 497, 8
MM, 411, 496, 8
MP, 1, 144
MR, 1, 103
MC, 1, 0
MM, 20, 29, 88
MM, 21, 29, 73
MM, 22, 30, 168
MM, 415, 496, 7
MM, 415, 497, 9
MM, 416, 499, 7
MM, 417, 499, 9
MM, 417, 500, 7
MM, 417, 501, 24
MM, 21, 0, 25
MM, 21, 2, 255
MM, 21, 3, 137
MM, 21, 5, 15
MM, 21, 6, 25
MM, 21, 7, 40
MM, 21, 8, 32
MM, 21, 9, 168
MM, 20, 9, 192
MM, 19, 10, 16
MM, 19, 11, 7
MM, 18, 12, 16
MC, 1, 513
MM, 19, 12, 56
MM, 19, 11, 8
MM, 21, 11, 8
MM, 23, 11, 8
MM, 25, 11, 8
MM, 27, 11, 8
MM, 30, 11, 8
MM, 31, 11, 8
MM, 32, 11, 8
MM, 33, 11, 8
MM, 35, 11, 9
MM, 434, 513, 14
MM, 437, 513, 8
MM, 438, 513, 8
MM, 1, 11, 9
MM, 3, 11, 9
MM, 5, 11, 6
MM, 7, 11, 9
MM, 8, 12, 7
MM, 10, 13, 8
MM, 11, 13, 8
MM, 12, 13, 17
MM, 13, 13, 8
MM, 14, 13, 8
MC, 1, 200
MM, 15, 13, 56
MM, 16, 13, 8
MM, 18, 13, 8
MM, 21, 13, 8
MM, 26, 13, 8
MM, 30, 13, 8
MM, 33, 13, 8
MM, 36, 13, 8
MM, 478, 515, 8
MM, 481, 515, 8
MM, 2, 13, 8
MM, 5, 13, 7
MM, 8, 13, 9
MM, 9, 13, 8
MM, 11, 13, 8
MM, 13, 13, 7
MM, 16, 13, 9
MM, 18, 13, 8
MM, 19, 13, 8
MM, 22, 13, 8
MM, 25, 13, 8
MM, 29, 13, 8
MM, 32, 13, 8
MM, 34, 13, 8
MM, 518, 515, 8
MM, 520, 515, 8
MM, 521, 515, 8
MM, 522, 515, 8
MM, 0, 13, 16
MM, 1, 13, 8
MM, 2, 13, 8
MM, 3, 13, 8
MM, 4, 12, 8
MM, 5, 12, 8
MM, 6, 12, 16
MM, 7, 12, 200
MM, 8, 12, 8
MM, 9, 12, 8
MM, 11, 12, 8
MM, 13, 12, 7
MM, 16, 12, 9
MM, 18, 12, 8
MM, 19, 12, 8
MM, 21, 13, 8
MM, 23, 13, 7
MM, 25, 13, 9
MM, 25, 14, 8
MC, 1, 255
MM, 24, 15, 97
MM, 23, 15, 8
MM, 22, 16, 16
MM, 22, 18, 16
MM, 20, 18, 8
MM, 20, 19, 7
MM, 17, 23, 9
MM, 16, 24, 7
MM, 13, 28, 9
MM, 535, 535, 8
MM, 21, 0, 8
MM, 20, 5, 8
MM, 18, 9, 8
MM, 18, 13, 8
MM, 18, 16, 7
MM, 18, 19, 8
MM, 18, 22, 8
MM, 18, 24, 8
MM, 18, 25, 40
MM, 18, 26, 32
MM, 18, 27, 16
MM, 18, 29, 8
MM, 529, 573, 8
MM, 529, 575, 8
MM, 12, 0, 8
MM, 12, 1, 8
MM, 12, 2, 8
MM, 12, 3, 9
MM, 11, 5, 15
MM, 11, 6, 8
MM, 11, 8, 16
MM, 10, 10, 9
MM, 10, 11, 16
MM, 10, 12, 8
MM, 9, 13, 7
MM, 8, 17, 8
MM, 8, 19, 8
MM, 8, 20, 9
MM, 8, 21, 8
MM, 7, 23, 8
MM, 7, 25, 7
MM, 6, 26, 8
MM, 5, 27, 9
MM, 5, 29, 7
MM, 5, 30, 8
MM, 521, 607, 8
MM, 520, 608, 113
MM, 520, 609, 24
MM, 519, 611, 7
MM, 519, 612, 16
MM, 129, 1, 16
MM, 129, 2, 8
MM, 129, 3, 16
MM, 128, 5, 8
MM, 128, 7, 73
MM, 128, 8, 24
MM, 127, 10, 15
MC, 1, 288
MM, 126, 11, 97
MM, 126, 10, 48
MM, 126, 9, 16
MM, 126, 8, 16
MM, 126, 6, 8
MM, 125, 4, 8
MM, 125, 2, 8
MM, 124, 0, 7
MM, 512, 610, 9
MM, 511, 606, 8
MM, 34, 27, 8
MM, 31, 25, 8
MM, 28, 22, 8
MM, 28, 19, 7
MM, 26, 18, 9
MM, 25, 16, 8
MM, 24, 14, 7
MM, 23, 12, 9
MM, 23, 10, 16
MM, 22, 9, 8
MM, 21, 8, 16
MM, 21, 6, 7
MM, 20, 5, 11
MM, 18, 4, 5
MM, 18, 1, 9
MM, 16, 0, 8
MM, 490, 574, 8
MM, 489, 573, 8
MM, 489, 571, 8
MM, 488, 570, 8
MM, 16, 28, 8
MM, 15, 25, 8
MM, 14, 22, 8
MM, 12, 19, 7
MM, 12, 17, 9
MM, 12, 16, 8
MM, 12, 14, 8
MM, 11, 13, 217
MM, 11, 12, 6
MM, 9, 10, 9
MM, 6, 9, 8
MM, 5, 9, 7
MM, 4, 8, 8
MM, 6, 8, 193
MM, 9, 8, 7
MM, 12, 9, 8
MM, 15, 9, 8
MM, 17, 10, 9
MM, 19, 11, 7
MM, 19, 12, 9
MM, 22, 13, 8
MC, 1, 359
MM, 25, 13, 33
MM, 27, 11, 7
MM, 30, 8, 9
MM, 31, 6, 8
MM, 505, 544, 8
MM, 509, 541, 8
MM, 3, 1, 8
MM, 519, 536, 8
MM, 525, 534, 7
MM, 7, 29, 9
MM, 10, 29, 8
MM, 13, 28, 8
MM, 15, 27, 8
MM, 16, 27, 8
MM, 18, 26, 8
MM, 19, 25, 8
MM, 21, 25, 8
MM, 23, 25, 8
MM, 26, 22, 8
MM, 28, 22, 8
MM, 30, 21, 8
MM, 31, 20, 8
MM, 34, 19, 8
MM, 558, 521, 8
MM, 560, 521, 8
MM, 561, 520, 8
MM, 562, 520, 8
MM, 563, 519, 24
MM, 0, 16, 24
MM, 1, 16, 24
MM, 2, 15, 16
MM, 3, 15, 32
MM, 4, 15, 8
MM, 4, 14, 7
MM, 5, 14, 16
MM, 6, 13, 8
MM, 7, 13, 17
MC, 1, 199
MM, 6, 14, 72
MM, 5, 14, 9
MM, 2, 18, 8
MM, 1, 19, 8
MM, 563, 523, 8
MM, 560, 528, 7
MM, 33, 30, 8
MM, 553, 537, 8
MM, 551, 541, 8
MM, 548, 547, 10
MM, 35, 14, 7
MM, 33, 22, 7
MM, 31, 27, 9
MM, 30, 30, 8
MM, 539, 572, 8
MM, 539, 573, 16
MM, 539, 574, 88
MM, 22, 1, 8
MM, 22, 2, 8
MM, 22, 3, 8
MM, 22, 4, 7
MM, 22, 5, 121
MM, 22, 6, 8
MM, 22, 7, 8
MM, 22, 10, 16
MM, 22, 11, 15
MC, 1, 209
MC, 2, 167
MM, 22, 10, 56
MM, 22, 6, 8
MM, 22, 1, 9
MM, 539, 575, 8
MM, 539, 573, 8
MM, 539, 572, 8
MM, 29, 30, 8
MM, 29, 27, 8
MM, 29, 23, 8
MM, 29, 19, 8
MM, 29, 16, 8
MM, 29, 13, 8
MM, 29, 10, 8
MM, 29, 7, 8
MM, 30, 5, 8
MM, 30, 2, 7
MM, 31, 0, 9
MM, 542, 538, 7
MM, 542, 536, 8
MM, 542, 535, 8
MM, 542, 534, 17
MM, 542, 533, 8
MM, 19, 30, 15
MM, 19, 29, 169
MM, 19, 28, 8
MM, 20, 26, 8
MM, 21, 24, 7
MM, 21, 23, 8
MM, 21, 21, 8
MM, 21, 20, 8
MM, 21, 18, 9
MC, 1, 424
MM, 21, 17, 296
MM, 22, 16, 8
MM, 23, 16, 8
MM, 27, 17, 8
MM, 32, 19, 8
MM, 560, 524, 8
MM, 563, 527, 8
MM, 2, 28, 8
MM, 570, 534, 7
MM, 572, 536, 8
MM, 20, 1, 9
MM, 25, 5, 8
MM, 31, 7, 8
MM, 595, 551, 8
MM, 8, 16, 8
MM, 17, 19, 7
MM, 26, 22, 8
MM, 30, 23, 9
MM, 631, 562, 8
MM, 635, 564, 8
MM, 636, 565, 8
MM, 0, 27, 16
MM, 1, 27, 8
MM, 1, 29, 15
MM, 638, 570, 16
MM, 638, 571, 128
MM, 639, 572, 9
MM, 640, 574, 8
MM, 641, 575, 24
MM, 2, 0, 15
MM, 3, 1, 16
MM, 3, 2, 8
MM, 4, 2, 9
MM, 4, 3, 8
MM, 5, 3, 8
MM, 6, 5, 7
MM, 7, 6, 8
MM, 8, 6, 8
MM, 8, 8, 8
MM, 9, 8, 8
MM, 9, 9, 17
MC, 1, 280
MM, 11, 10, 400
MM, 12, 12, 8
MM, 17, 14, 8
MM, 21, 17, 7
MM, 25, 18, 8
MM, 29, 19, 8
MM, 30, 21, 9
MM, 673, 597, 7
MM, 676, 600, 9
MM, 678, 601, 8
MM, 680, 601, 8
MM, 682, 603, 7
MM, 684, 604, 8
MM, 688, 604, 8
MM, 691, 605, 8
MM, 696, 607, 9
MM, 703, 609, 7
MM, 709, 610, 10
MM, 715, 613, 7
MM, 719, 615, 7
MM, 723, 616, 8
MM, 726, 616, 8
MM, 728, 617, 9
MM, 729, 618, 9
MM, 730, 618, 6
MM, 732, 618, 9
MM, 735, 619, 8
MM, 736, 620, 7
MM, 740, 621, 8
MM, 745, 623, 9
MM, 749, 624, 8
MM, 754, 625, 8
MM, 758, 626, 7
MM, 762, 627, 9
MM, 766, 629, 7
MM, 770, 630, 9
MM, 775, 631, 8
MM, 778, 633, 8
MM, 780, 634, 8
MM, 784, 634, 8
MM, 789, 635, 7
MM, 792, 637, 8
MM, 795, 638, 9
MM, 798, 639, 7
MM, 799, 640, 8
MM, 801, 641, 8
MM, 804, 641, 89
MM, 807, 642, 7
MM, 814, 643, 8
MM, 820, 646, 8
MM, 826, 647, 8
MM, 830, 649, 8
MM, 836, 651, 8
MM, 840, 652, 7
MM, 842, 652, 10
MM, 2, 4, 8
MM, 3, 4, 88
MM, 4, 4, 8
MM, 5, 4, 8
MM, 6, 4, 8
MM, 7, 4, 8
MM, 8, 4, 8
MM, 9, 4, 87
MM, 10, 4, 8
MM, 11, 4, 9
MM, 12, 4, 8
MM, 14, 4, 8
MM, 15, 5, 16
MM, 16, 5, 9
MM, 18, 5, 63
MM, 19, 7, 31
MM, 19, 8, 16
MM, 17, 8, 584
MM, 15, 7, 9
MM, 12, 6, 7
MM, 11, 6, 8
MM, 9, 4, 8
MM, 3, 1, 9
MM, 843, 649, 7
MM, 838, 644, 9
MM, 832, 639, 7
MM, 826, 634, 9
MM, 816, 629, 8
MM, 807, 623, 8
MM, 796, 617, 8
MM, 786, 610, 8
MM, 774, 599, 8
MM, 761, 590, 8
MM, 741, 575, 8
MM, 718, 556, 7
MM, 17, 1, 8
MM, 35, 25, 8
MM, 21, 13, 8
MM, 11, 4, 8
MM, 645, 501, 9
MM, 34, 29, 8
MM, 24, 20, 8
MM, 14, 14, 7
MM, 7, 6, 8
MM, 600, 464, 9
MM, 588, 454, 8
MM, 313, 85, 8
MM, 304, 73, 7
MM, 289, 61, 8
MM, 279, 51, 9
MM, 269, 41, 7
