********************************************************************************
LOGGING TIME: 20161112_114811
CLIENT IP: 10.105.74.162
USERNAME: V.Uday
OS: Windows 8
**********************************Emotional database********************************************************************************
MM, 603, 692, 1477468751059
MM, 600, 685, 8
MM, 598, 678, 8
MM, 595, 672, 8
MM, 593, 664, 8
MM, 591, 656, 9
MM, 589, 646, 8
MM, 585, 638, 8
MM, 584, 631, 8
MM, 583, 623, 8
MM, 580, 617, 8
MM, 580, 610, 7
MM, 19, 26, 8
MM, 18, 18, 9
MM, 16, 8, 8
MM, 575, 572, 8
MM, 20, 22, 8
MM, 20, 10, 8
MM, 572, 536, 7
MM, 5, 22, 8
MM, 3, 8, 8
MM, 3, 0, 9
MM, 3, 22, 8
MM, 3, 11, 9
MM, 565, 462, 6
MM, 565, 452, 9
MM, 301, 84, 7
MM, 301, 75, 8
MM, 301, 65, 8
MM, 301, 57, 8
MM, 301, 51, 8
MM, 301, 43, 8
MM, 301, 34, 8
MM, 302, 26, 9
MM, 303, 19, 8
MM, 304, 11, 8
MM, 306, 4, 8
MM, 572, 354, 7
MM, 573, 350, 9
MM, 574, 346, 8
MM, 578, 341, 8
MM, 579, 336, 8
MM, 581, 331, 8
MM, 581, 328, 8
MM, 582, 323, 7
MM, 584, 319, 9
MM, 586, 314, 8
MM, 323, 82, 8
MM, 324, 77, 8
MM, 326, 73, 8
MM, 327, 70, 8
MM, 329, 66, 8
MM, 330, 64, 8
MM, 331, 61, 8
MM, 333, 58, 8
MM, 334, 56, 7
MM, 336, 52, 8
MM, 338, 50, 8
MM, 339, 47, 8
MM, 340, 45, 9
MM, 341, 43, 8
MM, 342, 40, 8
MM, 343, 38, 8
MM, 344, 35, 7
MM, 345, 33, 9
MM, 345, 32, 8
MM, 346, 31, 8
MM, 346, 30, 8
MM, 347, 29, 26696
MM, 347, 32, 312
MM, 344, 37, 8
MM, 341, 42, 8
MM, 339, 46, 7
MM, 335, 51, 9
MM, 331, 56, 8
MM, 326, 62, 8
MM, 322, 68, 8
MM, 319, 73, 8
MM, 316, 76, 8
MM, 313, 79, 8
MM, 310, 82, 8
MM, 571, 315, 8
MM, 568, 318, 7
MM, 566, 322, 9
MM, 564, 324, 8
MM, 561, 329, 8
MM, 557, 334, 8
MM, 551, 340, 8
MM, 547, 347, 8
MM, 540, 356, 9
MM, 270, 6, 7
MM, 263, 15, 8
MM, 256, 22, 8
MM, 251, 30, 8
MM, 247, 36, 8
MM, 240, 41, 8
MM, 236, 48, 8
MM, 232, 57, 8
MM, 229, 65, 8
MM, 225, 75, 8
MM, 220, 83, 8
MM, 481, 447, 8
MM, 478, 458, 8
MM, 476, 467, 8
MM, 474, 472, 8
MM, 32, 13, 8
MM, 32, 19, 8
MM, 32, 23, 8
MM, 32, 25, 8
MM, 31, 26, 143
MM, 28, 28, 8
MM, 466, 496, 8
MM, 462, 498, 9
MM, 18, 0, 8
MM, 16, 2, 8
MM, 12, 6, 8
MM, 9, 11, 8
MM, 6, 15, 8
MM, 6, 18, 8
MM, 5, 21, 8
MM, 6, 20, 144
MM, 8, 19, 8
MM, 9, 18, 7
MM, 12, 16, 9
MM, 13, 15, 8
MM, 15, 13, 8
MM, 17, 12, 8
MM, 19, 11, 8
MM, 20, 11, 8
MM, 22, 11, 8
MM, 23, 11, 8
MM, 24, 11, 8
MM, 25, 11, 24
MM, 26, 11, 16
MM, 28, 11, 8
MM, 29, 11, 8
MM, 33, 11, 8
MM, 477, 513, 7
MM, 1, 11, 9
MM, 6, 11, 8
MM, 9, 12, 8
MM, 13, 12, 8
MM, 17, 12, 8
MM, 19, 12, 8
MM, 21, 12, 143
MM, 22, 12, 17
MC, 1, 392
MM, 24, 13, 64
MM, 25, 14, 7
MM, 27, 16, 9
MM, 32, 19, 8
MM, 520, 523, 8
MM, 0, 22, 8
MM, 7, 26, 8
MM, 14, 30, 7
MM, 547, 535, 9
MM, 554, 536, 7
MM, 559, 537, 9
MM, 11, 1, 8
MM, 17, 2, 8
MM, 23, 3, 8
MM, 26, 3, 8
MM, 27, 4, 8
MM, 27, 5, 335
MM, 27, 6, 9
MM, 26, 6, 8
MM, 25, 7, 8
MM, 24, 8, 8
MC, 1, 247
MM, 23, 8, 57
MM, 20, 8, 7
MM, 19, 8, 9
MM, 15, 10, 8
MM, 9, 10, 8
MM, 1, 10, 8
MM, 35, 10, 8
MM, 26, 8, 8
MM, 16, 7, 8
MM, 6, 3, 8
MM, 510, 542, 8
MM, 34, 2, 8
MM, 29, 2, 8
MM, 24, 2, 8
MM, 22, 1, 8
MM, 20, 0, 8
MM, 17, 0, 8
MM, 485, 538, 8
MM, 483, 538, 8
MM, 481, 538, 8
MM, 479, 537, 8
MM, 478, 535, 8
MM, 476, 535, 7
MM, 473, 533, 8
MM, 33, 29, 8
MM, 30, 28, 8
MM, 25, 25, 9
MM, 23, 24, 8
MM, 22, 23, 8
MM, 20, 22, 16
MM, 18, 21, 8
MM, 16, 21, 8
MM, 13, 20, 8
MM, 12, 19, 7
MM, 11, 19, 25
MM, 8, 19, 8
MM, 7, 19, 16
MM, 6, 18, 8
MM, 5, 18, 16
MM, 3, 18, 8
MM, 3, 17, 8
MM, 2, 16, 8
MM, 1, 16, 16
MM, 0, 16, 7
MM, 438, 518, 17
MM, 437, 518, 8
MM, 436, 518, 8
MM, 435, 518, 72
MM, 434, 518, 8
MM, 433, 518, 8
MM, 35, 16, 16
MC, 1, 248
MM, 34, 15, 143
MM, 433, 517, 17
MM, 434, 517, 8
MM, 435, 517, 8
MM, 436, 517, 8
MM, 438, 517, 8
MM, 2, 15, 16
MM, 3, 15, 8
MM, 4, 15, 8
MM, 6, 15, 40
MM, 7, 15, 39
MM, 8, 15, 41
MC, 1, 176
MM, 7, 15, 48
MM, 6, 15, 7
MM, 5, 15, 9
MM, 4, 15, 7
MM, 3, 15, 8
MM, 2, 15, 8
MM, 437, 517, 9
MM, 436, 517, 8
MM, 435, 517, 8
MM, 433, 517, 16
MM, 35, 15, 8
MM, 34, 15, 7
MM, 33, 15, 8
MM, 32, 15, 9
MM, 31, 15, 7
MM, 27, 15, 17
MM, 25, 15, 8
MM, 23, 15, 7
MM, 21, 15, 8
MM, 20, 15, 17
MC, 1, 240
MM, 19, 15, 64
MM, 19, 16, 15
MM, 21, 19, 8
MM, 23, 23, 8
MM, 28, 28, 8
MM, 430, 537, 8
MM, 9, 5, 8
MM, 13, 15, 8
MM, 18, 24, 8
MM, 21, 30, 8
MM, 451, 574, 8
MM, 18, 3, 8
MM, 20, 6, 9
MM, 21, 9, 7
MM, 22, 12, 9
MM, 22, 13, 80
MM, 23, 14, 8
MM, 24, 17, 8
MM, 24, 18, 8
MM, 24, 19, 8
MM, 25, 23, 8
MM, 26, 27, 8
MM, 461, 607, 8
MM, 461, 609, 8
MM, 462, 611, 8
MM, 72, 0, 8
MM, 72, 2, 8
MM, 72, 3, 8
MM, 70, 3, 32
MC, 1, 304
MM, 71, 3, 72
MM, 73, 1, 8
MM, 76, 0, 8
MM, 469, 612, 7
MM, 473, 610, 9
MM, 480, 608, 8
MM, 15, 29, 8
MM, 25, 25, 8
MM, 34, 22, 8
MM, 2, 18, 8
MM, 12, 14, 8
MM, 20, 9, 8
MM, 29, 4, 8
MM, 554, 577, 8
MM, 563, 574, 8
MM, 570, 571, 8
MM, 22, 30, 8
MM, 25, 29, 8
MM, 27, 27, 8
MM, 29, 26, 8
MM, 30, 25, 7
MM, 31, 24, 8
MM, 33, 22, 8
MM, 34, 21, 9
MM, 36, 20, 8
MM, 591, 557, 8
MM, 593, 556, 8
MM, 595, 555, 8
MM, 596, 553, 7
MM, 0, 13, 9
MM, 0, 11, 7
MM, 3, 9, 9
MM, 3, 8, 8
MM, 4, 7, 8
MM, 5, 6, 8
MM, 5, 5, 8
MM, 6, 4, 8
MM, 7, 2, 16
MM, 7, 1, 16
MM, 8, 1, 8
MM, 605, 538, 8
MM, 605, 537, 8
MM, 605, 535, 16
MM, 606, 535, 8
MM, 606, 534, 8
MM, 606, 532, 16
MM, 0, 29, 8
MM, 0, 28, 16
MM, 0, 27, 8
MM, 1, 26, 8
MM, 2, 25, 8
MM, 3, 25, 8
MM, 4, 23, 16
MM, 5, 23, 8
MM, 6, 22, 40
MM, 6, 21, 16
MM, 7, 20, 7
MM, 8, 19, 25
MC, 1, 216
MM, 7, 19, 40
MM, 5, 20, 8
MM, 1, 21, 8
MM, 603, 525, 8
MM, 31, 24, 8
MM, 23, 26, 8
MM, 12, 27, 8
MM, 1, 28, 8
MM, 552, 533, 8
MM, 539, 535, 8
MM, 528, 536, 8
MM, 517, 537, 8
MM, 509, 538, 8
MM, 33, 0, 8
MM, 29, 1, 9
MM, 24, 1, 7
MM, 18, 2, 8
MM, 14, 3, 8
MM, 9, 4, 7
MM, 6, 6, 8
MM, 2, 6, 9
MM, 467, 546, 8
MM, 464, 547, 8
MM, 34, 8, 8
MM, 31, 8, 8
MM, 28, 8, 8
MM, 25, 8, 8
MM, 23, 8, 8
MM, 21, 8, 8
MM, 19, 8, 8
MM, 16, 8, 8
MM, 14, 8, 8
MM, 12, 8, 8
MM, 11, 8, 16
MM, 7, 8, 8
MM, 5, 8, 8
MM, 4, 8, 16
MM, 2, 8, 8
MM, 1, 8, 15
MM, 0, 8, 9
MM, 426, 547, 8
MM, 425, 547, 8
MM, 423, 547, 8
MM, 33, 8, 8
MM, 31, 8, 8
MM, 29, 8, 8
MM, 27, 8, 7
MM, 25, 8, 9
MM, 23, 8, 8
MM, 20, 8, 8
MM, 19, 8, 16
MM, 18, 8, 8
MM, 17, 8, 8
MM, 16, 8, 16
MM, 15, 8, 8
MM, 13, 9, 16
MM, 9, 9, 8
MC, 1, 248
MM, 8, 10, 80
MM, 8, 12, 7
MM, 8, 13, 9
MM, 10, 15, 8
MM, 12, 17, 8
MM, 14, 21, 8
MM, 19, 24, 8
MM, 21, 28, 7
MM, 410, 572, 9
MM, 25, 1, 8
MM, 31, 6, 8
MM, 429, 587, 9
MM, 432, 591, 7
MM, 0, 19, 8
MM, 4, 26, 8
MM, 6, 28, 8
MM, 442, 607, 8
MM, 444, 609, 8
MM, 445, 610, 8
MM, 445, 611, 8
MM, 447, 611, 8
MM, 57, 0, 8
MM, 58, 0, 8
MM, 58, 1, 8
MM, 60, 1, 8
MM, 62, 4, 8
MM, 64, 5, 8
MM, 65, 6, 8
MM, 66, 7, 16
MM, 68, 8, 8
MM, 68, 9, 16
MM, 70, 10, 8
MM, 71, 11, 8
MM, 72, 11, 16
MM, 72, 12, 23
MC, 1, 241
MM, 73, 12, 31
MM, 74, 12, 9
MM, 75, 11, 8
MM, 80, 11, 8
MM, 87, 9, 8
MM, 95, 8, 8
MM, 105, 6, 8
MM, 116, 5, 8
MM, 124, 3, 8
MM, 133, 2, 8
MM, 141, 1, 8
MM, 149, 1, 8
MM, 153, 0, 8
MM, 546, 612, 8
MM, 550, 611, 8
MM, 554, 610, 8
MM, 556, 609, 8
MM, 557, 608, 8
MM, 558, 608, 8
MM, 559, 607, 8
MM, 560, 607, 24
MM, 1, 30, 8
MM, 2, 30, 8
MM, 3, 30, 8
MM, 3, 28, 8
MM, 6, 28, 8
MM, 7, 27, 16
MM, 7, 26, 8
MM, 8, 26, 16
MM, 9, 25, 7
MM, 10, 24, 17
MM, 10, 23, 8
MM, 11, 22, 8
MC, 1, 287
MM, 11, 21, 25
MM, 11, 20, 8
MM, 11, 17, 8
MM, 11, 12, 7
MM, 12, 4, 8
MM, 572, 573, 8
MM, 19, 29, 8
MM, 20, 22, 8
MM, 21, 14, 8
MM, 22, 9, 8
MM, 22, 3, 8
MM, 576, 536, 8
MM, 577, 533, 8
MM, 14, 28, 8
MM, 15, 25, 8
MM, 15, 24, 8
MM, 15, 22, 8
MM, 15, 21, 8
MM, 15, 20, 121
MM, 15, 19, 8
MM, 15, 17, 15
MM, 15, 16, 9
MM, 16, 16, 8
MM, 16, 15, 16
MM, 16, 14, 8
MM, 16, 13, 8
MC, 1, 168
MM, 14, 14, 63
MM, 9, 15, 8
MM, 5, 18, 8
MM, 1, 23, 9
MM, 560, 529, 8
MM, 554, 534, 7
MM, 546, 538, 9
MM, 29, 4, 8
MM, 23, 8, 8
MM, 18, 12, 8
MM, 15, 15, 8
MM, 12, 18, 8
MM, 10, 19, 8
MM, 10, 21, 8
MM, 8, 21, 8
MM, 8, 23, 16
MM, 7, 24, 40
MM, 6, 25, 16
MM, 6, 26, 8
MM, 4, 26, 7
MM, 4, 28, 8
MM, 3, 29, 8
MM, 0, 30, 8
MM, 511, 571, 9
MM, 510, 571, 8
MM, 509, 572, 8
MM, 507, 573, 8
MM, 28, 1, 8
MM, 27, 2, 8
MM, 25, 2, 8
MM, 21, 4, 8
MM, 19, 5, 8
MM, 15, 6, 7
MM, 12, 6, 8
MM, 9, 7, 8
MM, 7, 8, 9
MM, 4, 8, 8
MM, 1, 9, 8
MM, 473, 585, 8
MM, 471, 585, 8
MM, 469, 585, 8
MM, 34, 9, 8
MM, 32, 9, 8
MM, 28, 9, 8
MM, 27, 9, 16
MM, 26, 9, 8
MM, 25, 9, 16
MM, 24, 9, 8
MM, 23, 9, 8
MM, 22, 9, 8
MM, 21, 9, 8
MM, 20, 9, 16
MM, 19, 9, 16
MM, 18, 9, 8
MM, 17, 9, 8
MM, 16, 9, 8
MM, 15, 9, 8
MM, 13, 9, 8
MM, 12, 9, 16
MM, 11, 9, 8
MM, 10, 9, 8
MM, 9, 9, 8
MM, 5, 9, 8
MM, 2, 9, 8
MM, 0, 9, 8
MM, 433, 585, 8
MM, 432, 585, 8
MM, 431, 585, 8
MM, 36, 9, 16
MM, 35, 9, 8
MM, 34, 9, 8
MM, 33, 9, 8
MM, 30, 9, 8
MC, 1, 336
MM, 30, 8, 24
MM, 32, 8, 7
MM, 36, 8, 9
MM, 4, 8, 8
MM, 13, 8, 7
MM, 21, 8, 8
MM, 32, 6, 8
MM, 2, 5, 9
MM, 11, 4, 7
MM, 20, 2, 8
MM, 501, 575, 8
MM, 508, 574, 9
MM, 512, 571, 7
MM, 515, 570, 9
MM, 517, 570, 8
MM, 8, 29, 8
MM, 10, 29, 7
MM, 11, 28, 8
MM, 14, 28, 9
MM, 14, 27, 8
MM, 15, 26, 7
MM, 18, 26, 8
MM, 21, 26, 8
MM, 24, 25, 8
MM, 27, 25, 9
MM, 30, 25, 8
MM, 32, 24, 8
MM, 35, 24, 8
MM, 548, 563, 8
MM, 549, 563, 7
MM, 550, 563, 9
MM, 550, 562, 8
MM, 552, 562, 16
MM, 553, 561, 32
MM, 1, 21, 32
MM, 1, 20, 8
MM, 2, 20, 16
MM, 2, 19, 24
MM, 3, 19, 8
MM, 4, 19, 8
MM, 5, 19, 7
MM, 6, 18, 9
MM, 8, 17, 8
MM, 9, 17, 7
MM, 10, 16, 9
MM, 11, 16, 8
MM, 11, 15, 8
MM, 12, 15, 8
MM, 13, 14, 8
MM, 14, 13, 32
MC, 1, 192
MM, 13, 14, 32
MM, 12, 15, 8
MM, 11, 16, 7
MM, 10, 18, 8
MM, 9, 19, 9
MM, 3, 25, 7
MM, 1, 28, 8
MM, 552, 571, 8
MM, 547, 575, 9
MM, 26, 4, 8
MM, 24, 9, 8
MM, 21, 12, 7
MM, 19, 17, 8
MM, 17, 20, 9
MM, 16, 22, 7
MM, 14, 24, 8
MM, 14, 27, 9
MM, 13, 29, 8
MM, 12, 30, 7
MM, 11, 30, 9
MM, 528, 608, 8
MM, 527, 608, 8
MM, 527, 609, 7
MM, 527, 610, 8
MM, 526, 611, 9
MM, 526, 612, 16
MM, 135, 1, 8
MM, 134, 2, 7
MM, 132, 6, 9
MM, 131, 8, 8
MM, 131, 9, 7
MM, 130, 11, 9
MM, 128, 13, 8
MC, 1, 232
MM, 128, 14, 23
MM, 130, 12, 17
MM, 132, 11, 7
MM, 135, 8, 8
MM, 139, 6, 9
MM, 144, 4, 7
MM, 150, 1, 8
MM, 545, 611, 8
MM, 552, 609, 8
MM, 559, 607, 8
MM, 5, 28, 9
MM, 8, 26, 8
MM, 14, 25, 8
MM, 17, 24, 8
MM, 19, 22, 8
MM, 21, 21, 8
MM, 22, 20, 7
MM, 23, 20, 16
MM, 23, 18, 16
MM, 24, 18, 24
MM, 25, 17, 8
MM, 25, 16, 16
MC, 1, 233
MM, 26, 15, 31
MM, 26, 14, 9
MM, 31, 11, 8
MM, 35, 5, 7
MM, 599, 573, 9
MM, 7, 29, 8
MM, 12, 23, 8
MM, 19, 17, 7
MM, 28, 10, 8
MM, 631, 543, 8
MM, 636, 539, 8
MM, 640, 537, 9
MM, 643, 533, 7
MM, 4, 27, 9
MM, 6, 25, 8
MM, 9, 23, 7
MM, 10, 21, 8
MM, 12, 20, 8
MM, 14, 18, 8
MM, 16, 18, 9
MM, 17, 17, 8
MM, 17, 16, 8
MC, 1, 311
MM, 17, 17, 40
MM, 13, 19, 8
MM, 9, 20, 9
MM, 1, 20, 8
MM, 638, 525, 7
MM, 21, 26, 8
MM, 10, 27, 8
MM, 605, 530, 8
MM, 29, 30, 9
MM, 582, 534, 8
MM, 569, 537, 8
MM, 557, 538, 8
MM, 546, 538, 8
MM, 27, 1, 8
MM, 18, 2, 8
MM, 12, 3, 8
MM, 6, 3, 8
MM, 2, 3, 8
MM, 510, 543, 8
MM, 506, 543, 8
MM, 33, 4, 8
MM, 30, 4, 8
MM, 29, 4, 16
MM, 28, 4, 56
MM, 27, 4, 16
MM, 24, 3, 8
MM, 21, 3, 8
MM, 19, 3, 8
MM, 17, 3, 8
MM, 15, 2, 8
MM, 12, 0, 8
MM, 479, 538, 8
MM, 478, 536, 8
MM, 476, 536, 8
MM, 474, 534, 8
MM, 471, 533, 8
MM, 30, 30, 8
MM, 28, 28, 8
MM, 26, 28, 8
MM, 23, 28, 119
MM, 23, 27, 208
MM, 22, 26, 8
MM, 20, 25, 9
MM, 19, 24, 8
MM, 17, 23, 8
MM, 13, 20, 8
MM, 11, 19, 8
MM, 9, 17, 8
MM, 7, 16, 8
MM, 6, 15, 8
MC, 1, 424
MM, 5, 15, 80
MM, 2, 13, 8
MM, 0, 13, 8
MM, 437, 514, 8
MM, 434, 512, 8
MM, 33, 9, 8
MM, 28, 9, 7
MM, 25, 8, 9
MM, 23, 8, 8
MM, 21, 8, 8
MM, 20, 7, 8
MC, 1, 256
MM, 20, 8, 72
MM, 20, 12, 8
MM, 21, 13, 8
MM, 24, 18, 8
MM, 28, 24, 8
MM, 32, 30, 8
MM, 7, 0, 8
MM, 11, 10, 8
MM, 12, 15, 8
MM, 14, 21, 8
MM, 16, 27, 8
MM, 444, 574, 8
MM, 14, 4, 8
MM, 16, 9, 8
MM, 21, 16, 8
MM, 22, 20, 8
MM, 22, 23, 7
MM, 22, 26, 8
MM, 22, 28, 8
MM, 22, 30, 8
MM, 456, 607, 8
MM, 456, 608, 17
MM, 456, 609, 48
MM, 457, 611, 8
MM, 457, 612, 16
MM, 68, 1, 8
MM, 68, 3, 8
MM, 68, 4, 16
MM, 68, 7, 8
MM, 69, 8, 8
MM, 69, 9, 8
MM, 69, 10, 8
MM, 70, 13, 8
MM, 70, 14, 16
MC, 1, 296
MM, 70, 12, 31
MM, 68, 8, 8
MM, 67, 0, 9
MM, 21, 27, 8
MM, 19, 19, 8
MM, 19, 11, 7
MM, 19, 4, 9
MM, 454, 574, 8
MM, 456, 570, 8
MM, 30, 28, 8
MM, 30, 26, 8
MM, 33, 23, 8
MM, 34, 20, 8
MM, 34, 18, 8
MM, 464, 553, 7
MM, 465, 550, 8
MM, 466, 548, 9
MM, 467, 547, 8
MM, 469, 544, 8
MM, 1, 4, 8
MM, 2, 3, 8
MM, 4, 0, 8
MM, 476, 538, 8
MM, 478, 537, 8
MM, 479, 536, 8
MM, 480, 536, 7
MM, 481, 535, 8
MM, 482, 534, 16
MM, 482, 533, 17
MM, 483, 533, 8
MM, 2, 30, 8
MM, 3, 29, 7
MM, 3, 28, 8
MM, 4, 28, 9
MM, 5, 26, 8
MM, 6, 24, 7
MM, 8, 22, 9
MM, 9, 22, 8
MM, 12, 20, 8
MM, 13, 19, 16
MC, 1, 256
MM, 12, 19, 56
MM, 10, 19, 8
MM, 7, 19, 7
MM, 3, 19, 8
MM, 480, 520, 8
MM, 478, 520, 8
MM, 477, 519, 9
MM, 34, 16, 8
MM, 31, 16, 8
MM, 28, 15, 7
MM, 26, 14, 144
MM, 25, 14, 16
MM, 21, 13, 8
MM, 19, 13, 8
MM, 16, 13, 9
MC, 1, 223
MM, 14, 12, 32
MM, 14, 11, 9
MM, 16, 11, 8
MM, 22, 10, 8
MM, 31, 10, 8
MM, 481, 512, 8
MM, 10, 10, 7
MM, 20, 10, 8
MM, 30, 10, 9
MM, 520, 512, 7
MM, 1, 10, 8
MM, 5, 10, 9
MM, 8, 9, 8
MM, 12, 8, 8
MM, 15, 6, 7
MM, 18, 6, 8
MM, 22, 4, 9
MM, 25, 4, 8
MM, 28, 4, 8
MM, 31, 4, 8
MM, 558, 506, 8
MM, 560, 506, 7
MM, 562, 506, 8
MM, 0, 4, 8
MM, 1, 4, 8
MM, 2, 4, 8
MM, 4, 4, 8
MM, 5, 4, 113
MM, 6, 4, 32
MM, 7, 4, 8
MM, 8, 4, 7
MM, 9, 4, 17
MM, 11, 4, 120
MM, 11, 5, 47
MM, 11, 6, 41
MM, 11, 7, 16
MM, 11, 8, 16
MC, 1, 208
MM, 11, 9, 23
MM, 6, 11, 17
MM, 3, 11, 8
MM, 0, 11, 8
MM, 560, 513, 8
MM, 33, 11, 7
MM, 29, 11, 8
MM, 25, 11, 8
MM, 20, 11, 9
MM, 15, 11, 8
MM, 12, 11, 8
MM, 9, 11, 8
MM, 7, 11, 8
MM, 3, 11, 8
MM, 1, 11, 7
MM, 521, 513, 8
MM, 520, 513, 9
MM, 519, 513, 7
MM, 33, 11, 9
MM, 30, 11, 7
MM, 28, 11, 8
MM, 26, 11, 9
MM, 25, 11, 15
MM, 24, 11, 8
MM, 21, 11, 9
MC, 1, 383
MM, 20, 11, 40
MM, 21, 12, 17
MM, 23, 14, 8
MM, 30, 16, 8
MM, 520, 520, 8
MM, 2, 23, 8
MM, 8, 26, 8
MM, 12, 26, 8
MM, 18, 30, 8
MM, 547, 533, 8
MM, 550, 534, 8
MM, 552, 534, 8
MM, 553, 534, 8
MM, 555, 534, 8
MM, 557, 534, 8
MM, 558, 534, 32
MM, 559, 534, 8
MM, 560, 535, 16
MM, 562, 535, 8
MM, 563, 536, 8
MM, 565, 537, 7
MM, 13, 0, 9
MM, 13, 1, 8
MM, 14, 1, 80
MM, 15, 3, 8
MM, 15, 4, 23
MM, 15, 5, 41
MM, 15, 6, 8
MM, 16, 9, 24
MM, 16, 10, 24
MM, 17, 12, 8
MC, 1, 216
MM, 16, 13, 24
MM, 14, 14, 8
MM, 14, 15, 7
MM, 13, 16, 8
MM, 12, 17, 8
MM, 11, 17, 9
MM, 11, 18, 8
MM, 10, 19, 8
MM, 7, 21, 7
MM, 4, 25, 9
MM, 2, 28, 8
MM, 0, 30, 8
MM, 551, 573, 7
MM, 30, 1, 8
MM, 28, 5, 9
MM, 23, 8, 8
MM, 19, 11, 8
MM, 17, 14, 8
MM, 15, 16, 7
MM, 13, 19, 9
MM, 12, 20, 8
MM, 11, 21, 8
MM, 10, 23, 8
MM, 9, 24, 16
MM, 8, 24, 8
MM, 8, 25, 32
MM, 6, 26, 8
MM, 5, 27, 15
MM, 3, 27, 17
MM, 1, 30, 7
MM, 517, 608, 9
MM, 514, 612, 16
MM, 123, 1, 8
MM, 122, 2, 8
MM, 121, 3, 8
MM, 120, 4, 8
MM, 120, 5, 7
MM, 120, 7, 9
MM, 119, 7, 8
MM, 118, 7, 8
MM, 117, 8, 8
MM, 117, 9, 16
MM, 116, 10, 40
MM, 116, 11, 24
MM, 116, 12, 16
MM, 115, 12, 7
MM, 115, 13, 9
MM, 114, 14, 8
MM, 114, 15, 8
MC, 1, 191
MM, 113, 15, 8
MM, 113, 14, 9
MM, 112, 12, 8
MM, 111, 9, 7
MM, 111, 7, 17
MM, 111, 5, 7
MM, 111, 2, 8
MM, 501, 612, 9
MM, 501, 611, 8
MM, 501, 609, 8
MM, 501, 608, 8
MM, 26, 29, 8
MM, 26, 26, 8
MM, 26, 23, 8
MM, 27, 20, 8
MM, 28, 17, 7
MM, 29, 13, 8
MM, 31, 8, 9
MM, 34, 5, 7
MM, 512, 577, 8
MM, 512, 574, 9
MM, 2, 30, 8
MM, 4, 26, 7
MM, 4, 24, 8
MM, 5, 22, 8
MM, 5, 19, 9
MM, 5, 16, 7
MM, 5, 14, 9
MM, 5, 13, 8
MM, 5, 12, 7
MM, 5, 11, 9
MM, 5, 9, 8
MM, 5, 8, 8
MM, 5, 5, 16
MM, 5, 3, 8
MM, 4, 0, 8
MM, 515, 537, 8
MM, 515, 536, 8
MM, 515, 535, 40
MM, 515, 534, 24
MM, 514, 533, 8
MM, 31, 30, 8
MM, 31, 28, 8
MM, 30, 28, 8
MM, 30, 26, 32
MM, 29, 25, 8
MM, 29, 24, 32
MM, 29, 22, 72
MM, 27, 22, 8
MM, 26, 21, 8
MM, 25, 20, 8
MM, 24, 18, 16
MM, 23, 17, 24
MM, 22, 16, 7
MC, 1, 249
MM, 24, 18, 55
MM, 29, 23, 8
MM, 519, 529, 8
MM, 526, 534, 8
MM, 534, 538, 9
MM, 30, 3, 8
MM, 35, 6, 8
MM, 550, 547, 8
MM, 0, 8, 7
MM, 2, 9, 8
MM, 4, 10, 8
MM, 5, 10, 8
MM, 7, 11, 81
MM, 8, 13, 48
MM, 9, 14, 16
MM, 10, 14, 8
MC, 1, 231
MM, 11, 15, 16
MM, 10, 15, 24
MM, 7, 15, 8
MM, 4, 15, 8
MM, 2, 15, 8
MM, 553, 554, 8
MM, 36, 15, 8
MM, 31, 15, 8
MM, 24, 15, 8
MM, 19, 15, 8
MM, 13, 15, 8
MM, 7, 15, 8
MM, 0, 15, 8
MM, 34, 15, 9
MM, 27, 15, 7
MM, 22, 15, 8
MM, 17, 15, 9
MM, 11, 15, 8
MM, 7, 15, 8
MM, 3, 15, 8
MM, 469, 554, 8
MM, 466, 554, 7
MM, 464, 554, 8
MM, 33, 15, 9
MM, 30, 15, 7
MM, 26, 15, 9
MM, 23, 15, 8
MM, 19, 15, 8
MM, 16, 15, 8
MM, 14, 15, 7
MM, 8, 15, 8
MM, 6, 13, 9
MM, 2, 13, 8
MM, 426, 552, 8
MM, 425, 552, 8
MM, 421, 552, 8
MM, 33, 13, 8
MM, 31, 13, 8
MM, 28, 13, 8
MM, 26, 13, 8
MM, 25, 13, 8
MM, 24, 13, 8
MM, 19, 13, 8
MM, 17, 13, 8
MM, 16, 13, 8
MM, 15, 13, 8
MM, 14, 13, 8
MM, 12, 13, 8
MM, 8, 13, 8
MM, 7, 13, 7
MM, 6, 13, 9
MM, 4, 13, 8
MM, 2, 13, 8
MM, 0, 13, 8
MM, 382, 552, 8
MM, 380, 552, 8
MM, 379, 552, 8
MM, 34, 13, 64
MM, 33, 13, 7
MM, 31, 13, 16
MM, 30, 13, 17
MM, 27, 13, 8
MM, 25, 13, 8
MM, 24, 13, 8
MC, 1, 223
MM, 24, 14, 56
MM, 26, 14, 8
MM, 30, 16, 8
MM, 381, 558, 8
MM, 2, 22, 8
MM, 11, 25, 8
MM, 20, 26, 8
MM, 27, 29, 8
MM, 418, 570, 9
MM, 425, 572, 7
MM, 434, 574, 8
MM, 5, 0, 8
MM, 13, 3, 8
MM, 19, 4, 8
MM, 27, 6, 8
MM, 34, 6, 8
MM, 473, 582, 9
MM, 2, 6, 8
MM, 5, 6, 8
MM, 9, 6, 7
MM, 13, 6, 9
MM, 17, 6, 8
MM, 24, 6, 7
MM, 30, 6, 8
MM, 34, 6, 9
MM, 513, 582, 8
MM, 516, 582, 8
MM, 2, 6, 8
MM, 4, 6, 8
MM, 7, 6, 8
MM, 9, 6, 7
MM, 10, 6, 17
MC, 1, 295
MM, 11, 7, 57
MM, 11, 12, 24
MM, 11, 14, 8
MM, 10, 16, 8
MM, 10, 19, 8
MM, 10, 22, 8
MM, 10, 24, 8
MM, 9, 28, 8
MM, 524, 607, 8
MM, 524, 610, 8
MM, 524, 612, 8
MM, 133, 1, 8
MM, 132, 3, 8
MM, 131, 6, 8
MM, 130, 9, 8
MM, 129, 11, 8
MM, 128, 12, 8
MM, 127, 14, 8
MM, 126, 14, 8
MM, 126, 16, 8
MM, 126, 17, 7
MC, 1, 305
MM, 124, 17, 23
MM, 123, 17, 8
MM, 122, 16, 9
MM, 120, 13, 8
MM, 118, 11, 8
MM, 114, 9, 7
MM, 110, 4, 9
MM, 107, 0, 8
MM, 491, 607, 8
MM, 11, 25, 8
MM, 5, 21, 8
MM, 473, 591, 8
MM, 470, 587, 8
MM, 33, 9, 8
MM, 28, 3, 8
MM, 457, 574, 7
MM, 457, 572, 8
MM, 455, 570, 9
MM, 26, 27, 8
MM, 22, 22, 8
MM, 18, 18, 8
MM, 13, 12, 8
MM, 6, 6, 8
MM, 423, 539, 8
MM, 417, 534, 8
MM, 14, 29, 8
MM, 8, 27, 8
MM, 6, 26, 8
MM, 4, 24, 8
MM, 2, 23, 8
MM, 1, 22, 8
MM, 0, 20, 8
MM, 396, 522, 8
MM, 396, 521, 8
MM, 395, 520, 8
MM, 393, 519, 16
MM, 392, 518, 24
MM, 38, 16, 23
MM, 35, 15, 16
MM, 34, 15, 24
MM, 33, 15, 9
MC, 1, 247
MM, 32, 14, 49
MM, 33, 14, 16
MM, 36, 14, 8
MM, 391, 516, 8
MM, 394, 516, 8
MM, 0, 14, 8
MM, 1, 14, 8
MM, 2, 14, 8
MM, 3, 14, 56
MM, 4, 14, 16
MM, 5, 14, 48
MC, 1, 176
MM, 7, 14, 80
MM, 10, 16, 8
MM, 12, 20, 8
MM, 17, 24, 8
MM, 21, 28, 8
MM, 422, 535, 8
MM, 425, 539, 8
MM, 426, 542, 8
MM, 2, 6, 8
MM, 3, 10, 8
MM, 5, 14, 8
MM, 9, 19, 8
MM, 12, 25, 8
MM, 440, 571, 8
MM, 8, 1, 8
MM, 9, 5, 7
MM, 10, 9, 9
MM, 11, 12, 8
MM, 11, 15, 8
MM, 12, 19, 8
MM, 13, 19, 8
MM, 13, 21, 7
MM, 14, 22, 9
MM, 15, 23, 16
MM, 16, 23, 16
MM, 17, 24, 32
MM, 19, 25, 24
MM, 19, 26, 24
MM, 19, 27, 8
MM, 19, 28, 8
MM, 20, 30, 8
MM, 455, 607, 8
MM, 455, 609, 40
MM, 455, 610, 96
MM, 455, 611, 32
MM, 455, 612, 15
MM, 65, 0, 25
MM, 65, 1, 16
MM, 65, 2, 8
MM, 65, 3, 32
MM, 65, 4, 8
MM, 65, 5, 16
MM, 65, 6, 8
MC, 1, 336
MM, 66, 8, 24
MM, 68, 8, 7
MM, 69, 7, 9
MM, 70, 7, 16
MM, 73, 7, 8
MM, 74, 7, 8
MM, 78, 7, 8
MM, 85, 6, 8
MM, 88, 5, 8
MM, 94, 4, 8
MM, 100, 3, 8
MM, 107, 2, 8
MM, 114, 1, 7
MM, 512, 612, 8
MM, 524, 611, 8
MM, 535, 610, 8
MM, 27, 30, 9
MM, 34, 30, 8
MM, 555, 605, 8
MM, 557, 604, 8
MM, 559, 602, 8
MM, 2, 26, 8
MM, 4, 26, 8
MM, 6, 25, 8
MM, 8, 24, 8
MM, 10, 22, 8
MM, 11, 21, 8
MM, 13, 19, 8
MM, 15, 18, 8
MM, 17, 17, 8
MM, 18, 16, 8
MM, 19, 15, 8
MM, 20, 14, 8
MM, 21, 14, 8
MM, 22, 14, 8
MM, 23, 12, 8
MM, 24, 12, 8
MM, 24, 11, 8
MM, 25, 10, 8
MM, 26, 9, 8
MM, 27, 9, 8
MM, 29, 8, 8
MM, 30, 8, 8
MM, 33, 6, 8
MM, 35, 5, 8
MM, 36, 5, 8
MM, 597, 581, 8
MM, 598, 580, 16
MM, 600, 579, 8
MM, 600, 578, 8
MM, 601, 577, 8
MM, 602, 577, 8
MM, 0, 0, 8
MM, 604, 575, 8
MM, 605, 574, 8
MM, 608, 572, 8
MM, 609, 571, 8
MM, 611, 570, 8
MM, 15, 29, 7
MM, 18, 29, 9
MM, 18, 28, 7
MM, 19, 28, 9
MM, 20, 28, 8
MM, 21, 27, 8
MM, 21, 26, 8
MM, 22, 26, 16
MM, 22, 25, 8
MM, 23, 25, 8
MM, 25, 23, 16
MM, 27, 23, 7
MM, 29, 21, 8
MM, 31, 20, 9
MM, 631, 558, 7
MM, 632, 558, 9
MM, 632, 557, 8
MM, 634, 557, 8
MM, 635, 557, 40
MM, 635, 556, 7
MM, 0, 17, 8
MM, 1, 17, 17
MM, 3, 17, 8
MM, 5, 17, 8
MM, 6, 17, 8
MM, 7, 16, 8
MM, 9, 16, 32
MM, 10, 15, 24
MM, 11, 14, 16
MM, 13, 14, 8
MC, 1, 192
MM, 10, 14, 56
MM, 8, 15, 8
MM, 6, 16, 8
MM, 2, 17, 7
MM, 634, 557, 9
MM, 33, 18, 8
MM, 27, 18, 7
MM, 22, 19, 9
MM, 15, 20, 8
MM, 8, 22, 8
MM, 4, 23, 8
MM, 595, 563, 8
MM, 591, 564, 8
MM, 34, 26, 7
MM, 29, 27, 9
MM, 27, 27, 8
MM, 26, 27, 8
MM, 25, 27, 8
MM, 24, 28, 8
MM, 23, 28, 8
MM, 21, 29, 8
MM, 20, 29, 16
MM, 569, 570, 8
MM, 566, 570, 8
MM, 563, 571, 8
MM, 561, 571, 8
MM, 560, 573, 8
MM, 558, 573, 7
MM, 557, 573, 25
MM, 556, 573, 24
MM, 555, 574, 8
MM, 554, 575, 8
MM, 36, 0, 16
MM, 35, 0, 8
MM, 33, 1, 8
MM, 31, 1, 8
MM, 30, 2, 8
MM, 29, 2, 8
MM, 28, 3, 8
MM, 28, 4, 16
MM, 26, 4, 15
MM, 25, 4, 8
MC, 1, 304
MM, 23, 4, 65
MM, 24, 3, 16
MM, 27, 1, 15
MM, 546, 575, 9
MM, 552, 572, 7
MM, 5, 29, 9
MM, 16, 27, 8
MM, 28, 23, 8
MM, 593, 559, 8
MM, 10, 16, 8
MM, 23, 11, 9
MM, 631, 545, 7
MM, 5, 0, 8
MM, 650, 536, 8
MM, 658, 535, 8
MM, 664, 533, 8
MM, 25, 29, 8
MM, 27, 28, 8
MM, 27, 27, 24
MM, 28, 26, 8
MM, 29, 26, 8
MM, 29, 25, 16
MM, 30, 24, 120
MM, 30, 23, 8
MM, 31, 23, 7
MC, 1, 441
MM, 30, 23, 63
MM, 27, 23, 8
MM, 24, 24, 9
MM, 19, 24, 7
MM, 15, 24, 8
MM, 9, 24, 9
MM, 2, 24, 8
MM, 639, 526, 8
MM, 23, 24, 8
MM, 16, 24, 8
MM, 7, 24, 8
MM, 604, 526, 8
MM, 31, 24, 8
MM, 22, 24, 8
MM, 12, 24, 8
MM, 4, 24, 8
MM, 559, 526, 8
MM, 27, 25, 8
MM, 16, 25, 8
MM, 5, 25, 8
MM, 519, 527, 8
MM, 29, 25, 8
MM, 24, 25, 8
MM, 13, 25, 8
MM, 5, 25, 8
MM, 479, 527, 8
MM, 31, 25, 8
MM, 24, 25, 8
MM, 16, 25, 7
MM, 9, 25, 9
MM, 1, 24, 8
MM, 35, 23, 8
MM, 28, 22, 8
MM, 20, 21, 8
MM, 13, 20, 8
MM, 3, 17, 8
MM, 392, 519, 8
MM, 34, 16, 8
MM, 31, 16, 8
MM, 30, 16, 8
MM, 30, 15, 8
MC, 1, 631
MM, 32, 15, 105
MM, 38, 15, 8
MM, 396, 517, 8
MM, 5, 16, 8
MM, 11, 18, 8
MM, 19, 20, 8
MM, 26, 22, 8
MM, 33, 24, 8
MM, 436, 529, 8
MM, 4, 30, 8
MM, 453, 534, 8
MM, 33, 0, 7
MM, 1, 2, 9
MM, 9, 5, 8
MM, 16, 8, 8
MM, 27, 11, 7
MM, 506, 554, 8
MM, 4, 16, 8
MM, 15, 19, 8
MM, 24, 20, 9
MM, 548, 563, 8
MM, 1, 25, 7
MM, 6, 27, 9
MM, 8, 28, 8
MM, 9, 28, 8
MM, 10, 28, 7
MM, 11, 28, 49
MM, 12, 28, 16
MM, 13, 28, 8
MM, 14, 28, 16
MM, 15, 28, 72
MM, 17, 28, 7
MM, 18, 29, 8
MM, 21, 30, 9
MM, 578, 570, 8
MM, 582, 571, 8
MM, 585, 573, 8
MM, 588, 575, 8
MM, 29, 1, 8
MM, 31, 2, 8
MM, 33, 4, 8
MM, 35, 4, 7
MM, 597, 581, 9
MM, 600, 584, 8
MM, 1, 8, 8
MM, 3, 10, 8
MM, 5, 11, 8
MM, 6, 13, 7
MM, 8, 14, 9
MM, 11, 14, 8
MM, 13, 14, 8
MM, 15, 14, 8
MM, 17, 14, 8
MM, 20, 14, 8
MM, 23, 14, 8
MM, 27, 14, 8
MM, 29, 14, 8
MM, 635, 590, 8
MM, 638, 590, 8
MM, 639, 590, 8
MM, 0, 14, 111
MM, 1, 14, 16
MM, 2, 14, 17
MM, 3, 14, 16
MM, 4, 14, 8
MM, 5, 14, 7
MC, 1, 513
MM, 4, 14, 144
MM, 3, 15, 16
MM, 1, 15, 8
MM, 0, 15, 8
MM, 639, 591, 8
MM, 638, 592, 9
MM, 637, 593, 7
MM, 636, 593, 8
MM, 635, 593, 8
MM, 28, 19, 7
MM, 27, 20, 8
MM, 23, 21, 9
MM, 22, 21, 8
MM, 21, 21, 8
MM, 20, 22, 8
MM, 13, 23, 8
MM, 11, 24, 8
MM, 9, 25, 8
MM, 5, 26, 8
MM, 1, 26, 8
MM, 601, 603, 8
MM, 36, 27, 8
MM, 32, 27, 8
MM, 28, 28, 8
MM, 25, 29, 8
MM, 22, 29, 8
MM, 19, 29, 8
MM, 17, 30, 8
MM, 14, 30, 8
MM, 12, 30, 8
MM, 570, 607, 8
MM, 568, 607, 8
MM, 567, 607, 8
MM, 566, 607, 8
MM, 565, 607, 8
MM, 564, 608, 16
MM, 563, 608, 7
MM, 562, 608, 17
MM, 561, 608, 8
MM, 559, 608, 8
MM, 555, 608, 8
MM, 554, 608, 16
MM, 553, 608, 8
MM, 551, 609, 7
MM, 546, 609, 8
MM, 545, 609, 16
MM, 544, 609, 16
MM, 543, 609, 9
MM, 540, 609, 8
MM, 536, 610, 8
MM, 534, 610, 8
MM, 533, 610, 8
MM, 528, 611, 8
MM, 526, 612, 8
MM, 525, 612, 8
MM, 520, 612, 8
MM, 519, 612, 8
MM, 518, 612, 8
MM, 513, 612, 8
MM, 121, 0, 8
MM, 119, 0, 8
MM, 118, 0, 8
MM, 117, 0, 8
MM, 115, 1, 15
MM, 114, 1, 9
MM, 113, 1, 16
MM, 111, 1, 8
MM, 110, 1, 16
MM, 110, 2, 8
MM, 108, 2, 56
MM, 107, 2, 616
MM, 107, 3, 16
MM, 107, 4, 7
MM, 107, 5, 8
MM, 107, 6, 24
MM, 107, 7, 16
MM, 107, 8, 25
MM, 108, 8, 5480
MM, 109, 8, 8
MM, 109, 7, 311
MM, 109, 5, 8
MM, 109, 3, 8
MM, 500, 612, 8
MM, 501, 609, 8
MM, 501, 607, 9
MM, 26, 30, 16
MM, 26, 28, 8
MM, 26, 27, 8
MM, 26, 26, 8
MM, 26, 25, 8
MM, 26, 24, 24
MM, 26, 23, 16
MM, 26, 22, 8
MM, 26, 21, 16
MM, 26, 19, 16
MM, 26, 17, 16
MM, 26, 15, 8
MM, 26, 14, 8
MM, 26, 13, 8
MM, 26, 12, 7
MM, 26, 11, 8
MM, 26, 9, 8
MM, 26, 8, 8
MM, 26, 6, 9
MM, 26, 4, 8
MM, 26, 2, 8
MM, 26, 1, 8
MM, 501, 574, 8
MM, 503, 570, 8
MM, 33, 28, 8
MM, 33, 25, 8
MM, 33, 21, 7
MM, 33, 19, 9
MM, 33, 17, 8
MM, 33, 16, 16
MM, 33, 14, 8
MM, 33, 13, 16
MM, 33, 11, 7
MM, 33, 10, 9
MM, 33, 8, 8
MM, 33, 4, 8
MM, 33, 2, 8
MM, 503, 538, 8
MM, 503, 536, 8
MM, 503, 533, 8
MM, 21, 29, 8
MM, 21, 28, 7
MM, 20, 24, 9
MM, 20, 21, 8
MM, 20, 18, 7
MM, 20, 15, 9
MM, 20, 11, 8
MM, 20, 9, 8
MM, 20, 5, 8
MM, 20, 0, 8
MM, 503, 497, 8
MM, 24, 27, 8
MM, 24, 20, 8
MM, 25, 16, 7
MM, 27, 9, 9
MM, 27, 4, 8
MM, 29, 0, 8
MM, 509, 462, 8
MM, 511, 460, 8
MM, 512, 457, 8
MM, 512, 454, 7
MM, 512, 452, 9
MM, 513, 450, 8
MM, 515, 447, 8
MM, 251, 89, 8
MM, 251, 85, 8
MM, 252, 82, 8
MM, 253, 81, 8
MM, 254, 78, 8
MM, 254, 76, 8
MM, 254, 74, 8
MM, 255, 71, 8
MM, 255, 70, 8
MM, 256, 68, 8
MM, 257, 67, 7
MM, 257, 62, 9
MM, 258, 59, 8
MM, 259, 57, 8
MM, 259, 55, 8
MM, 259, 53, 8
MM, 260, 51, 8
MM, 260, 49, 8
MM, 260, 47, 8
MM, 260, 44, 8
MM, 260, 40, 8
MM, 260, 38, 7
MM, 262, 34, 8
MM, 263, 28, 9
MM, 264, 23, 7
MM, 265, 17, 8
MM, 268, 11, 8
MM, 269, 5, 8
MM, 534, 356, 8
MM, 536, 349, 8
MM, 537, 344, 9
MM, 539, 338, 7
MM, 541, 330, 8
MM, 543, 323, 10
MM, 547, 316, 6
MM, 284, 80, 8
MM, 286, 73, 8
MM, 289, 64, 8
MM, 291, 56, 9
MM, 294, 49, 8
MM, 295, 41, 8
MM, 298, 36, 8
MM, 298, 33, 8
MM, 299, 30, 8
MM, 301, 28, 7
MM, 301, 27, 9
MM, 302, 26, 8
MM, 302, 25, 8
MM, 303, 27, 216
MM, 304, 31, 8
MM, 305, 33, 8
MM, 306, 35, 8
MM, 306, 37, 8
MM, 306, 39, 7
MM, 307, 40, 9
MM, 307, 41, 8
MM, 307, 42, 16
MM, 307, 43, 8
MM, 307, 44, 8
MM, 307, 45, 7
MM, 307, 46, 9
MM, 308, 47, 320
MM, 309, 47, 80
MM, 310, 47, 8
MM, 311, 46, 31
MM, 312, 46, 25
MC, 1, 656
MM, 313, 46, 14640
MM, 313, 49, 16
MM, 313, 53, 8
MM, 312, 60, 8
MM, 311, 67, 8
MM, 311, 73, 7
MM, 311, 80, 9
MM, 576, 315, 8
MM, 578, 320, 7
MM, 578, 323, 8
MM, 580, 326, 9
MM, 580, 329, 8
MM, 582, 330, 8
MM, 582, 333, 8
MM, 583, 336, 8
MM, 583, 339, 8
MM, 584, 342, 8
MM, 586, 345, 8
MM, 587, 348, 8
MM, 587, 351, 7
MM, 587, 354, 9
MM, 325, 0, 7
MM, 326, 3, 9
MM, 326, 6, 8
MM, 327, 11, 8
MM, 327, 15, 8
MM, 327, 18, 8
MM, 327, 21, 8
MM, 327, 23, 7
MM, 328, 25, 33
MM, 329, 26, 32
MM, 330, 26, 16
MM, 331, 28, 8
MM, 331, 30, 16
MM, 332, 30, 8
MM, 333, 32, 8
MM, 333, 34, 8
MM, 333, 35, 8
MM, 333, 36, 8
MM, 334, 38, 8
MM, 334, 39, 16
MM, 334, 41, 16
MM, 335, 45, 16
MC, 1, 280
MM, 335, 46, 207
MM, 335, 47, 8
MM, 335, 52, 8
MM, 335, 55, 8
MM, 335, 59, 9
MM, 334, 62, 8
MM, 334, 64, 8
MM, 333, 68, 7
MM, 332, 71, 9
MM, 331, 74, 8
MM, 331, 78, 8
MM, 330, 81, 8
MM, 329, 84, 8
MM, 327, 87, 8
MM, 591, 447, 7
MM, 591, 450, 8
MM, 591, 453, 9
MM, 589, 456, 8
MM, 587, 461, 8
MM, 587, 464, 8
MM, 24, 3, 8
MM, 21, 7, 8
MM, 19, 10, 8
MM, 19, 12, 8
MM, 17, 16, 7
MM, 16, 19, 8
MM, 15, 23, 8
MM, 13, 27, 8
MM, 11, 30, 8
MM, 572, 498, 9
MM, 5, 0, 8
MM, 4, 2, 8
MM, 3, 5, 8
MM, 1, 9, 8
MM, 0, 11, 8
MM, 562, 517, 8
MM, 560, 520, 8
MM, 558, 523, 8
MM, 33, 23, 7
MM, 32, 27, 9
MM, 30, 29, 8
MM, 552, 534, 8
MM, 549, 537, 8
MM, 548, 539, 8
MM, 34, 2, 8
MM, 34, 5, 8
MM, 30, 7, 7
MM, 29, 10, 9
MM, 26, 14, 8
MM, 25, 17, 8
MM, 22, 21, 8
MM, 20, 23, 8
MM, 19, 26, 8
MM, 17, 28, 8
MM, 16, 30, 8
MM, 527, 570, 8
MM, 526, 571, 8
MM, 525, 574, 8
MM, 525, 575, 8
MM, 7, 0, 8
MM, 7, 1, 8
MM, 6, 2, 8
MM, 6, 3, 8
MM, 5, 4, 8
MM, 5, 8, 8
MM, 4, 10, 8
MM, 3, 14, 8
MM, 3, 16, 8
MM, 2, 18, 8
MM, 2, 21, 8
MM, 1, 23, 8
MM, 516, 602, 8
MM, 516, 603, 8
MM, 516, 605, 8
MM, 516, 606, 8
MM, 515, 608, 16
MM, 515, 609, 16
MM, 515, 610, 16
MM, 514, 611, 8
MM, 514, 612, 8
MM, 124, 0, 63
MM, 124, 1, 9
MM, 124, 2, 8
MM, 124, 3, 32
MM, 124, 4, 168
MM, 123, 5, 16
MM, 123, 6, 8
MM, 123, 7, 8
MM, 123, 8, 24
MM, 123, 9, 8
MM, 123, 10, 16
MC, 1, 304
MM, 123, 9, 103
MM, 123, 8, 8
MM, 124, 6, 9
MM, 124, 5, 8
MM, 124, 4, 8
MM, 124, 1, 8
MM, 514, 610, 8
MM, 514, 606, 8
MM, 512, 601, 8
MM, 35, 19, 8
MM, 35, 14, 8
MM, 33, 10, 7
MM, 32, 6, 9
MM, 32, 4, 8
MM, 32, 3, 7
MM, 32, 0, 8
MM, 507, 575, 8
MM, 507, 574, 17
MM, 507, 573, 8
MM, 507, 572, 8
MM, 507, 571, 16
MM, 507, 569, 16
MM, 506, 568, 16
MM, 506, 566, 8
MM, 506, 565, 8
MM, 505, 564, 8
MM, 505, 563, 8
MM, 34, 21, 8
MM, 34, 19, 8
MM, 32, 17, 8
MM, 31, 14, 8
MM, 30, 12, 8
MM, 29, 10, 8
MM, 27, 6, 7
MM, 25, 5, 9
MM, 24, 2, 7
MM, 491, 536, 9
MM, 7, 30, 8
MM, 5, 25, 8
MM, 4, 22, 8
MM, 1, 18, 7
MM, 481, 517, 9
MM, 480, 515, 8
MM, 478, 512, 8
MM, 477, 509, 8
MM, 35, 4, 8
MM, 33, 2, 8
MM, 32, 0, 8
MM, 470, 501, 8
MM, 469, 499, 16
MM, 468, 498, 7
MM, 467, 497, 9
MM, 467, 496, 16
MM, 28, 30, 16
MM, 27, 29, 144
MM, 26, 29, 8
MM, 25, 30, 16
MM, 24, 30, 8
MM, 462, 496, 8
MM, 459, 497, 8
MM, 458, 497, 8
MM, 457, 498, 7
MM, 456, 498, 9
MM, 455, 499, 8
MM, 451, 500, 8
MM, 449, 501, 7
MM, 8, 1, 8
MM, 6, 1, 9
MM, 4, 2, 7
MM, 3, 1, 25
MM, 2, 1, 8
MM, 438, 503, 7
MM, 435, 503, 8
MM, 433, 504, 8
MM, 35, 2, 8
MM, 32, 3, 8
MM, 30, 3, 8
MM, 29, 3, 8
MM, 28, 3, 8
MM, 24, 4, 8
MM, 23, 4, 8
MM, 21, 4, 8
MM, 16, 5, 8
MM, 13, 5, 8
MM, 11, 5, 9
MM, 8, 6, 8
MM, 5, 6, 8
MM, 4, 6, 7
MM, 2, 6, 8
MM, 1, 6, 8
MM, 0, 6, 8
MM, 396, 508, 8
MM, 394, 508, 25
MM, 393, 508, 8
MM, 392, 509, 9
MM, 391, 509, 6
MM, 38, 7, 17
MM, 24, 12, 7
MM, 20, 14, 9
MM, 18, 14, 16
MM, 17, 14, 8
MM, 19, 12, 23
MM, 20, 12, 8
MM, 19, 13, 48
MM, 18, 13, 8
MM, 16, 14, 8
MM, 16, 15, 8
MM, 14, 16, 8
MM, 13, 17, 8
MC, 1, 241
MM, 15, 17, 48
MM, 17, 16, 8
MM, 20, 15, 8
MM, 22, 14, 8
MM, 23, 14, 7
MM, 29, 11, 9
MM, 31, 10, 8
MM, 33, 9, 8
MM, 37, 8, 8
MM, 392, 510, 8
MM, 395, 510, 8
MM, 2, 8, 8
MM, 5, 8, 8
MM, 7, 8, 8
MM, 9, 8, 8
MM, 12, 8, 11
MM, 14, 8, 6
MC, 1, 254
MM, 15, 8, 57
MM, 15, 11, 24
MM, 15, 13, 8
MM, 16, 18, 8
MM, 17, 22, 8
MM, 20, 27, 8
MM, 419, 534, 8
MM, 423, 539, 8
MM, 0, 6, 8
MM, 1, 10, 8
MM, 2, 13, 8
MM, 3, 17, 8
MM, 3, 19, 8
MM, 4, 21, 8
MM, 4, 23, 8
MM, 5, 25, 8
MM, 5, 26, 16
MM, 6, 26, 32
MM, 7, 29, 24
MM, 8, 30, 7
MM, 435, 570, 8
MM, 436, 571, 8
MM, 437, 572, 8
MM, 437, 573, 17
MM, 437, 574, 8
MM, 3, 1, 8
MM, 4, 2, 8
MM, 6, 4, 8
MM, 6, 6, 7
MM, 6, 9, 8
MM, 6, 11, 8
MM, 7, 14, 8
MM, 8, 15, 8
MM, 10, 17, 9
MM, 10, 19, 16
MM, 10, 20, 8
MM, 11, 21, 8
MM, 11, 22, 120
MM, 11, 23, 16
MM, 11, 25, 8
MM, 12, 25, 8
MM, 12, 27, 16
MM, 13, 29, 7
MM, 13, 30, 24
MM, 447, 607, 8
MM, 447, 608, 9
MM, 447, 609, 16
MM, 447, 610, 8
MM, 447, 611, 8
MM, 57, 1, 8
MM, 57, 2, 8
MM, 57, 4, 8
MM, 57, 8, 8
MM, 57, 11, 8
MM, 57, 14, 8
MM, 58, 17, 8
MC, 1, 312
MM, 56, 14, 31
MM, 56, 12, 9
MM, 54, 9, 7
MM, 51, 5, 8
MM, 50, 1, 8
MM, 438, 611, 8
MM, 437, 609, 9
MM, 3, 29, 8
MM, 3, 26, 8
MM, 2, 24, 7
MM, 433, 598, 9
MM, 432, 594, 8
MM, 429, 591, 8
MM, 428, 589, 8
MM, 34, 10, 8
MM, 33, 8, 8
MM, 32, 7, 8
MM, 31, 7, 7
MM, 30, 6, 9
MM, 30, 5, 8
MM, 29, 4, 8
MM, 27, 2, 8
MM, 26, 1, 8
MM, 24, 0, 8
MM, 414, 572, 8
MM, 25, 29, 8
MM, 21, 26, 8
MM, 18, 24, 8
MM, 15, 21, 8
MM, 14, 20, 8
MM, 12, 18, 7
MM, 11, 17, 9
MM, 9, 16, 7
MM, 8, 13, 9
MM, 7, 11, 8
MM, 6, 10, 8
MM, 5, 9, 8
MM, 4, 8, 72
MM, 2, 7, 24
MM, 1, 7, 7
MM, 0, 7, 17
MM, 382, 546, 7
MM, 381, 546, 8
MM, 380, 546, 8
MM, 379, 546, 8
MM, 34, 7, 48
MM, 34, 8, 25
MM, 379, 547, 32
MM, 381, 547, 16
MM, 0, 9, 8
MM, 2, 9, 8
MM, 4, 9, 8
MM, 9, 9, 8
MM, 12, 9, 8
MM, 16, 9, 8
MM, 19, 9, 8
MM, 20, 9, 8
MM, 22, 9, 40
MC, 1, 215
MM, 27, 9, 41
MM, 31, 9, 8
MM, 35, 9, 8
MM, 424, 548, 8
MM, 4, 9, 8
MM, 11, 9, 8
MM, 19, 10, 8
MM, 26, 11, 8
MM, 34, 12, 8
MM, 465, 552, 8
MM, 3, 13, 8
MM, 9, 14, 8
MM, 12, 14, 8
MM, 15, 14, 8
MM, 17, 14, 8
MM, 20, 14, 7
MM, 24, 14, 8
MM, 29, 13, 9
MM, 33, 12, 8
MM, 506, 551, 8
MM, 510, 551, 8
MM, 3, 12, 8
MM, 6, 12, 8
MM, 8, 12, 7
MM, 10, 12, 9
MM, 12, 12, 8
MM, 14, 12, 8
MM, 15, 12, 8
MM, 16, 12, 8
MM, 17, 12, 24
MM, 18, 12, 7
MM, 19, 12, 17
MM, 20, 12, 8
MM, 21, 12, 8
MM, 23, 12, 16
MM, 24, 12, 8
MM, 26, 12, 16
MM, 28, 12, 7
MM, 29, 12, 9
MM, 31, 12, 7
MM, 33, 12, 9
MM, 35, 13, 8
MM, 36, 13, 8
MM, 548, 552, 8
MM, 550, 552, 8
MM, 551, 552, 8
MM, 552, 552, 8
MM, 553, 552, 16
MM, 0, 13, 8
MM, 1, 13, 16
MM, 2, 13, 7
MM, 3, 13, 9
MM, 4, 13, 8
MM, 5, 12, 8
MM, 6, 12, 8
MM, 7, 12, 32
MM, 8, 12, 72
MM, 9, 12, 7
MC, 1, 184
MM, 10, 11, 24
MM, 12, 9, 9
MM, 16, 9, 7
MM, 19, 8, 8
MM, 25, 6, 8
MM, 30, 5, 9
MM, 34, 4, 7
MM, 594, 542, 9
MM, 1, 1, 8
MM, 3, 0, 8
MM, 603, 538, 8
MM, 607, 536, 8
MM, 609, 535, 8
MM, 612, 534, 8
MM, 7, 30, 8
MM, 9, 30, 8
MM, 12, 28, 8
MM, 14, 26, 8
MM, 16, 24, 8
MM, 18, 23, 8
MM, 21, 21, 8
MM, 23, 21, 8
MM, 24, 19, 8
MM, 27, 18, 8
MM, 27, 17, 8
MM, 29, 17, 8
MM, 638, 518, 8
MM, 639, 517, 8
MM, 640, 517, 8
MM, 641, 517, 8
MM, 642, 516, 8
MM, 643, 515, 8
MM, 1, 13, 8
MM, 2, 13, 16
MM, 2, 12, 8
MM, 4, 12, 8
MM, 5, 11, 24
MM, 7, 11, 24
MM, 7, 10, 8
MM, 8, 10, 8
MM, 8, 9, 8
MC, 1, 280
MM, 7, 9, 16
MM, 5, 9, 8
MM, 0, 10, 8
MM, 642, 512, 8
MM, 639, 512, 7
MM, 28, 10, 8
MM, 24, 10, 9
MM, 20, 10, 8
MM, 13, 10, 8
MM, 5, 10, 7
MM, 606, 512, 9
MM, 32, 8, 8
MM, 24, 7, 8
MM, 17, 6, 8
MM, 14, 6, 8
MM, 12, 5, 8
MC, 1, 312
MM, 14, 5, 56
MM, 17, 6, 7
MM, 20, 7, 9
MM, 28, 9, 8
MM, 35, 12, 8
MM, 606, 516, 8
MM, 8, 16, 8
MM, 17, 19, 7
MM, 28, 22, 9
MM, 2, 26, 8
MM, 11, 28, 7
MM, 19, 30, 9
MM, 670, 535, 8
MM, 674, 535, 8
MM, 677, 535, 8
MM, 678, 535, 8
MM, 679, 535, 8
MM, 680, 535, 16
MM, 681, 535, 8
MM, 682, 535, 16
MM, 684, 536, 8
MM, 685, 537, 8
MM, 686, 538, 8
MM, 10, 0, 8
MM, 11, 1, 8
MM, 12, 3, 8
MM, 13, 3, 8
MM, 13, 5, 8
MM, 14, 6, 24
MM, 15, 7, 8
MM, 16, 8, 8
MM, 17, 9, 8
MM, 18, 9, 8
MM, 19, 12, 24
MM, 21, 12, 8
MM, 21, 13, 96
MC, 1, 192
MM, 20, 13, 7
MM, 17, 13, 8
MM, 15, 13, 8
MM, 12, 12, 9
MM, 8, 12, 8
MM, 3, 11, 8
MM, 675, 549, 7
MM, 30, 10, 9
MM, 19, 8, 7
MM, 7, 7, 8
MM, 632, 544, 9
MM, 20, 3, 8
MM, 8, 2, 8
MM, 595, 540, 8
MM, 33, 1, 8
MM, 26, 1, 8
MM, 20, 1, 7
MM, 14, 1, 8
MM, 9, 1, 10
MM, 6, 1, 7
MM, 3, 1, 7
MM, 553, 540, 9
MM, 550, 540, 8
MM, 35, 1, 8
MM, 32, 1, 7
MM, 28, 1, 8
MM, 26, 1, 9
MM, 23, 1, 8
MM, 22, 1, 8
MM, 20, 1, 16
MM, 19, 1, 23
MM, 18, 1, 9
MM, 16, 1, 8
MM, 14, 2, 8
MM, 13, 2, 8
MM, 10, 4, 8
MM, 7, 5, 7
MM, 4, 6, 9
MM, 510, 545, 8
MM, 507, 547, 8
MM, 505, 548, 8
MM, 32, 9, 8
MM, 29, 10, 8
MM, 28, 10, 7
MM, 27, 10, 9
MM, 26, 10, 7
MM, 24, 10, 9
MM, 23, 10, 8
MM, 22, 11, 8
MM, 20, 11, 8
MM, 16, 11, 8
MM, 14, 11, 8
MM, 11, 11, 8
MM, 8, 11, 8
MM, 6, 11, 8
MM, 2, 11, 8
MM, 0, 11, 8
MM, 468, 550, 7
MM, 466, 550, 9
MM, 464, 550, 8
MM, 36, 11, 48
MM, 35, 11, 8
MM, 34, 11, 8
MM, 30, 11, 7
MC, 1, 241
MM, 29, 11, 64
MM, 28, 12, 16
MM, 29, 13, 8
MM, 31, 15, 8
MM, 33, 18, 8
MM, 35, 22, 8
MM, 465, 564, 8
MM, 469, 568, 7
MM, 473, 573, 9
MM, 0, 1, 8
MM, 1, 6, 8
MM, 5, 11, 8
MM, 8, 15, 8
MM, 9, 17, 8
MM, 10, 20, 8
MM, 12, 20, 7
MM, 12, 22, 9
MM, 12, 23, 24
MM, 12, 24, 8
MM, 12, 25, 7
MM, 12, 26, 17
MM, 12, 27, 8
MM, 12, 28, 16
MM, 487, 607, 8
MM, 487, 608, 16
MM, 487, 609, 8
MM, 487, 610, 8
MM, 97, 1, 7
MM, 97, 3, 8
MM, 97, 5, 8
MM, 97, 6, 8
MM, 97, 7, 9
MM, 98, 9, 8
MM, 99, 9, 8
MM, 99, 10, 8
MM, 99, 11, 16
MC, 1, 263
MM, 98, 6, 17
MM, 96, 0, 8
MM, 8, 28, 8
MM, 7, 19, 8
MM, 5, 11, 7
MM, 3, 5, 9
MM, 3, 0, 7
MM, 478, 571, 8
MM, 10, 28, 8
MM, 11, 23, 9
MM, 13, 20, 8
MM, 16, 16, 7
MM, 17, 13, 8
MM, 19, 11, 8
MM, 20, 9, 9
MM, 20, 7, 7
MM, 20, 6, 8
MM, 22, 5, 8
MM, 22, 4, 8
MM, 22, 3, 8
MM, 22, 2, 9
MM, 23, 1, 8
MM, 23, 0, 24
MM, 493, 538, 15
MM, 494, 538, 9
MM, 494, 537, 15
MM, 495, 536, 9
MM, 495, 535, 7
MM, 495, 533, 8
MM, 14, 29, 8
MM, 15, 28, 8
MM, 16, 26, 8
MM, 17, 25, 8
MM, 17, 24, 11
MM, 17, 23, 6
MM, 18, 23, 7
MM, 18, 22, 9
MM, 18, 21, 24
MM, 19, 20, 24
MM, 20, 18, 32
MC, 1, 184
MM, 21, 18, 56
MM, 22, 18, 8
MM, 24, 20, 8
MM, 28, 23, 8
MM, 32, 26, 8
MM, 522, 532, 8
MM, 528, 536, 8
MM, 23, 0, 8
MM, 27, 3, 8
MM, 33, 5, 8
MM, 549, 545, 7
MM, 550, 545, 8
MM, 551, 545, 8
MM, 553, 546, 8
MM, 1, 8, 9
MM, 2, 8, 8
MM, 3, 8, 8
MM, 5, 9, 16
MM, 6, 9, 16
MM, 7, 9, 8
MC, 1, 504
MM, 8, 9, 48
MM, 8, 8, 8
MM, 10, 7, 8
MM, 12, 6, 8
MM, 14, 4, 8
MM, 16, 3, 8
MM, 20, 1, 8
MM, 579, 538, 8
MM, 584, 535, 7
MM, 24, 29, 8
MM, 29, 27, 9
MM, 34, 25, 8
MM, 601, 525, 8
MM, 605, 523, 8
MM, 2, 19, 8
MM, 4, 17, 8
MM, 6, 15, 8
MM, 9, 14, 8
MM, 10, 14, 7
MM, 11, 12, 8
MM, 12, 12, 25
MM, 12, 11, 16
MM, 14, 10, 16
MC, 1, 288
MM, 11, 11, 7
MM, 9, 13, 8
MM, 7, 15, 9
MM, 2, 17, 8
MM, 605, 521, 8
MM, 36, 21, 8
MM, 32, 26, 8
MM, 26, 30, 8
MM, 585, 537, 8
MM, 25, 3, 8
MM, 19, 8, 8
MM, 14, 12, 8
MM, 12, 14, 8
MM, 8, 18, 8
MM, 6, 20, 7
MM, 5, 22, 8
MM, 2, 25, 9
MM, 1, 27, 7
MM, 553, 567, 8
MM, 553, 568, 9
MM, 552, 569, 8
MM, 551, 570, 64
MM, 550, 571, 8
MM, 550, 572, 16
MM, 550, 573, 16
MM, 549, 575, 8
MM, 548, 575, 8
MM, 30, 3, 8
MM, 29, 4, 8
MM, 28, 5, 7
MM, 27, 5, 9
MM, 27, 6, 144
MM, 26, 6, 8
MC, 1, 200
MM, 26, 7, 31
MM, 28, 7, 16
MM, 31, 6, 8
MM, 35, 5, 8
MM, 556, 580, 8
MM, 1, 3, 8
MM, 5, 3, 8
MM, 10, 0, 8
MM, 576, 574, 8
MM, 583, 572, 9
MM, 591, 570, 7
MM, 5, 30, 8
MM, 17, 26, 8
MM, 30, 25, 9
MM, 1, 24, 8
MM, 9, 23, 8
MM, 12, 22, 8
MM, 15, 22, 8
MM, 17, 22, 8
MC, 1, 392
MM, 16, 22, 7
MM, 12, 22, 8
MM, 6, 22, 8
MM, 635, 561, 9
MM, 30, 23, 8
MM, 21, 24, 8
MM, 12, 25, 8
MM, 3, 26, 8
MM, 593, 569, 8
MM, 587, 570, 8
MM, 582, 574, 7
MM, 18, 2, 8
MM, 14, 7, 8
MM, 9, 13, 8
MM, 3, 20, 9
MM, 558, 601, 7
MM, 35, 30, 8
MM, 546, 610, 9
MM, 150, 1, 8
MM, 147, 3, 8
MM, 145, 5, 8
MM, 144, 5, 136
MM, 143, 7, 16
MC, 1, 312
MM, 143, 8, 7
MM, 142, 8, 8
MM, 140, 8, 9
MM, 137, 7, 8
MM, 135, 6, 8
MM, 133, 4, 8
MM, 130, 2, 7
MM, 126, 0, 8
MM, 513, 611, 9
MM, 509, 609, 8
MM, 31, 30, 8
MM, 29, 28, 8
MM, 24, 26, 8
MM, 22, 26, 8
MM, 20, 24, 8
MM, 17, 23, 8
MM, 15, 21, 8
MM, 14, 20, 8
MM, 12, 19, 8
MM, 12, 18, 8
MM, 11, 17, 16
MM, 11, 15, 16
MM, 10, 13, 8
MM, 10, 11, 8
MM, 9, 10, 8
MM, 9, 9, 8
MM, 9, 7, 32
MM, 9, 6, 24
MM, 9, 4, 24
MC, 1, 167
MM, 9, 3, 129
MM, 8, 3, 8
MM, 6, 0, 8
MM, 478, 573, 8
MM, 5, 30, 8
MM, 0, 25, 8
MM, 465, 560, 8
MM, 464, 558, 8
MM, 34, 16, 8
MM, 30, 12, 8
MM, 29, 9, 8
MM, 25, 6, 8
MM, 24, 4, 8
MM, 23, 3, 7
MM, 23, 2, 9
MM, 22, 2, 8
MM, 21, 0, 7
MM, 447, 538, 9
MM, 446, 537, 7
MM, 444, 537, 17
MM, 444, 536, 8
MM, 443, 535, 39
MM, 442, 535, 16
MM, 441, 535, 16
MM, 440, 535, 16
MM, 438, 534, 8
MM, 437, 533, 49
MM, 436, 533, 15
MM, 435, 532, 9
MM, 433, 532, 8
MM, 35, 27, 8
MM, 33, 26, 8
MM, 31, 25, 8
MM, 28, 25, 8
MM, 27, 24, 8
MM, 25, 21, 8
MM, 23, 20, 8
MC, 1, 272
MM, 23, 19, 23
MM, 24, 19, 9
MM, 27, 21, 8
MM, 31, 22, 7
MM, 434, 527, 9
MM, 437, 530, 7
MM, 443, 533, 8
MM, 447, 535, 9
MM, 455, 538, 7
MM, 33, 0, 9
MM, 465, 540, 8
MM, 468, 541, 8
MM, 0, 4, 8
MM, 2, 5, 7
MM, 6, 8, 8
MM, 7, 9, 16
MM, 8, 9, 48
MM, 10, 9, 8
MM, 13, 10, 8
MM, 15, 10, 9
MM, 16, 10, 8
MM, 17, 11, 8
MM, 18, 11, 8
MC, 1, 224
MM, 19, 11, 32
MM, 21, 11, 7
MM, 22, 10, 8
MM, 24, 10, 8
MM, 28, 7, 8
MM, 32, 6, 9
MM, 510, 543, 8
MM, 9, 1, 8
MM, 20, 0, 8
MM, 543, 537, 8
MM, 554, 536, 8
MM, 563, 534, 7
MM, 573, 534, 8
MM, 582, 533, 9
MM, 26, 29, 8
MM, 34, 29, 8
MM, 604, 530, 8
MM, 1, 28, 8
MM, 7, 26, 8
MM, 10, 24, 8
MM, 12, 24, 8
MM, 14, 24, 8
MM, 14, 23, 56
MM, 16, 23, 8
MM, 16, 22, 8
MM, 17, 22, 8
MM, 18, 21, 16
MM, 20, 21, 8
MM, 21, 20, 8
MM, 24, 20, 8
MM, 25, 20, 8
MM, 26, 19, 8
MM, 27, 19, 8
MM, 28, 19, 8
MM, 29, 19, 8
MM, 30, 18, 15
MM, 30, 17, 33
MM, 638, 519, 16
MM, 639, 519, 8
MM, 640, 518, 16
MM, 641, 518, 8
MM, 643, 518, 8
MM, 2, 16, 8
MM, 4, 16, 8
MM, 5, 16, 8
MM, 6, 15, 8
MM, 7, 15, 88
MM, 8, 15, 8
MM, 8, 14, 40
MC, 1, 120
MM, 8, 13, 16
MM, 7, 14, 16
MM, 3, 15, 15
MM, 1, 16, 8
MM, 642, 518, 8
MM, 638, 519, 9
MM, 25, 17, 8
MM, 18, 17, 8
MM, 9, 16, 7
MM, 606, 517, 8
MM, 33, 14, 9
MM, 23, 12, 8
MM, 14, 9, 8
MM, 4, 8, 8
MM, 560, 510, 8
MM, 29, 7, 8
MM, 20, 5, 8
MM, 13, 5, 7
MM, 5, 5, 8
MM, 522, 507, 8
MM, 518, 507, 8
MM, 33, 5, 9
MM, 30, 5, 7
MM, 27, 5, 8
MM, 23, 5, 9
MM, 21, 5, 8
MM, 20, 5, 16
MM, 19, 5, 8
MM, 18, 5, 31
MM, 17, 5, 9
MM, 16, 5, 8
MM, 15, 5, 15
MM, 14, 5, 8
MM, 13, 5, 8
MM, 8, 5, 9
MM, 5, 5, 7
MM, 3, 5, 9
MM, 1, 5, 8
MM, 0, 5, 8
MM, 481, 507, 8
MM, 480, 507, 8
MM, 477, 507, 8
MM, 36, 5, 8
MM, 35, 5, 16
MM, 34, 5, 8
MM, 33, 5, 15
MM, 32, 5, 8
MM, 29, 5, 8
MM, 26, 5, 9
MM, 21, 5, 8
MM, 18, 6, 8
MM, 16, 6, 8
MM, 14, 6, 15
MM, 14, 7, 8
MM, 13, 7, 32
MC, 1, 273
MM, 12, 8, 15
MM, 11, 8, 8
MM, 10, 8, 8
MM, 7, 8, 9
MM, 5, 9, 8
MM, 2, 9, 8
MM, 0, 9, 8
MM, 436, 511, 8
MM, 434, 511, 7
MM, 433, 511, 25
MM, 35, 9, 8
MM, 34, 9, 16
MM, 31, 9, 8
MM, 29, 9, 8
MM, 28, 9, 7
MM, 23, 9, 16
MC, 1, 240
MM, 22, 9, 41
MM, 21, 10, 7
MM, 21, 11, 8
MM, 21, 13, 7
MM, 21, 15, 9
MM, 22, 18, 8
MM, 24, 23, 8
MM, 24, 27, 8
MM, 421, 533, 9
MM, 422, 538, 8
MM, 426, 542, 7
MM, 0, 9, 9
MM, 1, 15, 7
MM, 1, 21, 9
MM, 3, 27, 8
MM, 430, 570, 7
MM, 430, 574, 9
MM, 430, 577, 8
MM, 430, 580, 8
MM, 430, 583, 8
MM, 430, 586, 8
MM, 430, 589, 8
MM, 430, 592, 7
MM, 430, 593, 8
MM, 430, 594, 9
MM, 430, 595, 7
MM, 430, 597, 9
MM, 430, 598, 16
MM, 431, 600, 8
MM, 431, 601, 24
MM, 431, 603, 8
MM, 432, 604, 8
MM, 432, 605, 8
MM, 432, 606, 8
MM, 433, 607, 8
MM, 434, 610, 8
MM, 434, 611, 8
MM, 45, 0, 8
MM, 46, 1, 8
MM, 47, 4, 15
MM, 47, 7, 9
MM, 47, 8, 23
MM, 48, 10, 8
MM, 49, 11, 8
MM, 49, 12, 8
MM, 50, 14, 65
MM, 50, 15, 40
MM, 50, 16, 8
MM, 50, 11, 223
MM, 49, 9, 9
MM, 49, 6, 8
MM, 48, 2, 8
MM, 437, 610, 7
MM, 436, 608, 8
MM, 436, 607, 9
MM, 2, 30, 8
MM, 1, 29, 8
MM, 0, 27, 8
MM, 0, 24, 7
MM, 433, 597, 9
MM, 431, 595, 8
MM, 431, 592, 8
MM, 430, 589, 8
MM, 429, 582, 8
MM, 426, 575, 8
MM, 424, 567, 8
MM, 421, 561, 8
MM, 33, 13, 8
MM, 28, 6, 8
MM, 24, 0, 8
MM, 9, 29, 7
MM, 6, 23, 11
MM, 3, 17, 5
MM, 1, 11, 9
MM, 395, 509, 8
MM, 394, 507, 8
MM, 393, 506, 8
MM, 393, 505, 120
MM, 392, 504, 32
MM, 37, 1, 8
MM, 34, 1, 24
MM, 33, 1, 15
MM, 32, 1, 9
MM, 31, 1, 8
MM, 30, 1, 8
MM, 29, 1, 8
MM, 27, 1, 8
MM, 27, 2, 8
MM, 26, 2, 8
MM, 25, 2, 8
MM, 22, 4, 8
MM, 21, 4, 7
MM, 20, 5, 8
MM, 20, 6, 25
MM, 19, 7, 8
MM, 18, 7, 24
MM, 18, 9, 16
MC, 1, 231
MM, 20, 9, 8
MM, 22, 9, 8
MM, 26, 9, 8
MM, 33, 9, 9
MM, 37, 9, 7
MM, 394, 511, 9
MM, 2, 10, 8
MM, 4, 10, 8
MM, 7, 10, 7
MM, 10, 10, 9
MM, 11, 10, 8
MM, 12, 10, 64
MC, 1, 192
MM, 14, 11, 32
MM, 14, 12, 8
MM, 14, 13, 7
MM, 14, 16, 9
MM, 15, 19, 8
MM, 15, 22, 8
MM, 16, 28, 8
MM, 415, 537, 7
MM, 32, 5, 9
MM, 34, 11, 8
MM, 421, 557, 8
MM, 424, 564, 8
MM, 426, 570, 8
MM, 427, 574, 8
MM, 428, 581, 8
MM, 430, 585, 8
MM, 431, 587, 8
MM, 431, 589, 8
MM, 432, 590, 56
MM, 432, 591, 8
MM, 433, 591, 8
MM, 0, 17, 8
MM, 0, 18, 7
MM, 0, 19, 9
MM, 1, 21, 7
MM, 2, 23, 9
MM, 3, 25, 8
MM, 3, 27, 8
MM, 3, 29, 8
MM, 437, 607, 7
MM, 438, 609, 8
MM, 439, 612, 9
MM, 49, 0, 8
MM, 49, 1, 8
MM, 49, 2, 16
MM, 50, 3, 8
MM, 50, 5, 16
MM, 51, 7, 15
MM, 51, 8, 9
MM, 51, 9, 16
MM, 51, 13, 8
MM, 51, 14, 8
MM, 51, 15, 8
MM, 51, 16, 8
MM, 51, 18, 8
MM, 51, 13, 263
MM, 51, 9, 9
MM, 50, 4, 7
MM, 438, 610, 8
MM, 1, 25, 8
MM, 432, 592, 9
MM, 429, 583, 8
MM, 35, 0, 8
MM, 425, 568, 8
MM, 423, 561, 8
MM, 423, 556, 8
MM, 423, 553, 7
MM, 423, 550, 9
MM, 423, 547, 8
MM, 423, 545, 8
MM, 424, 543, 8
MM, 426, 541, 8
MM, 428, 537, 8
MM, 429, 536, 7
MM, 430, 534, 9
MM, 35, 30, 8
MM, 35, 28, 8
MM, 433, 529, 8
MM, 434, 527, 8
MM, 434, 526, 8
MM, 435, 524, 8
MM, 436, 523, 8
MM, 436, 521, 8
MM, 437, 520, 16
MM, 1, 16, 8
MM, 2, 15, 8
MM, 4, 14, 8
MM, 5, 12, 8
MM, 6, 11, 15
MM, 7, 10, 73
MM, 9, 10, 32
MM, 11, 10, 7
MM, 12, 10, 9
MM, 14, 10, 7
MM, 15, 10, 9
MM, 16, 10, 8
MC, 1, 232
MM, 15, 10, 24
MM, 13, 10, 15
MM, 12, 10, 9
MM, 8, 10, 16
MM, 6, 10, 8
MM, 3, 10, 8
MM, 0, 10, 7
MM, 438, 511, 8
MM, 435, 510, 8
MM, 433, 509, 8
MM, 433, 508, 8
MM, 35, 5, 48
MM, 33, 5, 8
MM, 32, 4, 8
MM, 30, 3, 8
MM, 28, 3, 16
MC, 1, 240
MM, 27, 3, 56
MM, 26, 4, 16
MM, 25, 4, 9
MM, 23, 8, 8
MM, 23, 9, 8
MM, 22, 11, 8
MM, 21, 11, 8
MM, 21, 12, 8
MM, 19, 14, 8
MM, 15, 18, 8
MM, 13, 19, 8
MM, 12, 20, 8
MM, 11, 21, 8
MM, 10, 22, 8
MM, 6, 26, 8
MM, 5, 27, 8
MM, 4, 29, 16
MM, 0, 30, 8
MM, 395, 534, 8
MM, 395, 535, 8
MM, 393, 535, 8
MM, 4, 0, 8
MM, 3, 0, 159
MM, 3, 1, 8
MM, 2, 1, 8
MM, 1, 3, 9
MM, 382, 542, 8
MM, 381, 542, 7
MM, 380, 542, 9
MM, 379, 543, 8
MM, 32, 5, 8
MM, 31, 5, 8
MM, 31, 6, 8
MM, 29, 6, 8
MM, 29, 7, 16
MM, 28, 7, 24
MM, 27, 7, 8
MM, 26, 7, 8
MM, 25, 8, 16
MM, 24, 8, 16
MM, 23, 10, 8
MM, 22, 10, 24
MC, 1, 184
MM, 21, 12, 48
MM, 21, 13, 16
MM, 23, 13, 8
MM, 25, 13, 8
MM, 26, 13, 8
MM, 28, 14, 8
MM, 30, 16, 8
MM, 34, 17, 8
MM, 382, 557, 8
MM, 0, 21, 8
MM, 5, 22, 8
MM, 8, 23, 8
MM, 12, 26, 8
MM, 17, 27, 8
MM, 21, 29, 8
MM, 23, 30, 8
MM, 410, 570, 8
MM, 412, 573, 8
MM, 413, 574, 8
MM, 414, 574, 8
MM, 415, 574, 8
MM, 417, 575, 16
MM, 419, 575, 8
MM, 420, 575, 8
MM, 421, 575, 8
MM, 422, 575, 8
MM, 29, 0, 199
MM, 29, 2, 17
MM, 27, 2, 8
MM, 27, 3, 32
MM, 26, 3, 8
MM, 26, 5, 8
MM, 25, 6, 8
MM, 24, 6, 8
MM, 23, 7, 8
MM, 23, 8, 8
MM, 21, 9, 224
MM, 21, 8, 8
MM, 21, 6, 7
MM, 21, 4, 8
MM, 21, 2, 9
MM, 23, 0, 8
MM, 415, 575, 8
MM, 418, 572, 8
MM, 424, 568, 8
MM, 2, 24, 8
MM, 6, 22, 7
MM, 11, 17, 8
MM, 17, 13, 9
MM, 26, 11, 8
MM, 33, 9, 8
MM, 465, 546, 8
MM, 1, 5, 8
MM, 6, 3, 8
MM, 10, 0, 7
MM, 486, 537, 8
MM, 495, 533, 9
MM, 17, 29, 8
MM, 22, 25, 8
MM, 27, 22, 7
MM, 30, 22, 9
MM, 32, 21, 7
MM, 32, 20, 9
MM, 33, 19, 72
MM, 33, 18, 16
MM, 33, 17, 16
MM, 34, 15, 16
MM, 34, 14, 8
MM, 34, 13, 8
MM, 34, 11, 8
MM, 34, 9, 8
MM, 34, 7, 104
MM, 33, 7, 23
MM, 30, 7, 8
MM, 29, 7, 17
MM, 28, 7, 8
MM, 27, 7, 8
MM, 26, 7, 16
MM, 24, 7, 8
MC, 1, 288
MM, 23, 7, 136
MM, 23, 8, 7
MM, 23, 9, 9
MM, 25, 11, 8
MM, 25, 12, 8
MM, 27, 15, 8
MM, 29, 17, 8
MM, 32, 20, 8
MM, 517, 526, 8
MM, 521, 528, 7
MM, 525, 533, 9
MM, 18, 0, 8
MM, 22, 5, 8
MM, 25, 9, 8
MM, 28, 13, 8
MM, 31, 17, 8
MM, 34, 21, 8
MM, 36, 23, 8
MM, 548, 563, 8
MM, 550, 565, 8
MM, 551, 565, 8
MM, 552, 566, 8
MM, 0, 27, 8
MM, 1, 28, 8
MM, 2, 28, 8
MM, 3, 28, 8
MM, 6, 30, 8
MM, 8, 30, 8
MM, 10, 30, 8
MM, 566, 570, 8
MM, 569, 572, 8
MM, 572, 572, 9
MM, 575, 573, 7
MM, 577, 573, 8
MM, 579, 574, 8
MM, 581, 575, 8
MM, 584, 575, 7
MM, 586, 575, 9
MM, 29, 0, 8
MM, 31, 0, 8
MM, 32, 0, 8
MM, 34, 0, 8
MM, 35, 0, 8
MM, 597, 576, 8
MM, 598, 576, 8
MM, 599, 576, 24
MM, 600, 576, 16
MM, 602, 577, 16
MM, 0, 1, 8
MM, 1, 2, 8
MM, 3, 4, 8
MM, 5, 4, 8
MM, 6, 6, 8
MM, 11, 8, 8
MM, 13, 9, 8
MM, 14, 11, 8
MM, 17, 11, 8
MM, 18, 11, 8
MM, 19, 12, 8
MM, 21, 13, 8
MM, 23, 13, 8
MM, 24, 14, 8
MM, 25, 14, 8
MM, 27, 15, 8
MM, 29, 15, 7
MM, 635, 592, 9
MM, 638, 592, 8
MM, 0, 18, 8
MM, 3, 19, 8
MM, 4, 19, 8
MM, 5, 19, 8
MM, 6, 19, 7
MM, 7, 19, 24
MM, 8, 19, 17
MM, 9, 19, 8
MC, 1, 240
MM, 10, 19, 296
MM, 11, 18, 8
MM, 12, 18, 8
MM, 14, 17, 16
MM, 17, 16, 8
MM, 20, 15, 7
MM, 24, 13, 8
MM, 27, 12, 9
MM, 671, 588, 8
MM, 674, 587, 8
MM, 678, 587, 8
MM, 681, 586, 7
MM, 683, 586, 9
MM, 686, 585, 8
MM, 688, 585, 8
MM, 689, 585, 8
MM, 692, 585, 8
MM, 695, 584, 8
MM, 699, 582, 8
MM, 702, 581, 8
MM, 705, 579, 8
MM, 710, 576, 7
MM, 712, 575, 9
MM, 715, 572, 8
MM, 717, 572, 8
MM, 718, 569, 8
MM, 720, 569, 8
MM, 721, 568, 7
MM, 723, 567, 9
MM, 723, 565, 8
MM, 724, 565, 16
MM, 724, 564, 8
MM, 726, 563, 8
MM, 729, 563, 8
MM, 732, 563, 8
MM, 737, 563, 8
MM, 743, 563, 8
MM, 747, 563, 8
MM, 750, 563, 8
MM, 755, 565, 8
MM, 758, 567, 8
MM, 761, 568, 8
MM, 764, 569, 8
MM, 766, 570, 8
MM, 769, 571, 8
MM, 771, 573, 8
MM, 772, 574, 8
MM, 777, 575, 8
MM, 780, 578, 8
MM, 782, 579, 8
MM, 786, 583, 8
MM, 788, 585, 8
MM, 789, 587, 8
MM, 793, 590, 8
MM, 794, 591, 8
MM, 795, 593, 8
MM, 796, 594, 16
MM, 796, 596, 8
MM, 797, 596, 8
MM, 798, 597, 7
MM, 799, 599, 8
MM, 800, 600, 8
MM, 802, 602, 8
MM, 803, 605, 9
MM, 804, 608, 8
MM, 807, 610, 8
MM, 807, 612, 7
MM, 809, 615, 8
MM, 809, 616, 8
MM, 810, 617, 8
MM, 811, 619, 8
MM, 812, 619, 8
MM, 813, 621, 8
MM, 814, 621, 8
MM, 816, 622, 8
MM, 817, 623, 8
MM, 818, 625, 8
MM, 821, 626, 8
MM, 824, 627, 8
MM, 826, 629, 8
MM, 827, 630, 9
MM, 829, 631, 7
MM, 830, 632, 8
MM, 831, 632, 8
MM, 831, 633, 16
MM, 832, 634, 8
MM, 833, 635, 8
MM, 834, 635, 8
MM, 835, 637, 8
MM, 837, 639, 8
MM, 838, 640, 16
MM, 838, 641, 8
MM, 840, 642, 8
MM, 841, 644, 24
MM, 842, 644, 8
MM, 843, 644, 8
MM, 843, 645, 8
MM, 845, 645, 8
MM, 845, 646, 8
MM, 846, 647, 8
MM, 847, 649, 8
MM, 848, 649, 8
MM, 7, 1, 8
MM, 8, 2, 9
MM, 8, 3, 8
MM, 9, 4, 7
MM, 10, 5, 17
MM, 11, 6, 7
MM, 11, 7, 17
MM, 13, 8, 8
MM, 14, 9, 16
MM, 14, 8, 439
MM, 13, 7, 16
MM, 12, 5, 17
MM, 9, 2, 8
MM, 7, 0, 8
MM, 846, 645, 8
MM, 842, 640, 9
MM, 835, 634, 6
MM, 825, 627, 8
MM, 813, 618, 8
MM, 799, 606, 9
MM, 784, 592, 8
MM, 765, 574, 8
MM, 745, 553, 8
MM, 727, 537, 8
MM, 19, 16, 7
MM, 2, 0, 8
MM, 22, 19, 8
MM, 2, 2, 9
MM, 624, 451, 7
MM, 337, 77, 9
MM, 321, 64, 8
MM, 307, 54, 9
MM, 298, 46, 7
