********************************************************************************
LOGGING TIME: 20161112_162920
CLIENT IP: 10.105.74.162
USERNAME: V.Uday
OS: Windows 8
**********************************Emotional database********************************************************************************
MM, 657, 695, 1477468750725
MM, 653, 684, 8
MM, 651, 676, 8
MM, 649, 667, 8
MM, 649, 660, 8
MM, 648, 652, 9
MM, 647, 647, 8
MM, 647, 642, 8
MM, 647, 637, 8
MM, 647, 632, 8
MM, 647, 628, 7
MM, 647, 623, 8
MM, 647, 619, 8
MM, 648, 613, 8
MM, 8, 30, 8
MM, 9, 18, 9
MM, 9, 8, 7
MM, 649, 572, 9
MM, 12, 21, 8
MM, 12, 10, 8
MM, 649, 538, 8
MM, 5, 27, 8
MM, 5, 18, 7
MM, 6, 8, 9
MM, 652, 501, 7
MM, 9, 28, 9
MM, 10, 18, 8
MM, 12, 9, 8
MM, 658, 464, 7
MM, 658, 457, 8
MM, 660, 452, 9
MM, 660, 447, 8
MM, 399, 84, 8
MM, 400, 81, 7
MM, 401, 78, 9
MM, 404, 75, 7
MM, 404, 73, 8
MM, 406, 71, 8
MM, 408, 70, 8
MM, 409, 67, 9
MM, 410, 67, 8
MM, 411, 65, 7
MM, 411, 64, 9
MM, 412, 63, 8
MM, 413, 62, 8
MM, 414, 60, 16
MM, 414, 59, 8
MM, 414, 57, 16
MM, 415, 53, 8
MM, 417, 50, 8
MM, 418, 48, 8
MM, 420, 43, 8
MM, 423, 39, 8
MM, 424, 33, 8
MM, 426, 27, 7
MM, 428, 22, 8
MM, 429, 16, 8
MM, 430, 11, 8
MM, 430, 9, 8
MM, 431, 5, 8
MM, 432, 3, 8
MM, 433, 1, 8
MM, 698, 356, 8
MM, 698, 355, 8
MM, 698, 353, 8
MM, 699, 352, 9
MM, 699, 351, 7
MM, 699, 349, 9
MM, 699, 348, 7
MM, 699, 346, 8
MM, 699, 345, 9
MM, 700, 341, 8
MM, 701, 340, 8
MM, 701, 339, 7
MM, 701, 337, 9
MM, 702, 334, 8
MM, 702, 333, 7
MM, 703, 330, 8
MM, 703, 327, 8
MM, 703, 325, 9
MM, 704, 322, 8
MM, 705, 320, 8
MM, 705, 318, 8
MM, 705, 315, 7
MM, 705, 313, 8
MM, 705, 312, 8
MM, 441, 82, 9
MM, 442, 80, 7
MM, 442, 79, 9
MM, 443, 77, 16
MM, 443, 76, 8
MM, 444, 75, 7
MM, 444, 74, 16
MM, 444, 73, 8
MM, 444, 72, 9
MM, 445, 71, 7
MM, 446, 68, 8
MM, 446, 66, 9
MM, 447, 64, 7
MM, 448, 61, 8
MM, 450, 59, 8
MM, 450, 56, 8
MM, 456, 49, 8
MM, 459, 45, 8
MM, 460, 42, 9
MM, 461, 40, 8
MM, 462, 38, 7
MM, 462, 36, 8
MM, 462, 34, 8
MM, 463, 34, 8
MM, 464, 34, 23433
MM, 458, 36, 7255
MM, 447, 44, 8
MM, 432, 61, 8
MM, 676, 317, 9
MM, 652, 347, 8
MM, 363, 23, 7
MM, 335, 57, 9
MM, 307, 88, 7
MM, 28, 8, 8
MM, 12, 30, 8
MM, 520, 512, 9
MM, 30, 20, 8
MM, 25, 28, 7
MM, 502, 536, 9
MM, 27, 4, 8
MM, 24, 8, 7
MM, 20, 12, 8
MM, 18, 15, 9
MM, 15, 19, 8
MM, 13, 21, 8
MM, 11, 23, 7
MM, 10, 25, 8
MM, 9, 25, 9
MM, 9, 26, 8
MM, 9, 27, 223
MM, 8, 27, 217
MM, 8, 26, 16
MM, 9, 26, 7
MM, 9, 25, 8
MM, 10, 25, 9
MM, 11, 24, 7
MM, 11, 23, 9
MM, 12, 22, 16
MM, 13, 21, 24
MM, 13, 20, 7
MC, 1, 193
MM, 13, 19, 72
MM, 10, 19, 7
MM, 7, 19, 8
MM, 2, 19, 8
MM, 464, 556, 8
MM, 23, 15, 8
MM, 10, 14, 8
MM, 424, 551, 9
MM, 27, 11, 8
MM, 17, 10, 7
MM, 9, 10, 8
MM, 5, 10, 8
MM, 1, 10, 9
MM, 383, 549, 7
MM, 381, 549, 9
MM, 34, 10, 8
MM, 32, 10, 8
MM, 31, 10, 8
MM, 30, 10, 8
MM, 28, 10, 8
MM, 28, 11, 7
MM, 27, 11, 144
MC, 1, 392
MM, 28, 11, 128
MM, 33, 11, 8
MM, 2, 9, 8
MM, 17, 6, 9
MM, 424, 544, 7
MM, 24, 0, 8
MM, 476, 536, 8
MM, 497, 534, 8
MM, 33, 29, 8
MM, 9, 28, 8
MM, 21, 26, 9
MM, 33, 25, 7
MM, 0, 23, 8
MM, 6, 23, 8
MM, 10, 21, 8
MM, 14, 20, 8
MM, 16, 20, 9
MM, 18, 19, 8
MM, 19, 19, 8
MM, 21, 19, 8
MM, 24, 18, 7
MM, 26, 18, 9
MM, 27, 17, 7
MM, 28, 17, 9
MM, 29, 17, 15
MM, 30, 17, 8
MM, 32, 16, 9
MM, 33, 16, 8
MM, 601, 518, 8
MM, 606, 517, 7
MM, 2, 15, 9
MM, 7, 15, 7
MM, 11, 14, 8
MM, 16, 13, 8
MM, 17, 12, 9
MM, 18, 12, 8
MC, 1, 263
MM, 19, 12, 64
MM, 22, 15, 17
MM, 26, 20, 8
MM, 638, 527, 8
MM, 643, 531, 7
MM, 649, 535, 8
MM, 17, 0, 8
MM, 20, 2, 8
MM, 25, 5, 9
MM, 29, 7, 8
MM, 34, 10, 8
MM, 674, 550, 8
MM, 677, 550, 7
MM, 3, 12, 8
MM, 5, 12, 9
MM, 7, 13, 8
MM, 9, 14, 39
MM, 10, 14, 24
MM, 11, 16, 17
MM, 12, 17, 7
MC, 1, 216
MM, 12, 18, 25
MM, 7, 18, 16
MM, 677, 558, 7
MM, 31, 20, 8
MM, 18, 21, 9
MM, 636, 558, 7
MM, 11, 16, 9
MM, 32, 16, 8
MM, 10, 16, 7
MM, 34, 16, 9
MM, 22, 16, 7
MM, 10, 16, 9
MM, 510, 555, 7
MM, 31, 16, 8
MM, 26, 16, 9
MM, 17, 17, 8
MM, 10, 18, 7
MM, 4, 19, 8
MM, 469, 560, 8
MM, 36, 22, 9
MM, 32, 24, 8
MM, 29, 25, 7
MM, 26, 26, 9
MM, 23, 28, 8
MM, 22, 28, 8
MM, 21, 29, 8
MM, 20, 29, 8
MM, 16, 30, 15
MM, 15, 30, 16
MM, 14, 30, 8
MM, 13, 30, 16
MM, 12, 30, 9
MM, 10, 30, 8
MM, 7, 30, 8
MM, 5, 30, 8
MM, 3, 29, 8
MM, 2, 29, 7
MM, 1, 29, 8
MM, 426, 567, 8
MM, 424, 566, 72
MM, 423, 565, 9
MM, 421, 564, 8
MM, 33, 23, 8
MM, 31, 22, 7
MM, 30, 21, 9
MM, 28, 20, 7
MM, 28, 19, 8
MM, 27, 19, 9
MM, 27, 17, 7
MM, 26, 17, 9
MM, 25, 16, 8
MM, 24, 15, 15
MM, 24, 14, 8
MC, 1, 192
MM, 24, 18, 57
MM, 27, 23, 8
MM, 31, 27, 7
MM, 420, 571, 8
MM, 421, 574, 8
MM, 32, 3, 8
MM, 34, 9, 9
MM, 428, 588, 9
MM, 429, 593, 7
MM, 430, 595, 7
MM, 432, 598, 9
MM, 432, 600, 8
MM, 1, 26, 8
MM, 1, 28, 8
MM, 2, 30, 7
MM, 438, 608, 8
MM, 440, 611, 9
MM, 52, 0, 7
MM, 54, 2, 8
MM, 55, 5, 8
MM, 56, 7, 8
MM, 56, 8, 8
MM, 57, 9, 9
MM, 57, 10, 95
MM, 56, 11, 176
MM, 55, 10, 9
MM, 54, 9, 7
MM, 52, 8, 8
MM, 51, 7, 8
MM, 49, 4, 8
MM, 47, 3, 8
MM, 435, 612, 8
MM, 432, 607, 8
MM, 428, 602, 8
MM, 31, 21, 9
MM, 24, 16, 7
MM, 18, 11, 8
MM, 11, 7, 9
MM, 4, 2, 8
MM, 389, 576, 8
MM, 383, 574, 8
MM, 380, 572, 8
MM, 378, 571, 8
MM, 378, 570, 8
MM, 33, 30, 47
MM, 33, 29, 8
MM, 32, 28, 10
MM, 31, 27, 15
MM, 31, 26, 15
MM, 29, 25, 8
MM, 28, 23, 64
MM, 28, 22, 41
MM, 27, 21, 7
MM, 26, 20, 8
MM, 26, 18, 16
MM, 25, 18, 9
MM, 25, 17, 7
MM, 24, 16, 9
MC, 1, 167
MM, 24, 15, 8
MM, 24, 13, 9
MM, 26, 12, 8
MM, 28, 11, 8
MM, 30, 8, 7
MM, 379, 545, 9
MM, 0, 3, 7
MM, 4, 3, 9
MM, 395, 538, 7
MM, 402, 536, 9
MM, 408, 533, 7
MM, 15, 28, 9
MM, 21, 25, 8
MM, 24, 23, 7
MM, 27, 23, 8
MM, 28, 21, 8
MM, 30, 20, 8
MM, 31, 20, 8
MM, 31, 19, 9
MM, 32, 19, 8
MM, 33, 18, 7
MM, 33, 17, 7
MM, 34, 17, 73
MM, 35, 17, 16
MM, 433, 518, 8
MM, 434, 518, 8
MM, 435, 517, 10
MM, 436, 516, 7
MM, 437, 516, 8
MM, 437, 515, 16
MM, 438, 515, 32
MM, 0, 13, 7
MM, 1, 13, 89
MM, 2, 13, 15
MM, 3, 12, 8
MM, 5, 11, 8
MC, 1, 281
MM, 4, 11, 31
MM, 3, 11, 8
MM, 438, 514, 8
MM, 437, 514, 9
MM, 436, 514, 8
MM, 35, 13, 16
MM, 32, 13, 15
MM, 31, 13, 137
MC, 1, 192
MM, 30, 13, 56
MM, 30, 18, 8
MM, 30, 21, 7
MM, 30, 24, 8
MM, 30, 27, 8
MM, 427, 533, 8
MM, 0, 0, 8
MM, 1, 7, 9
MM, 3, 14, 7
MM, 5, 21, 8
MM, 7, 26, 8
MM, 438, 573, 8
MM, 7, 1, 8
MM, 8, 5, 8
MM, 10, 7, 9
MM, 10, 9, 8
MM, 11, 10, 7
MM, 12, 10, 9
MM, 12, 12, 8
MM, 13, 13, 8
MM, 14, 14, 7
MM, 16, 15, 8
MM, 17, 17, 8
MM, 19, 20, 8
MM, 20, 22, 9
MM, 23, 25, 8
MM, 23, 28, 7
MM, 24, 30, 9
MM, 460, 608, 7
MM, 460, 609, 8
MM, 460, 612, 8
MM, 71, 1, 9
MM, 72, 2, 8
MM, 72, 3, 7
MM, 73, 4, 9
MM, 74, 4, 8
MM, 75, 6, 7
MM, 75, 7, 16
MC, 1, 257
MM, 76, 7, 7
MM, 76, 5, 8
MM, 76, 0, 8
MM, 466, 609, 9
MM, 32, 27, 8
MM, 33, 24, 8
MM, 33, 21, 8
MM, 469, 594, 7
MM, 473, 590, 8
MM, 3, 9, 8
MM, 7, 4, 8
MM, 9, 0, 9
MM, 488, 571, 8
MM, 20, 30, 8
MM, 22, 26, 8
MM, 24, 24, 7
MM, 25, 23, 9
MM, 27, 20, 8
MC, 1, 271
MM, 28, 19, 57
MM, 29, 17, 7
MM, 32, 16, 8
MM, 505, 552, 8
MM, 1, 11, 8
MM, 8, 9, 8
MM, 15, 7, 8
MM, 24, 5, 8
MM, 32, 2, 8
MM, 551, 539, 8
MM, 557, 536, 8
MM, 564, 535, 8
MM, 3, 29, 8
MM, 6, 29, 8
MM, 8, 26, 9
MM, 9, 26, 6
MM, 10, 25, 20
MM, 12, 25, 5
MC, 1, 312
MM, 12, 24, 57
MM, 11, 24, 7
MM, 10, 26, 9
MM, 6, 30, 7
MM, 567, 536, 8
MM, 9, 1, 9
MM, 6, 6, 7
MM, 4, 10, 8
MM, 2, 13, 8
MM, 1, 15, 8
MM, 0, 17, 8
MM, 0, 18, 8
MM, 552, 558, 8
MM, 552, 560, 9
MM, 551, 561, 16
MM, 551, 562, 15
MM, 550, 562, 9
MM, 550, 563, 15
MM, 550, 564, 8
MM, 549, 565, 10
MM, 549, 569, 7
MM, 548, 571, 8
MM, 547, 573, 7
MM, 547, 574, 8
MM, 546, 575, 8
MM, 29, 1, 8
MM, 27, 3, 8
MM, 27, 4, 8
MM, 26, 5, 8
MM, 25, 5, 9
MM, 25, 6, 8
MM, 25, 7, 8
MM, 25, 8, 7
MM, 24, 8, 16
MM, 24, 9, 25
MC, 1, 208
MC, 2, 159
MM, 24, 3, 96
MM, 24, 1, 9
MM, 541, 574, 8
MM, 30, 30, 7
MM, 30, 25, 8
MM, 31, 18, 8
MM, 31, 14, 10
MM, 32, 7, 7
MM, 32, 2, 8
MM, 543, 533, 8
MM, 20, 25, 7
MM, 20, 21, 8
MM, 19, 17, 9
MM, 19, 14, 7
MM, 19, 13, 8
MM, 19, 11, 16
MC, 1, 225
MM, 19, 13, 111
MM, 22, 19, 8
MM, 28, 25, 8
MM, 33, 30, 8
MM, 8, 0, 9
MM, 15, 7, 7
MM, 21, 12, 8
MM, 26, 17, 8
MM, 32, 22, 9
MM, 592, 565, 8
MM, 598, 570, 8
MM, 603, 573, 8
MM, 607, 574, 7
MM, 8, 0, 8
MM, 12, 2, 8
MM, 16, 3, 8
MM, 18, 5, 8
MM, 23, 6, 8
MM, 26, 6, 8
MM, 28, 7, 8
MM, 634, 586, 9
MM, 636, 586, 7
MM, 639, 588, 8
MM, 1, 13, 8
MM, 2, 14, 8
MM, 3, 15, 8
MM, 4, 16, 8
MM, 5, 17, 9
MM, 7, 19, 7
MM, 8, 20, 8
MM, 10, 21, 9
MM, 12, 24, 8
MM, 14, 24, 8
MM, 15, 25, 8
MM, 16, 26, 7
MM, 17, 26, 8
MM, 17, 24, 288
MM, 17, 22, 8
MM, 17, 21, 17
MM, 16, 17, 8
MM, 15, 16, 8
MM, 15, 15, 10
MM, 15, 14, 13
MM, 15, 13, 97
MC, 1, 136
MM, 14, 12, 103
MM, 13, 12, 8
MM, 12, 13, 8
MM, 10, 14, 8
MM, 9, 14, 9
MM, 3, 17, 8
MM, 636, 597, 8
MM, 26, 24, 7
MM, 20, 26, 8
MM, 13, 30, 8
MM, 608, 608, 8
MM, 602, 611, 9
MM, 596, 612, 8
MM, 592, 614, 7
MM, 589, 615, 9
MM, 586, 615, 8
MM, 583, 615, 8
MM, 580, 616, 8
MM, 577, 618, 8
MM, 575, 618, 8
MM, 572, 619, 8
MM, 569, 619, 8
MM, 565, 620, 8
MM, 559, 621, 8
MM, 554, 622, 8
MM, 157, 9, 8
MM, 150, 10, 7
MM, 143, 10, 8
MM, 138, 10, 8
MM, 131, 10, 8
MM, 126, 10, 9
MM, 122, 10, 7
MM, 117, 10, 8
MM, 115, 10, 9
MM, 113, 10, 7
MM, 112, 10, 16
MM, 111, 10, 8
MM, 110, 11, 9
MM, 109, 12, 16
MM, 108, 12, 8
MM, 108, 13, 15
MM, 107, 14, 8
MM, 106, 14, 25
MM, 106, 15, 8
MC, 1, 223
MM, 106, 14, 56
MM, 109, 10, 8
MM, 114, 4, 8
MM, 119, 0, 8
MM, 513, 609, 8
MM, 2, 29, 9
MM, 8, 24, 7
MM, 13, 19, 8
MM, 18, 15, 9
MM, 24, 10, 7
MM, 30, 6, 8
MM, 34, 3, 8
MM, 555, 577, 8
MM, 559, 574, 8
MM, 561, 571, 9
MM, 12, 30, 7
MM, 16, 26, 9
MM, 20, 24, 7
MM, 24, 22, 8
MM, 28, 20, 8
MM, 32, 17, 9
MM, 34, 17, 8
MM, 36, 15, 7
MM, 592, 553, 8
MM, 594, 553, 9
MM, 595, 552, 7
MM, 596, 550, 9
MM, 0, 11, 7
MM, 1, 10, 8
MM, 2, 10, 8
MM, 2, 9, 8
MM, 3, 9, 8
MM, 4, 8, 9
MM, 5, 8, 8
MM, 7, 7, 8
MM, 8, 7, 7
MM, 9, 7, 8
MM, 11, 7, 8
MM, 12, 6, 17
MM, 13, 6, 8
MM, 14, 6, 15
MM, 16, 6, 8
MM, 19, 6, 8
MM, 22, 7, 8
MM, 24, 7, 8
MM, 26, 7, 8
MM, 30, 8, 9
MM, 31, 10, 8
MM, 33, 10, 8
MM, 631, 549, 7
MM, 633, 549, 8
MM, 634, 549, 25
MM, 635, 549, 7
MM, 636, 549, 24
MM, 0, 10, 8
MM, 1, 10, 8
MM, 2, 10, 16
MM, 3, 10, 8
MM, 4, 10, 8
MC, 1, 336
MM, 4, 9, 40
MM, 3, 7, 8
MM, 2, 4, 9
MM, 1, 2, 8
MM, 636, 538, 8
MM, 635, 535, 8
MM, 26, 29, 7
MM, 25, 28, 8
MM, 24, 25, 9
MM, 22, 22, 7
MM, 21, 20, 9
MM, 19, 18, 7
MM, 18, 16, 9
MM, 17, 15, 7
MM, 16, 14, 16
MM, 15, 13, 9
MM, 14, 12, 8
MM, 13, 11, 24
MM, 12, 10, 16
MC, 1, 209
MM, 11, 10, 22
MM, 7, 10, 16
MM, 3, 11, 9
MM, 35, 13, 8
MM, 23, 15, 8
MM, 11, 17, 7
MM, 560, 520, 8
MM, 24, 20, 9
MM, 10, 22, 8
MM, 521, 525, 8
MM, 27, 24, 8
MM, 17, 27, 8
MM, 7, 28, 8
MM, 480, 531, 7
MM, 473, 533, 9
MM, 463, 535, 8
MM, 455, 537, 8
MM, 21, 0, 8
MM, 14, 2, 7
MM, 8, 3, 8
MM, 3, 6, 9
MM, 0, 6, 7
MM, 426, 545, 9
MM, 425, 546, 184
MM, 425, 547, 7
MM, 425, 548, 8
MM, 426, 548, 16
MM, 426, 549, 8
MM, 0, 10, 8
MM, 1, 10, 25
MM, 2, 10, 7
MM, 3, 10, 8
MM, 4, 10, 40
MM, 6, 10, 8
MM, 7, 10, 16
MC, 1, 209
MM, 2, 10, 39
MM, 425, 549, 8
MM, 424, 550, 8
MM, 423, 550, 9
MM, 421, 550, 8
MM, 35, 11, 7
MM, 34, 11, 9
MM, 33, 11, 8
MM, 32, 11, 31
MM, 31, 11, 8
MM, 30, 11, 9
MM, 29, 11, 16
MM, 28, 11, 8
MM, 27, 11, 8
MC, 1, 183
MM, 26, 12, 65
MM, 26, 15, 8
MM, 28, 20, 8
MM, 29, 24, 8
MM, 30, 29, 7
MM, 416, 572, 8
MM, 27, 1, 8
MM, 28, 5, 8
MM, 29, 8, 8
MM, 30, 12, 9
MM, 31, 15, 8
MM, 32, 17, 8
MM, 33, 19, 7
MM, 33, 21, 8
MM, 35, 22, 8
MM, 35, 25, 8
MM, 428, 602, 9
MM, 429, 605, 8
MM, 430, 608, 8
MM, 431, 610, 8
MM, 42, 0, 7
MM, 42, 2, 8
MM, 43, 4, 8
MM, 44, 7, 9
MM, 45, 9, 7
MM, 45, 12, 8
MM, 45, 14, 9
MM, 46, 14, 8
MM, 46, 16, 7
MC, 1, 248
MM, 46, 14, 41
MM, 46, 12, 8
MM, 47, 11, 8
MM, 48, 10, 7
MM, 48, 7, 9
MM, 49, 5, 8
MM, 50, 3, 7
MM, 51, 0, 9
MM, 442, 610, 8
MM, 9, 29, 7
MM, 12, 25, 8
MM, 14, 21, 9
MM, 17, 15, 8
MM, 19, 12, 8
MM, 23, 7, 7
MM, 27, 3, 8
MM, 31, 0, 8
MM, 466, 571, 8
MM, 469, 569, 9
MM, 0, 29, 7
MM, 2, 27, 9
MM, 3, 26, 8
MM, 4, 25, 7
MM, 4, 24, 9
MM, 5, 23, 15
MM, 7, 23, 41
MM, 7, 22, 8
MM, 8, 22, 7
MM, 8, 21, 8
MM, 9, 21, 8
MM, 9, 20, 8
MM, 10, 20, 9
MM, 11, 19, 7
MM, 11, 18, 8
MM, 12, 18, 8
MM, 13, 17, 8
MM, 13, 16, 8
MM, 14, 15, 8
MC, 1, 200
MM, 13, 15, 32
MM, 0, 16, 24
MM, 34, 17, 8
MM, 24, 17, 8
MM, 13, 18, 9
MM, 1, 21, 8
MM, 32, 22, 8
MM, 24, 22, 8
MM, 19, 23, 7
MM, 17, 23, 8
MM, 16, 23, 161
MM, 14, 23, 8
MM, 10, 19, 8
MM, 6, 17, 7
MM, 5, 16, 8
MM, 3, 15, 8
MM, 2, 15, 8
MM, 1, 14, 9
MM, 384, 552, 8
MM, 383, 552, 8
MM, 382, 551, 8
MM, 380, 551, 8
MM, 34, 11, 8
MM, 33, 11, 7
MM, 32, 11, 16
MM, 31, 11, 16
MM, 30, 11, 8
MM, 29, 11, 9
MC, 1, 264
MM, 27, 10, 40
MM, 29, 9, 16
MM, 32, 8, 8
MM, 379, 545, 7
MM, 3, 5, 9
MM, 13, 4, 8
MM, 25, 3, 7
MM, 424, 540, 8
MM, 438, 538, 8
MM, 452, 536, 8
MM, 468, 535, 9
MM, 478, 531, 8
MM, 7, 27, 7
MM, 17, 23, 9
MM, 25, 21, 7
MM, 32, 19, 8
MM, 520, 520, 8
MM, 2, 17, 9
MM, 7, 16, 8
MM, 11, 14, 7
MM, 15, 14, 8
MM, 18, 12, 8
MM, 22, 11, 8
MM, 26, 11, 8
MM, 29, 10, 8
MM, 558, 512, 9
MM, 0, 10, 8
MM, 6, 10, 8
MM, 12, 10, 8
MM, 18, 10, 8
MM, 22, 10, 7
MM, 26, 10, 8
MM, 28, 10, 8
MM, 30, 10, 8
MM, 31, 10, 25
MM, 32, 10, 111
MM, 33, 10, 8
MM, 35, 10, 17
MM, 603, 512, 8
MM, 606, 512, 7
MM, 2, 10, 8
MM, 5, 9, 8
MM, 7, 8, 8
MM, 10, 8, 8
MM, 12, 8, 9
MM, 13, 8, 7
MM, 14, 8, 8
MC, 1, 272
MM, 16, 8, 41
MM, 18, 9, 7
MM, 24, 13, 8
MM, 640, 519, 9
MM, 8, 23, 7
MM, 21, 29, 8
MM, 679, 538, 8
MM, 11, 3, 8
MM, 21, 8, 8
MM, 28, 12, 9
MM, 34, 15, 8
MM, 715, 555, 8
MM, 717, 556, 8
MM, 716, 556, 287
MM, 33, 17, 8
MM, 30, 17, 8
MM, 28, 17, 9
MM, 24, 17, 8
MM, 20, 17, 8
MM, 17, 16, 7
MM, 16, 16, 8
MM, 15, 16, 8
MM, 11, 16, 8
MC, 1, 233
MM, 10, 16, 56
MM, 9, 16, 8
MM, 3, 16, 8
MM, 675, 555, 7
MM, 30, 16, 8
MM, 20, 16, 8
MM, 10, 16, 8
MM, 633, 555, 8
MM, 20, 16, 9
MM, 6, 16, 7
MM, 34, 16, 9
MM, 16, 16, 8
MM, 2, 16, 7
MM, 34, 16, 8
MM, 23, 16, 8
MM, 14, 16, 8
MM, 6, 16, 8
MM, 510, 555, 9
MM, 505, 555, 8
MM, 28, 16, 8
MM, 20, 15, 7
MM, 12, 14, 8
MM, 3, 12, 8
MM, 465, 550, 8
MM, 31, 10, 9
MM, 25, 10, 8
MM, 18, 9, 8
MM, 12, 8, 8
MM, 9, 8, 7
MM, 6, 8, 8
MM, 3, 8, 8
MM, 0, 8, 8
MM, 426, 547, 9
MM, 425, 547, 8
MM, 423, 547, 8
MM, 422, 547, 8
MM, 421, 547, 7
MM, 35, 8, 185
MM, 34, 8, 8
MM, 31, 8, 8
MM, 27, 8, 8
MM, 25, 8, 7
MM, 24, 8, 8
MM, 22, 8, 9
MM, 21, 8, 7
MM, 20, 8, 9
MC, 1, 280
MM, 19, 9, 47
MM, 19, 10, 8
MM, 19, 14, 9
MM, 21, 20, 7
MM, 24, 27, 8
MM, 413, 574, 8
MM, 26, 5, 8
MM, 32, 11, 8
MM, 428, 594, 9
MM, 432, 599, 8
MM, 433, 604, 8
MM, 435, 607, 8
MM, 437, 610, 7
MM, 437, 612, 8
MM, 48, 1, 8
MM, 50, 3, 8
MM, 51, 5, 9
MM, 53, 7, 8
MM, 54, 8, 7
MM, 55, 10, 9
MM, 55, 12, 7
MM, 56, 12, 25
MM, 57, 14, 71
MM, 57, 15, 48
MC, 1, 377
MM, 57, 16, 22
MM, 56, 16, 10
MM, 54, 14, 16
MM, 51, 12, 8
MM, 50, 11, 8
MM, 49, 11, 8
MM, 48, 9, 8
MM, 47, 9, 7
MM, 44, 7, 8
MM, 44, 6, 8
MM, 40, 3, 8
MM, 39, 0, 8
MM, 425, 610, 9
MM, 29, 29, 8
MM, 25, 25, 8
MM, 18, 19, 7
MM, 12, 14, 8
MM, 8, 12, 8
MM, 4, 8, 8
MM, 2, 6, 8
MM, 0, 5, 9
MM, 389, 580, 8
MM, 387, 578, 15
MM, 387, 577, 112
MM, 386, 575, 8
MM, 384, 571, 8
MM, 380, 565, 8
MM, 32, 19, 8
MM, 30, 13, 8
MM, 28, 10, 8
MM, 25, 6, 8
MM, 23, 4, 9
MM, 21, 3, 7
MM, 21, 2, 9
MM, 20, 1, 7
MM, 19, 1, 304
MM, 18, 1, 8
MM, 18, 2, 9
MM, 18, 3, 8
MM, 18, 4, 8
MM, 18, 7, 15
MM, 18, 8, 8
MM, 18, 9, 17
MC, 1, 280
MM, 18, 11, 23
MM, 19, 11, 17
MM, 22, 10, 16
MM, 25, 8, 8
MM, 31, 8, 7
MM, 380, 546, 8
MM, 1, 4, 8
MM, 8, 2, 8
MM, 400, 538, 9
MM, 406, 537, 8
MM, 413, 535, 7
MM, 419, 533, 8
MM, 28, 30, 9
MM, 31, 28, 8
MM, 33, 26, 7
MM, 433, 528, 8
MM, 434, 527, 8
MM, 435, 526, 10
MM, 436, 526, 7
MM, 436, 525, 56
MM, 437, 525, 7
MM, 438, 525, 9
MM, 438, 524, 7
MM, 0, 22, 9
MM, 1, 21, 71
MC, 1, 185
MM, 0, 21, 56
MM, 438, 523, 7
MM, 437, 523, 9
MM, 434, 523, 7
MM, 433, 523, 16
MM, 35, 21, 8
MM, 34, 21, 8
MM, 33, 21, 25
MM, 32, 21, 8
MM, 31, 21, 7
MM, 28, 21, 17
MM, 27, 21, 8
MM, 23, 21, 8
MM, 22, 21, 8
MM, 21, 21, 8
MC, 1, 216
MM, 20, 21, 63
MM, 20, 26, 17
MM, 20, 29, 8
MM, 418, 535, 8
MM, 421, 541, 8
MM, 423, 544, 8
MM, 426, 548, 8
MM, 1, 13, 8
MM, 4, 17, 8
MM, 6, 18, 7
MM, 7, 21, 8
MM, 8, 22, 8
MM, 9, 25, 8
MM, 10, 26, 9
MM, 11, 28, 7
MM, 11, 30, 8
MM, 439, 570, 8
MM, 440, 572, 17
MM, 441, 573, 15
MM, 7, 0, 16
MM, 8, 1, 8
MM, 9, 2, 9
MM, 10, 5, 8
MM, 11, 8, 7
MM, 13, 9, 9
MM, 13, 11, 7
MM, 14, 14, 9
MM, 15, 16, 7
MM, 16, 16, 8
MM, 16, 18, 8
MM, 17, 19, 16
MM, 17, 20, 32
MM, 18, 22, 32
MM, 19, 22, 80
MM, 19, 23, 32
MM, 20, 24, 9
MM, 21, 26, 15
MM, 21, 28, 33
MM, 22, 28, 8
MM, 22, 29, 9
MM, 458, 608, 15
MM, 459, 609, 15
MM, 460, 610, 8
MM, 460, 611, 25
MM, 71, 0, 280
MM, 71, 1, 15
MM, 71, 3, 16
MM, 72, 5, 8
MM, 73, 6, 9
MM, 74, 8, 7
MM, 74, 10, 9
MM, 75, 13, 31
MM, 76, 14, 16
MC, 1, 225
MM, 76, 13, 48
MM, 76, 9, 7
MM, 76, 4, 8
MM, 76, 2, 9
MM, 76, 1, 7
MM, 76, 0, 9
MM, 466, 611, 8
MM, 466, 609, 8
MM, 33, 30, 7
MM, 33, 29, 9
MM, 469, 602, 8
MM, 470, 599, 8
MM, 471, 597, 7
MM, 472, 594, 8
MM, 473, 592, 8
MM, 474, 591, 8
MM, 0, 12, 9
MM, 0, 10, 8
MM, 1, 8, 8
MM, 3, 7, 7
MM, 3, 4, 8
MM, 4, 4, 8
MM, 4, 2, 8
MM, 4, 1, 8
MM, 480, 575, 9
MM, 481, 574, 8
MM, 481, 573, 7
MM, 481, 571, 9
MM, 12, 30, 15
MM, 12, 29, 8
MM, 13, 29, 8
MM, 13, 27, 10
MM, 15, 26, 6
MM, 15, 25, 9
MM, 15, 22, 8
MM, 17, 21, 7
MM, 18, 19, 9
MM, 18, 17, 8
MM, 19, 15, 8
MM, 20, 15, 8
MM, 21, 13, 7
MM, 21, 12, 9
MC, 1, 167
MM, 22, 12, 72
MM, 23, 11, 8
MM, 26, 11, 9
MM, 27, 7, 8
MM, 31, 7, 8
MM, 34, 4, 8
MM, 509, 541, 8
MM, 514, 538, 9
MM, 520, 537, 9
MM, 524, 536, 5
MM, 529, 535, 8
MM, 533, 534, 9
MM, 14, 30, 8
MM, 16, 29, 9
MM, 16, 28, 7
MM, 18, 28, 7
MM, 18, 27, 8
MM, 19, 27, 17
MM, 20, 26, 16
MM, 21, 26, 8
MM, 22, 25, 8
MM, 24, 25, 16
MM, 25, 25, 8
MM, 26, 24, 8
MM, 28, 23, 8
MM, 29, 22, 8
MM, 30, 22, 8
MM, 32, 22, 7
MM, 33, 22, 8
MM, 34, 21, 8
MM, 558, 523, 8
MM, 560, 522, 8
MM, 561, 521, 41
MM, 562, 521, 15
MM, 563, 521, 8
MM, 0, 19, 17
MM, 1, 18, 7
MM, 2, 18, 8
MM, 3, 17, 32
MM, 4, 16, 25
MM, 5, 16, 16
MC, 1, 215
MM, 5, 17, 321
MM, 5, 18, 7
MM, 5, 19, 8
MM, 4, 23, 8
MM, 4, 25, 8
MM, 4, 27, 8
MM, 4, 30, 9
MM, 568, 536, 7
MM, 14, 0, 10
MM, 14, 4, 6
MM, 14, 6, 8
MM, 14, 8, 8
MM, 14, 11, 8
MM, 14, 12, 25
MM, 14, 13, 7
MM, 14, 14, 24
MM, 14, 15, 8
MM, 13, 19, 17
MM, 11, 21, 8
MM, 11, 24, 7
MM, 10, 26, 9
MM, 9, 26, 8
MM, 7, 30, 8
MM, 560, 571, 7
MM, 557, 574, 8
MM, 557, 575, 8
MM, 556, 576, 8
MM, 554, 577, 17
MM, 36, 3, 15
MM, 35, 3, 8
MM, 34, 4, 8
MM, 33, 6, 25
MM, 32, 6, 7
MM, 31, 7, 9
MM, 30, 8, 7
MM, 28, 9, 8
MM, 28, 10, 8
MM, 24, 10, 8
MM, 23, 11, 33
MC, 1, 256
MM, 22, 11, 56
MC, 2, 96
MM, 21, 11, 87
MM, 20, 6, 17
MM, 20, 3, 8
MM, 19, 1, 8
MM, 19, 0, 8
MM, 536, 573, 8
MM, 535, 571, 7
MM, 24, 29, 8
MM, 24, 26, 8
MM, 24, 24, 8
MM, 24, 21, 9
MM, 24, 18, 8
MM, 24, 16, 8
MM, 24, 15, 7
MM, 24, 13, 9
MM, 24, 12, 7
MM, 24, 11, 8
MM, 24, 10, 8
MM, 24, 9, 25
MM, 24, 8, 8
MM, 24, 7, 23
MM, 24, 6, 9
MM, 24, 4, 8
MM, 24, 3, 15
MM, 24, 1, 8
MM, 536, 538, 17
MM, 536, 536, 8
MM, 536, 534, 8
MM, 537, 533, 8
MM, 14, 30, 8
MM, 14, 29, 8
MM, 14, 28, 7
MM, 14, 27, 9
MM, 14, 25, 7
MM, 15, 25, 8
MM, 15, 24, 8
MM, 15, 22, 8
MM, 15, 21, 17
MM, 16, 19, 8
MC, 1, 223
MM, 15, 21, 64
MM, 13, 25, 8
MM, 533, 533, 9
MM, 19, 0, 8
MM, 16, 7, 8
MM, 14, 13, 8
MM, 10, 22, 8
MM, 7, 26, 7
MM, 515, 571, 8
MM, 514, 576, 8
MM, 513, 578, 8
MM, 512, 580, 8
MM, 512, 581, 8
MM, 512, 582, 9
MM, 511, 582, 7
MM, 35, 7, 9
MM, 35, 8, 7
MM, 34, 9, 8
MM, 33, 10, 16
MM, 31, 13, 8
MM, 30, 14, 8
MM, 29, 16, 9
MM, 25, 20, 8
MM, 23, 23, 8
MM, 21, 27, 8
MM, 18, 30, 7
MM, 492, 609, 8
MM, 489, 611, 8
MM, 96, 0, 9
MM, 96, 2, 8
MM, 94, 4, 8
MM, 93, 5, 16
MM, 93, 6, 7
MM, 93, 7, 8
MM, 92, 9, 48
MM, 91, 9, 8
MM, 91, 10, 8
MM, 90, 12, 16
MM, 90, 13, 16
MC, 1, 208
MM, 88, 14, 80
MM, 87, 14, 8
MM, 86, 14, 8
MM, 84, 12, 8
MM, 82, 10, 9
MM, 80, 9, 8
MM, 78, 7, 8
MM, 74, 4, 7
MM, 71, 1, 8
MM, 459, 612, 8
MM, 457, 611, 8
MM, 455, 608, 8
MM, 452, 608, 9
MM, 450, 607, 7
MM, 15, 29, 8
MM, 14, 29, 9
MM, 12, 28, 8
MM, 12, 27, 7
MM, 10, 27, 8
MM, 9, 26, 9
MM, 8, 25, 8
MM, 6, 25, 8
MM, 6, 24, 8
MM, 5, 23, 7
MM, 1, 21, 9
MM, 432, 597, 7
MM, 430, 594, 9
MM, 36, 17, 7
MM, 32, 14, 8
MM, 30, 13, 8
MM, 29, 10, 9
MM, 28, 9, 8
MM, 26, 7, 8
MM, 24, 6, 8
MM, 22, 4, 8
MM, 18, 0, 7
MM, 407, 574, 8
MM, 405, 573, 9
MM, 403, 571, 8
MM, 401, 570, 7
MM, 16, 30, 9
MM, 13, 28, 7
MM, 12, 28, 9
MM, 10, 26, 7
MM, 9, 25, 8
MM, 7, 24, 16
MM, 6, 22, 17
MM, 5, 22, 16
MM, 3, 21, 7
MM, 3, 20, 8
MM, 2, 20, 8
MM, 1, 19, 9
MM, 0, 19, 8
MM, 0, 18, 8
MM, 384, 557, 8
MM, 381, 556, 8
MM, 34, 15, 15
MM, 33, 15, 8
MM, 31, 15, 8
MM, 29, 15, 9
MM, 28, 15, 7
MM, 27, 15, 9
MM, 26, 15, 8
MC, 1, 240
MM, 28, 15, 96
MM, 29, 15, 7
MM, 32, 15, 8
MM, 379, 554, 8
MM, 382, 555, 9
MM, 0, 17, 8
MM, 5, 18, 8
MM, 8, 19, 7
MM, 11, 19, 9
MM, 14, 21, 7
MM, 17, 22, 9
MM, 19, 22, 7
MM, 22, 22, 8
MM, 26, 24, 8
MM, 29, 25, 9
MM, 33, 25, 7
MM, 422, 565, 9
MM, 425, 565, 8
MM, 1, 26, 7
MM, 3, 26, 8
MM, 6, 26, 8
MM, 9, 27, 8
MM, 12, 28, 9
MM, 15, 28, 7
MM, 19, 29, 8
MM, 23, 30, 8
MM, 27, 30, 8
MM, 460, 570, 8
MM, 465, 570, 8
MM, 470, 572, 8
MM, 474, 574, 9
MM, 4, 0, 8
MM, 8, 2, 7
MM, 12, 2, 10
MM, 15, 3, 6
MM, 18, 4, 8
MM, 19, 5, 8
MM, 21, 5, 8
MM, 23, 5, 8
MM, 26, 6, 10
MM, 28, 6, 6
MM, 30, 7, 9
MM, 34, 9, 8
MM, 512, 585, 7
MM, 516, 585, 8
MM, 1, 9, 8
MM, 3, 9, 8
MM, 4, 10, 8
MM, 5, 11, 81
MM, 6, 12, 15
MM, 8, 13, 9
MC, 1, 551
MM, 8, 14, 89
MM, 8, 15, 7
MM, 7, 15, 9
MM, 4, 15, 7
MM, 3, 15, 8
MM, 1, 15, 17
MM, 515, 591, 8
MM, 512, 590, 8
MM, 511, 590, 7
MM, 34, 13, 8
MM, 32, 13, 8
MM, 30, 12, 8
MM, 29, 11, 8
MM, 27, 10, 8
MM, 24, 10, 7
MM, 23, 9, 9
MM, 22, 8, 9
MM, 20, 7, 8
MM, 17, 7, 7
MM, 14, 6, 8
MM, 12, 5, 9
MM, 11, 3, 7
MM, 8, 3, 8
MM, 8, 2, 8
MM, 6, 1, 9
MM, 5, 0, 7
MM, 3, 0, 8
MM, 477, 575, 16
MM, 476, 574, 57
MM, 475, 573, 15
MM, 473, 572, 8
MM, 471, 570, 9
MM, 0, 30, 8
MM, 466, 567, 8
MM, 465, 566, 7
MM, 36, 26, 8
MM, 34, 25, 8
MM, 32, 23, 8
MM, 31, 22, 8
MM, 29, 22, 8
MM, 28, 19, 9
MM, 27, 19, 7
MM, 25, 18, 9
MC, 1, 248
MM, 24, 19, 72
MM, 24, 22, 7
MM, 24, 28, 9
MM, 451, 571, 7
MM, 451, 575, 8
MM, 17, 3, 8
MM, 17, 6, 8
MM, 17, 9, 8
MM, 17, 12, 9
MM, 17, 14, 8
MM, 18, 15, 8
MM, 18, 18, 8
MM, 19, 19, 8
MM, 20, 21, 7
MM, 21, 24, 8
MM, 22, 28, 25
MM, 22, 30, 8
MM, 457, 608, 8
MM, 457, 612, 8
MM, 67, 2, 8
MM, 67, 5, 7
MM, 67, 9, 8
MM, 67, 12, 8
MM, 68, 15, 10
MM, 68, 16, 7
MC, 1, 280
MM, 67, 16, 15
MM, 66, 15, 8
MM, 63, 13, 8
MM, 63, 11, 9
MM, 61, 10, 8
MM, 60, 9, 8
MM, 58, 7, 8
MM, 57, 6, 8
MM, 56, 5, 7
MM, 54, 4, 8
MM, 53, 3, 9
MM, 52, 2, 8
MM, 52, 1, 8
MM, 50, 1, 15
MM, 49, 0, 9
MM, 437, 612, 7
MM, 436, 611, 8
MM, 435, 610, 8
MM, 433, 610, 8
MM, 431, 609, 8
MM, 429, 607, 9
MM, 428, 607, 8
MM, 35, 30, 8
MM, 35, 29, 8
MM, 34, 29, 7
MM, 34, 28, 8
MM, 32, 28, 8
MM, 31, 27, 9
MM, 30, 26, 7
MM, 26, 23, 9
MM, 24, 22, 7
MM, 23, 21, 8
MM, 21, 20, 8
MM, 19, 19, 8
MM, 18, 17, 8
MC, 1, 256
MM, 17, 16, 8
MM, 17, 15, 9
MM, 18, 14, 8
MM, 20, 12, 8
MM, 25, 8, 8
MM, 28, 5, 8
MM, 32, 2, 8
MM, 430, 574, 7
MM, 13, 30, 9
MM, 24, 27, 7
MM, 36, 22, 8
MM, 6, 18, 9
MM, 18, 15, 8
MM, 29, 13, 7
MM, 507, 547, 9
MM, 4, 7, 7
MM, 10, 4, 8
MM, 16, 2, 9
MM, 18, 1, 8
MM, 20, 0, 8
MM, 533, 538, 8
MM, 535, 537, 15
MM, 537, 537, 9
MM, 537, 536, 8
MM, 540, 536, 7
MM, 541, 536, 8
MM, 543, 535, 8
MM, 545, 535, 8
MM, 546, 535, 8
MM, 547, 534, 9
MM, 548, 534, 16
MM, 549, 533, 15
MM, 550, 533, 8
MM, 552, 533, 9
MM, 554, 533, 7
MM, 34, 30, 8
MM, 558, 531, 8
MM, 560, 530, 8
MM, 562, 530, 8
MM, 563, 529, 8
MM, 0, 26, 8
MM, 2, 26, 8
MM, 3, 25, 16
MM, 4, 24, 16
MM, 5, 24, 8
MM, 6, 23, 8
MM, 7, 21, 8
MM, 9, 21, 10
MM, 11, 20, 15
MM, 12, 19, 15
MC, 1, 280
MM, 12, 18, 33
MM, 10, 19, 23
MM, 8, 20, 8
MM, 4, 21, 8
MM, 562, 524, 8
MM, 34, 22, 8
MM, 27, 22, 9
MM, 19, 22, 8
MM, 12, 22, 8
MM, 4, 22, 8
MM, 520, 524, 7
MM, 32, 22, 8
MM, 27, 22, 8
MM, 23, 21, 8
MM, 21, 21, 8
MM, 17, 20, 9
MM, 14, 20, 8
MM, 12, 20, 8
MM, 8, 19, 7
MM, 4, 18, 9
MM, 1, 17, 7
MM, 480, 519, 8
MM, 477, 519, 9
MM, 477, 518, 159
MM, 478, 517, 16
MM, 479, 516, 8
MM, 480, 516, 16
MM, 481, 515, 8
MM, 0, 13, 8
MM, 1, 11, 9
MM, 3, 11, 8
MM, 4, 10, 7
MM, 4, 9, 8
MM, 6, 9, 8
MM, 7, 8, 17
MC, 1, 287
MM, 6, 8, 49
MM, 5, 9, 8
MM, 4, 10, 7
MM, 1, 12, 9
MM, 480, 514, 7
MM, 478, 514, 8
MM, 36, 12, 8
MM, 33, 12, 9
MM, 29, 12, 8
MM, 24, 12, 8
MM, 18, 12, 8
MM, 13, 12, 8
MM, 5, 9, 8
MM, 0, 8, 8
MM, 435, 509, 7
MM, 433, 508, 8
MM, 32, 6, 8
MM, 30, 6, 8
MM, 28, 6, 9
MM, 27, 6, 8
MM, 25, 5, 8
MM, 24, 5, 7
MM, 22, 4, 8
MM, 21, 4, 8
MM, 20, 4, 144
MC, 1, 248
MM, 18, 4, 184
MM, 18, 5, 8
MM, 19, 9, 8
MM, 21, 12, 8
MM, 24, 17, 8
MM, 26, 20, 8
MM, 30, 24, 8
MM, 34, 29, 8
MM, 436, 535, 8
MM, 13, 0, 9
MM, 18, 5, 8
MM, 24, 8, 7
MM, 26, 9, 8
MM, 29, 11, 8
MM, 34, 12, 11
MM, 465, 552, 6
MM, 469, 553, 8
MM, 5, 16, 8
MM, 9, 16, 8
MM, 15, 17, 7
MM, 24, 18, 8
MM, 31, 19, 8
MM, 508, 559, 9
MM, 5, 21, 8
MM, 14, 22, 8
MM, 18, 22, 7
MM, 25, 23, 9
MM, 32, 25, 7
MM, 548, 564, 8
MM, 552, 565, 8
MM, 2, 26, 8
MM, 6, 27, 9
MM, 10, 27, 8
MM, 14, 28, 8
MM, 18, 29, 8
MM, 23, 30, 7
MM, 26, 30, 8
MM, 29, 30, 8
MM, 32, 30, 9
MM, 35, 30, 8
MM, 592, 570, 7
MM, 595, 570, 9
MM, 598, 570, 8
MM, 601, 571, 7
MM, 603, 572, 8
MM, 606, 572, 8
MM, 609, 573, 8
MM, 612, 574, 9
MM, 614, 575, 7
MM, 16, 0, 10
MM, 20, 1, 7
MM, 24, 2, 8
MM, 29, 3, 8
MM, 635, 581, 7
MM, 637, 581, 8
MM, 639, 581, 9
MM, 1, 6, 7
MM, 3, 7, 104
MM, 4, 7, 64
MM, 6, 8, 16
MM, 7, 9, 360
MM, 8, 9, 9
MM, 10, 11, 8
MM, 11, 12, 15
MM, 13, 12, 8
MM, 14, 14, 8
MM, 15, 15, 24
MM, 17, 16, 16
MM, 17, 17, 8
MM, 18, 17, 9
MM, 19, 17, 415
MC, 1, 176
MM, 20, 17, 288
MM, 21, 17, 8
MM, 23, 16, 17
MM, 24, 16, 8
MM, 25, 16, 8
MM, 26, 16, 7
MM, 30, 16, 8
MM, 674, 592, 9
MM, 679, 592, 7
MM, 684, 593, 9
MM, 688, 594, 8
MM, 693, 595, 7
MM, 697, 596, 8
MM, 702, 598, 8
MM, 708, 602, 8
MM, 712, 605, 9
MM, 717, 607, 8
MM, 719, 607, 7
MM, 720, 608, 9
MM, 722, 608, 144
MM, 724, 609, 8
MM, 727, 610, 8
MM, 732, 612, 7
MM, 737, 613, 8
MM, 741, 614, 8
MM, 745, 615, 9
MM, 748, 616, 8
MM, 750, 617, 8
MM, 751, 618, 8
MM, 753, 618, 7
MM, 754, 619, 10
MM, 755, 619, 6
MM, 755, 620, 8
MM, 756, 620, 32
MM, 756, 621, 16
MM, 756, 622, 8
MM, 756, 623, 8
MM, 755, 627, 18
MM, 754, 627, 15
MM, 753, 628, 8
MM, 752, 629, 7
MM, 747, 629, 8
MM, 741, 630, 8
MM, 732, 630, 9
MM, 721, 630, 8
MM, 704, 628, 8
MM, 681, 623, 7
MM, 656, 616, 9
MM, 634, 608, 7
MM, 13, 26, 8
MM, 2, 19, 8
MM, 598, 590, 8
MM, 33, 10, 9
MM, 31, 6, 7
MM, 30, 6, 9
MM, 29, 4, 8
MM, 29, 3, 7
MM, 29, 0, 8
MM, 590, 574, 8
MM, 592, 572, 9
MM, 595, 570, 8
MM, 4, 28, 7
MM, 12, 27, 9
MM, 25, 26, 7
MM, 632, 565, 9
MM, 8, 26, 8
MM, 19, 30, 7
MM, 667, 572, 8
MM, 677, 575, 8
MM, 688, 578, 8
MM, 696, 581, 9
MM, 706, 588, 7
MM, 714, 592, 9
MM, 721, 597, 8
MM, 727, 603, 7
MM, 731, 606, 8
MM, 734, 609, 8
MM, 736, 611, 9
MM, 736, 613, 7
MM, 737, 615, 8
MM, 738, 617, 8
MM, 738, 620, 8
MM, 739, 620, 8
MM, 740, 622, 8
MM, 740, 625, 9
MM, 742, 626, 8
MM, 743, 627, 8
MM, 743, 629, 7
MM, 745, 630, 9
MM, 747, 631, 7
MM, 748, 633, 8
MM, 751, 634, 8
MM, 754, 634, 8
MM, 755, 635, 8
MM, 757, 636, 9
MM, 758, 636, 8
MM, 762, 637, 8
MM, 764, 637, 8
MM, 767, 637, 7
MM, 771, 637, 8
MM, 775, 637, 8
MM, 780, 637, 8
MM, 784, 637, 8
MM, 788, 637, 8
MM, 793, 637, 8
MM, 797, 637, 8
MM, 800, 637, 8
MM, 803, 637, 9
MM, 806, 638, 7
MM, 807, 638, 8
MM, 810, 640, 9
MM, 813, 641, 7
MM, 816, 641, 10
MM, 819, 642, 6
MM, 821, 644, 9
MM, 823, 646, 8
MM, 826, 648, 7
MM, 830, 650, 8
MM, 831, 652, 8
MM, 833, 653, 9
MM, 834, 654, 8
MM, 836, 655, 7
MM, 837, 656, 9
MM, 839, 656, 7
MM, 840, 657, 9
MM, 842, 659, 7
MM, 0, 9, 8
MM, 2, 10, 8
MM, 3, 11, 16
MM, 5, 12, 9
MM, 6, 12, 23
MM, 8, 13, 16
MM, 9, 13, 17
MM, 10, 13, 8
MM, 11, 14, 15
MM, 10, 14, 336
MM, 8, 13, 9
MM, 5, 12, 7
MM, 1, 10, 8
MM, 840, 659, 9
MM, 834, 656, 7
MM, 827, 652, 8
MM, 817, 646, 9
MM, 804, 639, 7
MM, 788, 630, 9
MM, 767, 616, 8
MM, 738, 601, 7
MM, 709, 587, 10
MM, 35, 30, 6
MM, 3, 12, 9
MM, 611, 536, 8
MM, 13, 18, 7
MM, 26, 5, 8
MM, 517, 489, 8
MM, 5, 8, 8
MM, 136, 42, 48
