**********************************
LOGGING TIME: 20161112_144711
CLIENT IP: 10.105.74.162
USERNAME: V.Uday
OS: Windows 8
*********************Neutral database**********************************
MM, 16, 17, 1477468750766
MM, 15, 16, 0
MM, 13, 14, 16
MM, 11, 14, 78
MM, 11, 12, 219
MM, 11, 11, 15
MM, 10, 9, 0
MM, 10, 8, 47
MM, 9, 7, 31
MC, 1, 282
MM, 9, 8, 471
MM, 10, 11, 0
MM, 10, 14, 16
MM, 11, 17, 0
MM, 104, 0, 140
MM, 105, 1, 16
MM, 108, 4, 0
MM, 109, 5, 15
MM, 112, 8, 0
MM, 114, 9, 16
MM, 117, 11, 0
MM, 120, 12, 16
MM, 122, 14, 0
MM, 124, 15, 15
MM, 125, 16, 0
MM, 128, 17, 16
MM, 130, 18, 0
MM, 131, 19, 16
MM, 132, 19, 0
MM, 133, 20, 15
MM, 134, 22, 0
MM, 135, 24, 16
MM, 136, 25, 0
MM, 139, 27, 15
MM, 0, 25, 6731
MM, 2, 24, 15
MM, 4, 23, 0
MM, 6, 23, 16
MM, 8, 22, 0
MM, 9, 21, 16
MM, 10, 20, 78
MM, 11, 20, 15
MM, 12, 20, 32
MM, 13, 20, 0
MM, 14, 20, 15
MM, 15, 20, 16
MM, 17, 20, 0
MM, 18, 20, 16
MM, 20, 20, 0
MM, 22, 20, 16
MM, 24, 20, 15
MM, 25, 21, 0
MM, 28, 22, 16
MM, 30, 24, 0
MM, 51, 3, 47
MM, 58, 10, 0
MM, 65, 18, 15
MM, 142, 3, 476
MM, 148, 23, 16
MM, 156, 40, 0
MM, 163, 53, 16
MM, 24, 0, 234
MM, 24, 2, 0
MM, 26, 3, 16
MM, 26, 5, 0
MM, 26, 6, 156
MM, 26, 7, 0
MM, 25, 8, 31
MC, 1, 239
MM, 24, 9, 15
MM, 23, 10, 16
MM, 22, 10, 0
MM, 22, 11, 16
MM, 17, 11, 0
MM, 15, 14, 15
MM, 9, 17, 0
MM, 3, 21, 16
MM, 35, 30, 15
MM, 4, 6, 16
MM, 36, 19, 16
MM, 20, 23, 15
MM, 7, 26, 0
MM, 36, 29, 24
MM, 29, 30, 4
MM, 21, 31, 0
MM, 17, 31, 16
MM, 12, 31, 0
MM, 10, 30, 15
MM, 9, 29, 0
MM, 8, 29, 16
MM, 8, 28, 0
MM, 7, 28, 16
MM, 6, 27, 31
MM, 6, 25, 47
MM, 6, 24, 15
MM, 6, 23, 0
MM, 7, 20, 16
MM, 8, 18, 0
MM, 8, 16, 16
MM, 10, 14, 0
MM, 10, 13, 16
MM, 10, 10, 0
MM, 10, 8, 15
MM, 10, 6, 0
MM, 10, 5, 48
MM, 9, 5, 16
MM, 7, 5, 16
MM, 5, 5, 17
MM, 4, 5, 0
MM, 3, 6, 15
MM, 2, 6, 0
MM, 1, 6, 63
MM, 0, 6, 0
MM, 43, 8, 31
MM, 41, 8, 15
MM, 38, 9, 10
MM, 36, 9, 0
MM, 32, 9, 16
MM, 30, 9, 0
MM, 27, 9, 15
MM, 25, 9, 0
MM, 22, 10, 16
MM, 20, 11, 0
MC, 1, 265
MM, 18, 11, 16
MM, 18, 12, 0
MM, 13, 13, 16
MM, 6, 14, 0
MM, 36, 17, 15
MM, 27, 17, 16
MM, 17, 18, 0
MM, 8, 19, 20
MM, 0, 21, 0
MM, 41, 22, 16
MM, 36, 22, 0
MM, 33, 23, 16
MM, 30, 23, 0
MM, 28, 23, 15
MM, 27, 23, 0
MM, 25, 23, 16
MM, 24, 23, 0
MM, 23, 23, 17
MM, 22, 23, 0
MM, 20, 23, 15
MM, 19, 23, 16
MM, 15, 23, 0
MM, 14, 23, 15
MM, 13, 23, 16
MM, 12, 22, 31
MM, 11, 22, 16
MM, 10, 21, 16
MM, 9, 21, 0
MM, 9, 20, 31
MM, 9, 19, 0
MM, 9, 18, 15
MC, 1, 141
MM, 9, 17, 16
MM, 9, 16, 15
MM, 10, 15, 0
MM, 12, 14, 16
MM, 15, 13, 0
MM, 20, 10, 16
MM, 29, 9, 0
MM, 37, 7, 15
MM, 11, 0, 16
MM, 0, 21, 329
MM, 3, 21, 16
MM, 6, 21, 0
MM, 8, 21, 16
MM, 9, 20, 0
MM, 11, 20, 15
MM, 13, 19, 0
MM, 13, 18, 16
MM, 15, 16, 0
MM, 16, 16, 16
MM, 17, 15, 156
MC, 1, 109
MM, 18, 14, 63
MM, 19, 14, 0
MM, 21, 13, 15
MM, 26, 13, 0
MM, 35, 13, 16
MM, 5, 13, 16
MM, 17, 13, 0
MM, 29, 13, 15
MM, 41, 13, 0
MM, 0, 13, 16
MM, 12, 14, 0
MM, 24, 15, 15
MM, 33, 16, 0
MM, 4, 17, 16
MM, 8, 17, 16
MM, 12, 17, 0
MM, 15, 17, 15
MM, 18, 17, 0
MM, 20, 17, 16
MM, 22, 17, 0
MM, 23, 17, 16
MM, 24, 17, 0
MM, 25, 17, 15
MM, 26, 17, 0
MM, 28, 17, 16
MM, 29, 17, 0
MM, 32, 17, 15
MM, 33, 17, 16
MM, 35, 15, 0
MM, 0, 13, 31
MM, 3, 12, 16
MM, 5, 12, 0
MM, 7, 12, 16
MM, 9, 11, 0
MM, 13, 11, 16
MM, 16, 11, 0
MM, 19, 11, 15
MM, 21, 11, 0
MM, 22, 11, 16
MM, 23, 11, 0
MM, 25, 11, 17
MM, 28, 11, 16
MM, 31, 11, 0
MM, 33, 11, 16
MM, 4, 10, 16
MM, 6, 10, 15
MM, 8, 10, 0
MM, 10, 8, 16
MM, 12, 8, 0
MM, 14, 7, 16
MM, 17, 6, 0
MM, 23, 6, 15
MM, 26, 5, 0
MM, 28, 5, 16
MM, 30, 5, 0
MM, 32, 5, 15
MM, 34, 5, 0
MC, 1, 227
MM, 32, 6, 94
MM, 31, 7, 16
MM, 30, 8, 0
MM, 24, 12, 15
MM, 22, 14, 4
MM, 18, 17, 16
MM, 13, 19, 0
MM, 7, 22, 15
MM, 34, 25, 16
MM, 24, 26, 0
MM, 15, 27, 16
MM, 5, 27, 0
MM, 30, 27, 15
MM, 22, 27, 16
MM, 15, 27, 0
MM, 7, 27, 16
MM, 33, 27, 17
MM, 25, 26, 0
MM, 16, 26, 15
MM, 8, 25, 0
MM, 3, 24, 16
MM, 42, 24, 15
MM, 40, 24, 16
MM, 38, 24, 0
MM, 38, 23, 78
MM, 36, 23, 0
MM, 35, 23, 16
MM, 31, 23, 15
MM, 25, 22, 0
MM, 20, 21, 16
MM, 15, 20, 0
MM, 10, 19, 15
MM, 6, 19, 0
MM, 0, 19, 16
MM, 43, 18, 16
MM, 42, 17, 16
MM, 39, 17, 0
MM, 35, 16, 31
MM, 32, 16, 16
MM, 29, 16, 0
MM, 25, 16, 16
MM, 22, 16, 0
MM, 18, 16, 15
MM, 15, 16, 0
MM, 11, 16, 16
MM, 6, 16, 0
MM, 2, 16, 15
MM, 42, 23, 635
MM, 40, 22, 15
MM, 37, 21, 16
MM, 30, 18, 0
MM, 24, 14, 16
MM, 18, 11, 0
MM, 15, 10, 15
MM, 13, 8, 0
MM, 14, 8, 275
MM, 16, 8, 16
MM, 18, 9, 16
MM, 20, 10, 19
MM, 21, 10, 15
MM, 22, 10, 16
MM, 24, 10, 0
MC, 1, 221
MM, 25, 10, 47
MM, 27, 10, 16
MM, 29, 10, 0
MM, 33, 10, 15
MM, 40, 10, 0
MM, 6, 10, 16
MM, 15, 10, 16
MM, 23, 10, 0
MM, 31, 10, 15
MM, 37, 11, 0
MM, 41, 12, 16
MM, 43, 12, 0
MM, 0, 12, 98
MM, 2, 12, 0
MM, 5, 11, 15
MM, 7, 11, 0
MM, 9, 11, 16
MM, 12, 11, 0
MM, 15, 11, 16
MC, 1, 260
MM, 16, 11, 31
MM, 17, 10, 16
MM, 19, 10, 0
MM, 23, 10, 15
MM, 31, 10, 0
MM, 38, 10, 16
MM, 27, 4, 1039
MM, 28, 8, 0
MM, 30, 14, 15
MM, 32, 18, 0
MM, 33, 21, 16
MM, 33, 24, 0
MM, 34, 26, 16
MM, 34, 27, 62
MM, 34, 28, 16
MM, 34, 29, 18
MM, 34, 30, 0
MM, 26, 1, 32
MM, 25, 3, 0
MM, 25, 4, 15
MM, 24, 5, 0
MM, 24, 6, 410
MM, 23, 8, 0
MM, 21, 13, 15
MM, 20, 14, 0
MM, 20, 16, 16
MC, 1, 287
MM, 20, 12, 31
MM, 21, 8, 0
MM, 21, 5, 16
MM, 21, 2, 0
MM, 30, 28, 26
MM, 30, 23, 6
MM, 30, 17, 8
MM, 31, 12, 0
MM, 34, 4, 16
MM, 36, 0, 0
MM, 2, 31, 113
MM, 2, 29, 17
MM, 3, 28, 0
MM, 5, 25, 15
MM, 6, 23, 0
MM, 7, 22, 16
MM, 9, 20, 0
MM, 10, 19, 17
MM, 10, 18, 0
MM, 12, 18, 15
MM, 12, 16, 0
MM, 13, 16, 16
MM, 14, 15, 0
MM, 15, 14, 31
MC, 1, 219
MM, 16, 14, 63
MM, 19, 14, 0
MM, 29, 14, 15
MM, 38, 15, 0
MC, 1, 411
MC, 1, 902
MM, 40, 13, 628
MM, 36, 13, 20
MM, 32, 13, 0
MM, 29, 13, 16
MM, 26, 13, 0
MM, 24, 13, 16
MC, 1, 313
MM, 21, 12, 16
MM, 22, 11, 15
MM, 24, 10, 0
MM, 27, 10, 16
MM, 33, 10, 0
MM, 42, 11, 16
MC, 1, 750
MM, 8, 2, 115
MM, 8, 10, 0
MM, 8, 20, 16
MC, 1, 774
MM, 31, 29, 256
MM, 22, 24, 0
MM, 12, 17, 15
MM, 4, 9, 0
MM, 35, 1, 16
MM, 311, 59, 63
MM, 303, 54, 15
MM, 297, 50, 0
MM, 292, 46, 16
MM, 285, 40, 0
MM, 276, 32, 16
MM, 267, 23, 0
MM, 259, 13, 15
MM, 248, 3, 0
MC, 1, 921
MM, 117, 2, 24752
MM, 117, 5, 16
MM, 117, 9, 0
MM, 117, 14, 21
MM, 117, 20, 5
MM, 117, 25, 8
MM, 117, 29, 0
MM, 117, 31, 15
MM, 118, 31, 991
MM, 119, 31, 0
MM, 121, 30, 16
MM, 121, 29, 16
MM, 123, 29, 0
MM, 125, 29, 325
MM, 131, 30, 0
MM, 138, 31, 16
MM, 146, 33, 0
MM, 153, 36, 16
MM, 164, 38, 0
MM, 175, 39, 16
MM, 183, 39, 0
MM, 191, 41, 15
MM, 201, 44, 0
MM, 209, 46, 16
MM, 216, 48, 0
MM, 220, 50, 16
MM, 222, 52, 0
MM, 224, 52, 15
MM, 225, 53, 0
MM, 226, 55, 16
MM, 227, 57, 0
MM, 229, 60, 15
MM, 26, 1, 94
MM, 26, 6, 16
MM, 25, 11, 0
MM, 24, 12, 15
MM, 24, 13, 79
MM, 22, 13, 0
MM, 19, 12, 15
MM, 17, 12, 16
MM, 15, 10, 0
MM, 14, 9, 16
MM, 12, 9, 0
MM, 10, 9, 15
MM, 9, 9, 0
MM, 8, 9, 16
MM, 1, 9, 0
MM, 33, 31, 254
MM, 31, 30, 16
MM, 28, 28, 0
MM, 27, 27, 15
MM, 26, 26, 32
MC, 1, 345
MM, 25, 26, 46
MM, 21, 26, 0
MM, 11, 24, 16
MM, 2, 22, 0
MM, 41, 21, 16
MM, 30, 20, 0
MM, 21, 19, 15
MM, 10, 17, 0
MM, 3, 16, 16
MM, 41, 15, 15
MM, 39, 14, 0
MM, 38, 13, 16
MM, 36, 13, 63
MM, 35, 12, 0
MM, 34, 12, 15
MM, 32, 11, 0
MM, 30, 11, 16
MM, 27, 11, 0
MM, 25, 9, 16
MM, 22, 8, 0
MM, 19, 8, 15
MM, 17, 8, 0
MM, 15, 8, 16
MC, 1, 191
MM, 16, 8, 47
MM, 19, 11, 16
MM, 25, 15, 0
MM, 33, 20, 16
MM, 41, 27, 0
MM, 32, 1, 79
MM, 5, 7, 15
MM, 16, 8, 0
MM, 28, 9, 16
MM, 44, 14, 0
MM, 13, 17, 16
MM, 27, 19, 15
MM, 41, 20, 0
MM, 2, 23, 16
MM, 12, 25, 0
MM, 20, 26, 16
MM, 27, 28, 15
MM, 32, 28, 0
MM, 38, 29, 16
MM, 42, 29, 0
MM, 0, 30, 16
MM, 2, 31, 16
MM, 3, 31, 16
MM, 4, 31, 15
MM, 5, 31, 0
MM, 8, 31, 16
MM, 10, 31, 16
MM, 12, 31, 0
MM, 14, 31, 16
MM, 16, 31, 0
MM, 18, 31, 16
MM, 19, 30, 16
MM, 20, 29, 15
MM, 21, 29, 16
MM, 21, 28, 0
MM, 22, 28, 16
MM, 23, 28, 0
MM, 25, 28, 15
MM, 27, 28, 16
MM, 28, 27, 0
MM, 29, 27, 19
MM, 31, 27, 0
MM, 33, 27, 31
MM, 34, 27, 16
MM, 36, 28, 0
MM, 41, 31, 17
MM, 43, 0, 16
MM, 0, 6, 32
MM, 1, 8, 1
MM, 2, 9, 15
MM, 2, 11, 31
MM, 3, 12, 0
MM, 3, 14, 16
MM, 4, 14, 0
MM, 5, 15, 16
MM, 6, 15, 0
MM, 7, 17, 16
MM, 8, 18, 0
MM, 9, 19, 16
MM, 11, 21, 0
MC, 1, 454
MM, 9, 21, 78
MM, 6, 21, 0
MM, 2, 21, 15
MM, 41, 18, 16
MM, 32, 14, 0
MM, 21, 11, 21
MM, 10, 6, 0
MM, 38, 0, 16
MM, 31, 29, 12
MM, 26, 27, 16
MM, 21, 24, 0
MM, 19, 24, 15
MM, 19, 23, 0
MM, 17, 23, 16
MM, 17, 22, 125
MM, 15, 21, 0
MM, 13, 20, 16
MM, 12, 18, 0
MM, 9, 18, 15
MM, 7, 17, 9
MM, 4, 15, 0
MM, 2, 15, 17
MM, 0, 15, 4
MM, 42, 15, 16
MM, 41, 15, 15
MM, 40, 15, 0
MM, 39, 15, 21
MM, 35, 15, 8
MM, 31, 15, 0
MM, 28, 16, 16
MM, 24, 16, 0
MM, 21, 17, 15
MC, 1, 219
MM, 20, 17, 16
MM, 19, 17, 16
MM, 15, 17, 15
MM, 8, 17, 0
MM, 37, 15, 36
MM, 26, 14, 0
MM, 16, 12, 15
MM, 5, 11, 0
MM, 40, 8, 16
MM, 29, 7, 0
MM, 17, 6, 16
MM, 7, 5, 0
MM, 40, 5, 16
MM, 33, 5, 15
MM, 24, 5, 0
MM, 16, 5, 16
MM, 8, 5, 0
MM, 3, 5, 16
MM, 41, 4, 15
MM, 38, 3, 0
MM, 34, 3, 16
MM, 31, 2, 0
MM, 29, 2, 15
MM, 27, 1, 0
MM, 25, 1, 16
MM, 23, 0, 0
MM, 21, 0, 16
MM, 20, 0, 19
MM, 23, 0, 306
MM, 23, 1, 15
MM, 22, 1, 0
MM, 22, 2, 16
MM, 20, 7, 0
MM, 20, 9, 16
MM, 20, 10, 0
MM, 20, 11, 15
MM, 20, 12, 16
MC, 1, 297
MM, 20, 14, 16
MM, 21, 14, 0
MM, 22, 14, 15
MM, 25, 13, 0
MM, 28, 12, 16
MM, 32, 11, 0
MM, 35, 10, 19
MM, 39, 8, 0
MM, 0, 5, 16
MM, 6, 3, 14
MM, 12, 2, 0
MM, 16, 0, 16
MC, 1, 390
MM, 37, 2, 110
MM, 28, 6, 15
MM, 23, 7, 0
MM, 18, 10, 16
MM, 15, 11, 15
MC, 1, 321
MM, 15, 12, 0
MM, 16, 12, 16
MM, 20, 12, 15
MM, 27, 12, 0
MM, 39, 12, 16
MM, 3, 12, 0
MM, 21, 12, 16
MM, 40, 12, 8
MM, 15, 12, 8
MM, 40, 12, 8
MM, 17, 12, 8
MM, 33, 12, 8
MM, 11, 10, 4
MM, 19, 9, 16
MM, 22, 8, 0
MM, 25, 5, 15
MM, 25, 4, 0
MM, 27, 3, 16
MM, 28, 2, 0
MM, 30, 1, 15
MM, 6, 30, 64
MM, 12, 27, 16
MM, 18, 27, 0
MM, 22, 27, 15
MM, 25, 26, 16
MM, 28, 24, 0
MM, 31, 24, 16
MM, 34, 24, 0
MM, 35, 23, 15
MM, 38, 23, 0
MM, 39, 23, 16
MM, 40, 23, 0
MM, 42, 22, 15
MM, 0, 21, 16
MM, 4, 21, 16
MM, 8, 21, 0
MM, 14, 21, 15
MM, 17, 21, 0
MM, 20, 21, 16
MM, 22, 21, 0
MM, 23, 21, 65
MM, 24, 21, 0
MM, 25, 20, 16
MM, 27, 20, 19
MM, 28, 19, 15
MM, 29, 18, 16
MM, 32, 18, 0
MM, 34, 18, 16
MM, 38, 17, 0
MM, 41, 17, 15
MM, 0, 17, 16
MM, 1, 17, 25
MM, 2, 17, 13
MM, 3, 17, 12
MM, 5, 17, 15
MM, 7, 17, 16
MM, 11, 17, 0
MM, 14, 17, 16
MM, 16, 17, 0
MM, 19, 17, 15
MM, 20, 17, 0
MC, 1, 250
MC, 2, 172
MM, 20, 18, 16
MM, 18, 20, 15
MM, 14, 23, 16
MM, 11, 26, 16
MM, 6, 30, 0
MM, 40, 5, 15
MM, 27, 17, 16
MM, 12, 30, 0
MM, 30, 30, 15
MM, 174, 12, 16
MM, 157, 27, 0
MM, 144, 39, 16
MM, 122, 12, 578
MM, 123, 7, 15
MM, 124, 1, 0
MM, 12, 31, 32
MM, 12, 30, 15
MM, 13, 28, 94
MM, 15, 27, 0
MM, 16, 26, 16
MM, 17, 26, 203
MM, 17, 27, 15
MM, 17, 28, 0
MM, 17, 30, 16
MM, 132, 0, 47
MM, 132, 1, 0
MM, 132, 2, 16
MM, 132, 3, 15
MM, 132, 5, 16
MM, 132, 6, 15
MM, 132, 7, 0
MM, 132, 8, 16
MM, 132, 9, 0
MM, 132, 10, 16
MM, 131, 12, 0
MM, 131, 13, 15
MM, 130, 14, 16
MM, 129, 15, 0
MM, 129, 17, 16
MM, 128, 19, 0
MM, 127, 22, 15
MM, 125, 23, 0
MM, 125, 24, 16
MM, 124, 24, 0
MC, 1, 306
MM, 123, 24, 31
MM, 122, 24, 4
MM, 120, 21, 0
MM, 117, 16, 16
MM, 115, 13, 0
MM, 113, 10, 15
MM, 112, 7, 0
MM, 109, 4, 22
MM, 107, 0, 0
MM, 35, 30, 42
MM, 33, 27, 0
MM, 32, 25, 16
MM, 32, 24, 0
MM, 32, 23, 16
MM, 32, 22, 15
MM, 32, 21, 16
MM, 32, 20, 0
MM, 32, 19, 15
MM, 32, 18, 0
MM, 32, 17, 16
MM, 32, 15, 16
MM, 32, 14, 0
MM, 32, 13, 15
MM, 32, 12, 16
MM, 32, 11, 0
MM, 31, 9, 18
MM, 31, 8, 8
MM, 31, 6, 8
MM, 31, 5, 31
MM, 32, 4, 16
MM, 33, 3, 0
MM, 35, 1, 16
MM, 10, 31, 19
MM, 15, 29, 18
MM, 19, 28, 0
MM, 22, 28, 15
MM, 24, 28, 0
MM, 25, 28, 16
MM, 26, 28, 0
MM, 27, 28, 16
MM, 28, 28, 15
MM, 30, 28, 16
MM, 31, 28, 16
MM, 33, 28, 15
MM, 35, 28, 0
MM, 36, 28, 16
MM, 38, 28, 0
MM, 39, 28, 15
MM, 42, 28, 16
MM, 43, 28, 0
MM, 46, 28, 16
MM, 3, 28, 31
MM, 5, 28, 0
MM, 8, 28, 16
MM, 10, 28, 0
MM, 11, 28, 16
MM, 12, 28, 78
MM, 13, 28, 16
MM, 13, 27, 78
MM, 14, 26, 16
MM, 14, 25, 15
MM, 15, 25, 0
MM, 15, 24, 16
MM, 16, 24, 0
MM, 16, 23, 15
MC, 1, 235
MM, 15, 23, 31
MM, 14, 23, 0
MM, 13, 23, 16
MM, 9, 24, 0
MM, 3, 25, 15
MM, 46, 25, 16
MM, 32, 25, 0
MM, 18, 25, 16
MM, 0, 25, 0
MM, 30, 25, 15
MM, 9, 25, 0
MM, 32, 25, 16
MM, 22, 25, 15
MM, 12, 25, 16
MM, 4, 25, 1
MM, 42, 25, 15
MM, 37, 25, 16
MM, 32, 25, 0
MM, 28, 25, 15
MM, 23, 25, 0
MM, 17, 25, 16
MM, 12, 25, 4
MM, 7, 25, 0
MM, 0, 25, 16
MM, 43, 25, 0
MM, 38, 25, 15
MM, 32, 25, 0
MM, 29, 25, 16
MM, 27, 25, 0
MM, 26, 25, 16
MM, 24, 24, 78
MM, 24, 23, 15
MM, 23, 23, 0
MM, 21, 22, 16
MM, 19, 22, 0
MM, 18, 22, 16
MM, 13, 18, 0
MM, 18, 17, 218
MM, 28, 17, 16
MM, 36, 17, 0
MM, 3, 19, 16
MM, 9, 19, 16
MM, 13, 19, 0
MM, 14, 19, 15
MM, 16, 19, 16
MM, 17, 19, 156
MM, 18, 19, 16
MM, 19, 19, 0
MM, 21, 19, 15
MM, 22, 19, 0
MC, 1, 188
MM, 24, 19, 47
MM, 24, 21, 15
MM, 25, 23, 0
MM, 27, 27, 16
MM, 29, 31, 0
MM, 28, 0, 16
MM, 31, 5, 15
MM, 35, 10, 0
MM, 40, 16, 16
MM, 2, 29, 16
MM, 28, 0, 51
MM, 30, 1, 12
MM, 31, 2, 0
MM, 32, 3, 16
MM, 33, 5, 0
MM, 35, 5, 15
MM, 35, 6, 0
MM, 37, 7, 16
MM, 39, 10, 0
MM, 40, 11, 16
MM, 40, 12, 15
MC, 1, 235
MM, 41, 12, 31
MM, 43, 12, 0
MM, 44, 10, 16
MM, 45, 9, 0
MM, 47, 6, 15
MM, 48, 4, 0
MM, 49, 2, 16
MM, 53, 0, 0
MM, 1, 28, 35
MM, 4, 27, 13
MM, 8, 23, 0
MM, 12, 20, 15
MM, 17, 17, 0
MM, 21, 14, 16
MM, 27, 10, 0
MM, 31, 8, 16
MM, 36, 5, 0
MM, 39, 3, 15
MM, 43, 0, 16
MM, 8, 31, 15
MM, 9, 29, 16
MM, 11, 26, 0
MM, 12, 25, 16
MM, 12, 24, 0
MM, 13, 24, 16
MM, 13, 22, 31
MM, 13, 21, 16
MM, 14, 21, 15
MM, 14, 20, 0
MM, 14, 19, 16
MM, 14, 18, 0
MM, 14, 17, 16
MM, 15, 16, 0
MM, 16, 15, 15
MM, 16, 14, 0
MM, 16, 13, 16
MM, 17, 11, 0
MM, 17, 10, 15
MM, 18, 9, 0
MM, 18, 8, 16
MM, 19, 7, 0
MM, 19, 6, 20
MM, 19, 5, 15
MM, 19, 4, 31
MM, 19, 3, 0
MM, 19, 2, 15
MM, 19, 1, 16
MM, 19, 0, 0
MC, 1, 410
MM, 39, 0, 94
MM, 45, 6, 15
MM, 1, 21, 32
MM, 4, 23, 0
MM, 6, 24, 15
MM, 8, 26, 0
MM, 10, 27, 16
MM, 11, 27, 0
MC, 1, 376
MM, 10, 27, 31
MM, 9, 27, 0
MM, 7, 26, 16
MM, 6, 25, 0
MM, 4, 25, 16
MM, 2, 24, 15
MM, 0, 23, 0
MM, 45, 14, 31
MM, 37, 9, 0
MM, 28, 6, 16
MM, 19, 3, 0
MC, 1, 547
MM, 4, 10, 126
MM, 6, 15, 16
MM, 9, 21, 0
MM, 14, 29, 15
MM, 11, 0, 0
MM, 13, 7, 16
MM, 15, 14, 0
MM, 16, 18, 16
MM, 17, 21, 0
MM, 18, 24, 15
MM, 19, 27, 0
MM, 22, 30, 16
MM, 95, 1, 20
MM, 96, 3, 15
MM, 98, 5, 0
MM, 98, 6, 16
MM, 99, 8, 0
MM, 100, 8, 15
MM, 101, 10, 16
MM, 102, 11, 0
MM, 102, 12, 16
MM, 102, 13, 15
MM, 102, 15, 0
MM, 103, 16, 16
MM, 104, 17, 16
MM, 104, 19, 31
MM, 105, 20, 0
MM, 106, 23, 16
MM, 106, 24, 0
MM, 107, 27, 31
MC, 1, 306
MM, 108, 27, 31
MM, 109, 27, 0
MM, 111, 25, 16
MM, 113, 24, 0
MM, 117, 21, 16
MM, 121, 17, 0
MM, 125, 14, 15
MM, 131, 8, 0
MM, 138, 0, 16
MM, 31, 31, 0
MM, 39, 23, 15
MM, 8, 8, 16
MM, 15, 2, 0
MM, 34, 30, 31
MM, 37, 28, 16
MM, 40, 28, 0
MM, 40, 26, 16
MM, 42, 25, 0
MM, 2, 21, 47
MM, 5, 20, 0
MM, 7, 19, 15
MM, 10, 18, 0
MM, 13, 18, 16
MM, 16, 17, 0
MM, 18, 16, 15
MM, 22, 15, 16
MM, 25, 13, 0
MM, 27, 11, 16
MM, 31, 8, 0
MM, 34, 5, 15
MM, 36, 3, 0
MM, 40, 0, 16
MM, 1, 30, 31
MM, 2, 29, 16
MM, 2, 28, 0
MM, 5, 28, 15
MM, 6, 27, 0
MM, 8, 26, 16
MM, 10, 25, 0
MM, 14, 24, 16
MM, 16, 22, 0
MM, 18, 21, 15
MM, 20, 21, 0
MM, 21, 20, 19
MM, 22, 20, 0
MM, 24, 20, 76
MM, 25, 19, 16
MM, 27, 18, 0
MM, 29, 18, 15
MM, 30, 18, 0
MM, 31, 17, 16
MM, 32, 17, 29
MM, 32, 16, 6
MM, 33, 16, 0
MM, 34, 16, 15
MM, 35, 16, 0
MM, 0, 14, 83
MM, 2, 13, 0
MM, 3, 13, 13
MM, 5, 12, 0
MM, 7, 11, 15
MC, 1, 285
MM, 7, 12, 31
MM, 5, 13, 16
MM, 2, 16, 0
MM, 33, 24, 31
MM, 30, 27, 0
MM, 25, 31, 16
MM, 18, 0, 15
MM, 9, 4, 0
MM, 1, 8, 16
MM, 42, 13, 0
MM, 34, 15, 15
MM, 27, 18, 0
MM, 19, 19, 16
MM, 12, 22, 0
MM, 3, 23, 16
MM, 42, 26, 15
MM, 36, 27, 0
MM, 32, 27, 16
MM, 30, 28, 0
MM, 28, 30, 16
MM, 27, 30, 0
MM, 26, 30, 15
MM, 23, 31, 0
MM, 17, 0, 266
MM, 17, 1, 15
MM, 17, 4, 0
MM, 17, 8, 16
MM, 17, 10, 0
MM, 18, 12, 16
MM, 19, 13, 0
MM, 19, 14, 15
MM, 20, 15, 0
MC, 1, 251
MM, 22, 15, 32
MM, 23, 15, 15
MM, 23, 13, 16
MM, 26, 11, 0
MM, 27, 10, 16
MM, 29, 7, 0
MM, 31, 6, 15
MM, 35, 2, 0
MM, 7, 29, 31
MM, 24, 27, 0
MM, 42, 24, 16
MM, 8, 22, 0
MM, 22, 21, 16
MM, 30, 20, 0
MM, 34, 19, 15
MM, 36, 17, 0
MM, 39, 17, 16
MM, 40, 17, 0
MM, 41, 16, 22
MM, 42, 16, 88
MM, 43, 16, 0
MM, 1, 17, 71
MM, 3, 18, 16
MM, 5, 18, 0
MM, 8, 18, 15
MM, 9, 18, 0
MM, 11, 18, 16
MM, 12, 18, 0
MM, 14, 18, 18
MM, 15, 18, 30
MM, 15, 17, 16
MM, 17, 16, 0
MM, 17, 15, 15
MM, 18, 14, 16
MC, 1, 187
MM, 18, 13, 0
MM, 15, 13, 16
MM, 12, 13, 16
MM, 8, 14, 0
MM, 2, 14, 15
MM, 37, 15, 16
MM, 28, 14, 0
MM, 15, 12, 16
MM, 22, 6, 15
MM, 4, 5, 0
MM, 39, 3, 16
MM, 27, 1, 0
MM, 0, 22, 327
MM, 2, 22, 0
MM, 5, 22, 19
MM, 8, 22, 0
MM, 10, 21, 13
MM, 11, 21, 0
MM, 13, 20, 16
MM, 14, 19, 47
MM, 15, 18, 62
MC, 1, 208
MM, 14, 18, 62
MM, 13, 19, 16
MM, 12, 21, 15
MM, 11, 21, 0
MM, 11, 22, 16
MM, 10, 23, 0
MM, 9, 24, 16
MM, 7, 26, 0
MM, 5, 30, 15
MM, 37, 2, 147
MM, 36, 5, 15
MM, 35, 6, 0
MM, 34, 8, 16
MM, 33, 10, 16
MM, 33, 11, 0
MM, 32, 11, 15
MM, 31, 14, 0
MM, 31, 15, 16
MM, 30, 15, 0
MM, 30, 16, 15
MM, 30, 17, 11
MM, 29, 18, 5
MM, 28, 19, 8
MM, 27, 20, 4
MM, 27, 21, 15
MM, 26, 21, 16
MM, 26, 22, 0
MM, 24, 23, 15
MM, 24, 24, 0
MM, 22, 26, 16
MM, 21, 27, 0
MM, 19, 28, 16
MM, 15, 31, 15
MM, 120, 0, 32
MM, 120, 2, 15
MM, 118, 3, 0
MM, 117, 3, 32
MM, 117, 4, 15
MM, 116, 4, 0
MM, 115, 5, 16
MM, 115, 6, 0
MM, 114, 7, 17
MM, 113, 8, 15
MM, 113, 9, 0
MM, 111, 9, 16
MM, 111, 10, 0
MM, 110, 10, 147
MM, 110, 11, 11
MM, 109, 11, 15
MM, 109, 13, 24
MM, 109, 14, 22
MM, 108, 14, 0
MC, 1, 366
MM, 108, 10, 78
MM, 107, 6, 0
MM, 105, 1, 16
MM, 37, 29, 15
MM, 34, 21, 0
MM, 32, 10, 16
MM, 33, 23, 15
MM, 29, 11, 0
MC, 1, 366
MM, 8, 20, 110
MM, 30, 22, 16
MM, 0, 22, 0
MM, 16, 22, 18
MM, 29, 22, 0
MM, 39, 22, 14
MM, 0, 22, 47
MM, 1, 22, 16
MM, 1, 21, 16
MM, 2, 21, 0
MM, 3, 21, 16
MM, 5, 21, 16
MM, 6, 21, 15
MM, 7, 21, 0
MM, 8, 20, 16
MM, 9, 20, 0
MM, 12, 20, 20
MM, 14, 20, 0
MM, 16, 20, 12
MM, 19, 20, 0
MM, 22, 20, 16
MM, 25, 20, 0
MM, 27, 20, 15
MM, 28, 20, 0
MM, 29, 19, 79
MM, 30, 18, 0
MM, 32, 18, 15
MM, 34, 17, 16
MM, 35, 17, 0
MM, 0, 15, 80
MM, 1, 15, 0
MM, 2, 14, 15
MC, 1, 266
MM, 1, 14, 78
MM, 32, 14, 16
MM, 27, 14, 16
MM, 20, 14, 0
MM, 11, 14, 17
MM, 2, 14, 0
MM, 43, 13, 16
MM, 34, 12, 0
MM, 26, 12, 15
MM, 19, 11, 0
MM, 10, 9, 16
MM, 4, 9, 0
MM, 39, 9, 32
MM, 36, 9, 0
MM, 33, 9, 16
MM, 29, 9, 0
MM, 27, 9, 15
MM, 26, 9, 63
MM, 25, 10, 31
MC, 1, 206
MM, 24, 10, 32
MM, 20, 12, 15
MM, 16, 14, 16
MM, 7, 15, 0
MM, 37, 4, 110
MM, 29, 5, 16
MM, 22, 7, 0
MM, 19, 8, 15
MM, 16, 9, 0
MM, 14, 9, 51
MM, 13, 10, 16
MM, 10, 10, 16
MM, 8, 11, 0
MM, 3, 11, 19
MM, 0, 12, 0
MM, 40, 13, 16
MM, 37, 14, 16
MM, 33, 14, 0
MM, 30, 14, 15
MM, 27, 14, 0
MM, 24, 14, 16
MM, 20, 14, 0
MM, 17, 15, 20
MM, 15, 15, 0
MM, 13, 15, 12
MM, 11, 16, 0
MM, 9, 16, 16
MM, 8, 16, 0
MM, 7, 16, 20
MM, 6, 16, 0
MM, 4, 16, 16
MM, 2, 16, 0
MM, 42, 16, 32
MM, 36, 16, 0
MM, 33, 15, 16
MM, 31, 15, 0
MM, 30, 15, 16
MC, 1, 219
MM, 35, 15, 31
MM, 8, 16, 31
MM, 22, 19, 0
MM, 41, 21, 16
MM, 22, 24, 0
MM, 3, 31, 15
MM, 13, 2, 16
MM, 42, 5, 0
MM, 17, 8, 16
MM, 35, 9, 0
MM, 0, 11, 15
MM, 9, 11, 16
MM, 17, 10, 0
MM, 23, 8, 15
MM, 28, 5, 0
MM, 32, 5, 16
MM, 38, 4, 0
MM, 43, 1, 16
MM, 5, 30, 298
MM, 7, 30, 0
MM, 10, 27, 16
MM, 12, 26, 0
MM, 14, 24, 15
MM, 16, 23, 4
MM, 16, 22, 0
MM, 16, 21, 16
MM, 16, 22, 270
MM, 14, 23, 0
MM, 13, 24, 15
MM, 12, 25, 0
MM, 11, 25, 328
MM, 9, 25, 16
MM, 8, 26, 16
MM, 5, 27, 0
MM, 0, 28, 16
MM, 42, 29, 15
MM, 35, 29, 16
MM, 30, 30, 0
MM, 23, 31, 15
MM, 10, 2, 32
MM, 41, 10, 31
MM, 32, 13, 0
MM, 22, 15, 16
MM, 16, 18, 0
MM, 9, 21, 15
MM, 5, 25, 0
MM, 2, 28, 16
MM, 0, 30, 0
MM, 158, 1, 31
MM, 155, 4, 0
MM, 155, 7, 16
MM, 154, 9, 0
MM, 153, 10, 15
MM, 153, 11, 0
MM, 153, 12, 16
MM, 153, 13, 31
MM, 153, 14, 0
MM, 153, 16, 31
MM, 154, 18, 16
MM, 154, 20, 16
MM, 155, 21, 15
MM, 156, 22, 16
MM, 157, 22, 0
MM, 157, 23, 18
MM, 159, 24, 0
MM, 160, 24, 16
MM, 162, 24, 47
MM, 163, 23, 16
MM, 164, 22, 0
MM, 165, 22, 17
MM, 167, 19, 1
MM, 168, 19, 15
MM, 170, 17, 0
MM, 170, 16, 16
MM, 171, 15, 4
MM, 172, 15, 0
MM, 172, 14, 16
MM, 173, 13, 31
MM, 173, 12, 15
MM, 173, 11, 16
MM, 173, 10, 16
MC, 1, 300
MM, 173, 9, 62
MM, 174, 8, 0
MM, 178, 5, 19
MM, 183, 1, 0
MM, 36, 30, 29
MM, 5, 15, 16
MM, 20, 6, 16
MM, 18, 21, 15
MM, 37, 8, 0
MM, 25, 29, 16
MM, 4, 21, 15
MM, 10, 19, 16
MM, 12, 18, 0
MC, 1, 435
MM, 6, 18, 32
MM, 30, 19, 15
MM, 17, 19, 16
MM, 2, 21, 0
MM, 24, 23, 16
MM, 6, 25, 0
MM, 33, 30, 15
MM, 13, 31, 0
MM, 14, 2, 32
MM, 5, 5, 0
MM, 40, 10, 31
MM, 34, 12, 0
MM, 29, 12, 15
MM, 23, 13, 0
MM, 19, 13, 22
MM, 15, 14, 0
MM, 11, 14, 11
MM, 8, 14, 0
MM, 6, 15, 15
MM, 5, 15, 0
MM, 1, 15, 22
MM, 43, 15, 26
MM, 41, 15, 16
MM, 38, 16, 0
MM, 36, 16, 16
MM, 32, 16, 0
MM, 29, 17, 15
MM, 27, 17, 16
MM, 24, 17, 0
MM, 21, 17, 15
MM, 18, 17, 0
MM, 15, 17, 16
MM, 12, 17, 0
MM, 8, 17, 16
MM, 5, 17, 0
MM, 0, 17, 15
MM, 41, 17, 16
MM, 37, 17, 0
MM, 31, 17, 16
MM, 27, 17, 0
MM, 22, 17, 15
MM, 16, 17, 0
MM, 10, 16, 16
MM, 6, 15, 0
MM, 2, 14, 15
MM, 42, 11, 16
MM, 38, 11, 0
MM, 34, 11, 16
MM, 30, 10, 0
MM, 26, 10, 15
MM, 23, 10, 0
MM, 20, 10, 16
MM, 18, 10, 0
MM, 14, 10, 16
MM, 11, 10, 0
MM, 9, 10, 15
MM, 7, 10, 110
MM, 6, 10, 15
MM, 2, 10, 0
MM, 0, 10, 16
MM, 41, 9, 16
MM, 38, 8, 24
MM, 36, 7, 10
MM, 34, 7, 0
MM, 33, 7, 31
MM, 32, 7, 16
MM, 31, 7, 15
MM, 30, 7, 16
MM, 29, 7, 16
MC, 1, 219
MM, 31, 7, 62
MM, 35, 7, 0
MM, 43, 7, 16
MM, 4, 8, 0
MM, 19, 10, 15
MM, 23, 17, 16
MM, 16, 22, 16
MM, 34, 23, 0
MM, 5, 27, 16
MM, 12, 27, 16
MM, 20, 27, 0
MM, 27, 27, 15
MM, 32, 27, 0
MM, 39, 26, 16
MM, 8, 21, 16
MM, 20, 19, 15
MM, 32, 18, 0
MM, 4, 17, 16
MM, 14, 17, 18
MM, 19, 17, 0
MM, 24, 17, 14
MM, 29, 17, 0
MM, 32, 17, 16
MM, 36, 17, 0
MM, 40, 16, 16
MM, 42, 16, 0
MM, 2, 15, 15
MM, 5, 15, 16
MM, 7, 15, 0
MM, 8, 15, 15
MM, 9, 15, 0
MM, 10, 15, 33
MM, 12, 15, 0
MM, 18, 16, 16
MM, 23, 17, 0
MM, 25, 17, 15
MM, 29, 18, 0
MM, 33, 18, 16
MM, 34, 18, 0
MM, 35, 19, 15
MM, 36, 19, 0
MM, 37, 19, 63
MM, 38, 19, 0
MM, 41, 19, 16
MM, 42, 19, 15
MM, 0, 19, 79
MM, 1, 19, 78
MM, 2, 19, 9
MM, 3, 18, 31
MC, 1, 184
MM, 2, 18, 62
MM, 41, 19, 16
MM, 35, 19, 16
MM, 30, 20, 0
MM, 23, 20, 15
MM, 15, 21, 0
MM, 8, 22, 16
MM, 37, 22, 15
MM, 28, 22, 0
MM, 17, 22, 16
MM, 2, 22, 0
MM, 41, 22, 16
MM, 30, 22, 15
MM, 18, 22, 0
MM, 6, 22, 16
MM, 44, 22, 16
MM, 34, 22, 0
MM, 24, 22, 15
MM, 13, 22, 0
MM, 5, 23, 17
MM, 35, 24, 15
MM, 26, 24, 0
MM, 16, 24, 16
MM, 8, 24, 0
MM, 0, 24, 16
MM, 42, 24, 0
MM, 38, 24, 15
MM, 34, 24, 0
MM, 30, 24, 16
MM, 28, 24, 0
MM, 26, 24, 16
MM, 22, 23, 0
MM, 19, 22, 31
MM, 18, 22, 16
MM, 17, 22, 0
MM, 13, 22, 15
MM, 10, 21, 0
MM, 5, 19, 16
MM, 3, 18, 0
MM, 0, 18, 15
MM, 42, 17, 20
MM, 39, 17, 16
MM, 37, 17, 0
MM, 35, 17, 16
MM, 31, 17, 0
MM, 28, 17, 16
MM, 25, 17, 0
MM, 23, 17, 15
MM, 20, 17, 0
MM, 16, 17, 16
MM, 12, 17, 0
MM, 5, 17, 15
MM, 39, 17, 16
MM, 32, 17, 0
MM, 26, 17, 16
MM, 19, 17, 0
MM, 16, 17, 15
MM, 13, 17, 0
MM, 12, 16, 235
MC, 1, 101
MM, 12, 15, 31
MM, 14, 15, 0
MM, 19, 15, 16
MM, 27, 15, 0
MM, 38, 17, 16
MM, 10, 24, 15
MM, 20, 26, 0
MM, 29, 29, 16
MM, 33, 30, 0
MM, 41, 1, 63
MM, 42, 1, 15
MM, 1, 8, 47
MM, 2, 8, 281
MM, 4, 8, 16
MM, 6, 9, 16
MM, 8, 9, 0
MM, 9, 10, 16
MM, 10, 10, 0
MM, 12, 11, 15
MM, 14, 12, 0
MC, 1, 251
MM, 14, 11, 16
MM, 14, 10, 16
MM, 14, 8, 0
MM, 14, 5, 15
MM, 14, 1, 0
MM, 22, 29, 16
MM, 22, 26, 16
MM, 22, 22, 0
MM, 23, 20, 15
MM, 24, 18, 16
MM, 24, 15, 8
MM, 25, 13, 4
MM, 25, 11, 0
MM, 25, 10, 19
MM, 25, 9, 0
MM, 25, 8, 13
MM, 26, 6, 0
MM, 26, 5, 16
MM, 26, 3, 0
MM, 26, 2, 16
MM, 27, 2, 0
MM, 28, 0, 15
MC, 1, 352
MM, 39, 7, 82
MM, 40, 18, 8
MM, 43, 30, 4
MM, 40, 4, 0
MM, 43, 14, 16
MM, 1, 31, 46
MM, 77, 0, 47
MM, 78, 1, 16
MM, 78, 2, 16
MM, 80, 5, 15
MM, 81, 8, 0
MM, 81, 11, 16
MM, 83, 14, 0
MM, 86, 19, 15
MM, 87, 22, 0
MM, 89, 26, 16
MM, 90, 29, 0
MM, 91, 30, 16
MC, 1, 265
MM, 92, 30, 16
MM, 93, 30, 0
MM, 94, 29, 16
MM, 97, 28, 0
MM, 100, 24, 15
MM, 104, 21, 0
MM, 108, 18, 16
MM, 114, 11, 0
MM, 123, 4, 15
MM, 32, 23, 16
MM, 37, 26, 16
MM, 3, 21, 15
MM, 17, 18, 0
MM, 30, 15, 16
MM, 39, 9, 0
MM, 4, 5, 16
MM, 7, 3, 15
MM, 12, 1, 0
MM, 23, 31, 31
MM, 26, 28, 16
MM, 29, 24, 0
MM, 31, 22, 16
MM, 33, 21, 0
MM, 34, 21, 15
MM, 34, 20, 0
MM, 35, 19, 16
MM, 35, 15, 422
MM, 34, 15, 0
MM, 33, 17, 16
MM, 32, 18, 15
MM, 31, 18, 0
MC, 1, 287
MM, 29, 19, 32
MM, 29, 20, 15
MM, 26, 23, 0
MM, 24, 24, 16
MM, 21, 26, 0
MM, 18, 28, 15
MM, 3, 2, 32
MM, 1, 4, 0
MM, 41, 10, 47
MM, 39, 12, 15
MM, 36, 14, 0
MM, 33, 16, 16
MM, 30, 18, 0
MM, 26, 20, 16
MM, 24, 23, 0
MM, 18, 26, 16
MM, 14, 30, 0
MM, 11, 31, 16
MM, 40, 7, 188
MM, 37, 7, 16
MM, 34, 7, 0
MM, 31, 7, 20
MM, 29, 8, 0
MM, 27, 8, 14
MM, 26, 8, 55
MM, 25, 8, 0
MM, 25, 9, 20
MC, 1, 195
MM, 24, 10, 47
MM, 23, 11, 0
MM, 20, 12, 16
MM, 19, 14, 0
MM, 17, 14, 15
MM, 17, 16, 0
MM, 17, 17, 16
MM, 11, 22, 0
MM, 9, 23, 16
MM, 8, 28, 0
MM, 7, 30, 15
MM, 5, 31, 16
MM, 167, 0, 47
MM, 166, 1, 0
MM, 165, 2, 15
MM, 164, 4, 16
MM, 163, 5, 16
MM, 162, 6, 17
MM, 162, 7, 0
MM, 161, 7, 15
MM, 161, 8, 78
MM, 161, 9, 16
MC, 1, 172
MM, 160, 9, 15
MM, 159, 9, 16
MM, 158, 9, 0
MM, 156, 7, 16
MM, 155, 5, 15
MM, 154, 2, 0
MM, 32, 27, 31
MM, 29, 23, 0
MM, 26, 15, 16
MM, 25, 10, 0
MM, 23, 3, 16
MM, 26, 29, 15
MM, 23, 22, 0
MM, 22, 15, 16
MM, 21, 11, 0
MM, 20, 7, 16
MM, 20, 4, 0
MM, 19, 1, 15
MM, 18, 0, 0
MC, 1, 955
MM, 0, 25, 47
MM, 6, 29, 15
MM, 23, 1, 16
MM, 26, 2, 20
MM, 29, 5, 0
MM, 30, 5, 62
MM, 30, 6, 0
MM, 31, 7, 16
MM, 32, 7, 0
MM, 33, 8, 16
MM, 34, 9, 0
MM, 35, 10, 15
MM, 37, 11, 16
MM, 37, 13, 0
MM, 38, 15, 18
MM, 39, 15, 0
MM, 39, 16, 16
MM, 41, 17, 0
MM, 40, 17, 172
MM, 39, 17, 0
MM, 38, 16, 15
MM, 36, 15, 16
MM, 35, 15, 16
MM, 34, 15, 0
MM, 32, 15, 21
MC, 1, 239
MM, 30, 15, 47
MM, 26, 15, 0
MM, 23, 15, 18
MM, 18, 15, 0
MM, 13, 15, 14
MM, 2, 14, 0
MM, 43, 11, 16
MM, 35, 10, 15
MM, 28, 9, 0
MM, 21, 5, 16
MM, 18, 3, 0
MM, 13, 1, 16
MM, 9, 0, 0
MC, 1, 789
MM, 1, 13, 125
MM, 5, 16, 16
MM, 7, 19, 0
MM, 9, 23, 16
MM, 12, 24, 0
MM, 15, 28, 17
MM, 16, 31, 0
MM, 16, 2, 31
MM, 19, 6, 0
MM, 21, 8, 15
MM, 23, 11, 0
MM, 23, 15, 16
MM, 24, 18, 0
MM, 25, 19, 16
MM, 27, 21, 0
MM, 28, 23, 15
MM, 28, 25, 0
MM, 30, 27, 19
MM, 30, 28, 14
MM, 30, 31, 15
MM, 31, 31, 0
MM, 97, 0, 63
MM, 97, 1, 16
MM, 97, 2, 0
MM, 98, 4, 47
MM, 99, 7, 32
MM, 99, 10, 31
MM, 99, 11, 127
MM, 100, 11, 15
MM, 101, 12, 0
MM, 101, 13, 16
MM, 101, 15, 16
MC, 1, 207
MM, 102, 17, 16
MM, 103, 16, 15
MM, 104, 16, 0
MM, 105, 15, 16
MM, 108, 13, 0
MM, 111, 12, 16
MM, 116, 9, 0
MM, 122, 4, 18
MM, 30, 27, 14
MM, 41, 22, 16
MM, 5, 16, 0
MM, 17, 12, 15
MM, 27, 7, 0
MM, 36, 2, 16
MM, 0, 25, 51
MM, 1, 22, 13
MM, 1, 21, 0
MM, 2, 20, 15
MM, 2, 19, 16
MM, 2, 18, 0
MM, 2, 15, 62
MM, 3, 12, 16
MM, 4, 8, 0
MM, 4, 4, 16
MM, 5, 29, 22
MM, 5, 28, 16
MM, 6, 27, 0
MM, 7, 25, 16
MM, 8, 24, 16
MM, 8, 22, 0
MM, 9, 21, 16
MM, 10, 20, 0
MM, 10, 19, 24
MC, 1, 263
MM, 6, 22, 63
MM, 4, 25, 15
MM, 0, 31, 0
MM, 43, 1, 16
MM, 39, 8, 0
MM, 34, 15, 16
MM, 30, 24, 0
MM, 27, 31, 15
MM, 22, 0, 0
MM, 19, 5, 16
MM, 16, 11, 0
MM, 15, 13, 16
MM, 13, 15, 0
MC, 1, 387
MM, 13, 17, 16
MM, 14, 17, 15
MM, 15, 17, 0
MM, 16, 16, 16
MM, 19, 15, 0
MM, 21, 13, 16
MM, 22, 13, 0
MM, 23, 12, 15
MM, 26, 9, 0
MM, 28, 7, 16
MM, 31, 3, 0
MM, 1, 29, 32
MM, 8, 24, 0
MM, 15, 18, 16
MM, 23, 12, 0
MM, 29, 9, 16
MM, 35, 5, 0
MM, 39, 3, 15
MM, 9, 30, 32
MM, 11, 28, 15
MM, 12, 26, 0
MM, 15, 24, 16
MM, 15, 23, 0
MM, 16, 22, 28
MC, 1, 292
MM, 9, 22, 47
MM, 2, 22, 0
MM, 40, 22, 16
MM, 27, 22, 0
MM, 11, 22, 16
MM, 28, 22, 15
MM, 13, 22, 16
MM, 3, 22, 0
MC, 1, 415
MC, 1, 535
MM, 42, 2, 239
MM, 42, 4, 15
MM, 38, 5, 0
MM, 36, 7, 16
MM, 34, 7, 0
MM, 32, 8, 16
MM, 30, 9, 0
MM, 29, 9, 15
MM, 28, 11, 0
MM, 27, 11, 47
MM, 26, 12, 282
MM, 26, 14, 0
MM, 28, 18, 16
MM, 30, 22, 0
MM, 34, 29, 16
MM, 29, 0, 0
MM, 33, 8, 15
MM, 38, 17, 0
MM, 66, 2, 31
MM, 67, 4, 16
MM, 68, 5, 0
MM, 68, 7, 21
MM, 68, 8, 141
MM, 68, 9, 15
MM, 68, 10, 16
MM, 68, 11, 0
MM, 68, 12, 15
MM, 68, 13, 110
MM, 68, 14, 15
MC, 1, 148
MM, 68, 15, 16
MM, 67, 15, 0
MM, 64, 14, 15
MM, 63, 12, 0
MM, 60, 9, 16
MM, 56, 5, 0
MM, 28, 31, 16
MM, 22, 24, 15
MM, 16, 20, 0
MM, 12, 16, 16
MM, 8, 11, 0
MM, 6, 7, 16
MM, 3, 4, 0
MM, 1, 1, 15
MM, 2, 31, 48
MM, 2, 30, 31
MM, 1, 28, 16
MM, 0, 28, 16
MM, 42, 24, 219
MM, 39, 22, 0
MM, 36, 21, 15
MM, 32, 20, 0
MM, 29, 18, 16
MM, 28, 17, 98
MC, 1, 78
MM, 28, 16, 31
MM, 28, 15, 16
MM, 30, 15, 0
MM, 32, 15, 15
MM, 35, 15, 16
MM, 40, 15, 0
MM, 4, 16, 16
MM, 13, 16, 15
MM, 21, 16, 0
MM, 32, 16, 16
MM, 43, 16, 0
MM, 3, 15, 16
MM, 13, 14, 0
MM, 22, 12, 15
MM, 32, 8, 0
MM, 40, 6, 16
MM, 0, 3, 0
MM, 11, 2, 15
MM, 19, 0, 0
MC, 1, 629
MM, 0, 1, 129
MM, 42, 3, 0
MM, 35, 5, 20
MM, 30, 7, 8
MM, 27, 8, 4
MM, 25, 8, 0
MM, 23, 8, 21
MM, 21, 8, 0
MM, 18, 8, 11
MM, 15, 8, 0
MM, 13, 8, 16
MM, 10, 8, 0
MM, 6, 8, 15
MM, 1, 8, 0
MM, 43, 8, 16
MM, 38, 8, 16
MM, 35, 9, 0
MM, 34, 10, 15
MM, 33, 10, 16
MM, 32, 10, 62
MM, 31, 10, 0
MM, 27, 10, 16
MM, 26, 10, 16
MM, 24, 10, 15
MM, 23, 10, 31
MM, 23, 11, 0
MM, 19, 11, 16
MM, 16, 11, 0
MM, 12, 11, 19
MM, 7, 11, 0
MM, 1, 11, 16
MM, 43, 12, 16
MM, 42, 12, 16
MM, 40, 12, 16
MM, 39, 14, 16
MM, 38, 14, 16
MC, 1, 269
MM, 39, 14, 31
MM, 7, 14, 16
MM, 18, 14, 16
MM, 30, 14, 0
MM, 43, 12, 15
MM, 12, 11, 0
MM, 31, 10, 16
MM, 5, 7, 0
MM, 22, 4, 15
MM, 36, 3, 0
MM, 3, 0, 16
MC, 1, 500
MC, 1, 558
MM, 37, 0, 269
MM, 37, 1, 16
MM, 37, 2, 0
MM, 37, 3, 16
MM, 37, 5, 62
MM, 37, 6, 16
MM, 36, 7, 15
MM, 35, 8, 0
MM, 33, 9, 16
MM, 33, 10, 0
MM, 32, 10, 144
MC, 1, 94
MM, 32, 11, 0
MM, 30, 11, 31
MM, 31, 10, 140
MM, 32, 10, 16
MM, 33, 8, 0
MM, 35, 7, 16
MM, 37, 5, 0
MM, 41, 1, 17
MM, 2, 0, 3741
MM, 4, 1, 0
MM, 7, 1, 15
MM, 11, 1, 0
MM, 15, 2, 16
MM, 21, 2, 0
MM, 26, 2, 16
MM, 30, 2, 0
MM, 33, 2, 15
MM, 37, 2, 0
MM, 40, 2, 16
MM, 43, 1, 0
MM, 1, 0, 15
MM, 5, 0, 16
MM, 9, 0, 0
MM, 39, 0, 47
MM, 7, 1, 16
MM, 16, 2, 0
MM, 21, 3, 15
MM, 27, 4, 0
MM, 31, 4, 16
MM, 33, 4, 0
MM, 34, 4, 32
MM, 35, 4, 0
MM, 38, 4, 16
MM, 42, 4, 16
MM, 7, 5, 16
MM, 16, 6, 0
MM, 23, 6, 16
MM, 29, 8, 0
MM, 34, 9, 16
MM, 40, 11, 0
MM, 45, 13, 16
MM, 48, 14, 0
MM, 42, 9, 949
MM, 40, 10, 0
MM, 38, 10, 15
MM, 36, 11, 0
MM, 33, 11, 16
MM, 32, 11, 0
MM, 31, 11, 16
MM, 30, 12, 0
MC, 1, 239
MM, 29, 12, 141
MM, 28, 12, 0
MM, 24, 12, 16
MM, 20, 12, 0
MM, 16, 12, 15
MM, 11, 12, 0
MM, 6, 12, 16
MM, 0, 12, 0
MM, 43, 12, 16
MM, 36, 12, 0
MM, 27, 12, 15
MM, 18, 12, 0
MM, 8, 12, 16
MM, 36, 13, 16
MM, 26, 16, 0
MM, 15, 17, 15
MM, 6, 19, 4
MM, 38, 22, 16
MM, 21, 23, 15
MM, 7, 24, 0
MM, 42, 24, 16
MM, 24, 24, 0
MM, 7, 24, 16
MM, 43, 24, 0
MM, 30, 24, 15
MM, 19, 24, 0
MM, 11, 24, 16
MM, 6, 24, 0
MM, 0, 24, 16
MM, 38, 27, 15
MM, 32, 27, 4
MM, 29, 27, 0
MM, 24, 28, 16
MM, 18, 29, 0
MM, 12, 30, 16
MM, 6, 30, 15
MM, 437, 15, 3159
MP, 1, 189340
MR, 1, 76
MC, 1, 0
MM, 224, 0, 536
MM, 224, 8, 8
MM, 224, 14, 8
MM, 224, 23, 8
MM, 224, 28, 8
MM, 225, 36, 8
MM, 226, 42, 8
MM, 226, 46, 9
MM, 227, 49, 7
MM, 228, 52, 9
MM, 228, 54, 8
MM, 228, 57, 7
MM, 228, 59, 8
MM, 228, 62, 8
MM, 16, 2, 120
MM, 17, 4, 8
MM, 19, 6, 8
MM, 21, 8, 8
MM, 24, 12, 8
MM, 29, 15, 8
MM, 36, 18, 9
MM, 3, 27, 15
MM, 27, 3, 25
MM, 32, 7, 7
MM, 35, 9, 9
MM, 37, 11, 8
MM, 40, 14, 8
MM, 41, 17, 8
MM, 42, 18, 7
MM, 43, 19, 8
MM, 43, 20, 8
MM, 38, 0, 97
MM, 38, 1, 7
MM, 38, 5, 8
MM, 38, 7, 8
MM, 38, 8, 8
MM, 38, 13, 16
MM, 38, 14, 8
MM, 38, 15, 8
MM, 38, 18, 8
MM, 38, 21, 8
MM, 38, 24, 8
MM, 38, 26, 8
MM, 38, 27, 16
MM, 38, 28, 8
MM, 37, 30, 8
MM, 46, 0, 128
MM, 45, 1, 8
MM, 45, 3, 8
MM, 45, 4, 8
MM, 45, 5, 16
MM, 44, 5, 8
MM, 44, 6, 64
MM, 44, 7, 128
MM, 44, 8, 48
MM, 44, 9, 8
MM, 44, 10, 8
MM, 43, 11, 17
MM, 43, 12, 79
