**********************************
LOGGING TIME: 20161106_103443
CLIENT IP: 10.146.230.155
USERNAME: Elon Musk
OS: Windows 10
*********************Neutral database**********************************
MM, 157, 0, 1477468749708
MP, 1, 403
MR, 1, 0
MC, 1, 0
MM, 32, 6, 1879
MM, 31, 13, 16
MM, 30, 21, 0
MM, 29, 29, 15
MM, 27, 38, 0
MM, 27, 52, 17
MM, 27, 60, 8
MM, 32, 4, 18
MM, 34, 25, 8
MM, 40, 1, 47
MM, 42, 6, 8
MM, 43, 10, 16
MM, 43, 12, 8
MM, 32, 18, 224
MM, 26, 9, 8
MM, 4, 7, 311
MM, 13, 16, 0
MM, 25, 23, 31
MM, 28, 25, 16
MM, 29, 26, 0
MM, 31, 26, 15
MM, 32, 27, 8
MM, 33, 28, 8
MM, 34, 29, 6
MM, 35, 29, 8
MM, 36, 31, 8
MM, 35, 31, 171
MM, 35, 30, 10
MM, 34, 29, 7
MM, 34, 28, 8
MM, 34, 27, 16
MM, 33, 27, 8
MM, 33, 26, 8
MM, 32, 26, 8
MM, 32, 25, 8
MM, 32, 24, 24
MM, 32, 23, 8
MM, 31, 23, 8
MM, 31, 22, 16
MM, 30, 22, 16
MM, 29, 22, 7
MM, 29, 20, 16
MM, 29, 19, 28
MM, 28, 19, 4
MM, 27, 19, 16
MM, 26, 17, 16
MM, 27, 17, 262
MM, 27, 18, 4
MM, 27, 19, 9
MM, 28, 20, 10
MM, 29, 21, 6
MM, 29, 22, 8
MM, 30, 23, 8
MM, 31, 26, 19
MM, 32, 26, 0
MM, 33, 28, 16
MM, 33, 29, 0
MM, 33, 30, 16
MM, 34, 31, 15
MM, 42, 8, 64
MM, 43, 11, 8
MM, 0, 23, 245
MM, 1, 23, 16
MM, 2, 23, 0
MM, 3, 23, 15
MM, 4, 23, 32
MM, 5, 23, 4
MM, 6, 23, 8
MM, 7, 23, 28
MM, 8, 23, 8
MM, 10, 23, 476
MM, 15, 23, 0
MM, 19, 24, 22
MM, 22, 25, 8
MM, 25, 26, 8
MM, 29, 27, 8
MM, 35, 29, 8
MM, 2, 2, 24
MM, 10, 4, 8
MM, 26, 9, 16
MM, 39, 15, 10
MM, 43, 16, 8
MM, 4, 20, 14
MM, 11, 22, 16
MM, 14, 22, 16
MM, 15, 23, 8
MM, 16, 23, 8
MM, 16, 24, 26
MM, 17, 24, 14
MM, 17, 23, 106
MM, 17, 22, 8
MM, 17, 21, 16
MM, 16, 20, 8
MM, 15, 19, 8
MM, 14, 16, 8
MM, 13, 15, 8
MM, 13, 14, 8
MM, 12, 12, 16
MM, 11, 12, 10
MM, 11, 11, 14
MM, 12, 11, 106
MM, 13, 12, 24
MM, 13, 13, 16
MC, 1, 133
MM, 13, 12, 455
MM, 13, 11, 6
MM, 12, 10, 59
MM, 12, 9, 73
MM, 11, 9, 226
MM, 10, 9, 19
MM, 8, 10, 8
MM, 37, 9, 16
MM, 8, 5, 17
MM, 26, 1, 15
MM, 9, 0, 0
MM, 28, 30, 46
MM, 23, 29, 4
MM, 15, 27, 17
MM, 13, 26, 0
MM, 11, 25, 16
MM, 10, 24, 0
MM, 9, 23, 16
MM, 7, 23, 0
MM, 6, 22, 15
MM, 5, 21, 19
MM, 4, 21, 8
MM, 4, 20, 4
MM, 2, 20, 20
MM, 0, 20, 16
MM, 43, 18, 24
MM, 39, 18, 8
MM, 32, 18, 16
MM, 28, 17, 8
MM, 25, 17, 5
MM, 23, 17, 8
MM, 19, 17, 16
MM, 18, 17, 8
MM, 16, 17, 8
MM, 15, 16, 16
MM, 14, 16, 16
MM, 13, 15, 8
MM, 12, 15, 11
MM, 10, 14, 8
MM, 7, 13, 13
MM, 5, 12, 8
MM, 3, 11, 8
MM, 0, 10, 16
MM, 1, 0, 188
MM, 2, 0, 8
MM, 8, 3, 57
MM, 11, 4, 4
MM, 11, 5, 20
MM, 12, 5, 8
MM, 14, 6, 12
MM, 14, 7, 0
MM, 15, 8, 16
MM, 16, 8, 16
MM, 17, 9, 0
MM, 18, 10, 36
MM, 18, 11, 8
MM, 19, 12, 8
MM, 19, 13, 18
MM, 19, 14, 0
MM, 19, 15, 31
MM, 19, 16, 25
MM, 19, 17, 2
MC, 1, 159
MM, 23, 17, 167
MM, 29, 17, 7
MM, 40, 17, 8
MM, 3, 17, 8
MM, 34, 17, 16
MM, 8, 17, 16
MM, 31, 17, 19
MM, 40, 17, 8
MM, 7, 17, 14
MM, 16, 17, 8
MM, 33, 17, 16
MM, 43, 17, 7
MM, 14, 17, 15
MM, 0, 17, 33
MM, 28, 15, 32
MM, 37, 12, 12
MM, 8, 8, 17
MM, 22, 7, 5
MM, 9, 4, 27
MM, 34, 3, 15
MM, 5, 1, 12
MM, 0, 28, 327
MM, 2, 28, 16
MM, 3, 28, 5
MM, 4, 28, 16
MM, 5, 28, 0
MM, 5, 27, 33
MM, 5, 26, 16
MM, 5, 25, 15
MM, 5, 24, 0
MM, 5, 23, 16
MM, 5, 22, 18
MM, 5, 20, 24
MM, 5, 19, 16
MM, 5, 18, 24
MM, 5, 17, 31
MM, 5, 16, 21
MM, 5, 15, 23
MC, 1, 266
MM, 4, 15, 375
MM, 2, 15, 16
MM, 1, 15, 15
MM, 33, 14, 51
MM, 28, 14, 8
MM, 23, 14, 8
MM, 12, 14, 16
MM, 4, 14, 8
MM, 0, 15, 8
MM, 35, 15, 31
MM, 34, 15, 5
MM, 33, 15, 47
MM, 32, 15, 15
MM, 31, 15, 33
MM, 29, 15, 22
MM, 28, 15, 16
MM, 26, 15, 8
MM, 24, 15, 16
MM, 23, 15, 8
MM, 18, 16, 18
MM, 12, 17, 4
MM, 7, 18, 15
MM, 4, 19, 16
MM, 2, 19, 20
MM, 1, 19, 17
MM, 0, 19, 16
MM, 1, 14, 2115
MM, 2, 14, 16
MM, 10, 14, 74
MM, 11, 14, 31
MM, 12, 14, 16
MM, 13, 14, 18
MM, 14, 14, 42
MM, 15, 14, 16
MM, 16, 14, 15
MM, 17, 14, 25
MM, 18, 14, 3
MM, 19, 14, 0
MM, 20, 14, 15
MM, 21, 14, 16
MM, 22, 14, 22
MM, 23, 13, 8
MM, 24, 13, 8
MC, 1, 162
MM, 21, 13, 482
MM, 15, 13, 16
MM, 0, 12, 15
MM, 40, 10, 8
MM, 20, 10, 16
MM, 42, 10, 29
MM, 31, 11, 0
MM, 24, 13, 16
MM, 22, 13, 20
MM, 19, 13, 8
MM, 17, 14, 8
MM, 14, 14, 16
MM, 12, 15, 8
MM, 10, 16, 8
MM, 10, 17, 2
MM, 8, 18, 24
MM, 7, 18, 7
MM, 6, 19, 15
MM, 5, 19, 66
MM, 4, 19, 16
MM, 4, 20, 15
MM, 3, 21, 15
MM, 2, 21, 0
MM, 1, 21, 42
MM, 0, 21, 32
MC, 1, 1257
MC, 1, 935
MM, 9, 0, 509
MM, 9, 1, 11
MM, 10, 2, 31
MM, 11, 2, 0
MM, 11, 3, 18
MM, 12, 3, 8
MM, 13, 3, 16
MM, 13, 4, 8
MM, 14, 4, 19
MM, 15, 5, 8
MM, 16, 6, 16
MM, 17, 7, 16
MM, 18, 8, 8
MM, 19, 8, 8
MM, 19, 9, 5
MM, 20, 9, 12
MM, 21, 9, 0
MM, 21, 10, 23
MM, 22, 11, 4
MM, 23, 11, 32
MM, 23, 12, 0
MM, 24, 12, 15
MM, 24, 13, 32
MM, 25, 13, 13
MM, 26, 14, 18
MM, 27, 14, 30
MM, 26, 14, 146
MC, 1, 203
MC, 2, 277
MM, 27, 14, 278
MM, 28, 14, 16
MM, 32, 14, 0
MM, 38, 14, 16
MM, 41, 14, 16
MM, 0, 14, 12
MM, 7, 14, 0
MM, 18, 12, 15
MM, 23, 12, 18
MM, 32, 11, 8
MM, 6, 8, 27
MM, 10, 7, 5
MM, 24, 5, 19
MM, 29, 4, 8
MM, 33, 3, 0
MM, 40, 1, 15
MM, 42, 0, 16
MM, 44, 0, 0
MM, 7, 31, 233
MM, 7, 29, 8
MM, 7, 28, 18
MM, 7, 27, 8
MM, 7, 26, 6
MM, 7, 25, 26
MM, 7, 24, 13
MM, 7, 23, 8
MM, 7, 22, 43
MM, 7, 21, 6
MM, 8, 21, 52
MM, 9, 21, 16
MM, 10, 21, 68
MM, 11, 21, 15
MM, 12, 21, 0
MM, 13, 21, 31
MM, 14, 21, 0
MM, 15, 21, 34
MM, 15, 20, 0
MM, 15, 19, 44
MM, 16, 19, 8
MM, 17, 19, 24
MC, 1, 203
MM, 17, 20, 260
MM, 17, 21, 15
MM, 17, 30, 22
MM, 13, 8, 15
MM, 9, 17, 8
MM, 6, 27, 4
MM, 2, 0, 31
MM, 1, 2, 0
MM, 0, 4, 16
MM, 0, 5, 15
MM, 0, 6, 55
MM, 0, 7, 32
MM, 0, 8, 27
MM, 0, 9, 7
MM, 0, 10, 17
MM, 0, 11, 15
MM, 0, 12, 0
MM, 1, 14, 40
MM, 2, 15, 8
MM, 3, 15, 8
MM, 4, 15, 13
MM, 6, 15, 0
MM, 7, 15, 16
MM, 8, 15, 0
MM, 10, 15, 16
MM, 14, 15, 16
MM, 18, 15, 8
MM, 27, 15, 8
MM, 9, 15, 28
MM, 30, 15, 7
MM, 34, 12, 17
MM, 19, 9, 15
MM, 54, 21, 130
MM, 53, 21, 1184
MM, 52, 21, 8
MM, 51, 21, 7
MM, 47, 20, 4
MM, 39, 17, 16
MM, 25, 14, 16
MM, 14, 12, 0
MM, 2, 10, 15
MM, 16, 4, 16
MM, 30, 0, 22
MM, 111, 60, 167
MM, 98, 53, 8
MM, 86, 46, 8
MM, 80, 44, 4
MM, 60, 34, 20
MM, 54, 31, 0
MM, 48, 28, 16
MM, 42, 26, 0
MM, 40, 24, 16
MM, 36, 23, 16
MM, 35, 22, 8
MM, 34, 21, 10
MM, 34, 20, 15
MM, 34, 19, 35
MM, 34, 18, 15
MM, 34, 17, 40
MM, 33, 17, 8
MM, 33, 16, 21
MM, 32, 15, 19
MM, 31, 15, 24
MM, 30, 14, 5
MM, 29, 14, 8
MM, 21, 14, 16
MM, 1, 11, 27
MM, 1, 5, 412
MM, 3, 5, 6
MM, 5, 5, 16
MM, 6, 5, 8
MM, 7, 6, 16
MM, 8, 6, 8
MM, 9, 7, 8
MM, 9, 8, 26
MM, 9, 9, 58
MM, 8, 9, 69
MM, 0, 11, 83
MM, 0, 11, 376
MM, 1, 10, 18
MM, 2, 10, 8
MM, 3, 10, 4
MM, 5, 10, 24
MM, 6, 10, 21
MM, 5, 10, 127
MM, 4, 10, 24
MM, 3, 11, 29
MM, 2, 11, 16
MM, 1, 12, 15
MM, 1, 13, 16
MM, 0, 13, 22
MM, 1, 13, 225
MM, 1, 12, 31
MM, 2, 12, 26
MM, 3, 12, 395
MM, 4, 12, 23
MM, 6, 12, 8
MM, 8, 12, 6
MM, 13, 12, 16
MM, 15, 12, 8
MM, 20, 12, 16
MM, 23, 12, 8
MM, 27, 12, 16
MM, 32, 12, 16
MM, 35, 12, 10
MM, 42, 12, 14
MM, 49, 12, 18
MM, 53, 12, 0
MM, 60, 12, 16
MM, 63, 12, 15
MM, 68, 12, 16
MM, 73, 12, 25
MM, 75, 12, 10
MM, 77, 10, 16
MM, 80, 9, 16
MM, 80, 8, 8
MM, 82, 8, 16
MM, 83, 8, 20
MM, 82, 8, 120
MM, 81, 9, 8
MM, 80, 10, 20
MM, 78, 10, 8
MC, 1, 143
MM, 81, 10, 258
MM, 85, 12, 19
MM, 101, 24, 12
MM, 115, 36, 16
MM, 124, 45, 0
MM, 138, 58, 28
MM, 2, 9, 96
MM, 9, 17, 5
MM, 17, 30, 24
MM, 22, 0, 35
MM, 22, 1, 16
MM, 22, 2, 40
MM, 23, 2, 4
MM, 24, 3, 20
MM, 24, 4, 20
MM, 25, 4, 16
MM, 26, 4, 16
MM, 29, 5, 29
MM, 35, 6, 16
MM, 39, 7, 9
MM, 2, 10, 22
MM, 9, 13, 8
MM, 19, 15, 16
MM, 23, 17, 8
MM, 32, 20, 16
MM, 41, 24, 21
MM, 1, 29, 28
MM, 11, 2, 40
MM, 21, 9, 16
MM, 30, 16, 16
MM, 33, 18, 9
MM, 40, 23, 15
MM, 0, 30, 48
MM, 1, 30, 8
MM, 1, 31, 14
MM, 3, 31, 21
MM, 4, 31, 9
MM, 5, 31, 20
MM, 7, 31, 24
MM, 8, 30, 24
MM, 9, 30, 19
MM, 9, 29, 8
MM, 9, 28, 5
MM, 10, 26, 31
MM, 11, 25, 0
MM, 12, 24, 15
MM, 17, 19, 87
MM, 18, 19, 14
MM, 18, 18, 8
MM, 18, 17, 82
MC, 1, 136
MM, 16, 17, 298
MM, 14, 17, 5
MM, 13, 16, 8
MM, 9, 14, 18
MM, 8, 12, 15
MM, 7, 11, 0
MM, 5, 11, 18
MM, 3, 8, 16
MM, 1, 7, 8
MM, 42, 1, 32
MM, 40, 31, 40
MM, 38, 30, 8
MM, 36, 28, 16
MM, 35, 27, 8
MM, 34, 27, 16
MM, 34, 26, 42
MM, 34, 25, 24
MM, 33, 25, 6
MM, 32, 24, 8
MM, 31, 24, 8
MM, 29, 22, 16
MM, 28, 21, 8
MM, 27, 20, 16
MM, 25, 18, 8
MM, 24, 18, 8
MM, 23, 17, 10
MM, 22, 16, 8
MM, 20, 14, 6
MM, 19, 13, 16
MM, 17, 12, 0
MM, 16, 11, 15
MM, 14, 9, 16
MM, 14, 10, 75
MM, 14, 11, 16
MM, 14, 12, 8
MM, 14, 13, 8
MC, 1, 178
MM, 17, 13, 247
MM, 21, 13, 0
MM, 30, 13, 27
MM, 11, 13, 22
MM, 23, 12, 8
MM, 47, 7, 16
MM, 4, 26, 291
MM, 4, 22, 16
MM, 4, 21, 0
MM, 4, 18, 24
MM, 4, 17, 19
MM, 4, 16, 6
MM, 4, 15, 8
MM, 5, 15, 25
MM, 5, 14, 4
MM, 6, 13, 16
MM, 7, 13, 15
MM, 8, 12, 0
MM, 9, 12, 16
MM, 10, 12, 21
MM, 12, 12, 8
MM, 15, 12, 16
MM, 15, 11, 15
MM, 17, 11, 16
MM, 16, 11, 80
MM, 14, 12, 15
MM, 12, 13, 0
MM, 13, 13, 880
MM, 13, 14, 32
MM, 14, 14, 33
MM, 14, 15, 8
MM, 15, 15, 0
MM, 15, 16, 24
MM, 16, 16, 24
MM, 17, 16, 16
MM, 18, 16, 16
MM, 18, 17, 10
MM, 19, 18, 22
MM, 20, 18, 16
MM, 21, 18, 16
MM, 21, 19, 8
MM, 22, 19, 16
MM, 23, 19, 18
MM, 24, 19, 38
MM, 25, 19, 26
MC, 1, 213
MM, 24, 19, 341
MM, 23, 19, 0
MM, 20, 19, 16
MM, 18, 19, 15
MM, 9, 20, 16
MM, 3, 22, 8
MM, 29, 30, 16
MM, 46, 2, 33
MM, 43, 5, 8
MM, 40, 5, 268
MM, 34, 5, 5
MM, 14, 3, 19
MM, 38, 0, 13
MM, 32, 30, 35
MM, 28, 29, 8
MM, 13, 25, 16
MM, 9, 24, 8
MM, 5, 23, 16
MM, 4, 23, 10
MM, 2, 23, 16
MM, 1, 23, 8
MM, 0, 23, 241
MM, 37, 23, 25
MM, 23, 23, 13
MM, 9, 24, 12
MM, 5, 25, 0
MM, 20, 0, 432
MM, 17, 1, 16
MM, 16, 2, 8
MM, 14, 3, 17
MM, 13, 4, 32
MM, 12, 4, 16
MM, 12, 5, 0
MM, 11, 6, 16
MM, 10, 6, 16
MM, 9, 6, 15
MM, 8, 6, 17
MM, 8, 5, 135
MM, 5, 4, 194
MM, 43, 0, 16
MM, 41, 26, 231
MM, 34, 21, 25
MM, 28, 18, 17
MM, 24, 16, 16
MM, 22, 16, 4
MM, 21, 14, 16
MM, 20, 14, 0
MM, 19, 13, 32
MM, 18, 13, 15
MM, 16, 13, 0
MM, 15, 13, 0
MM, 13, 13, 15
MM, 9, 13, 26
MM, 6, 13, 4
MM, 4, 13, 8
MM, 3, 13, 8
MM, 0, 15, 91
MM, 3, 15, 16
MM, 5, 15, 8
MM, 8, 16, 17
MM, 11, 16, 15
MM, 12, 16, 8
MM, 15, 16, 16
MM, 16, 17, 16
MM, 18, 17, 8
MM, 19, 17, 16
MC, 1, 171
MM, 21, 17, 186
MM, 22, 17, 8
MM, 24, 17, 16
MM, 27, 17, 8
MM, 28, 17, 8
MM, 30, 17, 1
MM, 33, 17, 16
MM, 34, 17, 21
MM, 35, 17, 56
MM, 36, 17, 18
MM, 37, 17, 8
MM, 38, 17, 8
MM, 39, 17, 8
MM, 42, 17, 7
MM, 43, 17, 15
MM, 1, 17, 49
MM, 2, 17, 8
MM, 9, 17, 19
MM, 12, 17, 5
MM, 18, 17, 15
MM, 26, 17, 16
MM, 29, 17, 0
MM, 34, 17, 28
MM, 39, 17, 16
MM, 40, 17, 4
MM, 43, 17, 20
MM, 1, 17, 32
MM, 3, 17, 15
MM, 5, 17, 16
MM, 6, 17, 8
MM, 16, 17, 129
MM, 17, 17, 26
MC, 1, 207
MM, 17, 18, 344
MM, 17, 19, 0
MM, 17, 20, 29
MM, 15, 23, 14
MM, 12, 26, 8
MM, 10, 29, 8
MC, 1, 717
MM, 27, 0, 365
MM, 24, 13, 10
MM, 23, 22, 15
MM, 23, 25, 0
MM, 23, 31, 36
MM, 16, 0, 75
MM, 16, 1, 5
MM, 16, 2, 24
MM, 17, 2, 8
MM, 17, 3, 35
MM, 18, 3, 14
MM, 18, 4, 28
MM, 19, 4, 13
MM, 19, 5, 35
MM, 20, 6, 38
MM, 20, 7, 4
MM, 21, 7, 16
MM, 22, 7, 15
MM, 22, 8, 0
MM, 22, 9, 31
MM, 22, 10, 44
MM, 22, 11, 46
MC, 1, 246
MM, 22, 10, 228
MM, 23, 10, 87
MM, 25, 10, 15
MM, 28, 9, 16
MM, 30, 7, 20
MM, 31, 7, 8
MM, 32, 4, 14
MM, 33, 3, 8
MM, 43, 29, 21
MM, 24, 31, 391
MM, 24, 28, 16
MM, 24, 23, 16
MM, 24, 20, 15
MM, 24, 18, 0
MM, 24, 17, 25
MM, 25, 15, 20
MM, 26, 15, 0
MM, 26, 16, 78
MM, 26, 19, 14
MM, 26, 20, 8
MM, 26, 21, 8
MC, 1, 164
MM, 29, 21, 176
MM, 31, 21, 4
MM, 32, 21, 15
MM, 37, 21, 0
MM, 38, 21, 18
MM, 39, 21, 125
MM, 40, 21, 13
MM, 41, 21, 16
MM, 42, 21, 6
MM, 43, 21, 15
MC, 1, 578
MC, 1, 1904
MM, 43, 20, 695
MM, 36, 20, 16
MM, 29, 20, 16
MM, 25, 20, 8
MM, 18, 21, 19
MM, 15, 21, 10
MM, 6, 21, 18
MM, 42, 21, 28
MM, 37, 21, 16
MM, 35, 21, 16
MM, 31, 20, 18
MM, 31, 19, 6
MM, 29, 19, 8
MM, 28, 19, 8
MM, 27, 18, 8
MM, 26, 18, 34
MM, 25, 18, 64
MM, 24, 18, 86
MM, 23, 18, 31
MM, 22, 18, 20
MM, 21, 18, 24
MM, 20, 18, 8
MM, 21, 18, 86
MC, 1, 131
MM, 22, 18, 287
MM, 24, 18, 19
MM, 27, 18, 15
MM, 28, 18, 8
MM, 29, 18, 9
MM, 31, 18, 0
MM, 32, 18, 31
MM, 33, 18, 0
MM, 34, 18, 17
MM, 35, 18, 25
MM, 36, 18, 9
MM, 37, 18, 12
MM, 38, 18, 12
MM, 39, 18, 8
MM, 40, 18, 8
MM, 42, 18, 8
MM, 0, 18, 48
MM, 2, 19, 16
MM, 3, 19, 8
MM, 4, 19, 16
MM, 5, 19, 8
MM, 6, 20, 8
MM, 7, 20, 32
MM, 10, 20, 64
MM, 11, 20, 12
MM, 12, 20, 36
MM, 13, 20, 6
MM, 14, 20, 15
MM, 15, 20, 16
MM, 16, 20, 28
MM, 17, 20, 8
MM, 18, 20, 17
MM, 19, 20, 8
MM, 20, 20, 22
MM, 22, 20, 0
MM, 25, 20, 16
MM, 27, 19, 16
MM, 28, 19, 0
MM, 31, 19, 15
MM, 32, 18, 27
MM, 33, 18, 6
MM, 32, 18, 71
MM, 30, 18, 19
MM, 29, 18, 9
MM, 28, 18, 0
MC, 1, 159
MM, 32, 18, 259
MM, 40, 18, 5
MM, 1, 5, 52
MM, 16, 10, 5
MM, 43, 18, 16
MM, 3, 22, 11
MM, 18, 24, 12
MM, 30, 27, 16
MM, 37, 27, 15
MM, 40, 27, 16
MM, 41, 27, 326
MM, 43, 27, 8
MM, 1, 31, 25
MM, 17, 0, 12
MM, 23, 3, 8
MM, 40, 12, 16
MM, 8, 18, 16
MM, 14, 21, 0
MM, 27, 27, 16
MM, 31, 28, 22
MM, 34, 28, 6
MM, 38, 29, 8
MM, 42, 29, 282
MM, 46, 29, 10
MM, 30, 26, 135
MM, 28, 22, 0
MM, 24, 15, 16
MM, 19, 10, 15
MM, 13, 4, 38
MM, 12, 4, 12
MM, 11, 4, 16
MM, 10, 4, 55
MM, 9, 4, 24
MM, 8, 4, 83
MM, 10, 4, 111
MM, 11, 4, 6
MM, 14, 5, 24
MM, 15, 5, 8
MM, 18, 6, 16
MM, 20, 8, 16
MM, 22, 9, 19
MM, 24, 10, 16
MM, 25, 11, 16
MM, 28, 25, 151
MM, 28, 26, 8
MM, 28, 27, 11
MC, 1, 933
MM, 47, 20, 485
MM, 43, 20, 14
MM, 42, 20, 16
MM, 41, 20, 0
MM, 41, 19, 26
MM, 41, 18, 23
MM, 42, 18, 87
MM, 40, 18, 275
MM, 35, 18, 8
MM, 23, 18, 16
MM, 15, 18, 8
MM, 6, 18, 8
MM, 2, 18, 5
MM, 40, 17, 15
MM, 32, 16, 21
MM, 30, 15, 4
MM, 27, 14, 17
MM, 25, 14, 16
MM, 24, 14, 19
MM, 24, 13, 23
MM, 23, 13, 32
MM, 23, 12, 16
MM, 22, 12, 49
MM, 21, 12, 26
MM, 19, 12, 3
MM, 14, 12, 15
MM, 9, 12, 20
MM, 3, 12, 8
MM, 38, 12, 16
MM, 30, 12, 8
MM, 9, 12, 16
MM, 36, 15, 16
MM, 26, 16, 8
MM, 17, 17, 8
MM, 6, 21, 16
MM, 41, 12, 434
MM, 43, 10, 81
MM, 123, 63, 83
MM, 123, 62, 8
MM, 123, 61, 24
MM, 122, 58, 12
MM, 119, 53, 20
MM, 117, 49, 8
MM, 113, 41, 13
MM, 112, 39, 0
MM, 106, 26, 31
MM, 104, 21, 21
MM, 103, 18, 8
MM, 102, 14, 12
MM, 101, 11, 13
MM, 101, 6, 6
MM, 100, 3, 16
MM, 99, 0, 15
MC, 1, 1473
MM, 52, 3, 34248
MM, 50, 5, 7
MM, 41, 14, 15
MM, 38, 17, 8
MM, 35, 20, 8
MM, 26, 28, 16
MM, 22, 32, 17
MM, 21, 34, 16
MM, 21, 35, 17
MM, 20, 36, 7
MM, 20, 37, 21
MM, 20, 36, 58
MM, 19, 35, 7
MM, 18, 34, 18
MM, 18, 33, 0
MM, 17, 33, 46
MM, 17, 32, 33
MM, 17, 31, 36
MM, 17, 30, 44
MC, 1, 217
MM, 23, 30, 434
MM, 39, 37, 5
MM, 50, 41, 8
MM, 60, 46, 8
MM, 87, 58, 16
MM, 43, 1, 50
MM, 42, 13, 92
MM, 38, 13, 11
MM, 32, 17, 6
MM, 22, 23, 16
MM, 16, 26, 8
MM, 13, 28, 8
MM, 9, 30, 7
MM, 23, 1, 374
MM, 24, 5, 15
MM, 24, 8, 0
MM, 24, 9, 29
MM, 24, 10, 98
MC, 1, 247
MM, 30, 10, 165
MM, 36, 10, 16
MM, 11, 10, 16
MM, 24, 10, 20
MM, 41, 10, 12
MM, 42, 10, 12
MM, 0, 10, 24
MM, 11, 10, 252
MM, 16, 10, 31
MM, 25, 10, 0
MM, 36, 10, 29
MM, 46, 10, 8
MM, 6, 9, 12
MM, 25, 6, 20
MM, 34, 2, 4
MM, 9, 30, 29
MM, 20, 26, 15
MM, 25, 23, 0
MM, 36, 20, 30
MM, 42, 19, 9
MM, 1, 19, 14
MM, 14, 18, 15
MM, 21, 18, 16
MM, 28, 17, 16
MM, 29, 17, 8
MM, 32, 17, 16
MM, 32, 16, 28
MM, 32, 15, 2
MM, 32, 14, 31
MM, 31, 14, 16
MM, 30, 14, 22
MM, 30, 13, 16
MM, 29, 13, 10
MM, 28, 13, 12
MM, 27, 13, 18
MM, 25, 13, 8
MM, 23, 13, 16
MM, 22, 13, 8
MC, 1, 137
MM, 20, 13, 205
MM, 13, 13, 8
MM, 28, 13, 26
MM, 10, 13, 0
MM, 36, 13, 32
MM, 27, 13, 0
MM, 18, 13, 24
MM, 15, 13, 9
MM, 10, 13, 2
MM, 7, 13, 15
MM, 0, 11, 16
MP, 1, 526
MR, 1, 130
MC, 1, 0
MP, 1, 519
MR, 1, 150
MC, 1, 0
MM, 26, 1, 521
MM, 26, 2, 15
MM, 26, 3, 0
MM, 26, 4, 20
MM, 26, 6, 22
MC, 1, 285
MC, 2, 197
MM, 27, 6, 1162
MM, 28, 6, 5
MM, 30, 4, 15
MM, 29, 0, 305
MM, 30, 0, 87
MM, 11, 8, 16
MM, 40, 19, 34
MM, 27, 26, 12
MM, 21, 30, 16
MM, 15, 30, 130
MM, 15, 27, 13
MM, 14, 22, 16
MM, 13, 18, 17
MM, 12, 11, 16
MM, 10, 7, 16
MM, 10, 5, 5
MM, 10, 2, 16
MM, 36, 29, 1494
MM, 40, 12, 24
MM, 43, 3, 16
MM, 91, 63, 129
MM, 91, 61, 2
MM, 91, 59, 0
MM, 91, 57, 16
MM, 91, 54, 0
MM, 91, 53, 16
MM, 90, 49, 19
MM, 90, 48, 18
MM, 89, 47, 5
MM, 88, 47, 27
MM, 81, 52, 31
MM, 70, 62, 0
MM, 31, 29, 32
MM, 37, 3, 42
MM, 33, 11, 4
MM, 29, 18, 16
MM, 28, 19, 8
MM, 28, 20, 17
MM, 28, 21, 31
MM, 29, 21, 42
MM, 31, 21, 8
MM, 32, 21, 9
MM, 34, 21, 15
MM, 35, 24, 16
MM, 37, 25, 0
MM, 40, 28, 25
MM, 38, 0, 51
MM, 39, 3, 16
MM, 40, 9, 15
MM, 42, 21, 22
MM, 42, 28, 8
MC, 1, 648
MM, 38, 30, 506
MM, 40, 22, 15
MM, 14, 26, 47
MM, 21, 14, 16
MM, 26, 5, 9
MM, 0, 8, 479
MM, 1, 8, 16
MM, 2, 8, 41
MM, 3, 8, 4
MM, 4, 8, 19
MM, 5, 8, 33
MM, 6, 8, 15
MM, 6, 9, 8
MM, 7, 9, 15
MM, 8, 9, 16
MM, 9, 9, 0
MM, 10, 9, 40
MM, 12, 9, 17
MM, 14, 10, 5
MM, 17, 11, 8
MC, 1, 429
MM, 20, 11, 202
MM, 25, 11, 20
MM, 36, 11, 13
MM, 11, 11, 16
MM, 16, 11, 8
MM, 29, 10, 8
MM, 39, 9, 8
MM, 3, 6, 16
MM, 23, 2, 27
MM, 27, 1, 9
MM, 0, 27, 363
MM, 4, 25, 15
MM, 6, 25, 0
MM, 11, 24, 25
MM, 13, 23, 0
MM, 15, 23, 16
MM, 18, 22, 16
MM, 21, 22, 20
MM, 22, 22, 8
MM, 23, 21, 16
MM, 25, 21, 18
MM, 27, 21, 14
MM, 31, 20, 17
MM, 33, 20, 0
MM, 36, 19, 16
MM, 40, 18, 15
MM, 41, 18, 16
MM, 42, 18, 16
MM, 43, 18, 10
MM, 43, 17, 6
MM, 0, 17, 40
MM, 2, 17, 0
MM, 6, 17, 24
MM, 7, 17, 8
MM, 10, 17, 10
MM, 12, 17, 15
MM, 13, 17, 0
MM, 15, 17, 15
MM, 16, 17, 16
MM, 18, 17, 0
MM, 20, 17, 15
MM, 26, 17, 16
MM, 31, 17, 0
MM, 38, 17, 16
MM, 41, 17, 0
MM, 2, 17, 35
MM, 5, 17, 7
MM, 7, 17, 8
MM, 10, 17, 8
MM, 13, 17, 24
MM, 14, 17, 26
MM, 15, 17, 5
MM, 16, 17, 18
MM, 17, 17, 5
MM, 18, 17, 8
MM, 19, 17, 8
MM, 21, 17, 16
MM, 24, 17, 16
MM, 26, 17, 16
MM, 27, 17, 20
MM, 26, 17, 45
MM, 25, 17, 16
MM, 24, 17, 15
MM, 22, 17, 20
MM, 20, 17, 5
MM, 18, 17, 16
MM, 17, 17, 15
MM, 15, 17, 16
MM, 14, 17, 8
MC, 1, 139
MM, 13, 17, 123
MM, 12, 17, 15
MM, 11, 17, 0
MM, 9, 17, 16
MM, 5, 17, 16
MM, 2, 17, 15
MM, 40, 17, 31
MM, 33, 17, 5
MM, 20, 17, 16
MM, 13, 17, 8
MM, 10, 17, 8
MM, 43, 17, 43
MM, 42, 17, 8
MM, 41, 17, 15
MM, 40, 17, 16
MM, 37, 17, 32
MM, 36, 17, 4
MM, 28, 16, 15
MM, 23, 15, 21
MM, 15, 12, 25
MM, 7, 11, 16
MM, 1, 11, 8
MM, 3, 0, 370
MM, 0, 1, 7
MM, 42, 6, 62
MM, 38, 10, 17
MM, 37, 11, 9
MM, 34, 12, 8
MM, 29, 14, 16
MM, 26, 14, 8
MM, 25, 15, 8
MM, 21, 16, 16
MM, 20, 16, 15
MM, 19, 16, 0
MM, 18, 16, 18
MC, 1, 305
MM, 19, 16, 142
MM, 20, 16, 17
MM, 22, 16, 5
MM, 24, 16, 8
MM, 25, 16, 32
MM, 28, 16, 21
MM, 29, 16, 16
MM, 31, 16, 0
MM, 34, 16, 22
MM, 3, 16, 24
MM, 13, 16, 9
MM, 23, 16, 7
MM, 9, 16, 22
MM, 25, 16, 16
MM, 0, 16, 16
MM, 18, 13, 5
MM, 3, 4, 45
MM, 4, 31, 46
MM, 17, 27, 10
MM, 21, 26, 16
MM, 35, 23, 16
MM, 43, 21, 16
MM, 2, 18, 16
MM, 9, 17, 16
MM, 13, 17, 13
MM, 16, 17, 20
MM, 18, 17, 12
MM, 19, 17, 12
MM, 20, 17, 32
MM, 21, 17, 32
MM, 25, 17, 16
MM, 28, 17, 8
MM, 31, 17, 9
MM, 1, 17, 15
MM, 10, 17, 15
MM, 14, 17, 16
MM, 17, 17, 0
MM, 21, 17, 16
MM, 24, 17, 25
MM, 27, 17, 17
MM, 28, 17, 7
MM, 30, 17, 17
MM, 31, 17, 5
MM, 33, 17, 8
MM, 36, 16, 8
MM, 1, 14, 32
MM, 4, 13, 20
MM, 6, 12, 14
MM, 7, 12, 5
MM, 7, 11, 0
MM, 8, 11, 16
MM, 8, 10, 15
MM, 8, 9, 0
MM, 7, 8, 46
MM, 6, 8, 7
MM, 5, 8, 6
MM, 4, 8, 8
MM, 3, 8, 9
MM, 1, 8, 16
MM, 0, 8, 8
MP, 1, 32
MR, 1, 145
MC, 1, 0
MM, 0, 8, 464
MM, 0, 9, 31
MM, 1, 9, 26
MM, 1, 10, 8
MM, 2, 10, 8
MM, 4, 11, 15
MM, 5, 11, 16
MM, 6, 12, 0
MM, 8, 12, 26
MM, 9, 12, 5
MM, 10, 12, 36
MM, 10, 11, 107
MM, 10, 10, 31
MM, 9, 10, 38
MM, 8, 9, 20
MM, 8, 8, 24
MM, 7, 8, 8
MM, 7, 7, 19
MM, 7, 6, 16
MC, 1, 168
MM, 6, 6, 361
MM, 5, 6, 15
MM, 4, 6, 0
MM, 3, 6, 16
MM, 2, 8, 0
MM, 35, 16, 49
MM, 32, 17, 8
MM, 31, 19, 8
MM, 26, 24, 24
MM, 23, 28, 16
MM, 22, 30, 8
MM, 10, 0, 52
MM, 10, 2, 16
MM, 9, 2, 0
MM, 9, 4, 28
MM, 8, 5, 17
MM, 8, 6, 23
MM, 8, 7, 24
MM, 9, 7, 60
MM, 10, 7, 33
MM, 16, 5, 65
MM, 17, 5, 11
MM, 18, 4, 16
MM, 19, 3, 8
MM, 20, 3, 8
MC, 1, 169
MM, 18, 3, 280
MM, 14, 3, 16
MM, 9, 3, 0
MM, 1, 3, 17
MM, 37, 3, 1
MM, 10, 3, 21
MM, 42, 3, 8
MM, 21, 3, 16
MM, 11, 4, 8
MM, 42, 4, 16
MM, 32, 4, 3
MM, 25, 4, 0
MM, 9, 4, 28
MM, 37, 4, 15
MM, 24, 4, 18
MM, 12, 4, 8
MM, 36, 4, 16
MM, 29, 4, 8
MM, 12, 5, 16
MM, 6, 6, 10
MM, 1, 6, 8
MM, 42, 7, 13
MM, 38, 8, 8
MM, 32, 8, 8
MM, 22, 9, 5
MM, 14, 11, 16
MM, 3, 12, 16
MM, 41, 13, 31
MM, 36, 13, 12
MM, 35, 13, 8
MM, 34, 13, 16
MM, 32, 13, 8
MM, 27, 13, 16
MM, 24, 13, 8
MM, 18, 12, 8
MM, 8, 11, 19
MM, 42, 7, 9
MM, 38, 6, 16
MM, 32, 5, 16
MM, 29, 5, 25
MM, 28, 5, 5
MM, 27, 5, 35
MM, 26, 5, 108
MM, 25, 5, 16
MM, 25, 4, 0
MM, 25, 3, 28
MM, 24, 3, 8
MM, 23, 3, 16
MM, 23, 4, 52
MC, 1, 180
MM, 24, 4, 177
MM, 25, 4, 8
MM, 27, 4, 8
MM, 31, 4, 7
MM, 0, 4, 15
MM, 16, 4, 16
MM, 38, 4, 15
MM, 2, 4, 16
MM, 24, 4, 18
MM, 39, 4, 16
MM, 3, 4, 16
MM, 6, 4, 8
MM, 13, 2, 8
MM, 1, 31, 354
MM, 4, 30, 8
MM, 7, 29, 8
MM, 11, 27, 21
MM, 12, 27, 16
MM, 13, 25, 16
MM, 14, 25, 0
MM, 15, 24, 15
MM, 16, 24, 20
MM, 17, 24, 16
MM, 18, 23, 9
MM, 19, 23, 0
MM, 20, 22, 16
MM, 20, 21, 39
MM, 20, 20, 32
MM, 20, 19, 5
MM, 21, 19, 0
MM, 21, 18, 16
MM, 21, 17, 15
MM, 21, 16, 16
MM, 21, 15, 16
MM, 21, 14, 15
MM, 21, 13, 37
MC, 1, 194
MM, 20, 13, 315
MM, 19, 13, 0
MM, 17, 13, 16
MM, 9, 17, 19
MM, 37, 1, 47
MM, 30, 6, 22
MM, 28, 7, 15
MM, 25, 8, 36
MM, 19, 11, 40
MM, 13, 12, 16
MM, 9, 15, 8
MM, 6, 15, 8
MM, 0, 18, 8
MM, 39, 23, 17
MM, 35, 24, 8
MM, 27, 29, 17
MM, 0, 11, 714
MM, 0, 13, 16
MM, 0, 14, 8
MM, 0, 17, 16
MM, 0, 19, 0
MM, 1, 22, 16
MM, 1, 25, 0
MM, 1, 29, 16
MM, 67, 2, 46
MM, 67, 5, 8
MM, 68, 11, 10
MM, 69, 14, 16
MM, 69, 16, 0
MM, 69, 17, 15
MM, 69, 19, 0
MM, 69, 21, 16
MM, 70, 21, 96
MM, 70, 20, 9
MM, 71, 20, 13
MM, 71, 19, 0
MM, 72, 19, 48
MM, 72, 18, 8
MM, 73, 18, 8
MM, 74, 18, 8
MM, 74, 17, 8
MM, 75, 17, 20
MM, 76, 17, 0
MM, 77, 17, 31
MM, 77, 16, 0
MC, 1, 217
MM, 77, 14, 346
MM, 77, 13, 7
MM, 77, 9, 16
MM, 77, 3, 15
MM, 10, 31, 16
MM, 9, 24, 24
MM, 8, 19, 17
MM, 8, 15, 8
MM, 7, 12, 4
MM, 6, 6, 16
MM, 5, 1, 16
MM, 11, 31, 43
MM, 11, 30, 25
MM, 11, 29, 16
MM, 10, 29, 0
MM, 10, 28, 31
MM, 9, 28, 16
MM, 9, 27, 0
MM, 8, 26, 15
MM, 6, 25, 18
MM, 5, 23, 4
MM, 3, 22, 12
MM, 43, 18, 38
MM, 43, 17, 8
MM, 42, 17, 12
MM, 41, 17, 4
MM, 40, 17, 18
MM, 39, 17, 112
MM, 38, 17, 17
MM, 37, 17, 0
MM, 22, 17, 47
MM, 17, 17, 16
MM, 12, 17, 0
MM, 6, 16, 17
MM, 2, 15, 8
MM, 43, 14, 24
MM, 41, 13, 8
MM, 39, 12, 12
MM, 38, 12, 12
MM, 37, 12, 16
MM, 36, 12, 17
MM, 31, 12, 20
MM, 22, 12, 16
MM, 15, 12, 16
MM, 11, 12, 0
MM, 4, 12, 27
MM, 1, 12, 9
MM, 1, 12, 120
MM, 2, 12, 8
MM, 4, 12, 16
MM, 5, 12, 8
MM, 6, 12, 16
MM, 7, 12, 8
MM, 8, 12, 8
MM, 9, 13, 24
MM, 10, 13, 8
MM, 11, 14, 8
MM, 13, 14, 16
MM, 14, 15, 16
MM, 15, 15, 17
MM, 16, 16, 8
MM, 17, 16, 7
MM, 17, 17, 8
MM, 18, 17, 16
MM, 18, 18, 16
MM, 19, 18, 8
MM, 24, 18, 120
MC, 1, 258
MM, 25, 18, 224
MM, 26, 18, 13
MM, 28, 18, 11
MM, 29, 18, 104
MM, 30, 18, 6
MM, 31, 18, 16
MM, 32, 18, 55
MM, 33, 17, 19
MM, 33, 16, 8
MM, 36, 15, 2
MM, 37, 15, 16
MM, 38, 14, 0
MM, 41, 11, 15
MM, 4, 0, 63
MC, 1, 490
MM, 39, 0, 322
MM, 43, 3, 4
MM, 1, 13, 21
MM, 3, 16, 0
MM, 6, 18, 15
MM, 7, 21, 16
MM, 11, 26, 0
MM, 13, 29, 19
MM, 14, 30, 13
MM, 17, 0, 97
MM, 19, 0, 7
MM, 21, 0, 5
MM, 30, 2, 16
MM, 32, 3, 8
MM, 35, 4, 8
MM, 39, 5, 8
MM, 42, 6, 8
MM, 2, 8, 33
MM, 4, 8, 10
MM, 7, 9, 9
MM, 9, 9, 0
MM, 10, 9, 16
MM, 12, 9, 15
MM, 14, 9, 0
MM, 15, 9, 24
MM, 16, 9, 8
MM, 16, 10, 8
MM, 17, 10, 8
MM, 20, 10, 16
MM, 21, 11, 5
MM, 23, 11, 8
MM, 24, 12, 8
MM, 28, 12, 16
MM, 29, 13, 8
MM, 30, 13, 8
MM, 31, 13, 8
MM, 32, 13, 8
MC, 1, 362
MM, 32, 10, 597
MM, 32, 4, 6
MM, 31, 28, 16
MM, 34, 7, 16
MM, 39, 29, 15
MM, 40, 18, 6
MM, 43, 11, 12
MM, 41, 2, 160
MM, 31, 5, 16
MM, 24, 9, 16
MM, 18, 12, 16
MM, 14, 15, 17
MM, 13, 15, 7
MM, 12, 15, 8
MM, 11, 15, 47
MM, 10, 15, 15
MM, 9, 15, 35
MM, 8, 15, 29
MM, 7, 15, 0
MM, 5, 15, 16
MM, 3, 15, 16
MM, 2, 15, 0
MC, 1, 534
MC, 1, 881
MM, 9, 1, 277
MM, 20, 8, 8
MM, 42, 22, 16
MM, 14, 1, 35
MM, 20, 5, 8
MM, 32, 11, 13
MM, 43, 14, 16
MM, 5, 18, 16
MM, 11, 19, 8
MM, 18, 20, 16
MM, 24, 21, 16
MM, 26, 21, 11
MM, 29, 22, 9
MM, 31, 22, 12
MM, 32, 22, 8
MM, 33, 22, 12
MM, 33, 21, 80
MM, 33, 20, 40
MM, 33, 19, 73
MM, 31, 19, 5
MM, 30, 19, 8
MC, 1, 617
MM, 29, 19, 292
MM, 26, 19, 4
MM, 24, 19, 8
MM, 19, 19, 8
MM, 12, 19, 8
MM, 41, 19, 29
MM, 34, 19, 5
MM, 27, 19, 8
MM, 18, 20, 16
MM, 14, 21, 8
MM, 10, 22, 8
MM, 8, 22, 4
MM, 5, 22, 0
MM, 4, 23, 15
MM, 3, 23, 16
MM, 2, 23, 238
MM, 1, 23, 16
MM, 0, 23, 15
MM, 41, 23, 52
MM, 38, 23, 8
MM, 36, 23, 1
MM, 29, 23, 16
MM, 23, 23, 16
MM, 20, 23, 15
MM, 18, 23, 5
MM, 17, 23, 8
MM, 16, 23, 8
MM, 15, 23, 8
MM, 14, 23, 19
MM, 13, 23, 104
MM, 9, 23, 14
MM, 6, 23, 8
MM, 3, 23, 8
MM, 0, 23, 8
MM, 41, 23, 20
MM, 38, 23, 0
MM, 34, 23, 38
MM, 33, 23, 6
MM, 32, 23, 8
MM, 31, 23, 8
MM, 30, 23, 84
MM, 29, 23, 31
MM, 28, 23, 38
MC, 1, 211
MM, 28, 21, 256
MM, 28, 19, 5
MM, 28, 14, 8
MM, 28, 12, 8
MM, 27, 4, 16
MM, 27, 0, 0
MM, 35, 31, 35
MM, 35, 28, 5
MM, 35, 25, 8
MM, 35, 21, 16
MM, 35, 19, 8
MM, 35, 18, 8
MM, 34, 16, 8
MM, 33, 12, 8
MM, 32, 10, 16
MM, 32, 7, 21
MM, 31, 6, 3
MM, 30, 3, 0
MM, 30, 0, 16
MC, 1, 421
MM, 31, 5, 280
MM, 32, 12, 8
MM, 33, 16, 8
MM, 34, 28, 16
MM, 28, 2, 16
MM, 29, 9, 16
MM, 29, 15, 16
MM, 30, 19, 8
MM, 30, 21, 8
MM, 30, 24, 4
MM, 31, 30, 16
MM, 46, 1, 36
MM, 46, 5, 24
MM, 46, 6, 10
MM, 47, 7, 6
MM, 47, 8, 8
MM, 47, 9, 33
MM, 48, 9, 4
MM, 48, 10, 20
MM, 48, 9, 185
MM, 48, 8, 25
MM, 48, 7, 16
MC, 1, 455
MM, 50, 7, 378
MM, 51, 7, 8
MM, 52, 8, 2
MM, 54, 8, 0
MM, 56, 8, 15
MM, 59, 8, 16
MM, 61, 9, 15
MM, 63, 9, 16
MM, 65, 10, 6
MM, 71, 10, 18
MM, 74, 10, 8
MM, 77, 11, 6
MM, 80, 11, 8
MM, 85, 11, 16
MM, 87, 11, 8
MM, 92, 11, 16
MM, 97, 11, 17
MM, 99, 11, 16
MM, 100, 11, 0
MM, 100, 10, 81
MM, 100, 9, 5
MM, 99, 8, 16
MM, 98, 7, 11
MM, 97, 6, 22
MM, 95, 6, 16
MM, 95, 5, 8
MM, 94, 5, 16
MM, 94, 4, 13
MM, 93, 4, 21
MM, 93, 3, 10
MM, 93, 2, 31
MM, 93, 1, 28
MM, 93, 0, 8
MM, 25, 24, 292
MM, 20, 1, 16
MM, 25, 28, 15
MM, 24, 23, 8
MM, 20, 8, 16
MM, 19, 4, 8
MM, 18, 0, 8
MC, 1, 954
MM, 3, 0, 335
MM, 5, 1, 17
MM, 6, 2, 2
MM, 6, 3, 0
MM, 7, 3, 16
MM, 9, 3, 15
MM, 9, 4, 16
MM, 10, 4, 33
MM, 11, 5, 3
MM, 12, 6, 29
MM, 14, 7, 12
MM, 14, 8, 20
MM, 15, 8, 0
MM, 15, 9, 15
MM, 17, 10, 0
MM, 17, 11, 23
MM, 17, 12, 16
MM, 18, 13, 6
MM, 18, 14, 12
MM, 18, 15, 16
MM, 19, 16, 0
MM, 19, 17, 0
MM, 18, 17, 94
MM, 17, 17, 6
MC, 1, 197
MM, 15, 17, 255
MM, 8, 17, 8
MM, 0, 17, 8
MM, 46, 16, 8
MM, 39, 11, 21
MM, 4, 11, 16
MM, 34, 11, 0
MM, 12, 11, 15
MM, 3, 11, 16
MM, 40, 11, 20
MM, 35, 11, 16
MM, 34, 11, 4
MM, 32, 11, 16
MM, 29, 11, 15
MM, 27, 11, 20
MM, 21, 11, 16
MM, 18, 11, 8
MM, 12, 12, 17
MM, 11, 13, 8
MM, 7, 13, 16
MM, 6, 13, 16
MM, 4, 14, 16
MM, 3, 15, 31
MM, 1, 16, 0
MM, 42, 19, 38
MM, 39, 20, 16
MM, 35, 21, 16
MM, 32, 21, 16
MM, 31, 21, 8
MM, 30, 21, 19
MM, 29, 21, 8
MM, 28, 21, 13
MM, 27, 21, 32
MM, 26, 21, 8
MM, 25, 21, 53
MM, 25, 20, 32
MM, 24, 19, 12
MC, 1, 245
MM, 26, 19, 230
MM, 40, 19, 16
MM, 14, 19, 16
MM, 6, 13, 24
MM, 0, 8, 17
MM, 37, 4, 23
MM, 0, 2, 16
MM, 9, 0, 16
MC, 1, 753
MM, 23, 4, 328
MM, 14, 31, 20
MM, 40, 31, 38
MM, 98, 9, 15
MM, 92, 23, 16
MM, 89, 27, 8
MM, 84, 35, 16
MM, 74, 41, 281
MM, 74, 40, 5
MM, 74, 39, 0
MM, 74, 37, 16
MM, 74, 35, 16
MM, 74, 33, 0
MM, 74, 32, 15
MM, 74, 31, 16
MM, 74, 30, 16
MM, 74, 28, 16
MM, 75, 28, 0
MM, 75, 26, 36
MM, 75, 25, 16
MM, 76, 25, 8
MM, 76, 24, 24
MM, 76, 23, 0
MM, 77, 22, 32
MM, 77, 21, 15
MM, 77, 20, 49
MC, 1, 246
MM, 80, 19, 260
MM, 86, 17, 4
MM, 18, 31, 32
MM, 15, 9, 32
MM, 28, 3, 16
MM, 0, 30, 67
MM, 7, 25, 0
MM, 13, 22, 24
MM, 26, 16, 17
MM, 34, 12, 8
MM, 36, 11, 5
MM, 2, 4, 15
MM, 7, 1, 24
MM, 13, 31, 91
MM, 14, 30, 16
MM, 15, 30, 0
MM, 15, 29, 16
MM, 18, 27, 25
MM, 21, 25, 21
MM, 22, 24, 8
MM, 22, 23, 16
MM, 22, 22, 23
MM, 22, 21, 16
MM, 22, 20, 28
MM, 22, 19, 13
MM, 20, 18, 16
MM, 20, 17, 32
MM, 19, 17, 43
MC, 1, 205
MM, 18, 17, 227
MM, 16, 17, 16
MM, 7, 16, 15
MM, 1, 15, 8
MM, 36, 13, 19
MM, 19, 13, 11
MM, 0, 13, 20
MM, 40, 14, 8
MM, 12, 21, 24
MM, 6, 23, 16
MM, 2, 24, 16
MM, 0, 25, 17
MM, 5, 0, 171
MM, 0, 1, 0
MM, 28, 7, 34
MM, 18, 10, 16
MM, 9, 12, 16
MM, 3, 13, 16
MM, 2, 14, 8
MM, 1, 14, 16
MM, 0, 14, 19
MM, 0, 15, 96
MM, 1, 15, 72
MM, 2, 15, 24
MM, 4, 16, 16
MM, 5, 16, 10
MM, 7, 16, 0
MM, 10, 16, 31
MM, 14, 16, 20
MM, 17, 16, 16
MM, 19, 16, 11
MM, 21, 16, 16
MM, 19, 16, 75
MM, 17, 16, 19
MM, 15, 16, 16
MM, 12, 16, 8
MM, 9, 16, 16
MM, 7, 16, 16
MM, 3, 16, 15
MM, 1, 16, 8
MM, 43, 16, 58
MM, 42, 16, 15
MM, 40, 16, 36
MM, 39, 16, 11
MM, 38, 16, 93
MC, 1, 207
MM, 40, 19, 305
MM, 43, 22, 4
MM, 2, 7, 31
MM, 9, 18, 16
MM, 11, 22, 0
MM, 14, 25, 15
MM, 17, 30, 30
MM, 17, 31, 1
MM, 41, 1, 95
MM, 42, 2, 5
MM, 44, 5, 28
MM, 45, 6, 14
MM, 46, 9, 16
MM, 47, 11, 8
MM, 48, 13, 8
MM, 49, 15, 0
MM, 50, 16, 17
MM, 51, 19, 9
MM, 52, 19, 0
MM, 52, 20, 16
MM, 53, 21, 28
MM, 53, 22, 16
MM, 54, 22, 21
MM, 54, 23, 14
MM, 54, 24, 15
MM, 54, 25, 0
MM, 53, 25, 47
MM, 51, 25, 8
MC, 1, 201
MM, 53, 24, 222
MM, 59, 20, 0
MM, 67, 14, 17
MM, 29, 28, 16
MM, 31, 27, 16
MM, 36, 21, 0
MM, 1, 3, 43
MM, 20, 30, 17
MM, 25, 25, 12
MM, 27, 23, 16
MM, 28, 23, 16
MM, 29, 23, 61
MM, 30, 23, 19
MM, 30, 22, 67
MM, 30, 21, 9
MM, 30, 19, 24
MM, 30, 18, 8
MM, 30, 16, 16
MM, 30, 14, 10
MM, 30, 8, 16
MM, 30, 4, 0
MM, 30, 1, 16
MC, 1, 496
MM, 0, 17, 286
MM, 29, 17, 17
MM, 37, 17, 8
MM, 16, 16, 16
MM, 3, 13, 29
MM, 11, 12, 0
MM, 18, 11, 28
MM, 20, 11, 2
MM, 23, 11, 0
MM, 27, 10, 16
MM, 33, 9, 16
MM, 3, 7, 28
MM, 9, 6, 16
MM, 15, 5, 18
MM, 16, 5, 7
MM, 18, 4, 8
MM, 20, 4, 4
MM, 21, 4, 16
MM, 22, 4, 0
MM, 23, 4, 15
MM, 24, 4, 38
MM, 25, 4, 8
MM, 25, 5, 112
MM, 24, 5, 0
MM, 23, 7, 16
MC, 1, 186
MM, 19, 9, 260
MM, 15, 12, 8
MM, 3, 20, 20
MM, 16, 4, 24
MM, 7, 10, 16
MM, 36, 22, 0
MM, 20, 31, 15
MM, 29, 15, 31
MM, 23, 20, 8
MM, 156, 2, 22
MM, 150, 5, 16
MM, 147, 7, 0
MM, 144, 9, 15
MM, 140, 11, 28
MM, 136, 11, 16
MM, 128, 13, 25
MM, 124, 14, 16
MM, 122, 15, 0
MM, 120, 16, 16
MM, 118, 17, 15
MM, 117, 19, 16
MM, 115, 21, 25
MM, 112, 24, 13
MM, 110, 26, 8
MM, 107, 27, 16
MM, 107, 28, 8
MM, 105, 29, 16
MM, 104, 29, 16
MM, 104, 30, 16
MC, 1, 273
MM, 108, 30, 378
MM, 113, 30, 10
MM, 18, 21, 122
MM, 18, 19, 0
MM, 18, 17, 38
MM, 16, 16, 13
MM, 15, 16, 12
MM, 14, 16, 0
MM, 12, 16, 16
MM, 6, 15, 16
MM, 42, 11, 48
MM, 39, 10, 6
MM, 36, 9, 16
MM, 34, 9, 8
MM, 33, 9, 16
MM, 32, 9, 25
MM, 31, 9, 70
MM, 30, 9, 33
MM, 28, 9, 8
MM, 25, 9, 17
MM, 23, 10, 5
MM, 22, 10, 8
MM, 20, 11, 8
MM, 18, 11, 16
MM, 17, 11, 16
MM, 16, 12, 8
MM, 14, 13, 8
MC, 1, 211
MM, 13, 13, 240
MM, 11, 11, 4
MM, 6, 5, 12
MM, 1, 1, 8
MM, 1, 30, 12
MM, 43, 20, 12
MM, 32, 10, 16
MM, 26, 7, 8
MM, 20, 2, 4
MM, 17, 1, 14
MC, 1, 578
MM, 25, 1, 331
MM, 25, 12, 19
MM, 28, 30, 16
MM, 22, 14, 33
MM, 23, 29, 16
MM, 38, 4, 25
MM, 38, 7, 8
MM, 38, 14, 22
MM, 38, 17, 14
MM, 39, 18, 0
MM, 39, 19, 60
MM, 40, 20, 14
MM, 41, 20, 34
MM, 41, 21, 40
MM, 41, 23, 152
MC, 1, 192
MM, 50, 21, 266
MM, 56, 19, 8
MM, 62, 17, 4
MM, 70, 12, 0
MM, 74, 10, 20
MM, 40, 30, 32
MM, 6, 16, 24
MM, 8, 13, 5
MM, 11, 10, 0
MM, 15, 5, 16
MM, 17, 4, 19
MM, 17, 2, 5
MM, 17, 1, 15
MM, 17, 0, 16
MM, 23, 29, 42
MM, 19, 22, 18
MM, 15, 15, 8
MM, 8, 4, 13
MM, 40, 1, 232
MM, 40, 4, 9
MM, 40, 8, 16
MM, 40, 12, 18
MM, 41, 14, 13
MM, 42, 15, 0
MM, 42, 16, 28
MM, 43, 16, 15
MC, 1, 899
MM, 0, 16, 369
MM, 1, 16, 4
MM, 1, 15, 16
MM, 2, 15, 15
MM, 3, 15, 16
MM, 4, 15, 26
MM, 5, 15, 8
MM, 6, 15, 11
MM, 7, 15, 8
MM, 8, 15, 8
MM, 9, 15, 8
MM, 10, 15, 16
MM, 11, 15, 8
MM, 13, 15, 32
MM, 14, 15, 16
MM, 15, 15, 8
MC, 1, 312
MM, 18, 15, 250
MM, 24, 15, 16
MM, 30, 15, 0
MM, 11, 20, 32
MM, 35, 22, 14
MM, 14, 27, 16
MM, 27, 28, 8
MM, 36, 0, 44
MM, 48, 3, 23
MM, 35, 24, 297
MM, 34, 24, 8
MM, 32, 23, 13
MM, 31, 23, 16
MM, 30, 23, 16
MM, 29, 23, 15
MM, 28, 23, 0
MM, 27, 23, 28
MM, 21, 23, 40
MM, 18, 22, 16
MM, 15, 21, 16
MM, 14, 21, 8
MM, 13, 21, 24
MM, 13, 20, 4
MM, 13, 19, 22
MC, 1, 300
MM, 11, 19, 237
MM, 6, 19, 20
MM, 32, 18, 19
MM, 3, 16, 10
MM, 18, 16, 20
MM, 31, 16, 16
MM, 41, 22, 16
MM, 19, 26, 16
MM, 1, 29, 16
MC, 1, 866
MM, 31, 0, 328
MM, 29, 4, 10
MM, 26, 10, 13
MM, 24, 13, 16
MM, 23, 14, 0
MM, 23, 15, 15
MM, 23, 16, 18
MC, 1, 362
MM, 23, 22, 256
MM, 25, 26, 8
MM, 22, 3, 24
MM, 24, 11, 8
MM, 29, 22, 18
MM, 49, 0, 24
MM, 52, 7, 16
MM, 55, 13, 12
MM, 58, 16, 20
MM, 61, 20, 16
MM, 62, 21, 12
MM, 63, 23, 16
MM, 64, 23, 8
MM, 64, 24, 8
MM, 66, 24, 72
MM, 67, 25, 50
MM, 67, 26, 16
MM, 68, 26, 10
MM, 69, 27, 20
MM, 70, 29, 8
MM, 74, 39, 16
MM, 94, 41, 701
MM, 94, 40, 8
MM, 94, 38, 24
MM, 93, 37, 8
MM, 92, 36, 25
MM, 92, 35, 15
MM, 91, 35, 8
MM, 91, 34, 54
MM, 91, 33, 58
MM, 91, 32, 15
MM, 91, 31, 41
MM, 90, 31, 9
MM, 90, 30, 20
MM, 90, 29, 32
MM, 91, 29, 171
MC, 1, 246
MM, 96, 29, 300
MM, 106, 26, 24
MM, 117, 22, 17
MM, 121, 20, 3
MM, 126, 18, 16
MM, 128, 17, 0
MM, 132, 16, 28
MM, 132, 15, 8
MM, 134, 13, 16
MM, 137, 9, 8
MM, 140, 6, 8
MM, 40, 28, 16
MM, 1, 12, 16
MM, 10, 3, 8
MM, 20, 28, 16
MM, 33, 14, 16
MM, 40, 6, 9
MM, 8, 31, 283
MM, 6, 30, 28
MM, 5, 30, 19
MM, 5, 29, 8
MM, 5, 28, 2
MM, 5, 27, 16
MM, 5, 26, 15
MM, 5, 25, 16
MM, 5, 24, 15
MM, 5, 23, 20
MM, 5, 22, 18
MM, 5, 21, 20
MM, 5, 20, 12
MM, 5, 19, 24
MM, 5, 18, 8
MM, 5, 17, 8
MM, 5, 16, 26
MM, 5, 15, 23
MM, 6, 15, 73
MM, 7, 15, 6
MM, 8, 15, 16
MM, 9, 15, 8
MM, 10, 15, 16
MM, 10, 16, 0
MC, 1, 208
MM, 6, 16, 233
MM, 1, 16, 0
MM, 41, 16, 19
MM, 18, 16, 14
MM, 37, 3, 96
MM, 31, 6, 8
MM, 22, 8, 16
MM, 20, 9, 8
MM, 15, 11, 16
MM, 11, 12, 16
MM, 4, 12, 18
MM, 2, 12, 8
MM, 40, 12, 14
MM, 24, 15, 25
MM, 15, 17, 0
MM, 9, 18, 15
MM, 6, 18, 16
MM, 5, 19, 0
MM, 3, 19, 15
MM, 2, 19, 0
MM, 2, 18, 122
MM, 3, 17, 12
MM, 4, 16, 32
MM, 4, 15, 45
MC, 1, 286
MM, 6, 15, 267
MM, 14, 15, 8
MM, 26, 15, 8
MM, 29, 17, 24
MM, 0, 17, 9
MM, 14, 17, 21
MM, 21, 13, 26
MM, 38, 10, 0
MM, 17, 6, 16
MM, 43, 1, 33
MM, 0, 0, 8
MM, 9, 31, 64
MM, 9, 30, 16
MM, 8, 28, 4
MM, 6, 27, 12
MM, 5, 26, 8
MM, 3, 24, 16
MM, 1, 23, 4
MM, 0, 22, 6
MM, 0, 14, 240
MM, 2, 14, 15
MM, 3, 14, 9
MM, 4, 14, 14
MC, 1, 290
MM, 2, 14, 270
MM, 42, 20, 6
MM, 28, 27, 16
MM, 4, 1, 44
MM, 42, 8, 25
MM, 37, 11, 16
MM, 34, 13, 16
MM, 30, 16, 15
MM, 25, 20, 15
MM, 24, 22, 8
MM, 22, 24, 8
MM, 17, 27, 16
MM, 15, 29, 0
MM, 12, 0, 147
MM, 12, 2, 14
MM, 12, 3, 4
MM, 12, 4, 15
MM, 12, 5, 0
MM, 12, 6, 16
MM, 12, 7, 16
MM, 12, 8, 20
MM, 12, 10, 19
MC, 1, 256
MM, 9, 10, 257
MM, 5, 10, 8
MM, 2, 8, 8
MM, 43, 5, 24
MM, 37, 3, 16
MM, 33, 2, 16
MM, 28, 1, 16
MM, 26, 0, 13
MM, 28, 31, 139
MM, 28, 30, 14
MM, 28, 29, 8
MM, 28, 28, 18
MM, 28, 27, 9
MM, 28, 26, 8
MM, 28, 25, 16
MM, 28, 24, 16
MM, 28, 23, 15
MM, 28, 22, 16
MC, 1, 277
MM, 28, 25, 291
MM, 27, 30, 0
MM, 18, 0, 16
MM, 16, 15, 16
MM, 14, 25, 16
MM, 126, 1, 35
MM, 126, 3, 6
MM, 126, 4, 16
MM, 126, 5, 6
MM, 126, 6, 8
MM, 126, 7, 99
MM, 126, 8, 4
MM, 125, 8, 0
MM, 123, 10, 15
MM, 121, 13, 16
MM, 119, 14, 16
MM, 116, 20, 18
MM, 115, 22, 12
MM, 114, 24, 12
MM, 113, 25, 0
MM, 112, 27, 32
MM, 112, 28, 20
MM, 112, 29, 8
MM, 111, 30, 10
MM, 110, 30, 11
MM, 110, 32, 15
MM, 109, 32, 0
MM, 108, 33, 16
MM, 107, 34, 31
MM, 107, 35, 0
MM, 106, 35, 16
MM, 105, 37, 30
MM, 105, 38, 8
MM, 104, 38, 8
MM, 104, 39, 16
MM, 104, 40, 8
MM, 104, 41, 16
MC, 1, 302
MM, 103, 39, 429
MM, 102, 38, 14
MM, 102, 36, 16
MM, 102, 35, 16
MM, 102, 34, 16
MM, 102, 33, 12
MM, 101, 33, 32
MM, 101, 32, 22
MM, 101, 31, 30
MM, 101, 30, 31
MM, 102, 30, 18
MM, 103, 29, 24
MM, 103, 28, 24
MM, 104, 28, 25
MM, 105, 28, 32
MC, 1, 288
MM, 106, 28, 257
MM, 112, 28, 0
MM, 118, 28, 16
MM, 126, 28, 0
MM, 137, 28, 15
MM, 158, 26, 18
MM, 168, 24, 7
MM, 179, 21, 0
MM, 43, 29, 234
MM, 40, 28, 14
MM, 37, 26, 17
MM, 35, 26, 8
MM, 33, 25, 16
MM, 32, 24, 16
MM, 31, 23, 8
MM, 26, 21, 22
MM, 24, 20, 8
MM, 19, 18, 16
MM, 16, 17, 8
MM, 9, 16, 16
MM, 6, 16, 12
MM, 4, 16, 6
MM, 43, 16, 26
MM, 39, 16, 16
MM, 35, 16, 16
MM, 33, 17, 13
MM, 30, 17, 45
MM, 29, 17, 45
MM, 28, 17, 57
MM, 27, 17, 8
MM, 26, 17, 8
MM, 20, 17, 16
MM, 17, 17, 8
MM, 11, 17, 12
MM, 3, 17, 6
MM, 42, 17, 42
MM, 41, 17, 0
MM, 38, 17, 34
MM, 37, 17, 117
MM, 35, 17, 39
MM, 33, 17, 12
MM, 31, 17, 20
MM, 27, 19, 20
MM, 25, 20, 20
MM, 23, 20, 16
MM, 21, 21, 6
MM, 20, 21, 2
MM, 18, 23, 16
MM, 17, 23, 15
MM, 15, 23, 16
MM, 14, 24, 16
MM, 13, 25, 0
MM, 11, 25, 15
MC, 1, 243
MM, 15, 25, 265
MM, 28, 25, 14
MM, 36, 25, 9
MM, 12, 23, 16
MM, 30, 18, 16
MM, 42, 12, 0
MM, 3, 8, 15
MM, 35, 29, 24
MM, 2, 17, 18
MM, 13, 9, 12
MM, 20, 1, 15
MM, 26, 31, 16
MM, 27, 29, 16
MM, 27, 27, 18
MM, 27, 24, 27
MM, 28, 24, 23
MM, 29, 24, 8
MM, 30, 23, 16
MM, 31, 23, 8
MM, 34, 23, 24
MM, 35, 23, 17
MM, 36, 22, 7
MM, 38, 21, 0
MM, 40, 20, 30
MM, 42, 18, 24
MM, 43, 16, 24
MM, 43, 15, 59
MM, 42, 14, 9
MM, 41, 14, 0
MM, 41, 13, 15
MM, 38, 12, 40
MM, 36, 11, 16
MM, 36, 10, 25
MM, 35, 9, 12
MM, 35, 8, 8
MM, 37, 8, 60
MM, 39, 8, 12
MM, 42, 8, 20
MM, 0, 8, 48
MM, 3, 9, 16
MM, 6, 10, 16
MM, 7, 10, 22
MM, 9, 11, 16
MM, 10, 13, 19
MM, 11, 13, 8
MM, 12, 13, 15
MM, 12, 14, 8
MM, 13, 14, 8
MM, 14, 14, 16
MC, 1, 272
MM, 11, 14, 228
MM, 7, 14, 0
MM, 39, 14, 37
MM, 30, 14, 8
MM, 23, 14, 4
MM, 19, 14, 14
MM, 5, 14, 5
MM, 42, 14, 16
MM, 35, 15, 15
MM, 19, 16, 20
MM, 9, 18, 12
MM, 5, 18, 4
MC, 1, 616
MC, 1, 706
MM, 43, 2, 350
MM, 33, 6, 0
MM, 28, 8, 15
MM, 14, 13, 16
MM, 8, 15, 0
MM, 42, 20, 45
MM, 41, 21, 10
MM, 37, 21, 1
MM, 36, 21, 16
MM, 34, 21, 0
MM, 31, 21, 15
MM, 31, 20, 472
MM, 31, 19, 17
MM, 31, 18, 15
MM, 31, 17, 32
MM, 30, 16, 32
MM, 29, 16, 13
MM, 28, 16, 20
MM, 28, 15, 15
MM, 27, 14, 57
MM, 27, 13, 16
MM, 27, 12, 0
MM, 26, 12, 32
MM, 25, 12, 31
MM, 24, 12, 42
MM, 23, 12, 16
MM, 22, 12, 24
MM, 21, 12, 8
MM, 20, 12, 4
MM, 14, 12, 20
MM, 11, 12, 8
MM, 8, 13, 5
MM, 6, 13, 8
MM, 3, 13, 8
MM, 43, 15, 54
MM, 42, 15, 28
MM, 41, 15, 5
MM, 39, 16, 8
MM, 37, 16, 16
MM, 36, 16, 8
MM, 34, 17, 24
MM, 33, 17, 5
MM, 33, 18, 33
MM, 32, 18, 53
MM, 31, 18, 18
MM, 30, 18, 23
MM, 31, 18, 263
MM, 32, 18, 16
MM, 33, 18, 97
MM, 33, 19, 8
MM, 33, 20, 28
MM, 34, 20, 6
MM, 34, 21, 46
MM, 34, 22, 16
MM, 35, 22, 111
MM, 36, 22, 43
MM, 35, 22, 170
MM, 34, 22, 16
MM, 34, 23, 47
MM, 34, 22, 109
MM, 34, 21, 16
MM, 34, 20, 30
MM, 33, 20, 13
MM, 32, 20, 37
MM, 31, 20, 31
MM, 30, 20, 37
MM, 30, 19, 8
MM, 29, 18, 49
MM, 29, 17, 17
MM, 29, 16, 37
MM, 30, 16, 46
MM, 33, 16, 21
MM, 39, 16, 6
MM, 0, 16, 34
MM, 4, 16, 4
MM, 12, 16, 8
MM, 29, 16, 16
MM, 13, 13, 16
MM, 13, 5, 26
MM, 2, 18, 177
MM, 7, 18, 11
MM, 16, 16, 14
MM, 31, 14, 16
MM, 4, 14, 33
MM, 14, 14, 8
MM, 23, 14, 16
MM, 31, 14, 17
MM, 37, 14, 14
MM, 41, 14, 16
MM, 43, 14, 8
MM, 43, 12, 185
MM, 41, 11, 8
MM, 39, 11, 8
MM, 38, 11, 323
MM, 37, 11, 13
MM, 35, 10, 5
MM, 34, 10, 15
MM, 33, 9, 16
MM, 32, 9, 16
MM, 31, 9, 16
MM, 30, 9, 22
MM, 29, 9, 16
MM, 28, 9, 32
MM, 27, 10, 16
MM, 26, 10, 16
MM, 26, 11, 16
MM, 26, 12, 18
MM, 25, 12, 0
MM, 24, 12, 15
MM, 24, 13, 54
MM, 24, 14, 24
MM, 24, 15, 8
MC, 1, 228
MM, 23, 15, 226
MM, 18, 15, 0
MM, 10, 15, 21
MM, 1, 15, 8
MM, 43, 15, 8
MM, 22, 15, 16
MM, 10, 15, 8
MM, 35, 0, 99
MM, 21, 5, 13
MM, 9, 8, 19
MM, 5, 10, 8
MM, 43, 13, 38
MM, 41, 14, 8
MM, 37, 15, 16
MM, 34, 15, 8
MM, 24, 18, 26
MM, 16, 20, 12
MM, 6, 22, 32
MM, 5, 22, 8
MM, 3, 22, 8
MM, 13, 25, 365
MM, 13, 24, 23
MM, 13, 23, 8
MM, 13, 21, 24
MM, 13, 19, 16
MM, 14, 18, 16
MM, 14, 17, 19
MM, 15, 17, 9
MM, 15, 16, 6
MM, 15, 15, 6
MM, 15, 14, 16
MM, 16, 14, 19
MM, 17, 14, 5
MM, 17, 13, 8
MM, 18, 13, 13
MC, 1, 255
MM, 21, 13, 260
MM, 27, 13, 0
MM, 1, 13, 30
MM, 1, 13, 20
MM, 0, 13, 16
MM, 18, 13, 29
MM, 2, 10, 31
MM, 25, 9, 7
MM, 35, 7, 16
MM, 6, 5, 24
MM, 23, 4, 24
MM, 33, 3, 16
MM, 37, 2, 9
MM, 43, 2, 16
MM, 0, 2, 23
MM, 2, 2, 6
MM, 4, 2, 0
MM, 5, 2, 16
MM, 6, 2, 15
MM, 7, 2, 0
MM, 8, 2, 43
MM, 9, 2, 16
MM, 10, 2, 0
MM, 11, 2, 15
MM, 12, 2, 8
MM, 14, 2, 16
MM, 15, 2, 8
MM, 17, 2, 19
MM, 19, 2, 9
MM, 24, 2, 14
MM, 31, 2, 16
MM, 38, 2, 16
MM, 42, 3, 8
MM, 1, 3, 34
MM, 4, 3, 14
MM, 5, 4, 31
MM, 7, 5, 23
MM, 8, 5, 8
MM, 10, 5, 16
MM, 13, 7, 22
MM, 14, 8, 0
MM, 16, 14, 192
MM, 15, 14, 28
MC, 1, 227
MM, 14, 14, 209
MM, 7, 14, 12
MM, 40, 14, 30
MM, 22, 15, 0
MM, 13, 17, 17
MM, 4, 21, 0
MM, 4, 3, 32
MM, 33, 18, 30
MM, 13, 28, 14
MM, 151, 1, 32
MM, 148, 2, 8
MM, 141, 5, 16
MM, 135, 6, 16
MM, 132, 7, 8
MM, 127, 9, 16
MM, 122, 11, 18
MM, 116, 14, 14
MM, 113, 16, 8
MM, 110, 18, 16
MM, 105, 20, 16
MM, 103, 21, 8
MM, 102, 22, 16
MM, 101, 23, 8
MM, 100, 23, 11
MM, 100, 24, 30
MM, 100, 25, 15
MM, 100, 26, 32
MC, 1, 380
MM, 106, 26, 304
MM, 108, 26, 6
MM, 118, 26, 8
MM, 125, 26, 8
MM, 144, 26, 16
MM, 154, 26, 8
MM, 176, 25, 16
MM, 39, 30, 310
MM, 39, 25, 19
MM, 43, 2, 15
MM, 0, 21, 187
MM, 1, 23, 0
MM, 3, 25, 16
MM, 4, 26, 19
MM, 6, 28, 24
MM, 8, 29, 14
MM, 10, 31, 17
MM, 21, 0, 58
MM, 28, 1, 15
MM, 35, 3, 25
MM, 39, 4, 8
MM, 3, 8, 20
MM, 6, 9, 8
MM, 12, 10, 16
MM, 15, 11, 24
MM, 16, 12, 16
MM, 15, 12, 96
MM, 13, 12, 0
MC, 1, 228
MM, 12, 12, 264
MM, 8, 11, 8
MM, 22, 31, 34
MM, 35, 18, 20
MM, 6, 13, 16
MC, 1, 960
MM, 0, 11, 330
MM, 3, 11, 21
MM, 4, 11, 194
MM, 6, 11, 16
MM, 7, 11, 16
MM, 11, 11, 39
MM, 12, 11, 31
MM, 12, 12, 16
MC, 1, 260
MM, 15, 12, 229
MM, 20, 12, 8
MM, 28, 13, 8
MM, 39, 13, 8
MM, 6, 14, 8
MM, 18, 13, 36
MM, 7, 8, 15
MM, 26, 4, 4
MM, 3, 1, 31
MM, 7, 1, 0
MM, 10, 1, 26
MM, 11, 1, 8
MM, 12, 1, 8
MM, 12, 2, 98
MM, 12, 3, 41
MM, 12, 4, 96
MM, 12, 5, 32
MM, 12, 7, 23
MM, 12, 9, 26
MM, 11, 10, 15
MM, 11, 11, 8
MM, 10, 13, 16
MM, 10, 14, 17
MM, 9, 16, 8
MM, 8, 17, 21
MM, 7, 18, 19
MM, 6, 18, 15
MM, 2, 18, 16
MC, 1, 210
MM, 34, 18, 267
MM, 26, 18, 0
MM, 14, 18, 19
MM, 19, 18, 16
MM, 22, 23, 16
MM, 24, 28, 16
MM, 40, 0, 41
MM, 15, 0, 16
MM, 32, 0, 26
MM, 22, 0, 0
MM, 12, 0, 15
MM, 1, 0, 0
MM, 31, 0, 16
MM, 18, 3, 19
MM, 4, 4, 16
MM, 43, 6, 23
MM, 37, 8, 16
MM, 34, 8, 16
MM, 33, 8, 8
MM, 34, 8, 113
MM, 34, 9, 164
MM, 33, 9, 16
MC, 1, 292
MM, 37, 9, 226
MM, 41, 9, 8
MM, 1, 9, 16
MM, 21, 11, 13
MM, 31, 11, 8
MM, 2, 12, 16
MM, 12, 13, 8
MM, 33, 16, 16
MM, 43, 17, 16
MM, 4, 18, 19
MM, 10, 18, 20
MM, 8, 18, 65
MM, 7, 17, 10
MM, 6, 17, 8
MM, 5, 16, 5
MM, 2, 15, 16
MM, 1, 15, 8
MM, 43, 14, 123
MM, 42, 14, 16
MM, 41, 14, 0
MM, 39, 14, 38
MM, 38, 14, 34
MM, 37, 14, 16
MM, 36, 14, 33
MM, 35, 14, 34
MM, 34, 14, 4
MM, 33, 14, 12
MM, 32, 14, 12
MM, 31, 14, 12
MM, 30, 14, 24
MM, 28, 14, 47
MM, 26, 15, 24
MM, 25, 16, 8
MM, 22, 17, 16
MM, 21, 17, 17
MM, 20, 17, 3
MM, 19, 17, 35
MC, 1, 322
MM, 19, 20, 305
MM, 22, 23, 7
MM, 28, 31, 16
MM, 25, 4, 18
MM, 33, 23, 21
MM, 54, 0, 24
MM, 57, 10, 16
MM, 59, 15, 16
MM, 60, 18, 19
MM, 60, 19, 13
MM, 61, 19, 31
MM, 62, 19, 16
MM, 63, 19, 33
MM, 64, 19, 63
MM, 64, 20, 300
MM, 64, 21, 16
MM, 64, 22, 16
MM, 64, 23, 8
MM, 64, 27, 17
MM, 64, 30, 5
MM, 64, 34, 16
MM, 64, 35, 27
MM, 64, 36, 8
MM, 64, 37, 32
MM, 65, 37, 25
MM, 66, 37, 16
MM, 66, 38, 39
MM, 66, 39, 37
MM, 66, 40, 51
MM, 66, 41, 8
MM, 79, 41, 1393
MM, 79, 39, 8
MM, 79, 36, 25
MM, 79, 35, 8
MM, 79, 33, 8
MM, 79, 31, 27
MM, 79, 30, 4
MM, 79, 29, 16
MM, 80, 28, 8
MM, 80, 27, 12
MM, 80, 26, 12
MM, 81, 26, 8
MM, 81, 24, 22
MM, 81, 23, 10
MM, 82, 22, 16
MM, 82, 21, 16
MM, 82, 20, 29
MM, 82, 19, 8
MC, 1, 336
MM, 79, 19, 299
MM, 75, 20, 5
MM, 69, 22, 0
MM, 64, 24, 16
MM, 53, 30, 16
MM, 43, 36, 16
MM, 35, 40, 16
MM, 35, 38, 369
MM, 44, 29, 16
MM, 53, 24, 16
MM, 61, 17, 6
MM, 66, 13, 29
MM, 67, 13, 0
MM, 70, 10, 16
MM, 71, 9, 24
MM, 71, 8, 32
MM, 70, 8, 88
MM, 67, 8, 5
MM, 64, 8, 296
MM, 56, 8, 16
MM, 43, 9, 16
MM, 29, 13, 19
MM, 20, 14, 8
MM, 13, 15, 9
MM, 5, 18, 8
MC, 1, 988
MM, 43, 0, 17289
MM, 42, 1, 24
MM, 41, 2, 16
MM, 38, 7, 31
MM, 37, 8, 19
MM, 35, 10, 33
MM, 33, 13, 31
MM, 33, 14, 22
MM, 30, 16, 44
MM, 29, 20, 0
MM, 26, 25, 46
MM, 25, 30, 20
MM, 74, 0, 354
MM, 74, 2, 20
MM, 73, 7, 33
MM, 73, 11, 27
MM, 73, 14, 20
MM, 73, 19, 20
MM, 73, 21, 12
MM, 73, 24, 8
MM, 73, 27, 8
MM, 74, 28, 408
MM, 27, 31, 347249
MM, 27, 30, 8
MM, 27, 26, 16
MM, 25, 16, 16
MM, 24, 11, 8
MM, 29, 30, 24
MM, 27, 17, 16
MM, 24, 6, 8
MM, 23, 4, 8
MM, 16, 29, 16
MM, 11, 21, 8
MM, 11, 18, 327
MM, 7, 7, 17
MM, 45, 12, 3010
MM, 77, 26, 467
MM, 67, 22, 12
MM, 58, 17, 27
MM, 57, 16, 13
MM, 59, 16, 67
MM, 60, 16, 6
MM, 63, 16, 26
MM, 67, 16, 14
MM, 70, 16, 8
MM, 71, 17, 9
MM, 75, 19, 16
MM, 78, 21, 16
MM, 81, 23, 16
MM, 83, 24, 16
MM, 84, 25, 8
MM, 85, 27, 16
MM, 87, 28, 8
MM, 16, 2, 5545
MM, 12, 12, 15
MM, 9, 18, 16
MM, 3, 27, 24
MM, 43, 24, 105
MM, 37, 31, 15
MM, 104, 27, 401
MM, 104, 28, 8
MP, 1, 10828
MR, 1, 0
MC, 1, 0
MM, 164, 13, 8212
MM, 92, 24, 13
MM, 1, 0, 845
MM, 3, 2, 15
MM, 4, 2, 8
MM, 6, 4, 16
MM, 7, 5, 16
MM, 7, 6, 8
MM, 7, 7, 19
MM, 7, 8, 5
MM, 6, 8, 74
MM, 1, 9, 14
MC, 1, 218
MM, 1, 10, 411
MM, 1, 16, 16
MM, 60, 2, 80
MM, 58, 6, 15
MM, 56, 12, 16
MM, 54, 19, 16
MM, 53, 23, 8
MM, 49, 0, 57
MM, 49, 6, 15
MM, 49, 11, 8
MM, 49, 23, 24
MC, 1, 3325
MC, 2, 239
MC, 3, 219
MC, 4, 208
MC, 1, 876
MC, 2, 232
MC, 3, 202
MC, 4, 216
MC, 1, 474
MC, 2, 330
MC, 3, 224
MM, 41, 1, 23309
MM, 37, 8, 16
MM, 34, 13, 16
MM, 31, 16, 24
MM, 29, 17, 24
MM, 28, 17, 24
MM, 28, 16, 40
MM, 28, 15, 216
MM, 28, 14, 16
MM, 28, 13, 10
MM, 28, 12, 22
MC, 1, 258
MC, 2, 208
MC, 3, 192
MC, 1, 557
MC, 2, 199
MC, 3, 217
MC, 1, 503
MC, 2, 193
MC, 3, 193
MC, 1, 465
MC, 1, 515
MC, 2, 216
MM, 28, 14, 1388
MM, 28, 18, 8
MM, 28, 29, 16
MM, 28, 34, 8
MM, 26, 45, 16
MM, 25, 54, 8
MM, 23, 57, 8
MM, 21, 61, 8
MM, 9, 2, 56
MM, 7, 5, 8
MM, 4, 11, 18
MM, 1, 18, 14
MM, 0, 21, 8
MM, 35, 4, 90
MM, 35, 5, 8
MM, 35, 9, 8
MM, 38, 15, 16
MM, 41, 20, 16
MM, 4, 30, 16
MM, 7, 5, 16
MM, 19, 17, 16
MM, 21, 20, 8
MM, 28, 30, 16
MC, 1, 740
MM, 6, 8, 401
MM, 12, 0, 7
MM, 26, 26, 16
MM, 38, 1, 32
MM, 0, 30, 1839
MM, 1, 29, 17
MM, 2, 28, 6
MM, 3, 27, 25
MM, 4, 27, 8
MM, 4, 26, 8
MM, 5, 26, 6
MM, 6, 25, 18
MM, 8, 23, 16
MM, 8, 22, 6
MM, 9, 22, 11
MM, 10, 21, 24
MM, 11, 20, 24
MM, 12, 20, 16
MM, 12, 19, 8
MM, 13, 19, 8
MM, 14, 18, 16
MM, 15, 17, 8
MM, 16, 17, 15
MM, 17, 17, 24
MM, 18, 17, 25
MM, 18, 18, 88
MM, 18, 19, 25
MC, 1, 89
MC, 2, 256
MM, 22, 19, 224
MM, 38, 19, 17
MM, 29, 3, 57
MM, 36, 7, 8
MM, 0, 18, 160
MM, 3, 21, 8
MM, 7, 26, 15
MM, 9, 27, 8
MM, 11, 30, 8
MM, 20, 0, 73
MM, 25, 4, 16
MM, 27, 5, 8
MM, 42, 13, 32
MM, 4, 16, 24
MM, 9, 18, 16
MM, 10, 18, 10
MM, 20, 23, 14
MM, 23, 24, 8
MM, 26, 25, 10
MM, 41, 1, 48
MM, 0, 5, 48
MM, 1, 5, 16
MM, 4, 7, 16
MM, 8, 9, 16
MM, 10, 10, 8
MM, 12, 11, 8
MM, 15, 12, 16
MM, 17, 14, 16
MM, 18, 14, 8
MM, 19, 14, 40
MM, 18, 14, 80
MC, 1, 105
MM, 16, 14, 183
MM, 1, 14, 18
MM, 41, 14, 8
MM, 22, 14, 16
MM, 3, 14, 16
MM, 1, 14, 8
MM, 40, 15, 16
MM, 31, 15, 16
MM, 20, 15, 24
MM, 10, 10, 16
MM, 6, 8, 8
MM, 25, 29, 48
MM, 16, 27, 16
MM, 5, 26, 16
MM, 1, 26, 8
MM, 46, 26, 64
MM, 44, 26, 16
MM, 43, 26, 8
MM, 42, 26, 8
MM, 39, 27, 24
MM, 39, 28, 24
MM, 39, 29, 8
MM, 39, 30, 8
MM, 27, 1, 50
MM, 25, 5, 14
MM, 21, 11, 18
MM, 17, 19, 22
MM, 16, 20, 10
MM, 14, 25, 16
MM, 125, 0, 56
MM, 125, 2, 8
MM, 124, 3, 24
MM, 124, 4, 8
MM, 123, 4, 64
MM, 122, 4, 8
MM, 121, 4, 16
MM, 118, 3, 32
MM, 33, 31, 48
MM, 29, 29, 7
MM, 19, 24, 16
MM, 17, 23, 8
MM, 10, 20, 8
MM, 43, 11, 41
MM, 40, 9, 8
MM, 36, 6, 26
MM, 35, 6, 6
MM, 34, 5, 8
MM, 34, 3, 16
MM, 34, 2, 16
MM, 34, 1, 8
MM, 34, 0, 18
MM, 1, 31, 128
MM, 8, 27, 16
MM, 16, 23, 16
MM, 19, 21, 8
MM, 23, 19, 7
MM, 25, 17, 9
MM, 28, 15, 8
MM, 30, 14, 16
MM, 31, 13, 8
MM, 31, 12, 80
MM, 31, 7, 32
MM, 28, 3, 8
MC, 1, 642
MM, 0, 17, 506
MM, 5, 17, 18
MM, 12, 17, 14
MM, 20, 17, 24
MM, 22, 17, 8
MM, 25, 17, 18
MM, 31, 16, 22
MM, 36, 16, 8
MM, 41, 16, 18
MM, 1, 15, 22
MM, 3, 15, 10
MM, 7, 14, 16
MM, 10, 14, 24
MM, 14, 12, 136
MM, 15, 12, 8
MM, 16, 12, 16
MC, 1, 224
MM, 15, 12, 346
MM, 14, 12, 16
MM, 13, 12, 8
MM, 12, 12, 8
MM, 10, 12, 8
MM, 6, 12, 16
MM, 3, 12, 8
MM, 1, 12, 8
MM, 0, 12, 8
MM, 43, 14, 32
MM, 39, 15, 16
MM, 33, 19, 18
MM, 30, 22, 14
MM, 26, 25, 16
MM, 23, 28, 18
MM, 9, 0, 46
MM, 3, 5, 18
MM, 44, 27, 136
MM, 17, 0, 135
MM, 15, 1, 16
MM, 13, 2, 25
MM, 11, 4, 18
MM, 11, 5, 71
MM, 11, 6, 49
MM, 12, 6, 8
MM, 13, 6, 8
MM, 15, 6, 16
MM, 16, 7, 8
MM, 17, 7, 8
MM, 19, 7, 16
MM, 21, 7, 16
MM, 22, 8, 16
MM, 22, 9, 32
MC, 1, 104
MC, 2, 234
MM, 21, 9, 352
MM, 20, 9, 7
MM, 16, 8, 18
MM, 10, 5, 14
MM, 5, 0, 16
MM, 7, 31, 26
MM, 42, 12, 43
MM, 35, 2, 14
MM, 9, 30, 112
MM, 6, 28, 16
MM, 4, 27, 24
MM, 2, 25, 16
MM, 0, 25, 16
MC, 1, 1310
MC, 1, 860
MM, 16, 3, 376
MM, 18, 26, 89
MM, 19, 26, 81
MM, 19, 28, 16
MM, 19, 29, 8
MM, 20, 31, 16
MM, 14, 1, 39
MM, 16, 7, 17
MM, 18, 13, 16
MM, 19, 15, 8
MM, 20, 21, 16
MM, 22, 26, 23
MM, 91, 1, 41
MM, 92, 5, 7
MM, 94, 13, 16
MM, 95, 20, 17
MM, 96, 24, 8
MM, 96, 27, 15
MM, 96, 30, 24
MM, 97, 30, 8
MM, 97, 29, 106
MM, 97, 28, 16
MM, 97, 27, 8
MM, 97, 25, 25
MM, 97, 24, 8
MM, 97, 23, 23
MM, 97, 22, 9
MM, 97, 21, 15
MM, 97, 20, 9
MM, 97, 19, 8
MM, 97, 18, 16
MM, 97, 16, 16
MM, 97, 14, 15
MM, 97, 13, 8
MM, 97, 12, 16
MM, 96, 11, 16
MM, 96, 10, 8
MM, 95, 10, 33
MC, 1, 144
MM, 96, 10, 314
MM, 101, 10, 16
MM, 102, 10, 8
MM, 114, 10, 24
MM, 124, 5, 15
MM, 29, 29, 24
MM, 37, 21, 16
MM, 43, 5, 179
MM, 39, 6, 24
MM, 37, 8, 25
MM, 33, 10, 23
MM, 27, 14, 24
MM, 22, 16, 16
MM, 20, 17, 16
MM, 17, 17, 16
MM, 15, 18, 16
MM, 14, 18, 16
MM, 12, 19, 24
MC, 1, 280
MM, 11, 19, 178
MM, 5, 19, 14
MM, 43, 19, 25
MM, 36, 19, 14
MM, 30, 19, 18
MM, 26, 19, 8
MM, 17, 19, 16
MM, 10, 18, 17
MM, 2, 17, 16
MM, 43, 16, 24
MM, 40, 15, 8
MM, 37, 15, 16
MM, 32, 15, 16
MM, 28, 15, 16
MM, 25, 15, 8
MM, 20, 15, 16
MM, 12, 15, 16
MM, 5, 13, 16
MM, 43, 11, 16
MM, 38, 11, 8
MM, 23, 7, 16
MM, 16, 6, 8
MM, 3, 2, 16
MM, 35, 30, 40
MM, 26, 25, 16
MM, 23, 24, 8
MM, 18, 21, 16
MM, 16, 19, 8
MM, 11, 18, 16
MM, 10, 17, 8
MM, 6, 15, 16
MM, 3, 13, 16
MM, 0, 12, 16
MM, 0, 9, 185
MM, 2, 10, 15
MM, 3, 10, 8
MC, 1, 122
MM, 6, 10, 232
MM, 11, 10, 8
MM, 15, 10, 8
MM, 42, 10, 16
MM, 14, 10, 16
MM, 29, 10, 8
MM, 9, 10, 24
MM, 24, 10, 15
MM, 28, 10, 9
MM, 32, 10, 8
MM, 40, 10, 16
MM, 0, 10, 16
MM, 11, 9, 8
MM, 28, 6, 16
MM, 39, 5, 8
MM, 2, 2, 18
MM, 13, 1, 134
MM, 15, 2, 10
MM, 22, 8, 16
MM, 25, 11, 8
MM, 28, 14, 6
MM, 35, 20, 17
MM, 40, 25, 16
MM, 42, 27, 8
MM, 43, 29, 9
MM, 43, 30, 15
MM, 43, 31, 8
MM, 43, 7, 65
MM, 42, 10, 8
MM, 42, 14, 16
MM, 41, 18, 16
MM, 39, 19, 16
MM, 38, 19, 16
MM, 37, 19, 8
MM, 36, 19, 8
MM, 34, 19, 24
MM, 33, 19, 8
MM, 32, 19, 24
MM, 31, 19, 8
MM, 30, 19, 31
MM, 29, 19, 17
MM, 28, 19, 8
MM, 26, 18, 32
MM, 25, 18, 8
MM, 25, 17, 8
MM, 25, 16, 39
MC, 1, 161
MM, 24, 16, 226
MM, 22, 16, 16
MM, 20, 16, 16
MM, 18, 16, 8
MM, 14, 16, 16
MM, 6, 16, 24
MM, 41, 16, 40
MM, 35, 16, 15
MM, 33, 16, 9
MM, 2, 15, 63
MM, 43, 14, 17
MM, 39, 13, 8
MM, 34, 13, 8
MM, 23, 9, 16
MM, 16, 7, 16
MM, 4, 3, 23
MM, 37, 31, 97
MM, 35, 31, 7
MM, 34, 30, 16
MM, 33, 30, 11
MM, 32, 29, 5
MM, 32, 28, 8
MM, 31, 28, 19
MM, 31, 27, 5
MM, 29, 26, 17
MM, 28, 25, 32
MM, 28, 24, 26
MM, 27, 23, 64
MC, 1, 255
MM, 26, 23, 297
MM, 25, 23, 18
MM, 23, 23, 8
MM, 22, 23, 13
MM, 20, 23, 8
MM, 19, 23, 18
MM, 18, 23, 8
MM, 16, 23, 16
MM, 15, 23, 9
MM, 14, 23, 8
MM, 10, 22, 16
MM, 9, 21, 8
MM, 5, 20, 15
MM, 2, 18, 16
MM, 42, 13, 57
MM, 40, 12, 16
MM, 36, 10, 23
MM, 35, 9, 16
MM, 34, 9, 8
MM, 33, 9, 16
MM, 32, 8, 16
MM, 31, 8, 17
MM, 30, 8, 23
MM, 29, 8, 8
MM, 28, 8, 8
MM, 26, 8, 16
MM, 25, 8, 8
MM, 24, 8, 24
MM, 23, 8, 17
MM, 22, 8, 56
MM, 21, 8, 23
MM, 21, 9, 43
MM, 20, 9, 5
MM, 20, 10, 42
MM, 19, 11, 25
MM, 19, 12, 22
MC, 1, 162
MM, 22, 12, 255
MM, 23, 12, 9
MM, 24, 12, 8
MM, 28, 13, 16
MM, 31, 15, 16
MM, 36, 18, 18
MM, 41, 22, 14
MM, 0, 27, 32
MM, 5, 30, 18
MM, 13, 0, 56
MM, 22, 5, 23
MM, 25, 6, 9
MM, 30, 9, 15
MM, 34, 11, 16
MM, 37, 12, 17
MM, 39, 13, 8
MM, 41, 14, 15
MM, 43, 16, 9
MM, 1, 23, 24
MM, 3, 24, 8
MM, 11, 31, 23
MM, 86, 0, 25
MM, 88, 2, 8
MM, 93, 6, 16
MM, 96, 8, 8
MM, 98, 10, 8
MM, 103, 13, 16
MM, 104, 14, 8
MM, 106, 15, 8
MM, 108, 18, 16
MM, 109, 18, 8
MM, 109, 20, 15
MM, 110, 20, 57
MC, 1, 232
MM, 111, 20, 169
MM, 114, 20, 9
MM, 117, 20, 8
MM, 123, 20, 16
MM, 125, 20, 16
MM, 126, 20, 104
MM, 127, 20, 7
MM, 128, 20, 25
MM, 130, 19, 15
MM, 130, 17, 17
MM, 133, 15, 15
MM, 142, 7, 24
MM, 149, 1, 16
MM, 5, 26, 33
MM, 12, 21, 16
MM, 19, 16, 24
MM, 23, 15, 24
MM, 24, 14, 24
MM, 25, 14, 8
MM, 26, 14, 10
MM, 29, 14, 29
MM, 30, 14, 18
MM, 33, 14, 23
MM, 35, 14, 18
MM, 37, 14, 14
MM, 39, 14, 17
MM, 41, 14, 8
MM, 0, 15, 153
MM, 3, 15, 15
MM, 4, 15, 9
MM, 7, 15, 16
MM, 8, 15, 8
MM, 10, 15, 8
MM, 11, 15, 8
MM, 12, 15, 16
MM, 14, 15, 8
MM, 15, 15, 16
MM, 16, 15, 8
MM, 17, 15, 8
MM, 18, 15, 32
MM, 18, 14, 15
MM, 18, 13, 8
MM, 18, 12, 8
MM, 19, 11, 24
MM, 19, 10, 9
MM, 20, 9, 8
MM, 23, 8, 16
MM, 25, 6, 8
MM, 30, 4, 16
MM, 33, 3, 8
MM, 18, 31, 50
MM, 28, 28, 14
MM, 33, 27, 8
MM, 39, 24, 10
MM, 0, 22, 21
MM, 2, 21, 8
MM, 8, 19, 18
MM, 13, 18, 14
MM, 18, 18, 19
MM, 22, 17, 16
MM, 25, 16, 6
MM, 29, 16, 18
MM, 32, 14, 16
MM, 33, 13, 8
MM, 34, 13, 16
MM, 34, 12, 8
MM, 33, 12, 80
MM, 32, 12, 8
MM, 29, 12, 24
MM, 28, 12, 16
MM, 27, 12, 16
MM, 26, 13, 8
MC, 1, 136
MM, 21, 13, 136
MM, 2, 13, 18
MM, 39, 13, 14
MM, 34, 13, 16
MM, 22, 13, 26
MM, 19, 13, 16
MM, 13, 13, 16
MM, 43, 13, 16
MM, 20, 13, 8
MM, 41, 13, 16
MM, 11, 18, 16
MM, 38, 26, 16
MM, 24, 30, 8
MM, 33, 1, 32
MM, 28, 2, 8
MM, 24, 3, 8
MM, 18, 3, 16
MM, 17, 3, 8
MM, 16, 3, 8
MM, 15, 3, 8
MM, 14, 3, 16
MM, 13, 3, 32
MM, 11, 1, 7
MM, 10, 0, 8
MM, 10, 31, 24
MM, 6, 27, 8
MM, 4, 25, 8
MM, 41, 15, 25
MM, 38, 13, 7
MM, 30, 10, 16
MM, 26, 8, 8
MM, 17, 7, 16
MM, 9, 6, 8
MM, 3, 6, 8
MM, 41, 6, 17
MM, 27, 7, 16
MM, 19, 12, 8
MM, 11, 16, 8
MM, 3, 22, 15
MM, 43, 28, 27
MM, 39, 30, 14
MM, 38, 30, 8
MM, 37, 30, 10
MM, 35, 30, 8
MM, 30, 30, 13
MM, 27, 30, 9
MM, 21, 30, 18
MM, 15, 30, 16
MM, 12, 29, 8
MM, 7, 28, 16
MM, 3, 27, 14
MM, 0, 24, 25
MM, 0, 23, 24
MM, 0, 22, 17
MM, 0, 21, 16
MM, 1, 21, 32
MM, 5, 18, 16
MM, 7, 16, 16
MM, 9, 14, 8
MM, 15, 10, 32
MM, 25, 8, 47
MM, 26, 8, 8
MM, 28, 8, 8
MM, 29, 8, 8
MM, 30, 8, 24
MM, 31, 8, 8
MM, 32, 8, 17
MM, 32, 9, 25
MM, 32, 10, 8
MM, 32, 11, 14
MM, 31, 12, 33
MM, 30, 13, 18
MC, 1, 135
MM, 31, 13, 411
MM, 32, 13, 16
MM, 36, 13, 18
MM, 41, 14, 14
MM, 0, 15, 31
MM, 3, 15, 17
MM, 5, 15, 16
MM, 6, 15, 8
MM, 7, 15, 32
MM, 8, 15, 8
MM, 12, 16, 16
MM, 17, 16, 24
MM, 20, 17, 8
MM, 23, 17, 15
MM, 25, 17, 25
MM, 26, 17, 8
MM, 25, 17, 72
MM, 25, 18, 8
MM, 24, 18, 7
MM, 22, 18, 25
MC, 1, 146
MM, 24, 18, 272
MM, 26, 18, 7
MM, 41, 18, 26
MM, 0, 18, 14
MM, 7, 18, 8
MM, 15, 18, 17
MM, 18, 18, 9
MM, 22, 18, 16
MM, 26, 18, 14
MM, 28, 18, 10
MM, 39, 16, 22
MM, 4, 11, 27
MM, 10, 9, 8
MM, 21, 5, 15
MM, 27, 2, 8
MM, 31, 1, 8
MC, 1, 539
MM, 13, 0, 473
MM, 13, 2, 8
MM, 11, 8, 16
MM, 10, 15, 16
MM, 8, 22, 17
MM, 7, 26, 16
MM, 7, 28, 8
MM, 7, 29, 8
MM, 6, 31, 8
MM, 110, 3, 135
MM, 110, 7, 8
MM, 108, 16, 19
MM, 107, 23, 13
MM, 107, 25, 8
MM, 106, 27, 18
MM, 106, 28, 9
MM, 106, 29, 5
MM, 106, 28, 107
MM, 106, 27, 7
MM, 106, 26, 25
MM, 106, 25, 8
MM, 106, 24, 8
MM, 106, 23, 16
MM, 106, 22, 8
MM, 106, 21, 16
MM, 106, 20, 8
MM, 106, 19, 8
MM, 106, 18, 8
MM, 106, 16, 16
MM, 106, 15, 8
MM, 106, 13, 16
MM, 106, 12, 8
MM, 106, 11, 16
MM, 106, 10, 8
MM, 106, 9, 24
MC, 1, 186
MM, 108, 9, 184
MM, 110, 9, 8
MM, 120, 9, 8
MM, 131, 9, 8
MM, 145, 9, 24
MM, 150, 9, 8
MM, 159, 9, 18
MM, 162, 9, 8
MM, 166, 9, 22
MM, 168, 9, 18
MM, 172, 8, 14
MM, 175, 7, 10
MM, 179, 6, 8
MM, 184, 4, 8
MM, 5, 26, 56
MM, 13, 22, 16
MM, 22, 17, 16
MM, 26, 16, 8
MM, 31, 14, 16
MM, 37, 12, 16
MM, 41, 11, 8
MM, 2, 5, 24
MM, 5, 3, 8
MM, 13, 31, 103
MM, 13, 30, 16
MM, 14, 30, 9
MM, 15, 30, 26
MM, 15, 29, 13
MM, 16, 28, 9
MM, 16, 27, 32
MM, 16, 26, 8
MM, 16, 25, 10
MM, 16, 24, 16
MM, 16, 22, 13
MM, 16, 21, 34
MM, 16, 20, 9
MM, 16, 19, 8
MM, 16, 18, 7
MM, 16, 16, 17
MM, 16, 15, 23
MM, 16, 14, 9
MM, 16, 13, 16
MM, 16, 12, 23
MM, 16, 11, 8
MM, 16, 10, 25
MM, 16, 9, 7
MC, 1, 160
MM, 16, 8, 355
MM, 16, 7, 7
MM, 16, 6, 8
MM, 16, 3, 16
MM, 16, 0, 16
MM, 22, 31, 82
MM, 22, 30, 8
MM, 22, 28, 14
MM, 21, 25, 10
MM, 20, 16, 17
MM, 20, 12, 8
MM, 19, 7, 7
MM, 18, 3, 8
MM, 18, 0, 112
MM, 18, 1, 8
MM, 18, 2, 8
MM, 18, 3, 16
MM, 18, 4, 8
MM, 18, 5, 8
MM, 18, 6, 25
MM, 18, 7, 16
MM, 18, 8, 8
MM, 18, 9, 23
MM, 18, 10, 9
MM, 18, 11, 16
MM, 18, 12, 8
MM, 18, 13, 16
MM, 18, 15, 15
MM, 18, 16, 8
MM, 18, 17, 26
MM, 18, 18, 8
MM, 18, 19, 14
MM, 18, 20, 75
MM, 18, 21, 31
MC, 1, 184
MM, 16, 21, 163
MM, 14, 21, 7
MM, 12, 21, 8
MM, 8, 21, 8
MM, 5, 21, 16
MM, 3, 21, 8
MM, 0, 21, 16
MM, 35, 21, 40
MM, 32, 21, 8
MM, 25, 21, 16
MM, 17, 22, 16
MM, 12, 24, 8
MM, 5, 27, 16
MM, 2, 28, 9
MM, 0, 29, 8
MM, 37, 0, 64
MM, 35, 1, 7
MM, 33, 3, 8
MM, 30, 6, 17
MM, 28, 8, 10
MM, 27, 9, 8
MM, 22, 13, 14
MM, 21, 15, 8
MM, 16, 17, 10
MM, 14, 19, 8
MM, 2, 26, 14
MM, 25, 1, 43
MM, 22, 3, 7
MM, 18, 5, 16
MM, 16, 6, 8
MM, 15, 7, 8
MM, 15, 8, 8
MM, 14, 8, 8
MM, 13, 8, 16
MM, 12, 8, 8
MM, 11, 8, 24
MM, 10, 8, 24
MM, 11, 8, 160
MM, 12, 8, 17
MM, 13, 8, 8
MM, 14, 8, 6
MM, 15, 8, 18
MC, 1, 121
MM, 14, 8, 242
MM, 12, 8, 15
MM, 12, 7, 121
MM, 12, 6, 8
MM, 12, 5, 24
MM, 12, 4, 16
MM, 12, 3, 16
MM, 11, 2, 32
MM, 11, 1, 8
MM, 44, 22, 64
MM, 42, 20, 8
MM, 37, 18, 24
MM, 37, 17, 8
MM, 36, 17, 8
MM, 35, 17, 138
MM, 34, 17, 24
MM, 33, 17, 16
MM, 32, 17, 8
MM, 31, 17, 16
MM, 30, 17, 8
MM, 29, 17, 32
MM, 29, 18, 8
MC, 1, 123
MM, 27, 18, 150
MM, 22, 18, 8
MM, 21, 18, 8
MM, 16, 18, 17
MM, 14, 18, 8
MM, 13, 18, 8
MM, 12, 18, 8
MM, 11, 18, 208
MM, 10, 18, 7
MM, 5, 18, 10
MM, 37, 12, 22
MM, 30, 8, 10
MM, 21, 4, 8
MC, 1, 491
MC, 1, 1044
MM, 25, 0, 305
MM, 25, 5, 16
MM, 25, 9, 24
MM, 25, 11, 8
MM, 25, 14, 8
MM, 25, 17, 8
MM, 26, 22, 17
MM, 26, 25, 8
MM, 27, 28, 7
MM, 27, 31, 16
MM, 20, 0, 75
MM, 20, 1, 7
MM, 20, 2, 6
MM, 20, 4, 10
MM, 20, 5, 16
MM, 20, 7, 8
MM, 21, 9, 16
MM, 21, 11, 8
MM, 22, 12, 8
MM, 22, 16, 16
MM, 23, 16, 8
MM, 23, 18, 9
MM, 23, 19, 8
MM, 23, 20, 16
MM, 23, 21, 8
MM, 23, 22, 8
MM, 23, 23, 15
MM, 23, 24, 9
MM, 24, 26, 16
MM, 24, 28, 8
MM, 24, 30, 16
MM, 90, 0, 119
MM, 90, 2, 8
MM, 90, 4, 16
MM, 90, 5, 8
MM, 90, 6, 8
MM, 90, 7, 10
MM, 90, 10, 17
MM, 90, 12, 13
MM, 90, 17, 18
MM, 90, 18, 8
MM, 90, 22, 16
MM, 90, 23, 8
MM, 90, 24, 8
MM, 90, 25, 8
MM, 90, 26, 72
MM, 90, 24, 97
MM, 90, 23, 7
MC, 1, 131
MM, 90, 21, 136
MM, 90, 18, 32
MM, 90, 17, 16
MM, 88, 16, 120
MM, 85, 14, 8
MM, 78, 9, 15
MM, 73, 5, 9
MM, 70, 3, 8
MM, 38, 30, 39
MM, 35, 28, 8
MM, 33, 26, 8
MM, 26, 21, 16
MM, 23, 19, 8
MM, 20, 16, 9
MM, 12, 10, 16
MM, 10, 8, 8
MM, 5, 5, 8
MM, 0, 29, 31
MM, 43, 20, 27
MM, 41, 16, 6
MM, 37, 11, 10
MM, 30, 0, 16
MC, 1, 449
MM, 0, 5, 563
MM, 2, 7, 8
MM, 4, 8, 8
MM, 5, 10, 15
MM, 5, 11, 8
MM, 5, 12, 33
MM, 5, 14, 7
MM, 6, 15, 8
MM, 7, 17, 8
MM, 8, 20, 8
MM, 11, 24, 16
MM, 12, 25, 9
MM, 12, 26, 7
MM, 14, 28, 19
MM, 15, 28, 22
MM, 16, 28, 42
MM, 16, 27, 16
MM, 16, 26, 13
MM, 16, 25, 27
MM, 16, 24, 8
MM, 16, 23, 8
MM, 16, 22, 24
MM, 16, 21, 16
MM, 16, 20, 39
MM, 15, 19, 25
MC, 1, 168
MM, 10, 19, 154
MM, 3, 19, 16
MM, 46, 19, 71
MM, 45, 19, 9
MM, 40, 19, 24
MM, 36, 19, 16
MM, 34, 19, 8
MM, 33, 19, 8
MM, 31, 19, 7
MM, 30, 19, 8
MM, 27, 19, 32
MM, 25, 19, 16
MM, 22, 19, 8
MM, 19, 18, 17
MM, 14, 18, 24
MM, 12, 17, 24
MM, 10, 17, 8
MM, 8, 17, 8
MM, 42, 14, 40
MM, 36, 12, 17
MM, 31, 11, 14
MM, 28, 10, 18
MM, 26, 9, 16
MM, 22, 8, 16
MM, 20, 6, 16
MM, 18, 5, 17
MM, 17, 4, 8
MM, 14, 1, 16
MC, 1, 546
MM, 4, 1, 497
MM, 10, 8, 19
MM, 16, 13, 15
MM, 22, 19, 14
MM, 27, 23, 18
MM, 31, 27, 16
MM, 33, 28, 6
MM, 37, 31, 18
MM, 38, 1, 32
MM, 41, 3, 8
MM, 0, 8, 33
MM, 1, 10, 8
MM, 3, 10, 8
MM, 4, 11, 16
MM, 6, 11, 16
MM, 7, 11, 23
MM, 8, 12, 16
MM, 9, 12, 32
MM, 10, 12, 17
MM, 10, 11, 15
MM, 11, 10, 9
MM, 11, 9, 8
MM, 11, 8, 24
MM, 11, 7, 18
MC, 1, 191
MM, 10, 7, 339
MM, 8, 7, 7
MM, 4, 8, 17
MM, 2, 9, 8
MM, 43, 16, 32
MM, 41, 16, 8
MM, 39, 19, 16
MM, 36, 21, 16
MM, 33, 24, 15
MM, 27, 28, 16
MM, 24, 31, 8
MM, 128, 0, 33
MM, 125, 2, 8
MM, 123, 5, 16
MM, 121, 6, 10
MM, 120, 6, 13
MM, 120, 7, 27
MM, 119, 8, 40
MM, 118, 8, 16
MM, 117, 9, 15
MM, 116, 9, 40
MM, 116, 10, 41
MM, 115, 10, 8
MM, 115, 11, 40
MC, 1, 218
MM, 115, 10, 199
MM, 115, 7, 16
MM, 115, 2, 16
MM, 0, 29, 40
MM, 0, 27, 18
MM, 0, 25, 8
MM, 0, 23, 32
MM, 0, 21, 17
MM, 0, 16, 16
MM, 1, 29, 39
MM, 43, 12, 32
MM, 42, 10, 8
MM, 41, 6, 17
MM, 40, 5, 23
MM, 40, 4, 24
MM, 39, 4, 24
MM, 39, 3, 8
MM, 38, 2, 49
MM, 38, 1, 24
MM, 37, 1, 42
MM, 37, 0, 14
MM, 36, 0, 39
MC, 1, 733
MC, 1, 990
MM, 11, 0, 497
MM, 13, 4, 16
MM, 15, 6, 16
MM, 15, 7, 8
MM, 16, 8, 24
MM, 17, 8, 64
MM, 17, 9, 18
MM, 17, 10, 25
MC, 1, 152
MM, 17, 9, 362
MM, 18, 9, 8
MM, 18, 7, 7
MM, 18, 5, 16
MM, 19, 3, 9
MM, 20, 1, 7
MM, 21, 0, 16
MC, 1, 613
MM, 3, 17, 276
MM, 7, 17, 5
MM, 12, 17, 17
MM, 17, 17, 16
MM, 19, 17, 8
MM, 22, 17, 8
MM, 26, 17, 16
MM, 30, 16, 16
MM, 36, 14, 24
MM, 40, 13, 24
MM, 43, 12, 16
MM, 0, 12, 97
MM, 4, 13, 14
MM, 9, 14, 18
MM, 14, 15, 8
MM, 27, 17, 24
MM, 30, 17, 8
MM, 41, 17, 17
MM, 1, 18, 23
MM, 4, 18, 8
MM, 17, 22, 169
MM, 16, 22, 81
MM, 14, 22, 6
MM, 13, 22, 16
MM, 12, 22, 11
MC, 1, 151
MM, 10, 22, 275
MM, 7, 22, 7
MM, 42, 26, 25
MM, 24, 31, 15
MM, 1, 0, 33
MM, 42, 4, 32
MM, 41, 4, 16
MM, 38, 5, 24
MM, 36, 5, 15
MM, 36, 6, 49
MM, 34, 6, 266
MM, 30, 6, 8
MM, 20, 6, 15
MM, 9, 5, 16
MM, 6, 4, 8
MM, 1, 4, 16
MM, 0, 0, 153
MM, 10, 0, 257
MM, 11, 0, 89
MM, 12, 0, 55
MM, 12, 1, 24
MM, 13, 1, 10
MM, 14, 2, 16
MM, 14, 3, 6
MM, 14, 4, 26
MM, 14, 5, 8
MM, 14, 6, 6
MM, 14, 8, 18
MM, 14, 9, 8
MM, 14, 11, 8
MM, 13, 15, 16
MM, 11, 18, 16
MM, 10, 22, 17
MM, 9, 22, 8
MM, 8, 22, 16
MM, 7, 22, 8
MM, 4, 22, 16
MM, 42, 22, 39
MM, 36, 22, 8
MM, 26, 22, 16
MM, 23, 22, 8
MM, 17, 21, 17
MM, 14, 21, 16
MM, 13, 19, 16
MM, 13, 18, 24
MM, 13, 17, 33
MM, 13, 16, 14
MM, 13, 15, 8
MM, 13, 14, 27
MM, 13, 13, 7
MM, 14, 13, 48
MM, 15, 13, 24
MM, 16, 13, 16
MC, 1, 185
MM, 15, 12, 330
MM, 11, 10, 16
MM, 5, 7, 18
MM, 43, 2, 24
MM, 39, 1, 7
MC, 1, 490
MC, 1, 959
MM, 21, 0, 1368
MM, 21, 1, 24
MM, 22, 2, 31
MM, 23, 4, 24
MM, 23, 6, 16
MM, 24, 8, 16
MM, 25, 10, 16
MM, 26, 13, 16
MM, 27, 14, 16
MM, 28, 15, 10
MM, 29, 16, 16
MM, 31, 17, 8
MM, 32, 17, 6
MM, 32, 18, 10
MM, 34, 18, 24
MM, 35, 19, 16
MM, 35, 20, 8
MC, 1, 251
MM, 36, 20, 184
MM, 37, 20, 7
MM, 38, 20, 9
MM, 4, 20, 23
MM, 9, 20, 9
MM, 11, 20, 8
MM, 23, 20, 16
MM, 35, 20, 16
MM, 37, 20, 8
MM, 4, 20, 24
MM, 12, 20, 18
MM, 23, 19, 14
MM, 27, 18, 10
MM, 31, 17, 8
MM, 38, 15, 16
MM, 0, 12, 23
MM, 6, 11, 8
MM, 21, 6, 33
MM, 30, 4, 15
MM, 39, 3, 16
MM, 43, 2, 8
MM, 0, 1, 16
MM, 5, 0, 16
MC, 1, 580
MC, 1, 1046
MM, 24, 0, 581
MM, 25, 4, 13
MM, 25, 6, 18
MM, 25, 7, 9
MM, 24, 7, 144
MC, 1, 160
MM, 23, 7, 452
MM, 19, 7, 8
MM, 5, 7, 16
MM, 38, 7, 16
MM, 16, 7, 15
MM, 33, 7, 24
MM, 19, 7, 16
MM, 6, 10, 16
MM, 1, 10, 8
MM, 0, 27, 25122
MM, 8, 25, 16
MM, 23, 19, 16
MM, 33, 15, 16
MM, 42, 10, 6
MM, 49, 4, 18
MM, 54, 2, 16
MM, 60, 0, 136
MM, 60, 1, 6
MM, 59, 2, 18
MM, 58, 2, 16
MM, 58, 3, 6
MM, 58, 4, 10
MM, 58, 5, 16
MM, 58, 6, 32
MM, 58, 7, 14
MM, 58, 8, 26
MM, 58, 9, 5
MM, 58, 10, 9
MM, 58, 11, 34
MM, 58, 12, 16
MM, 58, 13, 8
MM, 58, 14, 32
MM, 58, 15, 8
MM, 58, 16, 48
MM, 57, 15, 208
MM, 56, 15, 8
