**********************************
LOGGING TIME: 20180908_155008
CLIENT IP: 192.168.56.1
USERNAME: Nikhil
OS: Windows 10
*********************Neutral database**********************************
MM, 30, 2, 1537598290950
MM, 42, 18, 2318
MM, 40, 14, 6
MM, 38, 6, 7
MM, 37, 2, 6
MM, 124, 60, 20
MM, 120, 51, 7
MM, 115, 35, 7
MM, 114, 33, 7
MM, 110, 27, 6
MM, 106, 21, 8
MM, 103, 15, 6
MM, 100, 8, 7
MM, 163, 30, 1352
MM, 159, 26, 7
MM, 153, 20, 6
MM, 150, 16, 6
MM, 146, 11, 9
MM, 141, 8, 5
MM, 136, 4, 7
MM, 130, 0, 9
MM, 101, 24, 32
MM, 96, 17, 8
MM, 90, 15, 6
MM, 85, 11, 6
MM, 84, 11, 14
MM, 83, 11, 8164
MM, 82, 12, 6
MM, 82, 13, 7
MM, 79, 14, 7
MM, 77, 19, 20
MM, 76, 20, 7
MM, 75, 21, 7
MM, 75, 23, 7
MM, 73, 25, 8
MM, 73, 26, 5
MM, 72, 27, 7
MM, 66, 0, 142
MM, 66, 3, 7
MM, 66, 5, 7
MM, 66, 7, 6
MM, 66, 10, 7
MM, 66, 12, 7
MM, 66, 14, 7
MM, 66, 15, 7
MM, 66, 16, 6
MM, 66, 18, 7
MM, 66, 19, 7
MM, 66, 21, 55
MM, 66, 22, 15
MM, 66, 23, 4
MM, 66, 24, 9
MM, 66, 25, 13
MM, 66, 29, 34
MC, 1, 408
MM, 47, 0, 9783
MM, 49, 8, 7
MM, 50, 15, 6
MM, 51, 19, 7
MM, 52, 21, 7
MM, 54, 28, 7
MM, 55, 33, 7
MM, 57, 39, 6
MM, 58, 45, 7
MM, 60, 49, 7
MM, 63, 55, 7
MM, 64, 61, 7
MM, 65, 63, 6
MM, 28, 2, 20
MM, 32, 9, 7
MM, 34, 11, 6
MM, 38, 16, 8
MM, 39, 18, 6
MM, 40, 19, 7
MM, 3, 28, 21
MC, 1, 1116
MM, 40, 26, 5201
MM, 38, 25, 7
MM, 36, 24, 6
MM, 34, 23, 7
MM, 31, 21, 7
MM, 28, 20, 7
MM, 24, 19, 7
MM, 22, 19, 6
MM, 18, 16, 7
MM, 16, 15, 8
MM, 15, 15, 6
MM, 14, 15, 7
MM, 12, 15, 6
MM, 11, 15, 13
MM, 11, 16, 123
MM, 11, 17, 7
MM, 13, 18, 20
MM, 13, 19, 14
MM, 14, 20, 7
MM, 16, 21, 5
MM, 17, 22, 7
MM, 19, 23, 7
MM, 20, 24, 7
MM, 22, 24, 6
MM, 23, 24, 7
MM, 25, 25, 7
MM, 41, 25, 20
MM, 25, 0, 116
MM, 28, 1, 6
MM, 34, 1, 7
MM, 2, 3, 14
MM, 9, 3, 7
MM, 16, 6, 7
MM, 22, 7, 6
MM, 27, 9, 7
MM, 32, 10, 8
MM, 1, 10, 291
MM, 14, 10, 14
MM, 20, 10, 5
MM, 26, 11, 7
MM, 31, 11, 7
MM, 20, 14, 1434
MM, 33, 16, 14
MM, 0, 19, 12
MM, 31, 20, 7
MM, 35, 22, 47
MM, 29, 22, 8
MM, 24, 21, 5
MM, 19, 21, 8
MM, 17, 21, 6
MM, 11, 21, 7
MM, 9, 21, 7
MM, 6, 21, 7
MM, 3, 21, 6
MM, 43, 21, 76
MM, 42, 21, 7
MM, 41, 21, 13
MM, 40, 21, 39
MM, 39, 22, 7
MM, 38, 22, 7
MM, 35, 22, 6
MM, 33, 22, 7
MM, 27, 23, 7
MM, 0, 0, 103
MM, 41, 0, 14
MM, 38, 1, 5
MM, 33, 3, 7
MM, 31, 5, 7
MM, 28, 5, 8
MM, 23, 6, 5
MM, 20, 7, 7
MM, 18, 8, 6
MM, 14, 9, 8
MM, 11, 11, 7
MM, 6, 14, 6
MM, 3, 15, 7
MM, 39, 19, 21
MM, 37, 20, 6
MM, 34, 21, 7
MM, 32, 22, 7
MM, 30, 24, 7
MM, 27, 24, 8
MM, 26, 25, 12
MM, 25, 25, 13
MM, 25, 26, 7
MM, 24, 26, 8
MM, 22, 27, 20
MM, 21, 27, 33
MM, 21, 28, 13
MM, 20, 28, 20
MM, 20, 29, 15
MM, 19, 29, 121
MC, 1, 3699
MM, 25, 28, 186
MM, 1, 20, 19
MM, 18, 16, 13
MM, 41, 12, 21
MM, 6, 8, 13
MM, 18, 7, 6
MM, 25, 5, 7
MM, 40, 5, 7
MM, 46, 4, 6
MM, 2, 3, 7
MM, 7, 3, 7
MM, 17, 2, 7
MM, 23, 0, 7
MM, 22, 31, 47
MM, 30, 30, 6
MM, 35, 29, 7
MM, 0, 25, 34
MM, 2, 24, 14
MM, 3, 24, 7
MM, 4, 24, 8
MM, 5, 23, 6
MM, 6, 22, 162
MM, 13, 19, 27
MM, 15, 19, 6
MM, 16, 18, 8
MM, 17, 18, 7
MM, 20, 17, 14
MM, 21, 17, 12
MM, 22, 17, 28
MC, 1, 433
MM, 11, 18, 121
MM, 19, 0, 129
MM, 13, 0, 6
MM, 6, 2, 7
MM, 38, 6, 20
MM, 34, 7, 7
MM, 31, 7, 7
MM, 29, 8, 6
MM, 26, 9, 8
MM, 23, 9, 6
MM, 22, 9, 7
MM, 21, 9, 7
MM, 19, 9, 7
MM, 14, 9, 20
MM, 13, 9, 6
MM, 12, 9, 7
MM, 11, 9, 7
MM, 10, 9, 7
MM, 9, 9, 62
MM, 7, 9, 13
MM, 0, 9, 22
MM, 39, 10, 18
MM, 37, 10, 7
MM, 33, 10, 13
MM, 30, 10, 7
MM, 28, 10, 6
MM, 26, 10, 7
MM, 24, 10, 7
MM, 23, 10, 13
MM, 22, 10, 13
MM, 21, 10, 7
MM, 20, 10, 21
MM, 19, 10, 47
MM, 18, 11, 7
MM, 17, 12, 20
MM, 16, 12, 14
MM, 16, 13, 13
MM, 15, 13, 7
MM, 14, 13, 7
MC, 1, 410
MM, 26, 12, 57
MM, 41, 12, 9
MM, 8, 9, 4
MM, 26, 7, 7
MM, 15, 0, 13
MM, 4, 29, 27
MM, 15, 29, 7
MM, 28, 26, 7
MM, 5, 22, 13
MM, 14, 22, 7
MM, 24, 20, 7
MM, 31, 19, 7
MM, 39, 18, 7
MM, 8, 12, 13
MM, 14, 11, 7
MM, 20, 9, 7
MM, 25, 9, 7
MM, 28, 9, 6
MM, 1, 5, 27
MM, 2, 5, 7
MM, 4, 4, 6
MM, 5, 4, 7
MM, 6, 3, 7
MM, 7, 3, 15
MM, 9, 3, 8
MM, 11, 3, 4
MM, 12, 3, 7
MM, 13, 3, 7
MM, 14, 3, 7
MM, 15, 3, 7
MM, 17, 3, 5
MM, 18, 3, 16
MM, 19, 3, 13
MM, 20, 3, 6
MM, 21, 3, 7
MM, 23, 3, 13
MM, 24, 3, 8
MM, 25, 3, 12
MM, 26, 3, 21
MM, 28, 3, 27
MM, 31, 3, 7
MM, 32, 3, 7
MM, 0, 4, 27
MM, 1, 4, 6
MM, 3, 4, 7
MM, 4, 4, 8
MM, 5, 4, 20
MM, 5, 5, 6
MM, 5, 6, 55
MM, 6, 8, 8
MM, 8, 9, 5
MM, 8, 10, 7
MM, 10, 11, 6
MM, 10, 12, 7
MC, 1, 1123
MM, 8, 12, 68
MM, 39, 12, 6
MM, 19, 13, 7
MM, 36, 15, 7
MM, 16, 14, 7
MM, 42, 14, 7
MM, 11, 17, 6
MM, 29, 15, 15
MM, 1, 15, 6
MM, 37, 15, 7
MM, 22, 13, 7
MM, 34, 12, 14
MM, 23, 12, 6
MM, 13, 12, 7
MM, 43, 10, 14
MM, 36, 10, 7
MM, 32, 10, 6
MM, 30, 10, 6
MM, 27, 10, 7
MM, 22, 9, 6
MM, 19, 9, 7
MM, 17, 9, 15
MM, 16, 9, 7
MM, 15, 9, 6
MM, 14, 9, 7
MM, 13, 9, 6
MM, 13, 8, 7
MM, 12, 8, 20
MM, 12, 7, 138
MM, 11, 6, 19
MM, 6, 3, 27
MM, 3, 2, 13
MM, 42, 1, 40
MM, 40, 1, 7
MM, 38, 1, 6
MM, 37, 2, 7
MM, 34, 3, 7
MM, 32, 4, 7
MM, 31, 5, 13
MM, 30, 6, 7
MM, 29, 6, 14
MM, 29, 7, 6
MM, 28, 7, 7
MM, 28, 8, 54
MM, 27, 8, 7
MM, 26, 8, 7
MM, 26, 9, 6
MM, 25, 9, 7
MM, 25, 10, 7
MM, 25, 11, 7
MM, 24, 11, 7
MM, 24, 12, 6
MC, 1, 1413
MM, 16, 15, 143
MM, 14, 21, 6
MM, 11, 28, 7
MM, 45, 9, 14
MM, 43, 13, 7
MM, 41, 17, 7
MM, 41, 19, 7
MM, 38, 25, 5
MM, 37, 27, 7
MM, 36, 28, 7
MM, 35, 31, 7
MM, 33, 0, 48
MM, 33, 1, 6
MM, 32, 2, 7
MM, 31, 3, 7
MM, 31, 6, 7
MM, 30, 8, 7
MM, 29, 8, 6
MM, 29, 10, 7
MM, 28, 13, 7
MM, 27, 14, 6
MM, 27, 15, 7
MM, 27, 16, 7
MM, 25, 17, 6
MM, 25, 19, 7
MM, 25, 21, 7
MM, 24, 22, 6
MM, 24, 23, 7
MM, 23, 24, 7
MM, 23, 25, 7
MM, 23, 27, 6
MM, 23, 28, 14
MM, 22, 28, 14
MM, 22, 29, 33
MM, 21, 30, 14
MM, 106, 1, 82
MM, 105, 1, 6
MM, 105, 2, 7
MM, 104, 2, 7
MM, 104, 3, 6
MM, 103, 3, 7
MM, 102, 3, 7
MM, 101, 3, 6
MM, 100, 3, 29
MM, 99, 3, 20
MM, 98, 3, 20
MM, 98, 2, 7
MM, 97, 2, 6
MM, 97, 1, 6
MM, 96, 0, 7
MM, 18, 26, 54
MM, 21, 24, 7
MM, 26, 22, 7
MM, 31, 18, 6
MM, 34, 16, 8
MM, 1, 11, 13
MM, 10, 8, 7
MM, 17, 6, 7
MM, 23, 4, 6
MM, 31, 1, 7
MM, 10, 30, 20
MM, 16, 28, 8
MM, 24, 24, 6
MM, 30, 22, 7
MM, 42, 20, 7
MM, 6, 18, 14
MM, 11, 17, 5
MM, 18, 15, 7
MM, 23, 14, 8
MM, 29, 14, 6
MM, 36, 13, 7
MM, 42, 12, 9
MM, 0, 12, 12
MM, 4, 11, 7
MM, 7, 10, 6
MM, 10, 10, 8
MM, 13, 10, 7
MM, 17, 10, 6
MM, 20, 9, 6
MM, 25, 6, 7
MM, 29, 6, 7
MM, 31, 5, 7
MM, 33, 5, 6
MM, 36, 4, 7
MM, 37, 4, 7
MM, 38, 4, 7
MM, 42, 4, 427
MM, 43, 4, 7
MM, 46, 5, 6
MM, 48, 6, 6
MM, 34, 26, 2224
MM, 33, 26, 6
MM, 32, 26, 7
MM, 31, 26, 8
MM, 30, 26, 6
MM, 29, 26, 7
MM, 28, 26, 7
MM, 27, 26, 8
MM, 24, 25, 5
MM, 22, 24, 13
MM, 21, 24, 7
MM, 20, 24, 7
MM, 19, 24, 6
MM, 17, 23, 7
MM, 16, 23, 14
MM, 15, 23, 15
MM, 14, 23, 40
MM, 13, 23, 5
MM, 12, 22, 8
MM, 11, 22, 13
MM, 10, 22, 13
MM, 9, 22, 22
MM, 9, 21, 26
MC, 1, 472
MM, 9, 22, 298
MM, 9, 24, 6
MM, 8, 26, 7
MM, 7, 29, 7
MM, 7, 31, 6
MM, 27, 0, 35
MM, 27, 1, 15
MM, 27, 2, 19
MM, 27, 4, 19
MM, 27, 5, 15
MM, 27, 6, 13
MM, 27, 7, 13
MM, 27, 8, 6
MM, 27, 9, 8
MM, 27, 10, 12
MM, 27, 11, 7
MM, 27, 12, 14
MM, 27, 13, 20
MM, 27, 15, 36
MM, 26, 15, 53
MC, 1, 410
MM, 16, 15, 319
MM, 9, 16, 7
MM, 38, 17, 14
MM, 21, 18, 6
MM, 8, 21, 8
MM, 0, 22, 6
MM, 43, 22, 9
MM, 36, 22, 5
MM, 30, 22, 6
MM, 25, 22, 7
MM, 19, 22, 7
MM, 12, 22, 6
MM, 8, 22, 6
MM, 2, 22, 7
MM, 41, 20, 14
MM, 34, 20, 6
MM, 25, 20, 7
MM, 18, 20, 7
MM, 10, 19, 7
MM, 3, 19, 7
MM, 44, 19, 13
MM, 36, 19, 7
MM, 25, 19, 7
MM, 21, 19, 6
MM, 15, 19, 7
MM, 10, 19, 7
MM, 4, 19, 7
MM, 41, 18, 13
MM, 33, 17, 7
MM, 25, 15, 7
MM, 20, 14, 7
MM, 15, 13, 7
MM, 8, 13, 6
MM, 6, 13, 7
MM, 0, 12, 7
MM, 41, 11, 20
MM, 38, 11, 7
MM, 36, 11, 7
MM, 31, 11, 7
MM, 29, 11, 7
MM, 26, 11, 7
MM, 25, 11, 6
MM, 24, 11, 7
MM, 18, 11, 7
MM, 16, 11, 6
MM, 14, 11, 7
MM, 9, 11, 7
MM, 7, 11, 7
MM, 2, 11, 7
MM, 0, 11, 6
MM, 43, 11, 14
MM, 40, 11, 7
MM, 34, 11, 7
MM, 32, 11, 7
MM, 27, 11, 7
MM, 25, 12, 6
MM, 18, 14, 7
MM, 14, 14, 7
MM, 9, 16, 6
MM, 6, 16, 7
MM, 4, 16, 7
MM, 42, 19, 27
MM, 40, 19, 7
MM, 36, 20, 7
MM, 34, 20, 7
MM, 32, 20, 6
MM, 27, 20, 7
MM, 25, 20, 7
MM, 22, 20, 6
MM, 21, 20, 6
MM, 20, 20, 7
MM, 18, 20, 14
MM, 17, 20, 13
MM, 16, 20, 13
MM, 15, 20, 28
MM, 14, 19, 14
MM, 13, 19, 7
MM, 12, 19, 6
MM, 11, 19, 7
MM, 9, 18, 7
MM, 8, 18, 7
MM, 7, 18, 21
MC, 1, 525
MM, 13, 18, 326
MM, 18, 17, 5
MM, 25, 17, 7
MM, 29, 16, 8
MM, 35, 14, 8
MM, 40, 12, 4
MM, 3, 8, 22
MM, 7, 6, 6
MM, 12, 4, 6
MM, 18, 1, 7
MM, 0, 15, 562
MM, 3, 15, 7
MM, 5, 15, 6
MM, 8, 15, 7
MM, 9, 15, 7
MM, 11, 15, 7
MM, 12, 15, 6
MM, 13, 15, 7
MM, 14, 15, 7
MM, 15, 15, 8
MM, 16, 15, 13
MM, 17, 15, 26
MC, 1, 487
MM, 17, 16, 311
MM, 16, 21, 14
MM, 16, 24, 14
MM, 15, 25, 7
MM, 14, 29, 12
MM, 14, 30, 7
MM, 46, 30, 94
MM, 43, 2, 20
MM, 43, 4, 7
MM, 43, 9, 7
MM, 42, 11, 7
MM, 42, 13, 7
MM, 42, 16, 13
MM, 42, 18, 14
MM, 41, 18, 7
MM, 41, 19, 6
MM, 41, 21, 14
MM, 40, 23, 6
MM, 40, 24, 7
MM, 40, 25, 7
MM, 40, 26, 7
MM, 40, 28, 7
MM, 39, 28, 7
MM, 39, 29, 6
MM, 127, 0, 47
MM, 127, 1, 7
MM, 127, 3, 15
MM, 126, 4, 13
MM, 126, 5, 14
MM, 126, 6, 5
MM, 126, 7, 7
MM, 126, 8, 15
MM, 126, 9, 14
MM, 126, 10, 6
MM, 125, 10, 6
MM, 125, 11, 7
MM, 124, 13, 21
MM, 124, 14, 20
MM, 124, 15, 60
MM, 123, 15, 20
MM, 123, 16, 14
MM, 123, 17, 6
MM, 123, 18, 27
MM, 123, 19, 7
MM, 122, 19, 14
MM, 121, 19, 14
MM, 121, 20, 20
MC, 1, 457
MM, 117, 20, 386
MM, 109, 19, 7
MM, 103, 18, 7
MM, 99, 16, 7
MM, 92, 14, 7
MM, 89, 13, 6
MM, 83, 11, 7
MM, 81, 11, 7
MM, 76, 10, 7
MM, 74, 9, 6
MM, 71, 8, 7
MM, 68, 7, 7
MM, 66, 5, 6
MM, 62, 3, 7
MM, 58, 2, 7
MM, 56, 0, 7
MM, 0, 30, 27
MM, 42, 24, 21
MM, 40, 22, 6
MM, 38, 21, 7
MM, 34, 20, 7
MM, 32, 16, 7
MM, 30, 14, 7
MM, 22, 11, 5
MM, 20, 7, 7
MM, 13, 3, 7
MM, 10, 1, 6
MM, 43, 29, 34
MM, 41, 28, 7
MM, 40, 27, 7
MM, 35, 20, 27
MM, 33, 18, 7
MM, 32, 17, 7
MM, 30, 16, 6
MM, 29, 15, 7
MM, 28, 14, 7
MM, 26, 12, 7
MM, 25, 11, 7
MM, 23, 10, 7
MM, 22, 9, 6
MM, 21, 9, 7
MM, 18, 8, 6
MM, 17, 6, 7
MM, 16, 5, 7
MM, 14, 4, 7
MM, 13, 4, 7
MM, 11, 3, 7
MM, 10, 3, 7
MM, 9, 2, 6
MM, 8, 2, 20
MC, 1, 594
MM, 8, 1, 400
MC, 1, 1498
MM, 21, 3, 387
MM, 24, 6, 6
MM, 29, 8, 7
MM, 32, 11, 7
MM, 35, 13, 7
MM, 39, 15, 6
MM, 40, 16, 7
MM, 43, 18, 7
MM, 4, 24, 21
MM, 6, 25, 6
MM, 11, 29, 6
MM, 15, 30, 7
MM, 28, 0, 36
MM, 32, 1, 5
MM, 32, 2, 7
MM, 36, 3, 6
MM, 38, 5, 7
MM, 40, 6, 8
MM, 43, 7, 6
MM, 0, 10, 33
MM, 1, 10, 7
MM, 1, 11, 7
MM, 2, 11, 7
MM, 3, 12, 20
MM, 4, 12, 7
MM, 5, 12, 14
MM, 6, 12, 13
MM, 6, 13, 48
MM, 8, 13, 6
MM, 9, 14, 7
MM, 10, 14, 7
MM, 11, 15, 6
MM, 13, 15, 7
MM, 13, 16, 7
MM, 14, 16, 14
MM, 14, 17, 19
MM, 15, 17, 41
MM, 15, 18, 7
MC, 1, 439
MM, 14, 18, 170
MM, 13, 17, 6
MM, 12, 15, 7
MM, 10, 14, 6
MM, 7, 11, 7
MM, 4, 8, 8
MM, 3, 5, 7
MM, 0, 2, 5
MM, 44, 31, 41
MM, 42, 29, 7
MM, 42, 26, 7
MM, 41, 24, 7
MM, 40, 21, 7
MM, 39, 18, 6
MM, 38, 15, 7
MM, 36, 14, 7
MM, 35, 10, 7
MM, 32, 7, 7
MM, 31, 4, 7
MM, 29, 1, 6
MC, 1, 736
MC, 1, 967
MM, 17, 2, 197
MM, 21, 4, 6
MM, 26, 7, 7
MM, 31, 10, 6
MM, 37, 14, 7
MM, 41, 18, 7
MM, 3, 27, 15
MM, 5, 28, 5
MM, 9, 31, 7
MM, 19, 0, 34
MM, 20, 1, 14
MM, 20, 2, 7
MM, 22, 3, 6
MM, 24, 4, 14
MM, 25, 5, 6
MM, 26, 6, 14
MM, 27, 6, 7
MM, 29, 7, 7
MM, 32, 10, 6
MM, 33, 10, 7
MM, 36, 12, 7
MM, 37, 13, 6
MM, 40, 15, 7
MM, 42, 17, 7
MM, 0, 21, 26
MM, 2, 21, 8
MM, 3, 21, 14
MM, 5, 21, 8
MM, 6, 21, 13
MM, 8, 21, 7
MM, 9, 21, 5
MM, 11, 21, 7
MM, 12, 21, 8
MM, 14, 21, 6
MM, 15, 21, 13
MM, 16, 21, 7
MM, 17, 21, 7
MM, 18, 21, 6
MM, 19, 21, 7
MM, 20, 21, 7
MM, 23, 21, 9
MM, 25, 20, 5
MM, 26, 20, 6
MM, 27, 19, 6
MM, 28, 19, 7
MM, 28, 18, 14
MM, 29, 18, 21
MC, 1, 493
MM, 27, 18, 216
MM, 24, 18, 7
MM, 21, 18, 6
MM, 19, 18, 8
MM, 17, 18, 8
MM, 15, 19, 5
MM, 14, 19, 7
MM, 13, 20, 7
MM, 12, 20, 6
MM, 11, 20, 7
MM, 9, 20, 16
MM, 7, 20, 4
MM, 4, 20, 7
MM, 1, 20, 7
MM, 42, 20, 20
MM, 38, 20, 7
MM, 35, 21, 7
MM, 31, 21, 7
MM, 24, 21, 13
MM, 18, 21, 8
MM, 13, 20, 6
MM, 6, 19, 7
MM, 42, 18, 27
MM, 41, 18, 7
MM, 40, 18, 13
MM, 39, 18, 7
MM, 38, 18, 68
MM, 37, 18, 14
MM, 36, 18, 6
MM, 35, 18, 7
MM, 34, 18, 14
MM, 33, 18, 14
MM, 32, 18, 6
MM, 29, 18, 12
MM, 27, 18, 14
MM, 25, 17, 7
MM, 23, 17, 14
MM, 22, 17, 6
MM, 21, 17, 7
MM, 20, 17, 7
MM, 18, 17, 7
MM, 16, 16, 7
MM, 14, 16, 6
MM, 13, 15, 7
MM, 11, 15, 7
MM, 8, 15, 7
MM, 6, 14, 7
MM, 5, 14, 6
MM, 4, 14, 7
MM, 2, 14, 7
MM, 42, 12, 34
MM, 40, 12, 6
MM, 37, 12, 7
MM, 34, 12, 7
MM, 32, 12, 6
MM, 30, 12, 7
MM, 28, 12, 15
MM, 27, 12, 13
MM, 26, 12, 117
MM, 24, 12, 13
MC, 1, 410
MM, 23, 11, 264
MM, 23, 7, 8
MM, 23, 0, 5
MM, 22, 31, 6
MM, 22, 29, 7
MM, 20, 23, 7
MM, 20, 21, 7
MM, 20, 19, 7
MM, 19, 15, 6
MM, 17, 12, 7
MM, 17, 11, 7
MM, 16, 8, 8
MM, 16, 6, 5
MM, 15, 3, 8
MM, 15, 2, 6
MC, 1, 866
MM, 25, 2, 385
MM, 32, 19, 20
MM, 33, 22, 6
MM, 35, 28, 7
MM, 36, 30, 7
MM, 39, 0, 13
MM, 40, 2, 7
MM, 42, 4, 7
MM, 43, 7, 7
MM, 0, 24, 41
MM, 0, 25, 15
MM, 1, 27, 4
MM, 2, 29, 7
MM, 2, 30, 7
MM, 49, 1, 54
MM, 52, 1, 6
MM, 53, 4, 8
MM, 54, 5, 6
MM, 55, 7, 7
MM, 56, 7, 7
MM, 56, 8, 7
MM, 56, 9, 6
MM, 56, 10, 7
MM, 56, 11, 15
MM, 57, 11, 13
MM, 57, 12, 96
MM, 58, 12, 46
MM, 60, 13, 54
MM, 61, 14, 6
MM, 61, 15, 7
MM, 61, 16, 21
MC, 1, 464
MM, 61, 14, 328
MM, 62, 12, 5
MM, 63, 8, 14
MM, 64, 3, 13
MM, 64, 0, 6
MM, 28, 30, 28
MM, 29, 25, 6
MM, 29, 23, 8
MM, 30, 19, 5
MM, 30, 15, 7
MM, 31, 12, 7
MM, 31, 9, 7
MM, 31, 6, 7
MM, 31, 3, 6
MM, 32, 0, 7
MM, 33, 31, 27
MM, 33, 30, 7
MM, 33, 28, 7
MM, 33, 25, 7
MM, 33, 24, 7
MM, 33, 23, 6
MM, 33, 21, 7
MM, 33, 18, 7
MM, 33, 16, 7
MM, 33, 15, 13
MM, 33, 14, 6
MM, 33, 12, 7
MM, 33, 11, 7
MM, 33, 10, 7
MM, 33, 8, 13
MM, 33, 7, 7
MM, 33, 4, 7
MM, 34, 2, 13
MM, 34, 1, 7
MC, 1, 845
MM, 2, 31, 304
MM, 0, 4, 76
MM, 2, 4, 6
MM, 4, 5, 7
MM, 4, 6, 6
MM, 5, 6, 8
MM, 6, 7, 6
MM, 7, 7, 9
MM, 8, 7, 5
MM, 9, 7, 27
MM, 9, 8, 8
MM, 10, 8, 5
MM, 10, 9, 7
MM, 12, 9, 7
MM, 13, 11, 6
MM, 14, 11, 7
MM, 14, 12, 7
MM, 15, 12, 9
MM, 16, 12, 12
MM, 17, 12, 13
MC, 1, 492
MM, 16, 12, 232
MM, 6, 14, 6
MM, 2, 16, 7
MM, 41, 19, 14
MM, 39, 20, 6
MM, 33, 22, 7
MM, 31, 22, 8
MM, 27, 22, 6
MM, 24, 22, 7
MM, 20, 22, 7
MM, 13, 22, 6
MM, 7, 22, 7
MM, 1, 22, 6
MM, 42, 22, 14
MM, 39, 22, 8
MM, 37, 22, 5
MM, 34, 22, 8
MM, 32, 22, 6
MM, 30, 22, 7
MM, 28, 22, 6
MM, 27, 22, 7
MM, 24, 22, 7
MM, 22, 22, 7
MM, 16, 23, 6
MM, 14, 23, 8
MM, 8, 23, 6
MM, 6, 23, 7
MM, 1, 23, 7
MM, 41, 23, 27
MM, 39, 23, 7
MM, 37, 23, 6
MM, 34, 23, 7
MM, 32, 23, 7
MM, 30, 23, 7
MM, 25, 21, 7
MM, 22, 21, 6
MM, 17, 20, 7
MM, 15, 20, 6
MM, 13, 20, 7
MM, 8, 19, 7
MM, 2, 18, 7
MM, 0, 18, 7
MM, 40, 16, 13
MM, 35, 16, 7
MM, 33, 15, 7
MM, 29, 14, 6
MM, 25, 13, 7
MM, 23, 13, 7
MM, 21, 12, 7
MM, 16, 11, 7
MM, 15, 11, 7
MM, 9, 10, 7
MM, 7, 10, 6
MM, 5, 10, 6
MM, 2, 10, 7
MM, 0, 10, 7
MM, 43, 10, 29
MM, 42, 10, 12
MM, 41, 10, 8
MM, 40, 10, 13
MM, 39, 10, 6
MM, 38, 10, 15
MM, 37, 10, 5
MM, 36, 10, 22
MM, 36, 11, 5
MM, 35, 11, 22
MM, 33, 12, 12
MM, 32, 12, 14
MM, 32, 13, 7
MM, 31, 13, 7
MM, 31, 14, 27
MM, 30, 14, 7
MM, 29, 15, 13
MC, 1, 425
MM, 32, 15, 176
MM, 42, 15, 7
MM, 3, 13, 14
MM, 7, 12, 6
MM, 13, 9, 7
MM, 20, 8, 7
MM, 30, 5, 6
MM, 37, 3, 7
MM, 43, 1, 7
MM, 0, 0, 7
MC, 1, 886
MM, 17, 7, 285
MM, 17, 13, 6
MM, 17, 20, 7
MM, 16, 25, 7
MM, 13, 3, 20
MM, 13, 10, 7
MM, 13, 14, 7
MM, 13, 21, 7
MM, 13, 23, 6
MM, 13, 29, 7
MM, 13, 31, 6
MM, 102, 0, 56
MM, 102, 1, 14
MM, 102, 2, 5
MM, 102, 3, 16
MM, 102, 4, 11
MM, 102, 5, 14
MM, 102, 6, 20
MM, 102, 7, 8
MM, 102, 8, 6
MM, 102, 9, 15
MM, 102, 10, 6
MM, 102, 11, 6
MM, 102, 12, 7
MM, 102, 13, 14
MM, 102, 14, 6
MM, 102, 15, 8
MM, 102, 16, 12
MM, 102, 17, 13
MM, 102, 18, 7
MM, 102, 19, 14
MM, 102, 20, 6
MM, 102, 21, 8
MM, 101, 21, 13
MC, 1, 472
MM, 102, 19, 319
MM, 103, 15, 8
MM, 105, 10, 5
MM, 109, 2, 7
MM, 23, 31, 14
MM, 26, 27, 7
MM, 29, 19, 6
MM, 30, 12, 7
MM, 31, 10, 6
MM, 31, 6, 9
MM, 32, 2, 5
MM, 35, 29, 21
MM, 36, 25, 7
MM, 37, 22, 6
MM, 39, 19, 6
MM, 40, 16, 7
MM, 42, 14, 7
MM, 43, 12, 7
MM, 43, 9, 6
MM, 43, 7, 7
MM, 43, 6, 7
MM, 45, 4, 14
MM, 45, 2, 7
MM, 45, 0, 13
MM, 7, 31, 47
MM, 8, 30, 48
MM, 10, 28, 13
MM, 13, 27, 8
MM, 14, 27, 6
MM, 16, 26, 7
MM, 17, 26, 7
MM, 19, 25, 7
MM, 19, 24, 6
MM, 20, 24, 9
MM, 22, 24, 4
MM, 22, 23, 8
MM, 23, 23, 6
MM, 24, 23, 14
MM, 25, 23, 217
MM, 26, 23, 14
MM, 35, 23, 14
MM, 41, 21, 13
MM, 0, 20, 20
MM, 4, 20, 6
MM, 9, 19, 7
MM, 16, 19, 6
MM, 20, 19, 7
MM, 24, 18, 7
MM, 27, 18, 7
MM, 30, 18, 6
MM, 31, 18, 7
MM, 33, 17, 7
MM, 36, 17, 7
MM, 38, 17, 7
MM, 40, 16, 7
MM, 42, 16, 7
MM, 3, 16, 19
MM, 6, 16, 7
MM, 11, 16, 7
MM, 12, 16, 7
MM, 15, 15, 7
MM, 16, 15, 7
MM, 18, 15, 7
MM, 19, 15, 6
MM, 20, 15, 21
MM, 21, 15, 20
MM, 22, 15, 7
MM, 24, 15, 7
MM, 25, 15, 7
MM, 28, 14, 7
MM, 29, 14, 13
MM, 32, 14, 7
MM, 33, 14, 28
MC, 1, 609
MM, 25, 15, 371
MM, 21, 17, 5
MM, 13, 19, 7
MM, 4, 21, 9
MM, 41, 24, 6
MM, 34, 25, 7
MM, 27, 28, 6
MM, 20, 29, 7
MM, 16, 30, 6
MM, 7, 31, 8
MM, 25, 0, 73
MM, 21, 0, 7
MM, 19, 1, 7
MM, 14, 1, 7
MM, 8, 1, 6
MM, 4, 1, 7
MM, 43, 1, 14
MM, 38, 1, 7
MM, 33, 1, 6
MM, 28, 1, 7
MM, 26, 1, 7
MM, 24, 1, 7
MM, 21, 1, 7
MM, 18, 1, 6
MM, 16, 1, 7
MM, 11, 1, 7
MM, 9, 1, 7
MM, 6, 0, 6
MM, 4, 0, 7
MM, 7, 0, 210
MM, 4, 1, 7
MM, 3, 2, 7
MM, 0, 2, 7
MM, 43, 4, 27
MM, 43, 5, 7
MM, 41, 5, 6
MM, 40, 5, 14
MM, 39, 6, 7
MM, 38, 6, 7
MM, 37, 7, 6
MM, 36, 7, 7
MM, 35, 7, 7
MM, 33, 8, 7
MM, 32, 9, 7
MM, 30, 11, 6
MM, 29, 11, 7
MM, 28, 12, 7
MM, 27, 13, 7
MM, 26, 14, 14
MM, 26, 15, 54
MC, 1, 430
MM, 27, 16, 213
MM, 29, 17, 5
MM, 33, 19, 7
MM, 35, 20, 7
MM, 38, 23, 7
MM, 41, 25, 7
MM, 6, 3, 34
MM, 10, 5, 6
MM, 13, 8, 7
MM, 14, 11, 7
MM, 19, 15, 7
MM, 21, 16, 7
MM, 23, 20, 5
MM, 28, 24, 9
MM, 30, 30, 5
MM, 30, 1, 28
MM, 32, 2, 6
MM, 33, 4, 7
MM, 35, 5, 6
MM, 35, 7, 8
MM, 36, 7, 9
MM, 37, 8, 4
MM, 38, 9, 15
MM, 40, 10, 26
MM, 41, 11, 13
MM, 42, 11, 7
MM, 43, 13, 7
MM, 44, 13, 7
MM, 45, 14, 7
MM, 47, 15, 6
MM, 47, 16, 7
MM, 47, 17, 7
MM, 48, 17, 7
MM, 49, 18, 7
MM, 49, 19, 6
MM, 49, 20, 7
MM, 50, 20, 7
MM, 50, 21, 6
MM, 52, 22, 7
MM, 52, 23, 7
MM, 53, 24, 6
MM, 53, 25, 7
MM, 54, 26, 7
MM, 54, 27, 13
MC, 1, 465
MM, 56, 26, 239
MM, 57, 23, 6
MM, 59, 19, 7
MM, 64, 14, 8
MM, 65, 11, 5
MM, 68, 5, 6
MM, 35, 27, 21
MM, 36, 24, 7
MM, 37, 20, 7
MM, 37, 18, 6
MM, 38, 16, 7
MM, 39, 13, 7
MM, 40, 10, 7
MM, 41, 8, 7
MM, 42, 5, 6
MM, 43, 1, 8
MM, 1, 3, 169
MM, 1, 1, 6
MM, 3, 0, 7
MC, 1, 647
MM, 0, 17, 286
MM, 14, 16, 13
MM, 24, 16, 13
MM, 32, 14, 14
MM, 35, 14, 6
MM, 41, 14, 7
MM, 1, 12, 14
MM, 4, 12, 6
MM, 10, 12, 7
MM, 16, 11, 9
MM, 21, 10, 5
MM, 27, 10, 7
MM, 31, 10, 7
MM, 35, 10, 7
MM, 38, 9, 6
MM, 39, 9, 7
MM, 43, 9, 7
MM, 0, 8, 20
MM, 2, 8, 7
MM, 3, 8, 7
MM, 7, 7, 7
MM, 9, 7, 6
MM, 11, 6, 8
MM, 14, 6, 6
MM, 16, 6, 7
MM, 18, 6, 7
MM, 19, 6, 6
MM, 21, 6, 6
MM, 22, 6, 8
MM, 23, 6, 13
MM, 24, 6, 122
MM, 27, 6, 7
MM, 29, 6, 22
MM, 31, 6, 5
MM, 34, 7, 7
MM, 0, 10, 28
MM, 3, 10, 6
MM, 4, 11, 6
MM, 8, 13, 7
MM, 10, 14, 7
MM, 12, 15, 7
MM, 16, 16, 6
MM, 17, 17, 7
MM, 19, 17, 14
MM, 19, 18, 20
MM, 21, 18, 27
MM, 22, 18, 7
MM, 24, 18, 7
MM, 24, 19, 6
MM, 25, 19, 7
MC, 1, 513
MM, 23, 21, 252
MM, 16, 24, 6
MM, 11, 26, 9
MM, 5, 29, 5
MM, 10, 1, 21
MM, 2, 4, 6
MM, 40, 9, 14
MM, 34, 12, 5
MM, 32, 14, 9
MM, 30, 14, 6
MM, 27, 15, 6
MM, 24, 17, 6
MM, 22, 17, 8
MM, 22, 19, 7
MM, 19, 19, 7
MM, 18, 19, 6
MM, 17, 20, 7
MM, 15, 21, 7
MM, 14, 21, 6
MM, 12, 22, 7
MM, 11, 23, 6
MM, 10, 24, 7
MM, 9, 25, 8
MM, 8, 27, 6
MM, 5, 29, 7
MM, 4, 30, 6
MM, 42, 6, 42
MM, 40, 8, 6
MM, 37, 12, 6
MM, 35, 13, 7
MM, 33, 15, 7
MM, 32, 18, 7
MM, 30, 20, 6
MM, 29, 22, 7
MM, 28, 24, 7
MM, 27, 25, 7
MM, 26, 28, 7
MM, 25, 29, 7
MM, 24, 30, 7
MM, 23, 30, 6
MM, 23, 31, 7
MM, 157, 0, 102
MM, 157, 1, 6
MM, 156, 2, 7
MM, 155, 3, 14
MM, 154, 3, 6
MM, 153, 4, 6
MM, 153, 5, 9
MM, 152, 6, 12
MM, 152, 7, 6
MM, 151, 7, 8
MM, 150, 7, 7
MC, 1, 450
MM, 151, 7, 847
MM, 151, 6, 14
MM, 151, 5, 73
MM, 151, 4, 7
MM, 151, 3, 14
MM, 151, 2, 6
MM, 151, 1, 6
MM, 17, 30, 144
MM, 18, 30, 5
MM, 19, 28, 7
MM, 20, 26, 7
MM, 20, 25, 7
MM, 20, 24, 81
MM, 19, 23, 14
MM, 7, 17, 20
MM, 2, 15, 7
MM, 38, 10, 13
MM, 30, 8, 13
MM, 27, 7, 7
MM, 25, 7, 7
MM, 22, 7, 6
MM, 21, 7, 7
MM, 20, 7, 7
MM, 20, 8, 353
MM, 21, 8, 20
MM, 21, 9, 13
MM, 22, 9, 21
MC, 1, 438
MM, 21, 9, 230
MM, 19, 7, 6
MM, 10, 4, 14
MM, 7, 0, 7
MM, 42, 27, 48
MM, 40, 26, 6
MM, 38, 23, 7
MM, 36, 22, 6
MM, 32, 20, 7
MM, 28, 18, 6
MM, 24, 16, 7
MM, 22, 14, 7
MM, 20, 13, 7
MM, 17, 12, 8
MM, 16, 11, 6
MM, 14, 8, 8
MM, 12, 7, 7
MM, 9, 5, 5
MM, 7, 4, 7
MM, 5, 2, 7
MM, 2, 0, 7
MC, 1, 743
MM, 29, 0, 311
MM, 30, 2, 6
MM, 31, 5, 7
MM, 32, 7, 7
MM, 32, 9, 6
MM, 33, 12, 7
MM, 37, 18, 8
MM, 39, 22, 5
MM, 42, 30, 7
MM, 0, 27, 89
MM, 0, 28, 6
MM, 0, 29, 7
MM, 0, 31, 7
MM, 44, 0, 101
MM, 44, 1, 7
MM, 45, 2, 7
MM, 45, 3, 7
MM, 45, 5, 6
MM, 46, 5, 7
MM, 46, 6, 7
MM, 46, 7, 14
MM, 46, 8, 33
MM, 46, 9, 14
MM, 47, 9, 20
MM, 47, 10, 27
MM, 47, 11, 21
MM, 47, 12, 7
MM, 48, 12, 6
MM, 49, 12, 14
MM, 49, 13, 6
MM, 49, 14, 20
MM, 50, 14, 20
MM, 50, 15, 7
MM, 50, 16, 7
MM, 50, 17, 7
MM, 51, 17, 20
MM, 51, 18, 14
MM, 51, 19, 14
MC, 1, 424
MM, 52, 17, 169
MM, 55, 11, 7
MM, 56, 9, 7
MM, 60, 6, 8
MM, 64, 0, 6
MM, 26, 28, 15
MM, 29, 23, 5
MM, 30, 18, 7
MM, 30, 17, 7
MM, 31, 13, 7
MM, 31, 11, 7
MM, 32, 7, 8
MM, 33, 4, 5
MM, 34, 0, 7
MM, 39, 27, 14
MM, 39, 22, 6
MM, 40, 20, 6
MM, 41, 16, 7
MM, 41, 15, 7
MM, 42, 13, 7
MM, 42, 12, 7
MM, 42, 10, 7
MM, 43, 9, 6
MM, 43, 8, 7
MM, 43, 6, 14
MM, 43, 4, 7
MC, 1, 756
MM, 0, 15, 320
MM, 1, 15, 5
MM, 9, 16, 82
MC, 1, 471
MM, 14, 17, 136
MM, 21, 17, 8
MM, 26, 17, 7
MM, 33, 18, 6
MM, 40, 18, 6
MM, 2, 18, 15
MM, 12, 18, 5
MM, 15, 18, 7
MM, 20, 18, 7
MM, 26, 18, 7
MM, 31, 18, 6
MM, 35, 17, 8
MM, 37, 17, 7
MM, 40, 16, 7
MM, 4, 14, 20
MM, 6, 14, 7
MM, 10, 14, 6
MM, 14, 13, 7
MM, 18, 13, 7
MM, 21, 12, 7
MM, 23, 12, 7
MM, 27, 12, 7
MM, 29, 12, 6
MM, 31, 12, 7
MM, 35, 12, 7
MM, 0, 12, 34
MM, 1, 12, 19
MM, 2, 12, 7
MM, 3, 12, 7
MM, 6, 12, 7
MM, 8, 12, 6
MM, 10, 12, 8
MM, 14, 13, 6
MM, 15, 13, 7
MM, 18, 13, 7
MM, 22, 13, 7
MM, 23, 13, 7
MM, 25, 13, 7
MM, 26, 13, 14
MM, 27, 13, 27
MM, 28, 13, 8
MM, 1, 14, 39
MM, 2, 14, 7
MM, 3, 14, 6
MM, 4, 14, 7
MM, 5, 14, 15
MM, 7, 14, 27
MM, 7, 15, 40
MM, 11, 16, 48
MM, 12, 17, 6
MM, 14, 17, 7
MC, 1, 438
MM, 9, 17, 206
MM, 1, 17, 5
MM, 31, 17, 14
MM, 28, 17, 7
MM, 24, 17, 6
MM, 18, 17, 7
MM, 14, 17, 7
MM, 6, 17, 7
MM, 31, 17, 14
MM, 24, 18, 7
MM, 17, 18, 6
MM, 11, 18, 6
MM, 8, 18, 8
MM, 2, 18, 7
MM, 0, 18, 6
MM, 42, 18, 14
MM, 36, 18, 7
MM, 34, 18, 6
MM, 28, 18, 7
MM, 26, 17, 7
MM, 20, 16, 7
MM, 16, 15, 6
MM, 10, 14, 7
MM, 5, 14, 7
MM, 42, 13, 20
MM, 40, 13, 7
MM, 37, 13, 6
MM, 34, 13, 7
MM, 30, 13, 7
MM, 28, 13, 7
MM, 23, 12, 6
MM, 17, 10, 7
MM, 12, 10, 7
MM, 5, 9, 7
MM, 1, 9, 7
MC, 1, 974
MM, 13, 0, 276
MM, 13, 1, 14
MM, 13, 2, 13
MM, 13, 4, 7
MM, 13, 5, 7
MM, 13, 6, 20
MM, 13, 7, 21
MM, 14, 8, 13
MM, 14, 10, 20
MM, 14, 11, 14
MM, 14, 12, 14
MM, 15, 13, 6
MM, 15, 14, 14
MM, 15, 15, 13
MM, 15, 16, 7
MM, 15, 18, 7
MM, 15, 19, 7
MC, 1, 424
MM, 17, 20, 381
MM, 18, 22, 5
MM, 19, 23, 7
MM, 22, 27, 6
MM, 24, 28, 7
MM, 26, 29, 7
MM, 27, 31, 7
MM, 37, 0, 41
MM, 39, 1, 7
MM, 41, 4, 6
MM, 43, 5, 7
MM, 1, 12, 20
MM, 3, 14, 7
MM, 5, 16, 7
MM, 6, 19, 7
MM, 8, 21, 6
MM, 9, 23, 14
MM, 11, 25, 7
MM, 12, 27, 7
MM, 14, 29, 6
MM, 15, 30, 7
MM, 63, 0, 34
MM, 64, 2, 6
MM, 66, 3, 7
MM, 67, 6, 16
MM, 68, 8, 4
MM, 70, 11, 14
MM, 70, 12, 7
MM, 70, 13, 6
MM, 71, 14, 7
MM, 72, 15, 7
MM, 73, 16, 7
MM, 73, 17, 6
MM, 74, 18, 7
MM, 74, 19, 7
MM, 74, 20, 14
MM, 75, 21, 7
MM, 75, 22, 6
MM, 75, 23, 7
MM, 75, 24, 14
MM, 76, 25, 6
MM, 76, 26, 14
MM, 77, 27, 14
MM, 77, 28, 13
MM, 78, 29, 14
MM, 78, 30, 20
MM, 78, 31, 34
MM, 78, 32, 20
MM, 79, 33, 14
MM, 79, 34, 7
MM, 79, 35, 7
MM, 80, 36, 13
MM, 80, 37, 14
MM, 80, 38, 20
MM, 80, 39, 34
MM, 81, 40, 20
MM, 81, 41, 21
MP, 1, 364
MR, 1, 217
MC, 1, 0
MM, 84, 41, 202
MM, 87, 39, 6
MM, 87, 37, 8
MM, 90, 35, 7
MM, 90, 34, 7
MM, 92, 33, 6
MM, 92, 32, 7
MM, 93, 31, 6
MM, 93, 30, 8
MM, 94, 30, 12
MM, 95, 29, 9
MM, 96, 28, 5
MM, 97, 26, 10
MM, 98, 24, 4
MM, 99, 22, 7
MM, 99, 21, 6
MM, 100, 19, 7
MM, 101, 17, 8
MM, 101, 16, 6
MM, 102, 15, 8
MM, 103, 15, 5
MM, 103, 14, 6
MC, 1, 466
MM, 106, 11, 312
MM, 109, 8, 7
MM, 116, 1, 13
MM, 35, 31, 23
MM, 39, 25, 11
MM, 40, 24, 7
MM, 42, 23, 6
MM, 1, 9, 35
MM, 5, 4, 5
MM, 7, 0, 7
MM, 9, 31, 22
MM, 11, 29, 6
MM, 13, 27, 7
MM, 15, 23, 6
MM, 15, 21, 7
MM, 19, 19, 7
MM, 20, 17, 7
MM, 22, 15, 6
MM, 22, 13, 8
MM, 24, 12, 6
MM, 27, 9, 7
MM, 27, 8, 7
MM, 28, 7, 7
MM, 29, 6, 6
MM, 29, 5, 7
MM, 30, 3, 7
MM, 30, 1, 13
MM, 31, 0, 7
MM, 0, 30, 102
MM, 1, 30, 7
MM, 2, 30, 6
MM, 3, 29, 7
MM, 5, 28, 22
MM, 5, 27, 20
MM, 7, 27, 12
MM, 9, 27, 7
MM, 10, 26, 15
MM, 11, 26, 5
MM, 12, 26, 7
MM, 13, 25, 9
MM, 14, 25, 12
MM, 15, 25, 6
MM, 15, 24, 15
MM, 15, 23, 13
MM, 16, 23, 21
MM, 17, 22, 52
MC, 1, 439
MM, 14, 22, 197
MM, 7, 23, 7
MM, 3, 24, 7
MM, 40, 28, 21
MM, 34, 29, 6
MM, 28, 30, 7
MM, 11, 0, 55
MM, 41, 5, 13
MM, 33, 6, 6
MM, 18, 6, 14
MM, 8, 7, 13
MM, 42, 6, 29
MM, 40, 6, 5
MM, 35, 5, 13
MM, 34, 5, 7
MM, 32, 5, 7
MM, 30, 5, 7
MM, 27, 5, 13
MM, 26, 5, 7
MM, 23, 5, 7
MM, 20, 5, 7
MM, 16, 5, 14
MM, 11, 5, 13
MM, 7, 5, 7
MM, 4, 5, 6
MM, 2, 6, 7
MM, 0, 6, 7
MM, 42, 7, 20
MM, 34, 8, 95
MM, 33, 9, 14
MM, 32, 10, 13
MM, 32, 11, 7
MM, 30, 12, 6
MM, 28, 13, 14
MM, 28, 14, 36
MM, 28, 15, 19
MM, 28, 16, 6
MM, 28, 17, 6
MM, 28, 18, 15
MM, 27, 19, 5
MM, 26, 19, 14
MC, 1, 418
MM, 37, 17, 96
MM, 40, 17, 6
MM, 9, 11, 7
MM, 31, 6, 14
MM, 0, 2, 13
MM, 0, 22, 102
MM, 3, 22, 6
MM, 6, 22, 7
MM, 8, 22, 7
MM, 10, 22, 7
MM, 13, 21, 6
MM, 16, 21, 7
MM, 20, 18, 7
MM, 25, 18, 7
MM, 28, 18, 6
MM, 34, 18, 7
MM, 37, 18, 7
MM, 43, 18, 14
MM, 0, 17, 75
MM, 5, 16, 13
MM, 6, 16, 6
MM, 8, 15, 7
MM, 11, 14, 7
MM, 14, 13, 14
MM, 15, 12, 13
MM, 19, 10, 14
MM, 20, 9, 7
MM, 23, 9, 14
MM, 25, 9, 6
MM, 26, 9, 7
MM, 27, 9, 7
MM, 30, 8, 7
MM, 33, 7, 7
MM, 40, 7, 20
MM, 1, 7, 34
MM, 4, 7, 7
MM, 5, 7, 7
MM, 6, 7, 7
MM, 10, 7, 13
MM, 11, 7, 7
MM, 12, 7, 7
MM, 13, 7, 7
MM, 14, 7, 21
MM, 15, 7, 20
MM, 16, 7, 21
MM, 17, 7, 6
MM, 18, 7, 21
MC, 1, 1364
MM, 23, 13, 461
MM, 29, 10, 6
MM, 39, 5, 8
MM, 24, 29, 21
MM, 43, 23, 12
MM, 32, 11, 27
MM, 40, 6, 7
MM, 2, 2, 14
MM, 3, 31, 27
MM, 6, 30, 6
MM, 9, 29, 7
MM, 12, 27, 7
MM, 17, 25, 7
MM, 20, 23, 7
MM, 24, 23, 6
MM, 26, 22, 7
MM, 28, 21, 7
MM, 34, 18, 14
MM, 34, 15, 713
MM, 27, 15, 5
MM, 17, 15, 14
MM, 11, 15, 7
MM, 9, 15, 6
MM, 32, 15, 22
MM, 28, 15, 5
MM, 22, 15, 7
MM, 19, 15, 14
MM, 17, 15, 7
MM, 15, 15, 6
MM, 14, 15, 15
MM, 13, 15, 6
MM, 12, 15, 7
MM, 10, 15, 6
MM, 9, 15, 7
MM, 8, 15, 6
MM, 6, 15, 7
MM, 4, 15, 7
MM, 2, 15, 7
MM, 1, 15, 7
MM, 0, 15, 7
MM, 35, 15, 68
MM, 34, 15, 7
MM, 33, 15, 6
MM, 30, 15, 14
MM, 29, 15, 7
MM, 28, 15, 7
MM, 26, 15, 5
MM, 25, 15, 7
MM, 24, 15, 7
MM, 23, 15, 13
MM, 21, 15, 28
MC, 1, 465
MM, 17, 17, 306
MM, 16, 19, 6
MM, 9, 26, 23
MM, 7, 27, 4
MM, 5, 29, 7
MM, 32, 0, 67
MM, 31, 1, 7
MM, 29, 2, 7
MM, 27, 3, 6
MM, 26, 4, 7
MM, 24, 6, 7
MM, 21, 9, 14
MM, 19, 12, 13
MM, 17, 14, 7
MM, 12, 18, 13
MM, 9, 21, 7
MM, 7, 23, 7
MM, 0, 29, 20
MM, 0, 13, 399
MM, 1, 13, 7
MM, 4, 14, 13
MM, 5, 16, 7
MM, 7, 16, 14
MM, 8, 16, 14
MM, 6, 16, 81
MM, 4, 16, 6
MM, 42, 16, 27
MM, 38, 18, 14
MM, 37, 18, 6
MM, 35, 18, 7
MM, 34, 18, 7
MM, 33, 18, 7
MM, 32, 18, 14
MM, 31, 18, 6
MM, 31, 19, 7
MM, 30, 19, 6
MM, 29, 19, 8
MM, 27, 19, 19
MM, 26, 19, 14
MM, 25, 19, 27
MM, 25, 20, 20
MM, 23, 20, 7
MM, 22, 20, 13
MM, 21, 21, 14
MC, 1, 417
MM, 20, 20, 124
MM, 18, 19, 7
MM, 16, 17, 7
MM, 13, 16, 7
MM, 11, 13, 6
MM, 8, 11, 7
MM, 5, 8, 6
MM, 2, 5, 7
MM, 0, 4, 7
MM, 35, 30, 103
MM, 33, 29, 6
MM, 31, 27, 14
MM, 30, 27, 7
MM, 28, 27, 14
MM, 27, 27, 13
MM, 26, 26, 6
MM, 25, 26, 7
MM, 25, 25, 14
MM, 25, 23, 7
MM, 23, 22, 13
MM, 22, 21, 7
MM, 22, 20, 14
MM, 21, 20, 6
MM, 21, 19, 20
MC, 1, 526
MM, 23, 25, 143
MM, 23, 28, 6
MM, 24, 30, 8
MM, 24, 1, 13
MM, 24, 3, 7
MM, 24, 6, 7
MM, 24, 8, 6
MM, 23, 10, 7
MM, 22, 14, 14
MM, 22, 16, 6
MM, 22, 17, 8
MM, 22, 19, 13
MM, 22, 21, 7
MM, 22, 22, 14
MM, 22, 23, 27
MM, 22, 24, 22
MM, 22, 25, 4
MM, 22, 26, 14
MM, 22, 28, 13
MM, 22, 29, 7
MM, 22, 31, 6
MM, 111, 0, 41
MM, 110, 1, 7
MM, 110, 2, 7
MM, 109, 3, 6
MM, 109, 5, 14
MM, 109, 6, 7
MM, 108, 7, 6
MM, 108, 8, 14
MM, 108, 9, 48
MM, 108, 11, 102
MM, 107, 11, 13
MM, 107, 12, 6
MM, 106, 13, 14
MC, 1, 444
MM, 104, 13, 624
MM, 102, 11, 6
MM, 97, 10, 14
MM, 94, 7, 14
MM, 91, 5, 12
MM, 89, 5, 7
MM, 87, 3, 14
MM, 86, 2, 6
MM, 84, 1, 7
MM, 82, 0, 6
MM, 22, 31, 266
MM, 22, 30, 67
MM, 22, 29, 74
MM, 22, 28, 49
MM, 22, 26, 61
MM, 22, 24, 5
MM, 22, 23, 20
MM, 22, 22, 41
MC, 1, 1937
MM, 31, 16, 129
MM, 10, 31, 22
MM, 27, 19, 13
MM, 39, 9, 12
MM, 42, 7, 7
MM, 2, 0, 22
MM, 29, 31, 40
MM, 31, 30, 6
MM, 32, 30, 13
MM, 32, 29, 7
MM, 33, 28, 7
MM, 36, 27, 14
MM, 37, 27, 7
MM, 38, 26, 6
MM, 39, 25, 7
MM, 40, 25, 21
MM, 41, 24, 6
MM, 0, 20, 27
MM, 3, 19, 7
MM, 6, 18, 7
MM, 12, 16, 7
MM, 15, 15, 6
MM, 19, 14, 6
MM, 22, 13, 7
MM, 24, 12, 7
MM, 27, 11, 7
MM, 28, 11, 7
MM, 29, 9, 7
MM, 32, 8, 6
MM, 35, 8, 7
MM, 36, 7, 7
MM, 40, 5, 14
MM, 0, 3, 47
MM, 1, 3, 7
MM, 2, 3, 7
MM, 3, 3, 21
MM, 4, 3, 7
MM, 5, 3, 6
MM, 7, 3, 7
MM, 11, 3, 14
MM, 12, 3, 7
MM, 14, 3, 6
MM, 15, 3, 14
MM, 16, 3, 7
MM, 17, 3, 6
MM, 17, 4, 7
MC, 1, 506
MM, 7, 4, 117
MM, 40, 4, 14
MM, 21, 6, 13
MM, 13, 6, 7
MM, 1, 6, 13
MM, 39, 6, 28
MM, 36, 6, 5
MM, 30, 6, 7
MM, 22, 6, 14
MM, 18, 5, 7
MM, 10, 4, 13
MM, 7, 4, 7
MM, 5, 4, 7
MM, 3, 4, 7
MM, 0, 4, 7
MC, 1, 878
MC, 1, 1026
MM, 1, 17, 164
MM, 3, 17, 6
MM, 8, 15, 13
MM, 9, 15, 7
MM, 11, 14, 7
MM, 16, 14, 13
MM, 19, 14, 7
MM, 21, 14, 7
MM, 23, 14, 6
MM, 25, 14, 7
MM, 28, 14, 7
MM, 32, 14, 13
MM, 33, 14, 7
MM, 35, 14, 7
MM, 37, 14, 13
MM, 38, 14, 7
MM, 40, 14, 14
MM, 41, 14, 7
MM, 1, 14, 40
MM, 2, 14, 14
MM, 3, 14, 7
MM, 4, 14, 7
MM, 7, 14, 13
MM, 8, 14, 7
MM, 9, 14, 7
MM, 13, 14, 27
MC, 1, 524
MM, 3, 15, 179
MM, 36, 18, 13
MM, 12, 21, 21
MM, 7, 21, 6
MM, 0, 23, 7
MM, 19, 0, 406
MM, 15, 2, 19
MM, 14, 3, 7
MM, 11, 4, 27
MM, 10, 4, 7
MM, 8, 4, 14
MM, 5, 5, 15
MM, 3, 6, 13
MM, 2, 6, 13
MM, 0, 6, 7
MM, 43, 9, 68
MM, 42, 9, 13
MM, 41, 10, 6
MM, 40, 10, 7
MM, 38, 11, 14
MM, 38, 12, 6
MM, 37, 12, 7
MM, 35, 14, 14
MM, 34, 15, 7
MM, 31, 15, 6
MM, 30, 15, 9
MC, 1, 421
MM, 33, 15, 192
MM, 5, 18, 13
MM, 17, 18, 6
MM, 29, 19, 7
MM, 38, 20, 7
MM, 10, 23, 14
MM, 28, 24, 6
MM, 34, 24, 7
MM, 3, 26, 14
MM, 23, 25, 14
MM, 35, 24, 7
MM, 42, 24, 6
MM, 7, 23, 14
MM, 14, 23, 7
MM, 25, 23, 6
MM, 30, 22, 7
MM, 42, 22, 7
MM, 2, 22, 20
MM, 9, 22, 6
MM, 21, 21, 14
MM, 27, 21, 7
MM, 31, 21, 7
MM, 41, 21, 13
MM, 12, 20, 15
MM, 14, 20, 8
MM, 20, 20, 5
MM, 29, 20, 13
MM, 32, 20, 8
MM, 35, 20, 6
MM, 5, 21, 27
MM, 11, 21, 7
MM, 20, 21, 14
MM, 23, 21, 6
MM, 29, 21, 14
MM, 31, 21, 7
MM, 37, 21, 14
MM, 42, 21, 6
MM, 2, 22, 21
MM, 5, 23, 7
MM, 8, 23, 7
MM, 9, 23, 6
MM, 11, 23, 7
MM, 12, 23, 21
MM, 14, 23, 40
MM, 15, 23, 7
MM, 18, 23, 14
MM, 20, 23, 13
MM, 21, 23, 7
MM, 23, 22, 27
MM, 23, 21, 68
MM, 23, 20, 69
MC, 1, 506
MM, 19, 20, 259
MM, 3, 24, 6
MM, 42, 30, 14
MM, 21, 1, 20
MM, 12, 5, 6
MM, 8, 7, 7
MM, 39, 17, 27
MM, 36, 19, 7
MM, 31, 22, 6
MM, 26, 24, 7
MM, 23, 25, 7
MM, 17, 26, 7
MM, 15, 27, 7
MM, 10, 29, 13
MM, 177, 0, 68
MM, 176, 1, 7
MM, 174, 2, 7
MM, 171, 3, 13
MM, 170, 4, 7
MM, 169, 6, 7
MM, 168, 6, 6
MM, 168, 7, 8
MM, 166, 8, 13
MM, 165, 8, 7
MM, 163, 8, 7
MM, 162, 10, 13
MM, 157, 13, 14
MM, 154, 14, 13
MM, 153, 15, 6
MM, 151, 16, 14
MM, 150, 16, 7
MM, 149, 17, 7
MM, 149, 18, 6
MM, 148, 18, 7
MM, 148, 19, 7
MM, 146, 19, 20
MM, 145, 20, 7
MM, 144, 20, 7
MC, 1, 411
MM, 146, 19, 332
MM, 148, 17, 6
MM, 153, 12, 8
MM, 157, 8, 6
MM, 166, 0, 22
MM, 38, 31, 40
MM, 40, 30, 6
MM, 41, 28, 7
MM, 1, 20, 28
MM, 4, 16, 6
MM, 6, 15, 7
MM, 9, 12, 13
MM, 9, 10, 7
MM, 12, 9, 6
MM, 13, 8, 14
MM, 14, 7, 14
MM, 14, 6, 6
MM, 15, 5, 6
MM, 19, 0, 34
MM, 23, 31, 96
MM, 24, 30, 6
MM, 24, 29, 6
MM, 26, 27, 15
MM, 27, 27, 7
MM, 27, 26, 14
MM, 28, 26, 6
MM, 29, 24, 7
MM, 33, 21, 20
MM, 35, 19, 7
MM, 38, 16, 13
MM, 40, 16, 7
MM, 40, 15, 6
MM, 41, 14, 7
MM, 42, 13, 34
MM, 43, 13, 15
MM, 0, 10, 94
MM, 2, 10, 6
MM, 3, 10, 14
MM, 4, 10, 21
MM, 5, 10, 20
MM, 7, 11, 6
MM, 11, 12, 14
MM, 11, 13, 7
MM, 12, 14, 7
MM, 13, 14, 6
MM, 13, 15, 28
MM, 15, 15, 7
MC, 1, 465
MM, 11, 15, 427
MM, 35, 12, 21
MM, 28, 11, 6
MM, 43, 1, 48
MM, 25, 31, 26
MC, 1, 994
MM, 1, 10, 516
MM, 2, 10, 6
MM, 4, 10, 15
MM, 5, 10, 12
MM, 6, 10, 14
MM, 7, 10, 7
MM, 8, 10, 6
MM, 13, 11, 14
MM, 15, 11, 7
MM, 18, 11, 6
MM, 21, 13, 14
MM, 23, 13, 7
MM, 24, 13, 15
MC, 1, 484
MM, 29, 13, 170
MM, 38, 13, 6
MM, 4, 13, 21
MM, 16, 13, 6
MM, 22, 13, 7
MM, 27, 13, 7
MM, 33, 13, 6
MM, 38, 13, 9
MM, 41, 13, 5
MM, 2, 12, 27
MM, 4, 12, 7
MM, 7, 12, 7
MM, 14, 12, 13
MM, 20, 11, 14
MM, 23, 11, 7
MM, 29, 10, 13
MM, 30, 10, 7
MM, 34, 10, 13
MM, 1, 9, 28
MM, 3, 9, 7
MM, 7, 9, 6
MM, 13, 9, 7
MM, 16, 9, 7
MM, 20, 9, 7
MM, 25, 8, 13
MM, 27, 6, 7
MM, 30, 6, 6
MM, 34, 6, 14
MM, 0, 6, 48
MM, 1, 6, 14
MM, 2, 6, 5
MM, 3, 6, 7
MM, 4, 6, 15
MM, 6, 6, 13
MM, 7, 6, 14
MM, 8, 6, 61
MM, 8, 7, 61
MM, 10, 7, 28
MM, 12, 7, 6
MM, 12, 8, 6
MC, 1, 452
MM, 7, 8, 346
MM, 31, 9, 12
MM, 14, 11, 7
MM, 27, 16, 14
MM, 16, 17, 6
MM, 28, 24, 14
MM, 14, 25, 6
MM, 28, 30, 14
MM, 15, 31, 7
MM, 28, 0, 13
MM, 15, 2, 7
MM, 40, 8, 22
MM, 33, 9, 5
MM, 19, 10, 14
MM, 6, 10, 13
MM, 41, 9, 21
MM, 34, 9, 6
MM, 21, 9, 14
MM, 15, 9, 7
MM, 9, 9, 7
MM, 4, 9, 7
MM, 41, 11, 13
MM, 33, 11, 7
MM, 21, 11, 13
MM, 14, 11, 7
MM, 10, 11, 7
MM, 7, 12, 7
MM, 1, 14, 13
MM, 39, 14, 14
MM, 37, 15, 5
MM, 35, 16, 7
MM, 34, 16, 7
MM, 32, 16, 7
MM, 31, 16, 7
MM, 30, 16, 13
MM, 29, 16, 48
MM, 29, 17, 74
MM, 28, 17, 15
MM, 26, 17, 12
MM, 25, 17, 22
MM, 24, 17, 20
MM, 24, 18, 6
MC, 1, 438
MM, 26, 18, 177
MM, 29, 18, 6
MM, 33, 18, 7
MM, 36, 18, 7
MM, 42, 18, 7
MM, 0, 19, 14
MM, 3, 19, 6
MM, 30, 22, 63
MM, 33, 22, 4
MM, 39, 22, 13
MM, 41, 21, 7
MM, 0, 19, 35
MM, 2, 19, 7
MM, 6, 18, 13
MM, 11, 18, 14
MM, 12, 18, 7
MM, 13, 18, 6
MM, 14, 18, 14
MC, 1, 512
MM, 17, 14, 2615
MM, 20, 7, 5
MM, 24, 21, 42
MM, 28, 8, 6
MM, 128, 63, 7
MM, 130, 56, 7
MM, 136, 31, 13
MM, 140, 13, 7
MM, 141, 4, 7
MM, 93, 0, 29812
MM, 101, 14, 6
MM, 110, 25, 14
MM, 116, 36, 6
MM, 118, 42, 7
MM, 124, 51, 6
MM, 128, 57, 7
MM, 132, 60, 7
MM, 29, 0, 150
MM, 31, 2, 6
MM, 32, 4, 14
MM, 33, 5, 7
MM, 33, 6, 7
MM, 33, 7, 13
MM, 34, 8, 7
MM, 36, 9, 14
MM, 39, 10, 7
MM, 40, 12, 6
MM, 44, 14, 7
MM, 3, 29, 26
MM, 14, 31, 582
MM, 24, 28, 6
MM, 36, 27, 7
MM, 5, 23, 13
MM, 13, 20, 7
MM, 22, 20, 7
MM, 0, 14, 21
MM, 6, 14, 7
MM, 21, 12, 13
MM, 30, 12, 13
MM, 37, 12, 14
MM, 44, 12, 13
MM, 48, 11, 7
MM, 476, 1, 186788
MM, 477, 20, 13
MM, 478, 26, 7
MM, 480, 37, 13
MM, 480, 41, 14
MM, 480, 44, 7
MM, 481, 51, 13
MM, 482, 58, 7
MM, 483, 61, 7
MM, 269, 3, 4636
MM, 266, 6, 13
MM, 266, 7, 13
MM, 266, 8, 7
MM, 266, 9, 6
MM, 273, 9, 14
MM, 298, 5, 14
MM, 335, 2, 13
MM, 344, 1, 6500
MM, 316, 47, 54
MM, 314, 51, 6
MM, 312, 55, 7
MM, 308, 62, 8
MM, 27, 7, 74
MM, 27, 10, 7
MM, 25, 14, 6
MM, 24, 24, 21
MM, 24, 27, 7
MM, 11, 6, 20
MM, 11, 10, 7
MM, 11, 12, 6
MM, 11, 22, 14
MM, 11, 25, 7
MM, 22, 30, 608
MM, 32, 23, 6
MM, 10, 9, 22
MM, 7, 31, 19
MM, 13, 26, 7
MM, 28, 16, 13
MM, 6, 2, 14
MM, 485, 62, 68
MM, 489, 60, 6
MM, 493, 58, 7
MP, 1, 20040
MR, 1, 214
MC, 1, 0
MM, 167, 3, 797
MM, 168, 5, 6
MM, 171, 14, 13
MM, 173, 21, 7
MM, 174, 28, 7
MM, 175, 34, 13
MM, 177, 40, 15
MM, 178, 46, 6
MM, 178, 47, 6
MM, 181, 55, 14
MM, 182, 59, 7
MM, 2, 10, 973
MM, 26, 19, 13
MM, 2, 27, 13
MM, 6, 30, 7
MM, 12, 1, 14
MM, 29, 9, 13
MM, 3, 21, 22
MM, 21, 26, 5
MM, 24, 26, 7
MM, 27, 1, 62
MM, 36, 2, 6
MM, 41, 5, 6
MM, 0, 2, 42
MM, 4, 2, 6
MM, 6, 3, 7
MM, 9, 4, 13
MM, 11, 4, 7
MM, 13, 5, 15
MM, 14, 6, 5
MM, 15, 6, 7
MM, 16, 7, 7
MM, 16, 8, 7
MM, 18, 9, 13
MM, 19, 9, 21
MM, 21, 10, 33
MM, 22, 10, 7
MM, 23, 10, 14
MM, 24, 10, 7
MM, 25, 10, 14
MM, 25, 11, 6
MM, 25, 12, 27
MM, 26, 12, 14
