**********************************
LOGGING TIME: 20180908_201304
CLIENT IP: 192.168.56.1
USERNAME: Nikhil
OS: Windows 10
*********************Neutral database**********************************
MM, 32, 8, 1537598292617
MM, 83, 10, 32
MM, 142, 30, 7353
MM, 142, 29, 20
MM, 142, 28, 89
MM, 142, 27, 28
MM, 142, 26, 27
MM, 143, 25, 27
MM, 143, 23, 13
MC, 1, 446
MM, 148, 23, 4588
MC, 1, 825
MM, 107, 0, 29406
MM, 111, 6, 31
MM, 113, 9, 27
MM, 116, 16, 20
MM, 120, 27, 28
MM, 120, 29, 21
MM, 120, 32, 34
MM, 120, 33, 6
MC, 1, 411
MM, 127, 16, 1744
MM, 132, 4, 6
MM, 170, 8, 1795
MM, 170, 15, 13
MM, 170, 18, 7
MM, 170, 23, 13
MM, 170, 24, 13
MM, 170, 25, 14
MM, 170, 26, 7
MM, 170, 27, 54
MM, 170, 28, 20
MM, 170, 29, 14
MM, 170, 30, 7
MC, 1, 466
MM, 170, 31, 3575
MM, 170, 34, 13
MM, 170, 37, 13
MM, 168, 63, 82
MM, 40, 30, 1466
MM, 39, 30, 7
MM, 38, 29, 7
MM, 37, 28, 7
MM, 36, 28, 6
MM, 35, 28, 435
MM, 34, 28, 6
MM, 33, 29, 27
MM, 33, 30, 7
MM, 33, 31, 7
MM, 32, 31, 14
MC, 1, 757
MM, 12, 8, 1465
MM, 36, 8, 13
MM, 6, 8, 7
MM, 30, 9, 13
MM, 35, 9, 7
MM, 1, 9, 14
MM, 10, 9, 6
MM, 23, 11, 14
MM, 30, 11, 7
MM, 33, 11, 6
MM, 0, 11, 14
MM, 4, 11, 7
MM, 7, 11, 6
MM, 13, 11, 13
MM, 17, 11, 7
MM, 19, 11, 7
MM, 21, 11, 7
MM, 26, 10, 13
MM, 29, 9, 7
MM, 32, 9, 7
MM, 33, 9, 14
MM, 34, 9, 6
MM, 0, 10, 76
MM, 2, 10, 13
MM, 32, 5, 115
MM, 26, 7, 717
MM, 28, 7, 20
MM, 28, 13, 20
MM, 1, 19, 21
MM, 20, 29, 20
MM, 7, 1, 48
MM, 30, 9, 66
MM, 28, 9, 7
MM, 26, 9, 14
MM, 25, 9, 7
MM, 24, 9, 13
MM, 23, 9, 20
MM, 22, 9, 13
MM, 21, 9, 8
MM, 20, 9, 5
MM, 16, 9, 14
MM, 15, 9, 7
MM, 12, 9, 6
MM, 8, 9, 14
MM, 7, 9, 7
MM, 4, 9, 7
MM, 2, 9, 6
MM, 43, 10, 28
MM, 15, 10, 103
MM, 12, 10, 20
MM, 9, 10, 40
MM, 5, 10, 27
MM, 42, 13, 47
MM, 39, 13, 13
MM, 38, 13, 14
MM, 36, 14, 20
MM, 36, 15, 30
MC, 1, 460
MM, 42, 14, 188
MM, 0, 14, 140
MM, 8, 11, 12
MM, 15, 10, 13
MM, 20, 8, 7
MM, 26, 5, 13
MM, 29, 5, 7
MM, 35, 3, 14
MM, 38, 2, 7
MM, 40, 2, 7
MM, 43, 2, 13
MM, 0, 1, 34
MM, 3, 1, 14
MM, 7, 0, 12
MM, 8, 0, 7
MM, 10, 0, 7
MM, 12, 0, 7
MM, 13, 1, 7
MM, 14, 1, 20
MM, 15, 1, 27
MM, 16, 2, 56
MM, 17, 2, 27
MM, 18, 4, 21
MM, 18, 5, 5
MM, 18, 6, 14
MM, 18, 7, 6
MM, 18, 8, 34
MM, 18, 9, 37
MC, 1, 463
MM, 10, 10, 159
MM, 14, 22, 31
MM, 39, 0, 46
MM, 31, 3, 7
MM, 22, 5, 14
MM, 18, 5, 6
MM, 12, 6, 7
MM, 10, 6, 7
MM, 4, 6, 7
MM, 2, 7, 7
MM, 43, 8, 13
MM, 40, 9, 7
MM, 37, 9, 7
MM, 35, 11, 7
MM, 33, 12, 6
MM, 30, 12, 7
MM, 28, 12, 7
MM, 25, 12, 7
MM, 23, 12, 8
MM, 20, 12, 6
MM, 18, 12, 7
MM, 16, 12, 6
MM, 14, 13, 8
MM, 12, 13, 6
MM, 9, 13, 7
MM, 7, 14, 6
MM, 5, 14, 7
MM, 3, 14, 7
MM, 0, 14, 7
MM, 43, 14, 47
MM, 42, 14, 63
MM, 41, 14, 20
MM, 39, 14, 20
MM, 38, 16, 13
MM, 37, 16, 14
MM, 36, 16, 13
MM, 35, 17, 6
MM, 33, 18, 7
MM, 32, 18, 14
MM, 31, 18, 6
MM, 29, 19, 7
MM, 28, 19, 14
MM, 26, 19, 7
MM, 25, 19, 14
MM, 24, 19, 6
MM, 23, 19, 7
MM, 20, 19, 13
MM, 18, 19, 7
MM, 17, 19, 7
MM, 16, 19, 13
MM, 15, 19, 7
MM, 13, 19, 7
MM, 4, 17, 84
MM, 3, 17, 10
MM, 2, 17, 7
MM, 1, 17, 13
MM, 0, 17, 14
MM, 43, 17, 35
MM, 42, 17, 6
MM, 41, 17, 13
MM, 40, 17, 15
MM, 39, 17, 6
MM, 38, 17, 7
MM, 37, 17, 13
MM, 36, 17, 20
MM, 35, 17, 7
MM, 34, 17, 13
MM, 33, 17, 7
MM, 32, 17, 7
MM, 31, 17, 13
MC, 1, 431
MM, 32, 17, 137
MM, 39, 20, 13
MM, 7, 13, 123
MM, 24, 9, 13
MM, 43, 7, 13
MM, 3, 4, 13
MM, 13, 3, 7
MM, 20, 2, 7
MM, 36, 0, 12
MM, 11, 30, 62
MM, 18, 29, 14
MM, 23, 28, 13
MM, 31, 27, 14
MM, 2, 27, 13
MM, 15, 27, 21
MM, 22, 27, 13
MM, 27, 27, 13
MM, 30, 27, 14
MM, 33, 27, 7
MM, 34, 17, 436
MM, 29, 17, 27
MM, 27, 17, 12
MM, 24, 17, 14
MM, 23, 17, 13
MM, 22, 17, 14
MC, 1, 1231
MM, 20, 10, 155
MM, 33, 10, 21
MM, 35, 12, 20
MM, 5, 13, 13
MM, 28, 15, 14
MM, 37, 18, 21
MM, 29, 19, 7
MM, 5, 22, 13
MM, 33, 24, 14
MM, 17, 27, 13
MM, 6, 28, 7
MM, 37, 28, 13
MM, 28, 28, 14
MM, 22, 28, 7
MM, 13, 29, 12
MM, 3, 29, 14
MM, 41, 29, 27
MM, 38, 29, 6
MM, 36, 29, 7
MM, 34, 29, 7
MM, 31, 29, 7
MM, 29, 29, 7
MM, 27, 29, 6
MM, 24, 28, 7
MM, 22, 28, 7
MM, 19, 28, 6
MM, 16, 27, 7
MM, 14, 26, 7
MM, 13, 26, 7
MM, 12, 26, 7
MM, 10, 26, 7
MM, 9, 25, 6
MM, 8, 24, 7
MM, 6, 23, 7
MM, 3, 22, 7
MM, 1, 21, 7
MM, 42, 18, 33
MM, 41, 17, 7
MM, 38, 16, 7
MM, 36, 16, 7
MM, 34, 16, 6
MM, 31, 15, 7
MM, 29, 15, 7
MM, 27, 15, 7
MM, 26, 15, 7
MM, 25, 15, 7
MM, 24, 15, 6
MM, 23, 15, 7
MM, 22, 15, 27
MC, 1, 510
MM, 26, 14, 107
MM, 17, 8, 35
MM, 0, 12, 234
MM, 2, 12, 7
MM, 9, 10, 13
MM, 11, 9, 7
MM, 13, 9, 14
MM, 15, 9, 6
MM, 16, 7, 13
MM, 18, 7, 14
MM, 20, 7, 14
MM, 21, 6, 7
MM, 22, 6, 6
MM, 24, 5, 20
MM, 25, 5, 55
MC, 1, 491
MM, 25, 6, 348
MM, 21, 18, 27
MM, 18, 29, 27
MM, 1, 8, 34
MM, 46, 30, 53
MM, 41, 4, 27
MM, 39, 11, 20
MM, 39, 13, 6
MM, 36, 18, 13
MM, 36, 19, 7
MM, 34, 21, 7
MM, 33, 27, 14
MM, 32, 29, 6
MM, 118, 1, 14
MM, 115, 8, 14
MM, 113, 11, 6
MM, 113, 13, 7
MM, 110, 18, 14
MM, 109, 19, 13
MM, 108, 20, 7
MM, 107, 21, 7
MM, 107, 22, 6
MM, 106, 24, 14
MM, 106, 25, 13
MM, 106, 26, 7
MM, 105, 26, 6
MM, 105, 27, 14
MM, 105, 28, 48
MM, 105, 29, 27
MM, 105, 30, 21
MM, 105, 31, 3
MM, 110, 30, 1806
MM, 133, 20, 14
MM, 160, 6, 13
MM, 39, 31, 14
MM, 33, 9, 27
MM, 16, 31, 27
MM, 26, 26, 13
MM, 36, 20, 20
MM, 40, 18, 14
MM, 1, 10, 34
MM, 5, 8, 14
MM, 7, 7, 13
MM, 9, 4, 14
MM, 12, 2, 20
MM, 14, 2, 13
MM, 15, 2, 6
MM, 18, 2, 21
MM, 19, 1, 13
MM, 21, 0, 28
MM, 22, 31, 67
MM, 24, 30, 7
MM, 27, 30, 13
MM, 28, 28, 7
MM, 29, 28, 7
MM, 31, 27, 13
MM, 34, 26, 7
MM, 34, 19, 2644
MM, 33, 19, 27
MM, 32, 19, 18
MM, 31, 19, 7
MM, 30, 19, 6
MM, 28, 19, 21
MM, 27, 19, 14
MM, 26, 19, 13
MM, 24, 19, 14
MM, 23, 19, 20
MM, 22, 19, 21
MC, 1, 445
MM, 21, 21, 129
MM, 17, 28, 28
MM, 15, 31, 34
MM, 33, 0, 60
MM, 31, 3, 20
MM, 31, 4, 6
MM, 31, 5, 14
MM, 29, 7, 13
MM, 28, 9, 7
MM, 27, 10, 13
MM, 27, 11, 14
MC, 1, 418
MM, 17, 11, 177
MM, 10, 11, 6
MM, 42, 11, 13
MM, 16, 10, 14
MM, 2, 10, 7
MM, 32, 10, 13
MM, 26, 11, 7
MM, 13, 12, 7
MM, 37, 14, 21
MM, 32, 14, 6
MM, 13, 15, 13
MM, 5, 15, 7
MM, 46, 15, 14
MM, 39, 15, 7
MM, 32, 15, 6
MM, 20, 15, 14
MM, 18, 14, 7
MM, 11, 14, 6
MM, 3, 14, 14
MM, 42, 14, 14
MM, 36, 14, 5
MM, 30, 14, 7
MM, 24, 14, 7
MM, 14, 13, 13
MM, 7, 13, 7
MM, 2, 13, 8
MM, 40, 13, 15
MM, 33, 13, 12
MM, 28, 13, 7
MM, 26, 13, 5
MM, 21, 12, 7
MM, 16, 12, 14
MM, 14, 11, 7
MM, 12, 11, 7
MM, 10, 11, 7
MM, 8, 11, 6
MM, 5, 10, 13
MM, 3, 10, 8
MM, 1, 10, 6
MM, 42, 8, 27
MM, 40, 8, 7
MM, 37, 8, 7
MM, 27, 5, 13
MM, 23, 5, 7
MM, 16, 5, 7
MM, 7, 6, 13
MM, 3, 7, 7
MM, 0, 7, 7
MM, 41, 10, 20
MM, 37, 10, 7
MM, 33, 10, 6
MM, 31, 10, 7
MM, 27, 11, 14
MM, 26, 12, 7
MM, 25, 12, 6
MM, 24, 12, 7
MM, 23, 12, 7
MM, 22, 12, 13
MM, 20, 12, 7
MM, 19, 12, 14
MM, 18, 12, 6
MM, 17, 12, 7
MM, 15, 12, 14
MM, 14, 12, 7
MM, 14, 13, 6
MM, 13, 13, 7
MM, 12, 14, 7
MM, 7, 15, 13
MM, 5, 16, 7
MM, 4, 17, 7
MM, 1, 19, 7
MP, 1, 228
MR, 1, 218
MC, 1, 0
MM, 2, 21, 197
MM, 8, 20, 19
MM, 11, 19, 13
MC, 1, 453
MM, 16, 16, 264
MM, 38, 8, 21
MM, 3, 20, 703
MC, 1, 687
MM, 3, 21, 1186
MM, 40, 1, 25
MM, 37, 13, 21
MM, 36, 19, 13
MM, 33, 26, 20
MM, 32, 31, 14
MM, 27, 0, 41
MM, 26, 2, 20
MM, 24, 3, 20
MM, 22, 6, 18
MM, 21, 8, 14
MM, 19, 9, 7
MM, 19, 10, 6
MM, 18, 10, 7
MM, 18, 11, 7
MM, 17, 13, 6
MM, 17, 14, 7
MM, 17, 15, 7
MM, 16, 17, 8
MM, 16, 19, 6
MM, 15, 21, 7
MM, 14, 22, 7
MM, 14, 23, 7
MM, 14, 24, 7
MM, 14, 26, 6
MM, 14, 27, 7
MM, 14, 28, 6
MM, 13, 29, 15
MM, 13, 30, 13
MM, 13, 31, 6
MM, 103, 1, 48
MM, 103, 2, 7
MM, 103, 4, 14
MM, 103, 5, 6
MM, 103, 6, 15
MM, 103, 7, 5
MM, 103, 8, 16
MM, 103, 9, 19
MC, 1, 480
MM, 101, 9, 337
MM, 88, 6, 21
MM, 78, 4, 19
MM, 75, 4, 7
MM, 70, 1, 13
MM, 62, 0, 14
MM, 1, 31, 41
MM, 39, 26, 20
MM, 31, 22, 14
MM, 23, 19, 13
MM, 16, 13, 14
MM, 10, 10, 13
MM, 8, 8, 7
MM, 2, 5, 14
MM, 43, 0, 41
MM, 37, 31, 60
MM, 36, 30, 14
MM, 34, 29, 14
MM, 34, 28, 6
MM, 33, 26, 20
MM, 32, 25, 13
MM, 31, 25, 7
MM, 30, 23, 14
MM, 28, 21, 13
MM, 28, 20, 8
MM, 28, 19, 20
MM, 27, 19, 34
MM, 27, 18, 34
MM, 26, 18, 14
MM, 26, 17, 21
MC, 1, 458
MM, 27, 16, 109
MM, 34, 10, 35
MM, 37, 6, 12
MM, 40, 1, 20
MM, 42, 0, 7
MC, 1, 656
MM, 37, 0, 292
MM, 3, 11, 38
MM, 22, 22, 27
MM, 34, 26, 13
MM, 38, 28, 7
MM, 42, 30, 7
MM, 10, 0, 41
MM, 16, 2, 13
MM, 17, 2, 7
MM, 23, 4, 13
MM, 24, 5, 7
MM, 27, 6, 7
MM, 30, 8, 13
MM, 33, 9, 14
MM, 35, 10, 7
MM, 36, 12, 7
MM, 38, 14, 13
MM, 39, 14, 7
MM, 40, 14, 13
MM, 41, 15, 14
MM, 42, 15, 27
MM, 1, 19, 20
MM, 6, 21, 13
MM, 7, 22, 7
MM, 9, 23, 14
MM, 12, 25, 13
MM, 14, 26, 13
MM, 15, 26, 34
MC, 1, 487
MM, 11, 24, 184
MM, 42, 7, 21
MM, 25, 31, 70
MM, 19, 26, 39
MM, 18, 25, 12
MM, 18, 23, 21
MM, 17, 18, 20
MM, 17, 12, 13
MM, 17, 6, 21
MM, 17, 3, 13
MM, 16, 0, 13
MC, 1, 664
MC, 1, 1083
MM, 17, 4, 176
MM, 28, 9, 13
MM, 38, 14, 7
MM, 43, 17, 7
MM, 11, 22, 13
MM, 20, 28, 14
MM, 23, 30, 7
MM, 38, 0, 20
MM, 43, 3, 7
MM, 1, 8, 13
MM, 7, 10, 13
MM, 10, 11, 8
MM, 13, 12, 6
MM, 17, 15, 13
MM, 22, 17, 15
MM, 24, 18, 6
MM, 26, 18, 7
MM, 30, 20, 14
MM, 32, 21, 6
MM, 33, 22, 14
MM, 34, 22, 6
MM, 35, 22, 7
MM, 36, 22, 35
MM, 37, 23, 6
MM, 38, 23, 7
MM, 39, 23, 20
MC, 1, 602
MM, 35, 23, 172
MM, 0, 22, 32
MM, 32, 18, 26
MM, 14, 18, 29
MM, 5, 18, 19
MM, 0, 17, 13
MM, 43, 16, 34
MM, 42, 16, 13
MM, 41, 16, 14
MM, 40, 16, 7
MM, 37, 16, 13
MM, 36, 16, 6
MM, 33, 16, 14
MM, 25, 14, 13
MM, 22, 14, 7
MM, 20, 14, 7
MM, 16, 13, 14
MM, 12, 13, 13
MM, 11, 13, 7
MM, 6, 12, 13
MM, 1, 11, 13
MM, 41, 11, 21
MM, 40, 10, 7
MM, 36, 10, 13
MM, 34, 10, 14
MM, 33, 10, 13
MM, 32, 10, 14
MM, 31, 10, 14
MM, 30, 10, 6
MM, 29, 10, 7
MM, 28, 10, 13
MM, 26, 10, 14
MM, 25, 10, 13
MM, 23, 10, 14
MM, 22, 10, 13
MM, 21, 10, 15
MM, 20, 10, 34
MM, 19, 10, 6
MC, 1, 412
MM, 19, 9, 190
MM, 17, 30, 27
MM, 16, 21, 27
MM, 15, 18, 13
MM, 15, 15, 20
MM, 12, 8, 20
MM, 12, 6, 6
MM, 12, 2, 7
MC, 1, 893
MM, 22, 2, 269
MM, 26, 5, 7
MM, 29, 8, 7
MM, 31, 12, 7
MM, 38, 22, 13
MM, 42, 27, 7
MM, 0, 1, 13
MM, 0, 4, 7
MM, 5, 8, 7
MM, 7, 11, 7
MM, 8, 14, 7
MM, 12, 21, 13
MM, 13, 22, 7
MM, 15, 25, 7
MM, 15, 28, 6
MM, 18, 31, 14
MM, 64, 0, 48
MM, 64, 1, 13
MM, 64, 2, 7
MM, 64, 3, 7
MM, 65, 3, 13
MM, 65, 4, 14
MM, 67, 4, 7
MM, 67, 5, 6
MM, 68, 6, 7
MM, 69, 7, 14
MM, 70, 8, 6
MM, 70, 9, 7
MM, 71, 11, 6
MM, 72, 12, 7
MM, 73, 14, 14
MM, 74, 16, 6
MC, 1, 1509
MM, 1, 23, 163
MM, 7, 26, 14
MM, 10, 27, 14
MM, 15, 29, 13
MM, 14, 0, 41
MM, 16, 2, 12
MM, 16, 3, 15
MM, 17, 3, 12
MC, 1, 527
MM, 6, 3, 169
MM, 35, 4, 14
MM, 22, 4, 6
MM, 3, 5, 13
MM, 40, 6, 7
MM, 20, 6, 14
MM, 8, 6, 13
MM, 1, 6, 7
MM, 39, 6, 14
MM, 23, 5, 13
MM, 17, 4, 7
MM, 12, 3, 7
MM, 2, 2, 13
MM, 42, 1, 14
MM, 31, 1, 13
MM, 28, 1, 7
MM, 22, 1, 14
MM, 19, 1, 6
MM, 12, 1, 14
MM, 8, 1, 6
MM, 3, 1, 7
MM, 1, 1, 6
MM, 43, 1, 14
MM, 38, 3, 13
MM, 36, 3, 7
MM, 35, 3, 7
MM, 33, 4, 6
MM, 32, 5, 14
MM, 31, 5, 1
MM, 30, 5, 14
MM, 29, 5, 46
MM, 28, 5, 28
MM, 28, 6, 6
MM, 27, 6, 21
MM, 27, 7, 20
MC, 1, 433
MM, 32, 7, 128
MM, 5, 3, 22
MC, 1, 824
MM, 85, 0, 412
MM, 85, 4, 26
MM, 85, 6, 20
MM, 86, 8, 21
MM, 86, 9, 39
MM, 86, 11, 13
MM, 86, 12, 13
MM, 87, 13, 14
MM, 87, 14, 7
MM, 87, 16, 6
MM, 88, 18, 14
MM, 88, 19, 15
MM, 88, 20, 6
MM, 89, 21, 13
MM, 89, 22, 21
MC, 1, 499
MM, 90, 22, 279
MM, 93, 20, 14
MM, 93, 19, 11
MM, 93, 18, 54
MM, 93, 17, 22
MM, 97, 10, 20
MM, 99, 1, 19
MM, 12, 28, 21
MM, 13, 26, 6
MM, 13, 23, 7
MM, 15, 21, 7
MM, 16, 18, 6
MM, 17, 14, 13
MM, 18, 13, 7
MM, 18, 11, 6
MM, 18, 10, 7
MM, 20, 5, 14
MM, 21, 3, 6
MM, 22, 3, 8
MM, 22, 1, 6
MM, 25, 30, 28
MM, 27, 28, 6
MM, 29, 26, 7
MM, 35, 22, 7
MM, 43, 18, 13
MM, 0, 16, 21
MM, 5, 16, 6
MM, 11, 16, 7
MM, 18, 16, 7
MM, 34, 16, 13
MM, 38, 16, 7
MM, 7, 16, 14
MM, 18, 16, 7
MM, 21, 16, 6
MM, 30, 16, 8
MM, 34, 16, 6
MM, 6, 13, 20
MM, 15, 12, 7
MM, 25, 11, 14
MM, 27, 11, 6
MM, 31, 11, 7
MM, 34, 10, 7
MM, 39, 9, 7
MM, 1, 8, 20
MM, 7, 7, 7
MM, 9, 6, 7
MM, 11, 6, 7
MM, 14, 6, 6
MM, 15, 6, 7
MM, 17, 6, 14
MM, 18, 6, 7
MM, 22, 4, 14
MM, 25, 4, 6
MM, 29, 3, 7
MM, 31, 2, 7
MM, 33, 2, 7
MM, 36, 1, 6
MM, 37, 1, 13
MM, 38, 1, 7
MM, 38, 0, 34
MM, 5, 30, 347
MM, 228, 63, 74
MM, 214, 58, 12
MM, 208, 57, 7
MM, 203, 55, 13
MM, 198, 52, 14
MM, 195, 50, 14
MM, 194, 50, 6
MM, 193, 49, 14
MM, 192, 49, 7
MM, 191, 48, 70
MM, 173, 28, 93
MM, 163, 22, 21
MM, 153, 20, 26
MM, 148, 18, 21
MM, 137, 18, 20
MM, 129, 18, 20
MM, 126, 18, 21
MM, 122, 18, 20
MM, 121, 18, 13
MM, 120, 19, 13
MM, 118, 19, 49
MM, 118, 20, 40
MM, 119, 20, 360
MM, 131, 18, 21
MM, 142, 15, 20
MM, 147, 14, 20
MM, 149, 13, 29
MM, 150, 13, 13
MM, 150, 12, 54
MC, 1, 546
MM, 154, 13, 1062
MM, 206, 28, 26
MM, 245, 47, 20
MM, 250, 50, 6
MM, 264, 58, 13
MM, 269, 61, 7
MM, 17, 0, 258
MM, 18, 0, 7
MM, 23, 0, 13
MM, 25, 1, 7
MM, 34, 3, 14
MM, 0, 4, 14
MM, 3, 4, 5
MM, 8, 4, 7
MM, 12, 4, 13
MM, 14, 4, 8
MM, 16, 4, 7
MM, 18, 4, 7
MM, 19, 4, 6
MM, 22, 4, 7
MM, 27, 5, 13
MM, 31, 5, 8
MM, 33, 6, 6
MM, 19, 31, 2097
MM, 7, 5, 21
MM, 30, 17, 20
MM, 8, 25, 33
MM, 0, 29, 20
MM, 34, 0, 54
MM, 30, 2, 7
MM, 22, 4, 13
MM, 19, 5, 7
MM, 12, 10, 13
MM, 9, 12, 7
MM, 1, 15, 14
MM, 43, 18, 28
MM, 42, 19, 6
MM, 40, 20, 13
MM, 39, 20, 7
MM, 36, 21, 13
MM, 35, 21, 7
MM, 29, 23, 14
MM, 27, 24, 6
MM, 22, 26, 14
MM, 20, 27, 6
MM, 17, 29, 14
MM, 14, 31, 13
MM, 144, 2, 62
MM, 141, 5, 12
MM, 140, 7, 8
MM, 138, 10, 13
MM, 137, 12, 6
MM, 135, 14, 13
MM, 134, 15, 7
MM, 133, 15, 7
MM, 133, 16, 7
MM, 132, 17, 6
MM, 131, 18, 7
MM, 130, 18, 7
MM, 128, 18, 13
MM, 127, 18, 7
MC, 1, 469
MM, 125, 17, 424
MM, 121, 11, 7
MM, 115, 3, 13
MM, 113, 1, 7
MM, 12, 30, 27
MM, 10, 28, 7
MM, 7, 24, 13
MM, 6, 22, 7
MM, 2, 15, 14
MM, 0, 13, 7
MM, 43, 0, 41
MM, 38, 30, 40
MM, 38, 29, 7
MM, 37, 27, 13
MM, 36, 25, 7
MM, 36, 23, 14
MM, 36, 22, 7
MM, 35, 20, 13
MM, 35, 18, 14
MM, 34, 17, 13
MM, 33, 14, 7
MM, 32, 11, 14
MM, 32, 9, 6
MM, 30, 5, 14
MM, 30, 4, 7
MM, 30, 3, 6
MM, 32, 2, 69
MM, 34, 0, 13
MC, 1, 793
MM, 39, 0, 399
MM, 41, 3, 14
MM, 42, 4, 6
MM, 43, 5, 14
MM, 44, 5, 6
MM, 45, 6, 14
MM, 46, 6, 27
MM, 0, 10, 82
MM, 3, 10, 27
MM, 4, 11, 12
MM, 5, 12, 55
MC, 1, 1494
MM, 31, 15, 69
MM, 36, 15, 6
MM, 4, 13, 14
MM, 19, 11, 6
MM, 31, 11, 8
MM, 43, 10, 6
MM, 12, 8, 14
MM, 22, 6, 6
MM, 34, 3, 7
MM, 2, 1, 21
MM, 7, 0, 5
MC, 1, 801
MM, 16, 2, 115
MM, 21, 20, 27
MM, 21, 31, 20
MM, 22, 8, 33
MM, 23, 15, 13
MM, 23, 24, 20
MM, 23, 27, 7
MM, 23, 30, 7
MM, 23, 31, 7
MM, 113, 0, 47
MM, 113, 2, 7
MM, 113, 3, 7
MM, 113, 4, 6
MM, 113, 5, 7
MM, 113, 7, 14
MM, 113, 8, 7
MM, 113, 9, 6
MM, 113, 10, 7
MM, 113, 11, 7
MM, 113, 12, 7
MM, 112, 13, 6
MM, 112, 15, 7
MM, 127, 15, 128
MM, 132, 13, 7
MM, 134, 13, 7
MM, 138, 12, 7
MM, 143, 10, 7
MM, 148, 9, 7
MM, 160, 8, 6
MM, 170, 6, 7
MM, 182, 4, 7
MM, 188, 1, 7
MM, 35, 24, 20
MM, 42, 20, 7
MM, 3, 12, 14
MM, 9, 7, 7
MM, 12, 5, 7
MM, 18, 3, 6
MM, 22, 1, 7
MM, 3, 26, 55
MM, 4, 25, 6
MM, 10, 24, 7
MM, 11, 23, 7
MM, 13, 22, 7
MM, 15, 21, 7
MM, 18, 21, 6
MM, 21, 20, 7
MM, 25, 20, 7
MM, 28, 19, 7
MM, 29, 19, 6
MM, 32, 19, 7
MM, 33, 19, 7
MM, 35, 19, 6
MM, 36, 19, 13
MM, 37, 18, 7
MM, 39, 18, 7
MM, 40, 17, 7
MM, 42, 17, 6
MM, 43, 16, 7
MM, 46, 15, 7
MM, 47, 15, 7
MM, 48, 15, 7
MM, 386, 0, 3523
MM, 382, 26, 20
MM, 382, 36, 15
MM, 382, 41, 8
MM, 382, 44, 8
MM, 382, 48, 16
MM, 382, 50, 8
MM, 382, 51, 8
MM, 383, 52, 7
MM, 383, 54, 16
MM, 383, 55, 17
MM, 384, 57, 7
MM, 385, 58, 8
MM, 386, 62, 17
MM, 0, 0, 104
MM, 0, 2, 7
MM, 0, 4, 16
MM, 1, 5, 16
MM, 2, 6, 8
MM, 3, 6, 17
MM, 4, 6, 15
MM, 5, 5, 8
MM, 6, 5, 9
MM, 8, 4, 8
MM, 9, 3, 8
MM, 11, 2, 16
MM, 12, 1, 16
MM, 12, 0, 56
MM, 13, 0, 40
MM, 15, 0, 25
MM, 16, 1, 16
MM, 17, 2, 7
MM, 19, 2, 8
MM, 22, 2, 15
MM, 23, 2, 8
MM, 25, 3, 8
MM, 26, 3, 8
MM, 31, 4, 16
MM, 31, 24, 2090
MM, 23, 30, 24
MM, 12, 0, 87
MM, 9, 0, 7
MM, 25, 31, 98
MM, 8, 29, 25
MM, 35, 28, 23
MM, 21, 28, 23
MM, 15, 28, 16
MM, 13, 28, 8
MM, 10, 28, 8
MM, 7, 27, 8
MM, 3, 27, 8
MM, 0, 27, 8
MM, 41, 26, 32
MM, 37, 26, 8
MM, 30, 26, 8
MM, 24, 27, 8
MM, 17, 27, 8
MM, 13, 27, 8
MM, 8, 27, 16
MM, 5, 27, 8
MM, 2, 27, 8
MM, 30, 0, 560
MM, 31, 2, 7
MM, 33, 2, 9
MM, 35, 5, 16
MM, 38, 7, 16
MM, 39, 7, 8
MM, 39, 8, 8
MM, 40, 8, 16
MM, 41, 8, 32
MM, 42, 8, 65
MM, 43, 8, 70
MM, 44, 8, 18
MM, 45, 9, 15
MM, 46, 9, 8
MM, 0, 12, 48
MM, 0, 13, 7
MM, 1, 13, 17
MM, 2, 13, 31
MM, 3, 14, 51
MM, 4, 14, 16
MM, 5, 14, 17
MM, 5, 14, 221
MM, 4, 14, 16
MM, 3, 14, 8
MM, 3, 13, 7
MM, 1, 12, 9
MM, 44, 9, 32
MM, 42, 9, 7
MM, 40, 7, 8
MM, 37, 6, 8
MM, 31, 4, 9
MM, 26, 3, 7
MM, 23, 1, 9
MM, 43, 7, 643
MM, 38, 7, 22
MM, 36, 7, 32
MM, 35, 7, 23
MM, 34, 7, 16
MM, 34, 8, 64
MM, 34, 9, 8
MM, 34, 10, 17
MM, 37, 10, 175
MM, 38, 11, 8
MM, 39, 11, 8
MM, 41, 12, 8
MM, 0, 17, 23
MM, 4, 18, 9
MM, 7, 20, 8
MM, 10, 21, 8
MM, 14, 22, 7
MM, 21, 23, 9
MM, 29, 24, 7
MM, 38, 25, 9
MM, 4, 25, 16
MM, 9, 25, 9
MM, 15, 25, 6
MM, 19, 25, 8
MM, 22, 23, 9
MM, 27, 21, 9
MM, 30, 20, 7
MM, 33, 18, 7
MM, 35, 17, 9
MM, 37, 15, 8
MM, 38, 13, 8
MM, 39, 12, 7
MM, 40, 11, 17
MM, 41, 11, 8
MM, 42, 10, 7
MM, 43, 9, 9
MM, 1, 7, 32
MM, 7, 5, 16
MM, 10, 4, 8
MM, 12, 1, 16
MM, 12, 0, 25
MM, 11, 0, 39
MM, 3, 1, 537
MM, 3, 7, 16
MM, 3, 17, 24
MM, 4, 25, 17
MM, 11, 5, 22
MM, 17, 21, 26
MM, 19, 30, 24
MM, 111, 1, 47
MM, 114, 10, 15
MM, 117, 16, 16
MM, 119, 19, 8
MM, 119, 22, 7
MM, 119, 23, 8
MM, 120, 25, 8
MM, 121, 26, 8
MM, 121, 28, 8
MM, 121, 30, 17
MM, 122, 31, 8
MM, 123, 32, 8
MM, 123, 33, 8
MM, 124, 35, 8
MM, 125, 36, 16
MM, 125, 34, 153
MM, 124, 30, 24
MM, 123, 24, 33
MM, 123, 22, 22
MM, 123, 21, 8
MC, 1, 257
MM, 122, 20, 15
MM, 122, 19, 15
MM, 122, 17, 17
MM, 122, 16, 17
MM, 122, 15, 8
MM, 126, 12, 15
MM, 128, 10, 7
MM, 138, 7, 16
MM, 149, 6, 17
MM, 158, 3, 7
MM, 14, 29, 33
MM, 27, 21, 16
MM, 30, 18, 16
MM, 30, 16, 8
MM, 30, 10, 16
MM, 30, 5, 8
MM, 25, 31, 32
MM, 25, 29, 8
MM, 24, 24, 16
MM, 24, 22, 8
MM, 24, 17, 24
MM, 23, 13, 16
MM, 23, 11, 7
MM, 23, 9, 9
MM, 23, 7, 8
MM, 23, 5, 8
MM, 23, 3, 8
MM, 23, 1, 16
MM, 23, 0, 9
MM, 35, 31, 47
MM, 35, 30, 7
MM, 36, 30, 16
MM, 36, 29, 9
MM, 37, 29, 7
MM, 38, 27, 8
MM, 40, 26, 9
MM, 42, 24, 8
MM, 1, 22, 32
MM, 3, 22, 8
MM, 5, 22, 8
MM, 8, 24, 8
MM, 12, 24, 7
MM, 18, 24, 8
MM, 22, 25, 8
MM, 24, 25, 8
MM, 25, 25, 9
MM, 25, 24, 104
MM, 24, 24, 153
MM, 23, 23, 16
MM, 22, 22, 7
MM, 22, 21, 41
MM, 21, 20, 8
MM, 21, 21, 73
MM, 21, 21, 149
MM, 20, 21, 9
MM, 19, 20, 7
MM, 17, 20, 9
MM, 15, 20, 7
MM, 11, 20, 9
MM, 6, 20, 8
MM, 2, 20, 8
MM, 38, 20, 16
MM, 30, 20, 7
MM, 20, 20, 9
MM, 15, 20, 7
MM, 9, 19, 9
MM, 1, 18, 8
MM, 43, 18, 8
MM, 37, 18, 7
MM, 28, 18, 9
MM, 16, 20, 8
MM, 6, 22, 8
MM, 10, 0, 128
MM, 5, 4, 16
MM, 43, 14, 40
MM, 41, 15, 16
MM, 40, 15, 24
MM, 39, 16, 8
MM, 33, 19, 23
MM, 31, 20, 8
MM, 30, 20, 8
MM, 30, 21, 8
MM, 29, 21, 16
MM, 28, 21, 8
MM, 27, 21, 8
MM, 27, 20, 8
MM, 21, 20, 8
MM, 17, 18, 8
MM, 13, 17, 9
MM, 7, 15, 8
MM, 2, 14, 8
MM, 42, 10, 16
MM, 39, 10, 8
MM, 36, 9, 8
MM, 34, 8, 8
MM, 32, 7, 8
MM, 31, 7, 16
MM, 28, 7, 8
MM, 27, 6, 16
MM, 26, 6, 16
MM, 26, 5, 48
MM, 25, 5, 24
MM, 25, 6, 95
MM, 24, 6, 33
MM, 24, 7, 8
MM, 24, 8, 24
MC, 1, 104
MM, 25, 9, 71
MM, 26, 11, 16
MM, 28, 13, 9
MM, 29, 14, 7
MM, 33, 18, 8
MM, 36, 21, 8
MM, 40, 26, 8
MM, 6, 1, 34
MM, 8, 2, 7
MM, 10, 5, 8
MM, 14, 6, 7
MM, 18, 9, 9
MM, 23, 12, 8
MM, 26, 13, 7
MM, 32, 16, 8
MM, 38, 19, 9
MM, 4, 28, 16
MM, 67, 0, 24
MM, 82, 8, 16
MM, 95, 14, 16
MM, 107, 19, 16
MM, 113, 22, 8
MM, 121, 26, 16
MM, 125, 30, 16
MM, 129, 30, 8
MM, 133, 32, 16
MM, 136, 32, 15
MM, 137, 32, 32
MM, 137, 33, 193
MM, 137, 34, 16
MC, 1, 128
MM, 136, 33, 7
MM, 136, 31, 10
MM, 135, 29, 7
MM, 134, 27, 8
MM, 133, 26, 8
MM, 133, 24, 8
MM, 132, 24, 8
MM, 132, 23, 16
MM, 131, 21, 16
MM, 131, 20, 7
MM, 130, 19, 9
MM, 130, 16, 8
MM, 129, 13, 8
MM, 128, 10, 7
MM, 127, 8, 8
MM, 127, 6, 8
MM, 126, 4, 9
MM, 125, 1, 8
MM, 34, 28, 24
MM, 33, 24, 7
MM, 33, 20, 9
MM, 32, 16, 8
MM, 32, 14, 8
MM, 32, 12, 7
MM, 32, 9, 9
MM, 32, 6, 8
MM, 32, 3, 7
MM, 34, 31, 17
MM, 34, 26, 8
MM, 35, 20, 7
MM, 35, 16, 8
MM, 35, 13, 9
MM, 35, 11, 8
MM, 33, 8, 8
MM, 33, 6, 8
MM, 31, 5, 8
MM, 31, 4, 7
MM, 30, 4, 9
MM, 30, 3, 23
MM, 29, 2, 17
MM, 28, 1, 15
MM, 28, 0, 9
MM, 3, 21, 568
MM, 8, 21, 8
MM, 15, 20, 8
MM, 24, 19, 8
MM, 28, 18, 8
MM, 31, 17, 7
MM, 34, 17, 8
MM, 36, 16, 9
MM, 39, 16, 7
MM, 41, 15, 8
MM, 2, 10, 32
MM, 5, 9, 8
MM, 8, 8, 8
MM, 12, 8, 8
MM, 16, 7, 9
MM, 24, 7, 9
MM, 32, 7, 6
MM, 40, 7, 8
MM, 1, 7, 25
MM, 5, 7, 7
MM, 7, 7, 9
MM, 7, 6, 7
MM, 8, 6, 8
MM, 9, 5, 17
MM, 10, 4, 8
MM, 11, 4, 8
MM, 12, 4, 8
MM, 15, 3, 16
MM, 16, 3, 16
MM, 17, 3, 8
MM, 18, 3, 8
MM, 19, 3, 17
MM, 22, 3, 7
MM, 23, 3, 7
MM, 25, 3, 18
MM, 26, 3, 24
MM, 26, 4, 7
MM, 28, 4, 8
MM, 2, 7, 24
MM, 8, 10, 8
MM, 10, 11, 7
MM, 13, 13, 17
MM, 14, 13, 8
MM, 14, 14, 121
MM, 14, 15, 22
MM, 15, 15, 8
MM, 15, 16, 16
MC, 1, 120
MM, 14, 16, 74
MM, 12, 17, 16
MM, 9, 18, 16
MM, 0, 26, 32
MM, 13, 2, 30
MM, 4, 5, 8
MM, 40, 12, 16
MM, 33, 15, 8
MM, 23, 19, 8
MM, 17, 24, 16
MM, 9, 28, 17
MM, 5, 31, 7
MM, 1, 0, 17
MM, 41, 13, 23
MM, 37, 18, 8
MM, 33, 21, 9
MM, 30, 24, 7
MM, 27, 26, 8
MM, 25, 29, 9
MM, 23, 31, 7
MM, 155, 0, 41
MM, 152, 2, 8
MM, 150, 5, 8
MM, 147, 7, 7
MM, 145, 9, 9
MM, 145, 8, 7
MM, 142, 12, 8
MM, 138, 14, 8
MM, 137, 16, 8
MM, 133, 18, 8
MM, 131, 19, 8
MM, 130, 20, 8
MM, 129, 21, 8
MM, 127, 22, 8
MM, 126, 23, 8
MM, 126, 24, 9
MM, 125, 26, 7
MM, 125, 28, 8
MM, 125, 29, 8
MM, 125, 30, 8
MM, 125, 31, 17
MM, 125, 32, 16
MM, 125, 33, 8
MM, 125, 32, 256
MM, 124, 32, 8
MM, 124, 31, 16
MM, 123, 31, 7
MM, 123, 29, 9
MM, 122, 27, 16
MM, 122, 26, 8
MM, 121, 25, 8
MM, 120, 24, 8
MM, 120, 23, 32
MM, 120, 24, 79
MC, 1, 105
MM, 120, 22, 7
MM, 120, 21, 9
MM, 119, 18, 8
MM, 119, 16, 8
MM, 118, 13, 7
MM, 116, 11, 9
MM, 115, 9, 8
MM, 115, 8, 8
MM, 114, 7, 8
MM, 111, 6, 9
MM, 110, 5, 7
MM, 108, 3, 8
MM, 105, 1, 8
MM, 104, 0, 8
MM, 5, 31, 128
MM, 4, 29, 8
MM, 3, 29, 7
MM, 2, 27, 8
MM, 1, 27, 9
MM, 1, 26, 16
MM, 0, 26, 16
MM, 0, 25, 16
MM, 0, 24, 24
MM, 0, 19, 209
MM, 9, 22, 23
MM, 12, 23, 16
MM, 13, 23, 8
MM, 13, 22, 80
MM, 14, 21, 26
MM, 14, 19, 197
MM, 13, 18, 17
MM, 12, 16, 8
MM, 12, 15, 8
MM, 11, 13, 7
MM, 10, 12, 8
MM, 7, 10, 9
MM, 5, 7, 7
MM, 1, 4, 9
MM, 34, 30, 23
MM, 30, 26, 9
MM, 24, 23, 8
MM, 21, 17, 8
MM, 18, 14, 8
MM, 13, 10, 7
MM, 10, 5, 8
MM, 5, 1, 9
MM, 43, 1, 680
MM, 1, 10, 25
MM, 9, 18, 15
MM, 17, 26, 16
MM, 29, 1, 33
MM, 34, 4, 16
MM, 37, 7, 16
MM, 41, 9, 23
MM, 43, 11, 16
MM, 2, 19, 65
MM, 4, 22, 15
MM, 6, 22, 17
MM, 7, 23, 8
MM, 7, 24, 47
MM, 8, 24, 40
MM, 8, 25, 17
MM, 10, 26, 16
MM, 11, 28, 15
MM, 12, 29, 15
MM, 13, 30, 17
MM, 13, 31, 24
MM, 114, 1, 128
MM, 115, 2, 7
MM, 116, 3, 8
MM, 117, 5, 16
MM, 118, 7, 8
MM, 119, 7, 16
MM, 119, 8, 8
MM, 119, 9, 234
MM, 119, 10, 8
MM, 119, 11, 16
MM, 116, 10, 102
MM, 116, 9, 9
MM, 116, 8, 56
MM, 115, 8, 9
MM, 115, 7, 15
MM, 114, 7, 23
MM, 114, 6, 17
MM, 114, 5, 8
MM, 113, 4, 8
MM, 113, 3, 7
MM, 112, 1, 8
MM, 20, 31, 40
MM, 20, 29, 8
MM, 20, 26, 9
MM, 19, 23, 8
MM, 19, 19, 8
MM, 18, 13, 7
MM, 16, 9, 9
MM, 14, 4, 8
MM, 13, 2, 7
MM, 9, 27, 25
MM, 7, 22, 9
MM, 5, 18, 6
MM, 4, 13, 9
MM, 3, 9, 8
MM, 1, 4, 8
MM, 0, 1, 8
MM, 1, 13, 769
MM, 2, 13, 16
MM, 3, 13, 16
MM, 3, 12, 39
MM, 4, 12, 17
MM, 5, 11, 7
MM, 7, 11, 20
MM, 8, 11, 12
MM, 8, 10, 56
MM, 9, 10, 32
MM, 10, 10, 24
MM, 10, 11, 8
MM, 10, 12, 16
MM, 11, 12, 8
MC, 1, 96
MM, 11, 11, 16
MM, 12, 11, 8
MM, 13, 11, 8
MM, 14, 11, 8
MM, 19, 9, 7
MM, 31, 9, 8
MM, 43, 9, 8
MM, 5, 10, 9
MM, 14, 10, 7
MM, 23, 11, 8
MM, 34, 12, 8
MM, 42, 13, 8
MM, 7, 15, 16
MM, 15, 15, 8
MM, 21, 16, 8
MM, 24, 16, 8
MM, 26, 16, 8
MM, 27, 16, 9
MM, 28, 16, 7
MM, 30, 16, 8
MM, 31, 15, 9
MM, 33, 15, 8
MM, 3, 10, 15
MM, 8, 9, 9
MM, 11, 9, 8
MM, 15, 9, 8
MM, 20, 9, 7
MM, 28, 9, 9
MM, 5, 9, 16
MM, 8, 9, 7
MM, 10, 9, 8
MM, 11, 9, 8
MM, 13, 9, 8
MM, 15, 9, 8
MM, 21, 6, 8
MM, 27, 5, 9
MM, 33, 5, 8
MM, 34, 14, 442
MM, 33, 14, 15
MM, 32, 14, 32
MM, 32, 15, 33
MM, 32, 16, 63
MM, 32, 17, 48
MM, 32, 18, 8
MC, 1, 127
MM, 31, 18, 98
MM, 23, 18, 32
MM, 27, 18, 40
MM, 27, 21, 30
MM, 15, 22, 7
MM, 0, 25, 8
MM, 25, 29, 17
MM, 42, 2, 55
MM, 34, 3, 8
MM, 28, 4, 8
MM, 22, 5, 8
MM, 9, 7, 16
MM, 3, 7, 8
MM, 0, 8, 8
MM, 42, 8, 17
MM, 39, 8, 8
MM, 27, 8, 15
MM, 21, 8, 8
MM, 16, 8, 8
MM, 12, 8, 8
MM, 9, 8, 8
MM, 5, 8, 8
MM, 41, 7, 16
MM, 34, 6, 8
MM, 30, 6, 8
MM, 27, 6, 8
MM, 25, 6, 8
MM, 22, 6, 8
MM, 20, 6, 8
MM, 19, 5, 50
MM, 16, 2, 15
MM, 14, 0, 16
MC, 1, 384
MM, 20, 0, 199
MM, 20, 1, 8
MM, 21, 1, 25
MM, 21, 2, 24
MM, 22, 2, 106
MM, 22, 3, 15
MM, 22, 5, 223
MM, 23, 5, 7
MM, 23, 6, 9
MM, 24, 6, 8
MM, 24, 7, 8
MM, 25, 8, 7
MM, 25, 9, 9
MM, 26, 10, 7
MM, 27, 12, 9
MM, 27, 13, 7
MM, 28, 14, 8
MM, 28, 15, 9
MM, 30, 17, 8
MM, 32, 19, 7
MM, 34, 21, 9
MM, 36, 24, 8
MM, 40, 29, 8
MM, 1, 1, 16
MM, 6, 6, 7
MM, 11, 11, 9
MM, 14, 15, 7
MM, 19, 20, 9
MM, 23, 23, 8
MM, 25, 26, 8
MM, 29, 29, 8
MM, 80, 2, 41
MM, 82, 4, 15
MM, 84, 6, 16
MM, 86, 9, 16
MM, 87, 10, 9
MM, 88, 11, 15
MM, 89, 12, 16
MM, 90, 13, 32
MM, 91, 14, 8
MM, 93, 15, 16
MM, 96, 16, 16
MM, 98, 17, 16
MM, 99, 17, 81
MM, 100, 17, 48
MM, 100, 14, 287
MM, 98, 11, 8
MM, 96, 8, 8
MM, 95, 6, 8
MM, 94, 3, 7
MM, 93, 0, 8
MM, 0, 30, 57
MM, 43, 15, 120
MM, 43, 13, 8
MM, 42, 9, 16
MM, 42, 6, 8
MM, 42, 0, 16
MM, 0, 21, 32
MM, 4, 18, 8
MM, 8, 14, 16
MM, 10, 13, 8
MM, 13, 12, 8
MM, 19, 9, 8
MM, 25, 7, 8
MM, 29, 4, 8
MM, 32, 3, 8
MM, 32, 2, 8
MM, 33, 2, 8
MM, 33, 1, 24
MM, 34, 0, 16
MM, 0, 21, 185
MM, 1, 21, 8
MM, 2, 21, 16
MM, 3, 21, 55
MM, 4, 21, 8
MM, 8, 22, 17
MM, 15, 23, 24
MM, 20, 23, 16
MM, 24, 25, 24
MM, 26, 25, 8
MM, 27, 25, 32
MM, 29, 25, 15
MM, 31, 25, 8
MM, 34, 25, 8
MM, 38, 25, 16
MM, 39, 25, 7
MM, 40, 25, 8
MM, 41, 25, 8
MM, 42, 25, 25
MM, 43, 25, 24
MM, 43, 24, 40
MM, 0, 21, 96
MM, 2, 20, 7
MM, 3, 20, 17
MM, 5, 20, 7
MM, 7, 19, 16
MM, 9, 19, 17
MM, 11, 18, 8
MM, 15, 18, 8
MM, 18, 18, 8
MM, 21, 18, 16
MM, 22, 18, 40
MM, 23, 17, 58
MM, 24, 16, 32
MM, 24, 17, 78
MM, 26, 17, 8
MC, 1, 112
MM, 25, 17, 40
MM, 24, 17, 24
MM, 23, 17, 8
MM, 21, 18, 8
MM, 19, 18, 7
MM, 16, 20, 8
MM, 13, 20, 8
MM, 9, 21, 9
MM, 7, 22, 7
MM, 5, 22, 8
MM, 3, 23, 8
MM, 0, 25, 8
MM, 40, 26, 17
MM, 32, 27, 7
MM, 25, 28, 9
MM, 14, 29, 8
MM, 1, 30, 8
MM, 35, 1, 39
MM, 27, 3, 8
MM, 16, 6, 17
MM, 0, 10, 24
MM, 37, 11, 25
MM, 18, 12, 24
MM, 13, 13, 15
MM, 10, 13, 8
MM, 5, 15, 16
MM, 42, 14, 17
MM, 35, 12, 7
MM, 31, 12, 16
MM, 29, 12, 8
MM, 28, 12, 8
MM, 28, 13, 136
MM, 28, 14, 16
MM, 29, 15, 40
MM, 30, 16, 8
MM, 30, 17, 8
MM, 34, 15, 103
MM, 35, 14, 16
MM, 37, 14, 8
MM, 40, 14, 9
MM, 0, 14, 16
MM, 7, 15, 7
MM, 15, 16, 9
MM, 25, 16, 8
MM, 31, 16, 9
MM, 41, 16, 7
MM, 0, 16, 7
MM, 11, 14, 8
MM, 30, 13, 9
MM, 21, 13, 16
MM, 43, 13, 7
MM, 9, 13, 9
MM, 29, 12, 7
MM, 43, 12, 9
MM, 2, 12, 7
MM, 15, 9, 8
MM, 20, 7, 8
MM, 28, 4, 9
MM, 32, 2, 8
MM, 6, 31, 72
MM, 7, 30, 7
MM, 8, 29, 9
MM, 9, 28, 7
MM, 11, 28, 9
MM, 12, 27, 33
MM, 13, 27, 15
MM, 14, 26, 17
MM, 15, 26, 7
MM, 15, 25, 47
MM, 15, 24, 8
MM, 14, 24, 9
MM, 13, 23, 15
MM, 12, 23, 17
MM, 12, 21, 7
MM, 12, 20, 17
MM, 11, 20, 7
MM, 11, 19, 9
MM, 10, 19, 16
MM, 11, 20, 90
MM, 12, 22, 150
MM, 12, 24, 16
MM, 12, 26, 8
MM, 12, 28, 9
MM, 12, 29, 7
MM, 43, 4, 64
MM, 43, 5, 8
MM, 42, 6, 8
MM, 41, 8, 7
MM, 40, 9, 9
MM, 38, 11, 7
MM, 36, 13, 8
MM, 34, 15, 8
MM, 32, 18, 8
MM, 29, 20, 8
MM, 25, 23, 8
MM, 20, 24, 8
MM, 18, 25, 8
MM, 15, 27, 8
MM, 12, 27, 8
MM, 9, 28, 8
MM, 6, 28, 8
MM, 0, 28, 8
MM, 37, 29, 16
MM, 31, 29, 8
MM, 26, 29, 8
MM, 21, 29, 8
MM, 14, 29, 9
MM, 6, 29, 7
MM, 46, 29, 25
MM, 45, 31, 7
MM, 44, 31, 8
MM, 0, 7, 153
MM, 1, 8, 8
MM, 4, 9, 16
MM, 8, 10, 16
MM, 9, 11, 8
MM, 11, 12, 8
MM, 12, 12, 16
MM, 13, 12, 32
MM, 14, 12, 8
MM, 15, 12, 15
MM, 16, 12, 17
MM, 17, 12, 65
MM, 17, 13, 16
MM, 19, 15, 32
MM, 17, 12, 103
MM, 16, 10, 7
MM, 15, 9, 8
MM, 14, 8, 17
MM, 13, 7, 15
MM, 12, 6, 9
MM, 11, 5, 7
MM, 9, 3, 8
MM, 8, 2, 8
MM, 7, 1, 8
MM, 5, 1, 8
MM, 4, 0, 8
MM, 44, 30, 51
MM, 40, 28, 14
MM, 37, 26, 16
MM, 36, 26, 10
MM, 35, 25, 23
MM, 33, 24, 16
MM, 32, 23, 7
MM, 27, 20, 24
MM, 26, 20, 8
MM, 26, 19, 16
MM, 26, 20, 113
MM, 27, 22, 16
MC, 1, 102
MM, 28, 22, 41
MM, 30, 23, 16
MM, 30, 24, 8
MM, 32, 25, 8
MM, 32, 27, 8
MM, 33, 27, 8
MM, 34, 28, 7
MM, 34, 29, 9
MM, 35, 30, 8
MM, 40, 0, 40
MM, 41, 1, 7
MM, 43, 4, 17
MM, 1, 14, 40
MM, 2, 17, 8
MM, 5, 20, 16
MM, 6, 24, 16
MM, 7, 26, 16
MM, 7, 28, 9
MM, 8, 30, 15
MM, 9, 31, 8
MM, 152, 0, 57
MM, 153, 0, 6
MM, 153, 1, 16
MM, 153, 3, 25
MM, 154, 4, 7
MM, 154, 5, 17
MM, 154, 6, 25
MM, 154, 7, 16
MM, 154, 8, 39
MM, 155, 8, 8
MM, 155, 9, 16
MM, 155, 10, 130
MM, 157, 12, 23
MM, 157, 13, 9
MM, 155, 10, 101
MM, 154, 9, 8
MM, 153, 8, 8
MM, 152, 7, 9
MM, 151, 7, 7
MM, 151, 6, 9
MM, 150, 6, 7
MM, 149, 5, 8
MM, 148, 4, 8
MM, 147, 2, 8
MM, 146, 1, 9
MM, 145, 0, 7
MM, 42, 31, 40
MM, 38, 29, 9
MM, 34, 28, 8
MM, 31, 26, 9
MM, 28, 24, 7
MM, 27, 24, 8
MM, 26, 22, 8
MM, 25, 22, 8
MM, 23, 22, 7
MM, 22, 21, 9
MM, 20, 19, 9
MM, 18, 19, 7
MM, 17, 19, 7
MM, 16, 18, 8
MM, 14, 18, 8
MM, 13, 18, 9
MM, 12, 17, 8
MM, 10, 17, 7
MM, 9, 17, 8
MM, 7, 16, 9
MM, 6, 15, 8
MM, 5, 15, 15
MM, 3, 15, 9
MM, 1, 14, 9
MM, 41, 10, 31
MM, 39, 9, 8
MM, 36, 8, 16
MM, 35, 8, 48
MM, 33, 8, 16
MM, 32, 8, 8
MM, 32, 9, 65
MM, 32, 10, 15
MC, 1, 128
MM, 33, 9, 24
MM, 34, 9, 8
MM, 35, 9, 8
MM, 36, 8, 7
MM, 40, 7, 17
MM, 42, 5, 8
MM, 6, 3, 24
MM, 12, 3, 7
MM, 22, 3, 8
MM, 30, 3, 8
MM, 37, 2, 8
MM, 42, 1, 8
MM, 5, 31, 33
MM, 10, 28, 7
MM, 13, 26, 8
MM, 18, 22, 8
MM, 22, 18, 16
MM, 24, 14, 9
MM, 26, 11, 7
MM, 28, 8, 8
MM, 28, 5, 8
MM, 31, 1, 17
MM, 31, 0, 8
MM, 8, 31, 79
MM, 10, 31, 8
MM, 12, 30, 17
MM, 15, 30, 24
MM, 21, 27, 23
MM, 26, 27, 16
MM, 32, 26, 8
MM, 5, 23, 25
MM, 13, 22, 7
MM, 24, 20, 16
MM, 32, 20, 16
MM, 35, 20, 8
MM, 35, 17, 161
MM, 34, 17, 24
MM, 34, 16, 7
MM, 33, 15, 16
MM, 32, 15, 25
MM, 32, 14, 7
MM, 31, 14, 17
MM, 30, 14, 7
MM, 30, 15, 81
MM, 30, 16, 18
MM, 29, 17, 149
MM, 28, 17, 8
MM, 26, 17, 8
MM, 24, 17, 8
MM, 21, 17, 8
MM, 17, 17, 8
MM, 12, 18, 8
MM, 9, 19, 8
MM, 1, 20, 16
MM, 43, 21, 17
MM, 36, 22, 7
MM, 25, 24, 8
MM, 4, 27, 17
MM, 41, 29, 7
MM, 29, 30, 9
MM, 38, 1, 48
MM, 29, 4, 7
MM, 21, 5, 8
MM, 7, 7, 17
MM, 0, 8, 7
MM, 40, 9, 17
MM, 38, 10, 8
MM, 36, 11, 7
MM, 34, 11, 9
MM, 31, 12, 8
MM, 28, 12, 15
MM, 27, 12, 8
MM, 26, 12, 8
MM, 24, 12, 17
MM, 23, 11, 73
MM, 23, 8, 15
MM, 26, 4, 23
MM, 32, 0, 25
MC, 1, 928
MM, 1, 25, 145
MM, 13, 27, 23
MM, 21, 27, 16
MM, 28, 24, 25
MM, 30, 24, 15
MM, 35, 23, 24
MM, 41, 22, 15
MM, 5, 23, 24
MM, 8, 23, 8
MM, 11, 23, 16
MM, 12, 24, 8
MM, 13, 24, 25
MM, 13, 23, 32
MM, 13, 22, 15
MM, 13, 21, 25
MM, 13, 20, 39
MM, 13, 21, 73
MC, 1, 119
MM, 13, 20, 8
MM, 12, 20, 8
MM, 11, 21, 33
MM, 9, 22, 16
MM, 7, 23, 7
MM, 4, 24, 8
MM, 0, 25, 8
MM, 36, 26, 17
MM, 28, 27, 7
MM, 20, 27, 8
MM, 5, 29, 16
MM, 42, 1, 40
MM, 31, 3, 8
MM, 18, 4, 8
MM, 8, 6, 8
MM, 3, 7, 8
MM, 42, 8, 8
MM, 23, 11, 16
MM, 17, 13, 8
MM, 11, 16, 8
MM, 3, 18, 16
MM, 0, 18, 8
MM, 43, 21, 25
MM, 39, 22, 7
MM, 32, 22, 8
MM, 28, 22, 8
MM, 24, 22, 8
MM, 21, 22, 8
MM, 19, 22, 9
MM, 18, 22, 15
MM, 17, 22, 33
MM, 15, 22, 16
MM, 11, 21, 7
MM, 8, 21, 8
MM, 5, 20, 8
MM, 0, 17, 16
MM, 42, 11, 25
MM, 40, 11, 7
MM, 39, 9, 8
MM, 37, 8, 8
MM, 34, 7, 9
MM, 31, 7, 7
MM, 28, 6, 17
MM, 27, 6, 8
MM, 26, 6, 8
MM, 25, 5, 16
MM, 24, 5, 15
MM, 24, 4, 42
MM, 24, 5, 40
MM, 24, 6, 6
MM, 25, 8, 8
MM, 28, 8, 121
MM, 29, 7, 15
MM, 30, 7, 8
MM, 31, 7, 8
MM, 32, 7, 8
MM, 35, 7, 8
MM, 37, 7, 8
MM, 42, 8, 8
MM, 3, 12, 16
MM, 12, 14, 8
MM, 17, 16, 8
MM, 28, 19, 9
MM, 34, 21, 7
MM, 6, 23, 16
MM, 15, 24, 8
MM, 26, 25, 8
MM, 34, 26, 8
MM, 2, 29, 17
MM, 12, 31, 7
MM, 23, 31, 8
MM, 35, 31, 8
MM, 13, 31, 17
MM, 26, 31, 7
MM, 37, 31, 9
MM, 45, 31, 7
MM, 3, 30, 16
MM, 7, 30, 8
MM, 12, 30, 8
MM, 21, 29, 8
MM, 26, 27, 8
MM, 32, 25, 8
MM, 35, 24, 8
MM, 38, 23, 8
MM, 0, 19, 24
MM, 3, 18, 8
MM, 5, 18, 17
MM, 6, 18, 7
MM, 7, 17, 9
MM, 9, 16, 7
MM, 11, 16, 9
MM, 13, 15, 7
MM, 23, 13, 17
MM, 30, 13, 8
MM, 35, 13, 7
MM, 37, 13, 8
MM, 38, 13, 8
MM, 39, 12, 25
MM, 40, 12, 7
MM, 40, 10, 8
MM, 42, 9, 8
MM, 1, 8, 107
MM, 13, 9, 22
MM, 17, 9, 24
MM, 18, 9, 15
MM, 20, 9, 25
MM, 21, 9, 7
MM, 26, 9, 16
MM, 37, 10, 17
MM, 3, 14, 32
MM, 8, 16, 16
MM, 11, 16, 8
MM, 13, 16, 16
MM, 14, 16, 16
MM, 15, 16, 8
MM, 17, 16, 16
MM, 18, 16, 8
MM, 19, 16, 32
MM, 19, 17, 176
MC, 1, 97
MM, 18, 17, 72
MM, 7, 25, 56
MM, 25, 0, 78
MM, 21, 2, 8
MM, 15, 5, 8
MM, 9, 9, 8
MM, 41, 18, 24
MM, 35, 21, 8
MM, 32, 23, 8
MM, 27, 25, 9
MM, 10, 31, 16
MM, 172, 0, 33
MM, 164, 4, 7
MM, 149, 8, 16
MM, 139, 12, 26
MM, 139, 14, 15
MM, 138, 16, 23
MM, 136, 19, 24
MM, 135, 21, 15
MM, 133, 23, 26
MM, 132, 23, 8
MM, 132, 24, 30
MM, 132, 23, 73
MM, 131, 23, 97
MM, 131, 22, 32
MM, 131, 20, 41
MM, 131, 19, 22
MM, 132, 19, 72
MM, 133, 20, 24
MM, 133, 21, 9
MM, 133, 17, 103
MM, 133, 16, 8
MM, 133, 14, 8
MM, 136, 11, 16
MM, 139, 8, 8
MM, 143, 4, 16
MM, 147, 2, 8
MM, 23, 31, 31
MM, 27, 27, 9
MM, 31, 24, 7
MM, 36, 20, 8
MM, 42, 15, 8
MM, 3, 6, 18
MM, 9, 0, 14
MM, 10, 30, 32
MM, 14, 27, 17
MM, 21, 24, 15
MM, 30, 23, 25
MM, 34, 22, 16
MM, 36, 21, 8
MM, 38, 20, 8
MM, 41, 20, 8
MM, 2, 14, 32
MM, 4, 13, 7
MM, 6, 12, 8
MM, 7, 11, 8
MM, 9, 11, 17
MM, 10, 11, 184
MM, 11, 11, 31
MM, 11, 12, 8
MM, 11, 14, 8
MC, 1, 105
MM, 10, 14, 32
MM, 10, 11, 32
MM, 24, 5, 63
MM, 9, 5, 17
MM, 37, 2, 32
MM, 15, 0, 16
MM, 0, 21, 919
MM, 1, 20, 16
MM, 3, 17, 25
MM, 3, 16, 16
MM, 4, 16, 89
MM, 5, 17, 32
MM, 5, 18, 15
MM, 6, 18, 24
MM, 9, 20, 151
MM, 11, 19, 8
MM, 13, 19, 8
MM, 16, 19, 8
MM, 20, 19, 8
MM, 25, 19, 8
MM, 36, 19, 16
MM, 42, 19, 8
MM, 1, 20, 8
MM, 9, 22, 8
MM, 19, 23, 8
MM, 39, 25, 16
MM, 7, 28, 17
MM, 13, 28, 7
MM, 20, 28, 10
MM, 26, 28, 6
MM, 30, 28, 9
MM, 35, 28, 7
MM, 2, 27, 16
MM, 5, 27, 8
MM, 7, 27, 8
MM, 8, 27, 8
MM, 9, 26, 8
MM, 10, 26, 8
MM, 11, 26, 17
MM, 12, 25, 15
MM, 13, 25, 8
MM, 14, 24, 8
MM, 15, 24, 34
MM, 15, 23, 15
MM, 16, 23, 25
MM, 17, 23, 24
MM, 19, 23, 39
MM, 21, 23, 8
MM, 21, 22, 8
MM, 24, 22, 16
MM, 25, 22, 8
MM, 27, 22, 7
MM, 31, 21, 16
MM, 3, 20, 33
MM, 10, 19, 8
MM, 16, 18, 8
MM, 19, 18, 8
MM, 20, 18, 65
MM, 21, 18, 151
MC, 1, 103
MM, 20, 18, 24
MM, 19, 19, 24
MM, 19, 20, 8
MM, 17, 20, 9
MM, 15, 21, 7
MM, 13, 22, 8
MM, 10, 22, 8
MM, 6, 23, 9
MM, 2, 23, 8
MM, 28, 23, 16
MM, 20, 23, 8
MM, 12, 23, 7
MM, 0, 23, 9
MM, 29, 26, 15
MM, 12, 27, 8
MM, 42, 30, 9
MM, 28, 31, 7
MM, 38, 3, 41
MM, 26, 6, 7
MM, 18, 8, 8
MM, 8, 10, 8
MM, 1, 12, 9
MM, 35, 12, 24
MM, 30, 13, 8
MM, 25, 14, 8
MM, 17, 14, 16
MM, 10, 14, 8
MM, 40, 14, 24
MM, 33, 13, 8
MM, 14, 13, 16
MM, 3, 13, 15
MM, 41, 13, 57
MM, 36, 13, 8
MM, 26, 13, 16
MM, 23, 13, 8
MM, 17, 13, 16
MM, 10, 13, 16
MM, 8, 11, 16
MM, 5, 11, 8
MM, 0, 10, 16
MM, 43, 9, 25
MM, 40, 9, 16
MM, 39, 9, 15
MM, 38, 9, 25
MM, 37, 9, 7
MM, 35, 9, 15
MM, 32, 8, 8
MM, 31, 7, 16
MM, 30, 7, 9
MM, 30, 8, 64
MM, 30, 9, 32
MM, 30, 10, 16
MM, 30, 11, 15
MM, 30, 12, 16
MM, 31, 11, 121
MM, 33, 11, 23
MM, 34, 11, 9
MM, 35, 11, 7
MM, 37, 11, 8
MM, 40, 11, 8
MM, 42, 11, 9
MM, 1, 13, 23
MM, 2, 13, 8
MM, 4, 13, 8
MM, 6, 13, 9
MM, 8, 13, 7
MM, 10, 13, 9
MM, 11, 13, 7
MM, 13, 13, 9
MM, 15, 13, 8
MM, 17, 13, 8
MM, 19, 13, 9
MM, 20, 13, 6
MM, 23, 14, 8
MM, 25, 14, 9
MM, 28, 15, 7
MM, 32, 16, 8
MM, 35, 16, 8
MM, 36, 16, 9
MM, 38, 16, 7
MM, 40, 16, 8
MM, 43, 16, 8
MM, 0, 17, 24
MM, 3, 17, 9
MM, 8, 18, 7
MM, 18, 20, 16
MM, 25, 21, 16
MM, 26, 21, 154
MM, 26, 22, 16
MM, 26, 23, 7
MM, 26, 21, 120
MM, 27, 21, 72
MM, 30, 21, 7
MM, 32, 21, 17
MM, 33, 21, 9
MM, 34, 21, 7
MM, 35, 21, 31
MM, 36, 21, 25
MM, 38, 21, 7
MM, 39, 21, 8
MM, 41, 21, 9
MM, 43, 21, 8
MM, 2, 22, 24
MM, 5, 22, 8
MM, 12, 22, 17
MM, 22, 22, 16
MM, 24, 22, 8
MM, 25, 22, 32
MM, 25, 21, 15
MM, 26, 21, 16
MM, 27, 20, 16
MM, 31, 19, 16
MM, 34, 18, 16
MM, 38, 18, 7
MM, 0, 18, 33
MM, 3, 18, 7
MM, 9, 18, 16
MM, 11, 17, 8
MM, 12, 17, 8
MM, 13, 17, 8
MM, 15, 17, 8
MM, 19, 17, 17
MM, 25, 19, 7
MM, 37, 20, 8
MM, 9, 24, 16
MM, 21, 29, 9
MM, 7, 0, 24
MM, 14, 1, 8
MM, 18, 2, 8
MM, 22, 2, 8
MM, 28, 2, 16
MM, 30, 2, 8
MM, 31, 3, 8
MM, 32, 3, 8
MM, 33, 3, 8
MM, 37, 3, 16
MM, 40, 3, 8
MM, 43, 3, 8
MM, 2, 2, 24
MM, 5, 2, 8
MM, 9, 2, 8
MM, 12, 2, 8
MM, 14, 2, 8
MM, 18, 2, 16
MM, 20, 2, 8
MM, 24, 2, 8
MM, 30, 1, 8
MM, 37, 0, 8
MM, 41, 31, 96
MM, 44, 31, 8
MM, 47, 31, 8
MM, 48, 31, 15
MM, 247, 0, 3873
MM, 246, 1, 8
MM, 244, 2, 7
MM, 243, 4, 9
MM, 241, 6, 7
MM, 239, 8, 8
MM, 238, 9, 9
MM, 236, 10, 8
MM, 233, 12, 7
MM, 231, 15, 8
MM, 226, 18, 8
MM, 222, 22, 8
MM, 219, 24, 8
MM, 213, 26, 8
MM, 207, 29, 8
MM, 203, 32, 8
MM, 199, 35, 8
MM, 196, 37, 8
MM, 191, 39, 8
MM, 185, 43, 8
MM, 174, 45, 8
MM, 167, 47, 8
MM, 163, 50, 8
MM, 159, 52, 8
MM, 156, 53, 8
MM, 154, 53, 8
MM, 152, 55, 8
MM, 150, 56, 8
MM, 146, 58, 8
MM, 144, 59, 8
MM, 143, 60, 8
MM, 141, 62, 8
MM, 25, 4, 80
MM, 24, 5, 8
MM, 22, 7, 8
MM, 21, 9, 8
MM, 20, 9, 112
MM, 40, 36, 192471
MM, 36, 30, 7
MM, 22, 16, 14
MM, 17, 11, 6
MM, 9, 1, 8
MM, 8, 25, 13
MM, 0, 17, 6
MM, 38, 3, 14
MM, 32, 31, 7
MM, 21, 20, 13
MM, 10, 8, 14
MM, 36, 6, 89022
MM, 37, 3, 300
MM, 5, 31, 13
MM, 8, 29, 6
MM, 11, 24, 8
MM, 19, 16, 7
MM, 25, 12, 6
MM, 31, 0, 6
MM, 38, 30, 14
MM, 0, 22, 13
MM, 10, 19, 7
MM, 26, 12, 14
MM, 32, 9, 7
MM, 40, 29, 47
MM, 2, 28, 21
MM, 9, 28, 6
MM, 11, 1, 420
MM, 18, 3, 6
MM, 27, 8, 7
MM, 33, 10, 8
MM, 6, 18, 20
MM, 10, 20, 6
MM, 21, 23, 14
MM, 25, 25, 6
MM, 31, 27, 7
MM, 38, 29, 14
MM, 42, 29, 7
MM, 44, 29, 6
MM, 47, 31, 13
MM, 34, 0, 163
MM, 37, 0, 7
MM, 39, 2, 13
MM, 40, 3, 14
MM, 40, 4, 96
