**********************************
LOGGING TIME: 20180908_202326
CLIENT IP: 192.168.56.1
USERNAME: Nikhil
OS: Windows 10
*********************Neutral database**********************************
MM, 175, 61, 1537598292205
MM, 174, 50, 16
MM, 174, 45, 7
MM, 178, 1, 122
MM, 35, 22, 271
MM, 26, 15, 17
MM, 20, 10, 14
MM, 18, 9, 16
MM, 19, 9, 8
MM, 19, 14, 25
MM, 19, 13, 24
MM, 19, 12, 16
MM, 19, 12, 16
MM, 19, 14, 8
MM, 20, 15, 9
MM, 20, 14, 15
MM, 19, 14, 88
MM, 19, 13, 121
MM, 18, 13, 6184
MM, 17, 13, 144
MM, 17, 14, 32
MM, 12, 18, 24
MM, 4, 26, 24
MM, 111, 29, 568
MM, 111, 27, 23
MM, 111, 26, 8
MM, 111, 25, 15
MM, 112, 25, 154
MM, 113, 24, 264
MM, 77, 21, 40
MM, 75, 18, 10
MM, 74, 17, 5478
MM, 73, 15, 16
MM, 72, 14, 35
MM, 68, 10, 20
MM, 65, 7, 16
MM, 65, 8, 80
MM, 67, 15, 26
MM, 76, 27, 22
MM, 101, 3, 33
MM, 117, 19, 24
MC, 1, 773
MM, 68, 1, 20947
MM, 70, 13, 31
MM, 71, 22, 27
MM, 71, 24, 28
MM, 71, 25, 74
MM, 71, 28, 20
MM, 71, 29, 8
MC, 1, 418
MM, 76, 18, 2178
MM, 82, 8, 5
MM, 222, 4, 1978
MM, 222, 11, 6
MM, 220, 20, 12
MM, 220, 25, 7
MM, 220, 34, 14
MM, 219, 42, 15
MM, 218, 47, 12
MM, 218, 49, 7
MM, 215, 63, 60
MM, 4, 4, 618
MM, 2, 11, 7
MM, 1, 16, 10
MM, 43, 10, 39
MM, 41, 16, 16
MM, 41, 19, 8
MM, 41, 24, 16
MM, 63, 40, 88
MM, 10, 34, 479
MM, 10, 27, 8
MM, 23, 27, 8
MM, 26, 20, 8
MM, 27, 11, 8
MM, 26, 2, 8
MM, 35, 28, 16
MM, 34, 21, 8
MM, 33, 14, 8
MM, 33, 10, 8
MM, 33, 6, 8
MM, 33, 3, 8
MM, 33, 31, 24
MM, 37, 2, 72
MM, 237, 61, 1090
MM, 238, 57, 6
MM, 239, 52, 8
MM, 247, 6, 217
MM, 247, 8, 14
MM, 248, 9, 82
MM, 246, 9, 664
MM, 246, 10, 207
MM, 246, 11, 16
MM, 245, 11, 16
MM, 245, 12, 25
MM, 246, 12, 24
MM, 247, 13, 8
MM, 249, 14, 8
MM, 250, 15, 15
MM, 268, 24, 48
MM, 277, 28, 8
MM, 287, 34, 8
MM, 296, 38, 8
MM, 303, 43, 8
MM, 309, 48, 8
MM, 315, 52, 8
MM, 320, 56, 9
MM, 324, 60, 8
MM, 327, 62, 9
MM, 7, 0, 3839
MM, 6, 2, 8
MM, 6, 4, 52
MM, 6, 5, 3
MM, 5, 6, 8
MM, 5, 7, 17
MM, 4, 8, 16
MM, 4, 9, 8
MM, 3, 9, 7
MM, 3, 10, 8
MM, 2, 10, 8
MM, 41, 0, 425
MM, 37, 2, 8
MM, 36, 3, 16
MM, 35, 3, 16
MM, 30, 11, 81
MM, 30, 12, 24
MM, 30, 13, 15
MM, 29, 13, 449
MM, 28, 10, 63
MM, 28, 8, 16
MM, 28, 7, 15
MM, 27, 5, 16
MM, 26, 4, 16
MM, 26, 3, 8
MM, 40, 31, 179
MM, 78, 55, 103
MM, 75, 43, 23
MM, 72, 35, 17
MM, 69, 23, 23
MM, 66, 16, 16
MM, 64, 8, 16
MM, 62, 5, 8
MM, 60, 0, 8
MC, 1, 8071
MP, 1, 26250
MR, 1, 216
MC, 1, 0
MM, 36, 0, 143
MM, 36, 2, 12
MC, 1, 417
MM, 32, 0, 493
MM, 1, 35, 489
MM, 7, 41, 22
MM, 14, 48, 23
MM, 17, 52, 8
MM, 23, 57, 15
MM, 26, 60, 16
MM, 27, 61, 16
MM, 28, 61, 9
MM, 29, 61, 7
MM, 31, 63, 17
MM, 33, 63, 8
MM, 9, 2, 104
MM, 17, 10, 16
MM, 21, 14, 8
MM, 26, 20, 16
MM, 28, 21, 8
MM, 31, 24, 16
MM, 33, 26, 16
MM, 35, 27, 8
MM, 37, 28, 16
MM, 38, 29, 8
MM, 40, 30, 16
MM, 42, 30, 16
MM, 43, 30, 8
MM, 0, 29, 105
MM, 2, 27, 23
MM, 3, 25, 16
MM, 3, 23, 8
MM, 3, 22, 16
MM, 4, 22, 56
MM, 5, 21, 16
MM, 8, 21, 9
MM, 13, 20, 16
MM, 19, 20, 14
MM, 20, 20, 9
MM, 21, 20, 9
MM, 22, 21, 95
MM, 22, 22, 41
MM, 17, 22, 127
MM, 17, 21, 8
MM, 43, 19, 97
MM, 33, 19, 31
MM, 25, 19, 25
MM, 23, 19, 6
MM, 21, 19, 16
MM, 20, 19, 9
MM, 18, 19, 24
MM, 17, 19, 16
MM, 15, 20, 8
MM, 12, 20, 8
MM, 5, 20, 16
MM, 3, 20, 7
MM, 0, 20, 16
MM, 42, 20, 48
MM, 39, 19, 8
MM, 34, 19, 8
MM, 29, 18, 17
MM, 28, 18, 8
MM, 27, 18, 7
MM, 26, 18, 9
MM, 25, 18, 24
MC, 1, 248
MM, 26, 18, 64
MM, 28, 18, 16
MM, 30, 18, 7
MM, 32, 19, 8
MM, 35, 21, 9
MM, 39, 23, 8
MM, 3, 31, 15
MM, 2, 4, 89
MM, 9, 10, 7
MM, 25, 21, 16
MM, 31, 28, 8
MM, 2, 3, 18
MM, 24, 14, 16
MM, 37, 24, 6
MM, 156, 5, 25
MM, 194, 31, 88
MM, 196, 32, 8
MM, 199, 35, 16
MM, 200, 35, 8
MM, 201, 36, 7
MM, 203, 36, 17
MM, 204, 36, 24
MM, 204, 35, 24
MM, 206, 34, 8
MM, 207, 34, 8
MM, 208, 33, 8
MM, 210, 34, 16
MM, 209, 37, 8
MM, 209, 36, 24
MM, 209, 35, 8
MM, 210, 34, 16
MM, 211, 34, 8
MM, 214, 33, 8
MM, 216, 32, 7
MM, 218, 31, 16
MM, 219, 31, 8
MM, 220, 28, 8
MM, 0, 28, 330
MM, 2, 26, 16
MM, 2, 20, 8
MM, 3, 17, 95
MM, 3, 15, 48
MM, 3, 14, 24
MM, 5, 17, 55
MM, 5, 16, 8
MM, 6, 17, 8
MC, 1, 129
MM, 4, 16, 7
MM, 3, 16, 41
MM, 3, 17, 8
MM, 2, 17, 7
MM, 0, 17, 9
MM, 41, 22, 23
MM, 37, 24, 8
MM, 34, 23, 9
MM, 27, 24, 7
MM, 19, 26, 8
MM, 12, 28, 9
MM, 3, 31, 8
MM, 215, 3, 32
MM, 208, 6, 8
MM, 195, 10, 16
MM, 189, 12, 8
MM, 178, 16, 17
MM, 173, 17, 7
MM, 166, 20, 16
MM, 164, 20, 8
MM, 161, 21, 8
MM, 159, 22, 16
MM, 157, 22, 8
MM, 154, 23, 15
MM, 153, 23, 17
MM, 151, 23, 8
MM, 149, 24, 8
MM, 147, 24, 8
MM, 148, 24, 64
MC, 1, 135
MM, 148, 22, 8
MM, 148, 20, 8
MM, 148, 18, 8
MM, 148, 16, 8
MM, 149, 13, 8
MM, 151, 9, 8
MM, 152, 6, 8
MM, 154, 2, 9
MM, 18, 31, 23
MM, 21, 26, 8
MM, 22, 23, 8
MM, 23, 21, 8
MM, 24, 18, 8
MM, 25, 14, 8
MM, 26, 10, 8
MM, 26, 7, 8
MM, 26, 5, 8
MM, 26, 3, 8
MM, 27, 1, 8
MM, 27, 0, 8
MM, 25, 31, 113
MM, 26, 29, 7
MM, 26, 28, 9
MM, 26, 27, 7
MM, 26, 26, 17
MM, 25, 25, 55
MM, 24, 24, 17
MM, 23, 24, 15
MM, 23, 23, 9
MM, 24, 23, 80
MC, 1, 95
MM, 23, 23, 40
MM, 22, 23, 8
MM, 21, 23, 8
MM, 20, 22, 8
MM, 18, 21, 9
MM, 16, 21, 7
MM, 15, 21, 17
MM, 12, 19, 8
MM, 11, 19, 7
MM, 8, 19, 8
MM, 6, 20, 9
MM, 43, 20, 16
MM, 35, 21, 8
MM, 27, 21, 8
MM, 20, 21, 7
MM, 14, 21, 8
MM, 7, 21, 8
MM, 0, 21, 9
MM, 42, 22, 16
MM, 39, 22, 8
MM, 34, 22, 9
MM, 29, 22, 15
MM, 22, 22, 16
MM, 14, 22, 24
MM, 11, 22, 7
MM, 8, 22, 8
MM, 5, 22, 8
MM, 1, 22, 8
MM, 42, 22, 25
MM, 39, 22, 8
MM, 36, 22, 8
MM, 35, 22, 8
MM, 32, 23, 8
MM, 27, 23, 8
MM, 23, 23, 8
MM, 18, 23, 8
MM, 12, 23, 8
MM, 7, 23, 8
MM, 0, 23, 8
MM, 43, 23, 8
MM, 38, 23, 8
MM, 34, 23, 8
MM, 31, 23, 7
MM, 25, 23, 16
MM, 23, 23, 8
MM, 21, 23, 8
MM, 20, 23, 8
MM, 18, 23, 8
MM, 17, 23, 8
MM, 14, 22, 8
MM, 9, 22, 16
MM, 5, 22, 8
MM, 3, 21, 8
MM, 0, 20, 8
MM, 43, 20, 25
MM, 40, 19, 7
MM, 39, 19, 8
MM, 38, 19, 8
MM, 37, 19, 17
MM, 36, 19, 7
MM, 36, 18, 8
MM, 35, 18, 9
MM, 34, 17, 7
MM, 32, 16, 8
MM, 30, 16, 9
MM, 29, 16, 8
MM, 28, 15, 16
MM, 27, 15, 16
MM, 28, 15, 97
MM, 30, 14, 166
MM, 31, 13, 9
MM, 34, 12, 8
MM, 37, 11, 8
MM, 41, 8, 7
MM, 41, 9, 9
MM, 0, 5, 16
MM, 5, 2, 8
MM, 10, 1, 8
MC, 1, 568
MM, 43, 7, 226
MM, 43, 8, 39
MM, 42, 10, 31
MC, 1, 208
MM, 42, 9, 23
MM, 42, 8, 9
MM, 43, 7, 24
MM, 1, 7, 40
MM, 5, 7, 7
MM, 9, 7, 8
MM, 13, 7, 8
MM, 15, 7, 9
MM, 18, 7, 7
MM, 20, 7, 8
MM, 23, 7, 8
MM, 26, 7, 9
MM, 32, 6, 8
MM, 39, 5, 7
MM, 0, 4, 9
MM, 14, 4, 8
MM, 22, 4, 8
MM, 41, 4, 16
MM, 3, 4, 16
MM, 7, 4, 8
MM, 9, 3, 8
MM, 14, 2, 16
MM, 19, 1, 8
MM, 28, 1, 8
MM, 1, 1, 16
MM, 12, 1, 8
MM, 34, 1, 16
MM, 4, 1, 24
MM, 8, 1, 8
MM, 12, 0, 8
MM, 18, 0, 8
MM, 23, 0, 8
MM, 25, 31, 201
MM, 35, 29, 16
MM, 2, 27, 24
MM, 10, 26, 22
MM, 10, 25, 56
MM, 11, 25, 170
MM, 10, 25, 104
MC, 1, 174
MM, 9, 25, 8
MC, 2, 217
MM, 9, 24, 31
MM, 8, 24, 32
MM, 7, 24, 33
MM, 6, 24, 40
MM, 5, 24, 33
MM, 3, 25, 24
MM, 43, 30, 48
MM, 21, 8, 34
MM, 11, 18, 13
MM, 1, 28, 16
MM, 39, 0, 16
MM, 21, 16, 23
MM, 18, 20, 9
MM, 15, 25, 8
MM, 12, 29, 8
MM, 9, 31, 8
MM, 140, 3, 24
MM, 138, 6, 8
MM, 137, 6, 8
MM, 137, 8, 7
MM, 135, 10, 8
MM, 135, 11, 8
MM, 135, 12, 8
MM, 135, 13, 8
MM, 135, 15, 8
MM, 135, 16, 16
MM, 135, 17, 8
MM, 135, 18, 58
MM, 136, 19, 303
MM, 137, 19, 8
MM, 138, 19, 7
MM, 137, 20, 161
MM, 137, 19, 40
MM, 137, 18, 16
MM, 136, 17, 15
MM, 136, 16, 17
MM, 136, 15, 8
MM, 136, 14, 7
MM, 136, 13, 8
MM, 136, 11, 8
MM, 136, 10, 8
MM, 136, 9, 8
MM, 136, 7, 8
MM, 136, 5, 9
MM, 136, 4, 7
MM, 136, 2, 8
MM, 136, 1, 8
MM, 0, 2, 139
MM, 0, 31, 79
MM, 0, 30, 15
MM, 1, 30, 7
MM, 1, 28, 8
MM, 2, 27, 8
MM, 3, 26, 8
MM, 3, 25, 8
MM, 3, 24, 8
MM, 4, 23, 8
MM, 5, 23, 16
MM, 5, 22, 9
MM, 5, 21, 16
MM, 5, 20, 8
MM, 5, 19, 16
MM, 4, 18, 8
MM, 4, 17, 8
MM, 3, 17, 16
MM, 5, 17, 48
MM, 6, 17, 8
MM, 7, 17, 24
MM, 8, 18, 8
MM, 9, 18, 24
MM, 11, 20, 24
MM, 13, 21, 16
MM, 14, 21, 8
MM, 16, 23, 16
MM, 17, 24, 16
MM, 16, 24, 119
MM, 15, 24, 8
MM, 13, 24, 8
MM, 12, 23, 8
MM, 13, 23, 58
MM, 14, 23, 8
MC, 1, 136
MM, 13, 23, 6
MM, 12, 22, 16
MM, 10, 22, 24
MM, 10, 21, 17
MM, 9, 21, 8
MM, 5, 19, 7
MM, 2, 17, 8
MM, 45, 15, 17
MM, 40, 15, 7
MM, 35, 14, 8
MM, 30, 13, 9
MM, 23, 13, 8
MM, 17, 13, 7
MM, 11, 13, 8
MM, 5, 14, 9
MM, 0, 14, 8
MM, 39, 15, 15
MM, 33, 15, 9
MM, 29, 15, 8
MM, 23, 15, 7
MM, 18, 16, 8
MM, 11, 16, 9
MM, 3, 16, 8
MM, 43, 16, 7
MM, 38, 16, 8
MM, 34, 16, 8
MM, 28, 16, 9
MM, 23, 17, 7
MM, 17, 17, 8
MM, 11, 18, 8
MM, 4, 19, 8
MM, 43, 20, 17
MM, 38, 20, 7
MM, 34, 20, 8
MM, 30, 20, 9
MM, 27, 20, 8
MM, 25, 20, 8
MM, 22, 20, 7
MM, 19, 20, 9
MM, 16, 20, 9
MM, 14, 20, 6
MM, 11, 20, 8
MM, 9, 20, 9
MM, 8, 20, 8
MM, 7, 20, 7
MM, 6, 20, 8
MM, 4, 20, 17
MM, 3, 20, 7
MM, 2, 20, 8
MP, 1, 251
MR, 1, 126
MC, 1, 0
MM, 0, 13, 23
MM, 2, 13, 8
MM, 4, 13, 8
MM, 6, 12, 8
MM, 9, 12, 8
MM, 11, 12, 8
MM, 13, 12, 9
MM, 15, 12, 7
MM, 16, 12, 8
MM, 17, 12, 8
MM, 18, 12, 9
MM, 19, 12, 15
MM, 20, 12, 17
MM, 21, 12, 8
MM, 22, 12, 16
MM, 23, 12, 16
MM, 21, 12, 138
MM, 8, 12, 46
MM, 4, 12, 16
MM, 2, 12, 15
MM, 5, 12, 33
MM, 4, 12, 16
MM, 3, 12, 8
MM, 1, 12, 8
MM, 0, 12, 16
MP, 1, 218
MR, 1, 117
MM, 0, 13, 74
MM, 2, 13, 16
MM, 4, 13, 15
MM, 5, 13, 8
MM, 6, 13, 16
MM, 7, 13, 16
MM, 9, 14, 16
MM, 12, 15, 16
MM, 15, 16, 16
MM, 17, 16, 16
MM, 19, 17, 16
MM, 20, 17, 24
MM, 18, 17, 129
MM, 17, 17, 7
MM, 14, 17, 16
MM, 9, 17, 17
MM, 5, 17, 15
MM, 2, 17, 16
MM, 1, 17, 23
MM, 0, 17, 8
MM, 43, 17, 49
MM, 42, 17, 16
MM, 41, 17, 8
MM, 40, 17, 16
MM, 39, 17, 16
MM, 38, 17, 16
MM, 37, 17, 16
MM, 36, 17, 16
MM, 35, 17, 16
MC, 1, 208
MM, 36, 17, 39
MM, 38, 16, 32
MM, 40, 16, 17
MM, 43, 15, 7
MM, 3, 15, 17
MM, 6, 15, 7
MM, 8, 15, 8
MM, 10, 15, 8
MM, 12, 15, 9
MM, 14, 15, 7
MM, 15, 15, 16
MM, 17, 15, 9
MM, 19, 15, 7
MM, 21, 15, 8
MM, 22, 15, 17
MM, 23, 15, 8
MM, 24, 15, 41
MM, 25, 15, 7
MM, 28, 15, 16
MM, 29, 15, 16
MM, 29, 16, 65
MM, 30, 16, 7
MC, 1, 103
MM, 31, 16, 81
MM, 32, 17, 7
MM, 33, 18, 17
MM, 36, 20, 7
MM, 37, 21, 8
MM, 38, 22, 9
MM, 40, 25, 8
MM, 42, 27, 8
MM, 2, 4, 31
MM, 7, 9, 8
MM, 9, 13, 8
MM, 12, 17, 8
MM, 14, 22, 8
MM, 17, 25, 9
MM, 18, 27, 7
MM, 21, 31, 8
MM, 20, 3, 32
MM, 24, 7, 8
MM, 29, 11, 9
MM, 34, 14, 7
MM, 37, 18, 8
MM, 41, 21, 8
MM, 43, 22, 9
MM, 44, 23, 8
MM, 45, 23, 7
MM, 45, 24, 8
MM, 46, 25, 9
MM, 47, 25, 8
MM, 49, 26, 7
MM, 50, 27, 8
MM, 52, 29, 9
MM, 56, 30, 8
MM, 59, 33, 8
MM, 62, 35, 7
MM, 67, 38, 9
MM, 70, 40, 7
MP, 1, 282
MR, 1, 111
MC, 1, 0
MM, 76, 41, 71
MM, 76, 39, 9
MM, 76, 38, 9
MM, 76, 37, 15
MM, 76, 36, 25
MM, 76, 34, 15
MM, 76, 33, 16
MM, 76, 32, 17
MM, 76, 31, 63
MM, 77, 30, 8
MM, 79, 28, 16
MM, 79, 27, 8
MM, 80, 26, 8
MM, 80, 24, 16
MM, 80, 23, 16
MM, 79, 22, 16
MM, 80, 22, 234
MC, 1, 141
MM, 79, 21, 17
MM, 78, 20, 40
MM, 77, 20, 15
MM, 77, 19, 9
MM, 77, 18, 15
MM, 76, 17, 8
MM, 76, 15, 8
MM, 76, 14, 9
MM, 76, 13, 7
MM, 76, 8, 16
MM, 76, 5, 9
MM, 77, 2, 7
MM, 79, 0, 8
MM, 0, 26, 25
MM, 3, 22, 8
MM, 7, 18, 8
MM, 11, 13, 8
MM, 12, 10, 7
MM, 12, 7, 8
MM, 12, 5, 10
MM, 12, 2, 6
MM, 12, 0, 8
MM, 12, 30, 34
MM, 13, 29, 16
MM, 13, 28, 8
MM, 13, 27, 8
MM, 13, 26, 14
MM, 12, 24, 25
MM, 11, 23, 8
MM, 10, 21, 7
MM, 10, 20, 17
MM, 10, 18, 16
MM, 10, 17, 16
MM, 10, 15, 16
MM, 10, 14, 8
MM, 10, 14, 16
MM, 12, 12, 16
MM, 13, 11, 8
MM, 14, 10, 8
MM, 14, 9, 16
MM, 14, 8, 16
MM, 13, 8, 32
MM, 13, 7, 8
MM, 13, 6, 16
MM, 12, 5, 15
MM, 12, 4, 9
MM, 11, 3, 16
MM, 10, 2, 24
MM, 10, 1, 24
MM, 10, 0, 8
MM, 35, 1, 448
MM, 37, 2, 7
MM, 39, 4, 8
MM, 42, 5, 9
MM, 43, 6, 8
MM, 44, 6, 8
MM, 45, 6, 49
MM, 45, 7, 7
MM, 0, 10, 32
MM, 3, 12, 8
MM, 7, 14, 16
MM, 8, 14, 88
MM, 9, 15, 48
MM, 10, 15, 24
MM, 7, 15, 151
MM, 5, 14, 8
MM, 4, 14, 8
MM, 2, 14, 8
MM, 0, 14, 8
MM, 44, 11, 16
MM, 40, 10, 8
MM, 34, 8, 8
MM, 28, 7, 8
MM, 20, 5, 8
MM, 11, 4, 8
MM, 2, 1, 8
MC, 1, 504
MM, 1, 4, 114
MM, 12, 17, 15
MM, 22, 28, 16
MM, 25, 31, 8
MM, 34, 3, 23
MM, 34, 5, 8
MM, 35, 7, 8
MM, 38, 12, 8
MM, 0, 31, 33
MM, 96, 1, 23
MM, 98, 3, 8
MM, 100, 7, 9
MM, 102, 9, 16
MM, 104, 10, 8
MM, 104, 11, 8
MM, 105, 13, 8
MM, 106, 14, 8
MM, 107, 15, 8
MM, 109, 17, 16
MM, 110, 18, 8
MM, 110, 19, 8
MM, 110, 20, 81
MM, 111, 20, 19
MM, 111, 21, 12
MM, 112, 21, 153
MM, 113, 21, 8
MC, 1, 142
MM, 115, 20, 25
MM, 118, 17, 7
MM, 123, 14, 8
MM, 129, 10, 8
MM, 137, 6, 9
MM, 143, 1, 8
MM, 25, 30, 24
MM, 27, 27, 8
MM, 30, 23, 9
MM, 32, 20, 7
MM, 33, 14, 15
MM, 34, 9, 8
MM, 41, 4, 16
MM, 43, 0, 8
MM, 1, 29, 33
MM, 4, 27, 8
MM, 7, 26, 16
MM, 7, 25, 16
MM, 7, 24, 31
MM, 8, 23, 8
MM, 9, 23, 8
MM, 11, 23, 8
MM, 12, 23, 9
MM, 14, 21, 8
MM, 14, 22, 7
MM, 14, 19, 17
MM, 23, 18, 8
MM, 28, 17, 8
MM, 32, 16, 8
MM, 1, 14, 24
MM, 13, 12, 16
MM, 13, 10, 8
MM, 17, 6, 16
MM, 18, 3, 17
MM, 18, 1, 15
MM, 18, 0, 23
MM, 34, 31, 113
MM, 34, 30, 8
MM, 35, 29, 8
MM, 0, 22, 145
MM, 3, 18, 23
MM, 4, 17, 16
MM, 5, 17, 9
MM, 6, 16, 24
MM, 8, 16, 16
MM, 9, 16, 23
MM, 10, 16, 24
MM, 12, 17, 17
MM, 13, 17, 15
MM, 14, 17, 16
MM, 14, 18, 8
MC, 1, 105
MM, 13, 18, 14
MM, 12, 18, 17
MM, 11, 18, 7
MM, 10, 18, 8
MM, 7, 20, 9
MM, 5, 22, 7
MM, 3, 24, 8
MM, 35, 30, 17
MM, 3, 2, 23
MM, 39, 9, 17
MM, 32, 12, 7
MM, 26, 15, 8
MM, 21, 19, 8
MM, 18, 22, 9
MM, 13, 26, 7
MM, 9, 30, 8
MM, 6, 1, 16
MM, 5, 2, 8
MM, 5, 8, 8
MM, 4, 10, 8
MM, 3, 13, 9
MM, 1, 14, 7
MM, 1, 15, 8
MM, 1, 16, 9
MM, 0, 16, 16
MM, 0, 17, 16
MM, 0, 18, 40
MM, 43, 16, 137
MM, 39, 14, 16
MM, 32, 11, 15
MM, 19, 10, 24
MM, 15, 10, 16
MM, 16, 10, 74
MM, 17, 10, 24
MM, 18, 10, 16
MM, 21, 10, 125
MM, 22, 10, 8
MM, 23, 10, 8
MM, 24, 10, 8
MM, 26, 10, 8
MM, 27, 9, 8
MM, 28, 9, 8
MM, 31, 9, 9
MM, 35, 9, 7
MM, 42, 9, 8
MM, 1, 9, 8
MM, 10, 9, 8
MM, 18, 9, 9
MM, 24, 9, 7
MM, 29, 8, 8
MM, 32, 8, 9
MM, 32, 7, 15
MM, 33, 6, 17
MM, 35, 5, 8
MM, 38, 4, 7
MM, 2, 1, 17
MM, 11, 0, 9
MM, 39, 31, 95
MM, 41, 31, 8
MM, 42, 30, 16
MM, 42, 29, 40
MM, 1, 28, 48
MM, 13, 27, 16
MM, 19, 26, 8
MM, 25, 24, 16
MM, 26, 24, 8
MM, 26, 22, 15
MM, 27, 22, 41
MM, 28, 22, 24
MM, 29, 21, 15
MM, 30, 21, 114
MC, 1, 135
MM, 28, 21, 8
MM, 26, 20, 16
MM, 24, 19, 7
MM, 23, 19, 9
MM, 21, 17, 7
MM, 18, 16, 8
MM, 12, 13, 8
MM, 4, 11, 9
MM, 38, 6, 15
MM, 32, 3, 8
MM, 29, 4, 9
MM, 22, 3, 7
MM, 15, 1, 8
MM, 6, 31, 48
MM, 3, 30, 10
MM, 1, 29, 7
MM, 43, 26, 40
MM, 39, 23, 16
MM, 38, 23, 8
MM, 34, 21, 16
MM, 31, 20, 16
MM, 28, 19, 8
MM, 23, 18, 16
MM, 20, 18, 16
MM, 17, 20, 16
MM, 15, 20, 8
MM, 11, 20, 15
MM, 8, 21, 8
MM, 6, 21, 9
MM, 3, 21, 8
MM, 0, 21, 7
MM, 43, 21, 17
MM, 39, 21, 8
MM, 36, 21, 8
MM, 34, 21, 7
MM, 33, 21, 8
MM, 32, 21, 8
MM, 31, 21, 40
MM, 28, 22, 10
MM, 25, 22, 6
MM, 23, 22, 8
MM, 21, 22, 8
MM, 20, 22, 8
MM, 20, 23, 122
MM, 21, 23, 7
MM, 22, 23, 8
MC, 1, 136
MM, 22, 24, 107
MM, 22, 27, 30
MM, 10, 0, 30
MM, 11, 3, 8
MM, 12, 8, 8
MM, 13, 11, 8
MM, 13, 14, 8
MM, 13, 17, 8
MM, 13, 20, 8
MM, 14, 23, 8
MM, 14, 25, 8
MM, 14, 29, 8
MM, 17, 2, 24
MM, 17, 8, 9
MM, 17, 11, 8
MM, 17, 15, 7
MM, 15, 21, 9
MM, 13, 25, 8
MM, 11, 31, 8
MM, 146, 1, 16
MM, 145, 4, 8
MM, 143, 9, 7
MM, 141, 12, 9
MM, 141, 14, 7
MM, 139, 17, 9
MM, 138, 19, 8
MM, 137, 21, 7
MM, 136, 22, 8
MM, 136, 23, 9
MM, 135, 24, 8
MM, 135, 25, 8
MM, 135, 26, 8
MM, 135, 27, 8
MM, 134, 29, 15
MM, 134, 30, 33
MM, 134, 31, 73
MM, 134, 32, 31
MM, 135, 32, 232
MM, 136, 32, 25
MC, 1, 119
MM, 135, 32, 48
MM, 135, 31, 7
MM, 134, 30, 41
MM, 133, 29, 31
MM, 133, 28, 8
MM, 132, 27, 17
MM, 131, 26, 8
MM, 130, 23, 16
MM, 129, 20, 17
MM, 128, 13, 16
MM, 126, 10, 7
MM, 125, 8, 8
MM, 125, 5, 8
MM, 125, 2, 8
MM, 33, 31, 15
MM, 32, 27, 8
MM, 31, 21, 8
MM, 31, 17, 8
MM, 31, 13, 8
MM, 31, 11, 8
MM, 31, 7, 8
MM, 30, 2, 8
MM, 27, 31, 32
MM, 26, 28, 8
MM, 26, 27, 8
MM, 24, 25, 8
MM, 22, 23, 8
MM, 20, 22, 8
MM, 20, 21, 8
MM, 19, 20, 8
MM, 19, 19, 8
MM, 19, 18, 8
MM, 19, 17, 8
MM, 19, 16, 8
MM, 18, 14, 9
MM, 17, 13, 7
MM, 17, 11, 9
MM, 16, 9, 7
MM, 16, 7, 8
MM, 16, 6, 17
MM, 15, 3, 7
MM, 15, 2, 8
MM, 15, 1, 8
MM, 15, 0, 17
MC, 1, 1096
MM, 4, 28, 272
MM, 8, 28, 8
MM, 15, 28, 7
MM, 21, 28, 8
MM, 28, 29, 8
MM, 36, 29, 8
MM, 42, 30, 8
MM, 0, 30, 17
MM, 2, 30, 7
MM, 4, 30, 8
MM, 6, 30, 8
MM, 8, 30, 8
MM, 9, 30, 8
MM, 10, 30, 8
MM, 12, 30, 8
MM, 15, 30, 8
MM, 22, 30, 8
MM, 30, 30, 8
MM, 41, 30, 16
MM, 0, 29, 74
MM, 4, 29, 16
MM, 12, 28, 24
MM, 20, 28, 24
MM, 22, 28, 16
MM, 25, 28, 15
MM, 26, 28, 8
MM, 27, 27, 8
MM, 30, 26, 15
MM, 31, 26, 8
MM, 32, 26, 16
MM, 32, 25, 9
MM, 33, 25, 16
MM, 34, 25, 16
MM, 34, 24, 32
MM, 35, 23, 33
MM, 35, 22, 39
MM, 0, 18, 153
MM, 3, 16, 16
MM, 5, 16, 15
MM, 6, 16, 48
MM, 7, 16, 49
MM, 5, 16, 246
MM, 4, 16, 9
MM, 3, 16, 7
MM, 1, 15, 8
MM, 0, 15, 8
MM, 35, 15, 17
MM, 32, 15, 8
MM, 27, 14, 7
MM, 22, 13, 8
MM, 17, 12, 8
MM, 13, 11, 8
MM, 9, 10, 9
MM, 3, 10, 7
MM, 42, 8, 17
MM, 35, 7, 8
MM, 29, 7, 7
MM, 22, 7, 8
MM, 18, 7, 9
MM, 12, 7, 9
MM, 8, 7, 6
MM, 4, 7, 8
MM, 1, 7, 9
MM, 43, 8, 15
MM, 38, 9, 8
MM, 34, 9, 8
MM, 29, 9, 9
MM, 25, 9, 8
MM, 22, 9, 7
MM, 19, 10, 9
MM, 18, 10, 8
MM, 17, 10, 7
MM, 15, 10, 8
MM, 14, 11, 9
MM, 12, 11, 16
MM, 11, 11, 7
MM, 10, 11, 9
MM, 8, 11, 8
MM, 9, 11, 89
MM, 9, 11, 248
MM, 7, 12, 25
MM, 24, 0, 487
MM, 24, 3, 23
MM, 24, 4, 16
MM, 25, 6, 16
MM, 26, 10, 16
MM, 26, 11, 7
MM, 26, 14, 17
MM, 26, 16, 16
MM, 26, 18, 16
MM, 26, 19, 16
MM, 26, 20, 89
MC, 1, 150
MM, 27, 20, 56
MM, 29, 20, 17
MM, 30, 21, 8
MM, 33, 21, 16
MM, 36, 21, 8
MM, 2, 25, 24
MM, 17, 27, 16
MM, 29, 28, 9
MM, 9, 1, 55
MM, 19, 2, 8
MM, 43, 5, 16
MM, 27, 8, 16
MM, 25, 14, 16
MM, 23, 23, 24
MM, 39, 24, 16
MM, 0, 22, 23
MM, 2, 21, 8
MM, 4, 21, 8
MM, 9, 20, 16
MM, 12, 19, 8
MM, 16, 19, 8
MM, 20, 19, 8
MM, 26, 19, 9
MM, 29, 19, 7
MM, 31, 19, 17
MM, 31, 18, 24
MM, 31, 17, 8
MM, 33, 16, 8
MM, 42, 16, 16
MM, 1, 16, 15
MM, 5, 16, 8
MM, 13, 14, 16
MM, 19, 14, 8
MM, 22, 13, 8
MM, 25, 12, 8
MM, 26, 11, 16
MM, 27, 9, 17
MM, 28, 9, 7
MM, 28, 7, 9
MM, 29, 4, 16
MM, 29, 3, 16
MM, 29, 2, 7
MM, 29, 1, 9
MM, 24, 31, 48
MM, 24, 30, 8
MM, 25, 29, 15
MM, 25, 28, 8
MM, 25, 27, 17
MM, 25, 26, 7
MM, 25, 25, 16
MM, 25, 24, 25
MM, 25, 23, 16
MM, 26, 23, 16
MM, 26, 22, 8
MM, 26, 21, 7
MM, 27, 21, 90
MC, 1, 238
MM, 26, 21, 96
MM, 25, 21, 40
MM, 24, 21, 8
MM, 23, 21, 8
MM, 22, 21, 8
MM, 21, 22, 9
MM, 19, 22, 7
MM, 18, 23, 8
MM, 17, 24, 8
MM, 14, 26, 17
MM, 10, 28, 7
MM, 5, 30, 8
MM, 37, 3, 24
MM, 32, 5, 8
MM, 28, 7, 9
MM, 22, 10, 7
MM, 17, 14, 8
MM, 11, 18, 8
MM, 6, 17, 9
MM, 0, 20, 8
MM, 37, 27, 15
MM, 30, 30, 8
MM, 201, 0, 24
MM, 197, 3, 8
MM, 193, 6, 9
MM, 190, 8, 7
MM, 186, 10, 8
MM, 185, 12, 9
MM, 183, 12, 8
MM, 182, 12, 7
MM, 181, 14, 8
MM, 180, 15, 9
MM, 179, 15, 8
MM, 178, 15, 7
MM, 178, 17, 8
MM, 177, 17, 9
MM, 176, 18, 8
MM, 175, 19, 7
MM, 175, 20, 8
MM, 174, 20, 9
MM, 173, 22, 8
MM, 172, 23, 32
MM, 172, 24, 24
MM, 172, 25, 9
MM, 171, 25, 8
MM, 171, 26, 24
MM, 170, 27, 24
MM, 171, 27, 128
MC, 1, 151
MM, 171, 25, 40
MM, 172, 25, 8
MM, 172, 24, 8
MM, 173, 23, 7
MM, 173, 21, 9
MM, 174, 19, 15
MM, 178, 16, 8
MM, 184, 12, 8
MM, 191, 8, 8
MM, 200, 2, 9
MM, 35, 26, 24
MM, 43, 21, 8
MM, 10, 5, 16
MM, 28, 28, 16
MM, 7, 12, 24
MM, 10, 9, 8
MM, 12, 6, 16
MM, 13, 4, 16
MM, 13, 3, 16
MM, 14, 3, 8
MM, 15, 2, 16
MM, 16, 2, 8
MM, 16, 1, 24
MM, 16, 0, 16
MM, 5, 30, 56
MM, 9, 29, 8
MM, 15, 28, 16
MM, 18, 26, 16
MM, 19, 26, 8
MM, 20, 25, 16
MM, 21, 25, 8
MM, 21, 24, 8
MM, 22, 24, 56
MM, 23, 24, 24
MM, 24, 24, 8
MM, 25, 24, 8
MC, 1, 152
MM, 24, 24, 23
MM, 23, 24, 8
MM, 21, 24, 8
MM, 19, 24, 8
MM, 15, 24, 8
MM, 10, 24, 8
MM, 0, 25, 8
MM, 31, 25, 8
MM, 23, 25, 8
MM, 5, 28, 9
MM, 33, 28, 7
MM, 16, 30, 8
MM, 10, 1, 25
MM, 41, 6, 8
MM, 25, 15, 8
MM, 6, 21, 8
MM, 38, 24, 8
MM, 20, 26, 8
MM, 7, 28, 7
MM, 39, 31, 89
MM, 34, 31, 8
MM, 20, 31, 16
MM, 13, 30, 8
MM, 3, 28, 16
MM, 1, 27, 16
MM, 0, 27, 16
MM, 43, 27, 32
MM, 40, 26, 8
MM, 34, 26, 16
MM, 30, 25, 15
MM, 28, 24, 8
MM, 24, 24, 16
MM, 23, 24, 8
MM, 22, 24, 8
MM, 21, 24, 16
MM, 20, 24, 58
MM, 18, 23, 15
MM, 14, 22, 24
MM, 13, 22, 9
MM, 10, 21, 32
MM, 3, 17, 23
MM, 43, 12, 64
MM, 41, 11, 8
MM, 39, 10, 16
MC, 1, 247
MM, 40, 10, 24
MM, 42, 10, 25
MM, 43, 10, 8
MM, 1, 10, 24
MM, 8, 11, 17
MM, 18, 12, 15
MM, 24, 13, 8
MM, 32, 15, 8
MM, 42, 16, 8
MM, 7, 19, 16
MM, 13, 19, 8
MM, 22, 20, 8
MM, 30, 22, 8
MM, 41, 23, 8
MM, 1, 23, 8
MM, 28, 27, 16
MM, 8, 31, 16
MM, 20, 0, 98
MM, 36, 0, 24
MM, 38, 0, 16
MM, 13, 31, 167
MM, 41, 31, 32
MM, 2, 26, 199
MM, 17, 26, 16
MM, 29, 26, 16
MM, 31, 26, 8
MM, 33, 26, 16
MM, 33, 25, 74
MM, 34, 25, 112
MM, 34, 25, 238
MM, 33, 25, 24
MM, 32, 25, 8
MM, 31, 25, 7
MM, 28, 25, 9
MM, 26, 24, 8
MM, 23, 23, 8
MM, 20, 23, 7
MM, 15, 23, 9
MM, 7, 23, 8
MM, 38, 23, 16
MM, 29, 23, 8
MM, 17, 23, 8
MM, 7, 23, 7
MM, 41, 27, 377
MM, 38, 27, 16
MM, 34, 27, 24
MM, 33, 27, 8
MM, 32, 27, 32
MM, 26, 26, 16
MM, 19, 24, 16
MM, 13, 23, 16
MM, 9, 22, 16
MM, 8, 22, 16
MM, 5, 22, 16
MM, 42, 20, 40
MM, 41, 20, 8
MM, 39, 19, 25
MM, 37, 19, 17
MM, 35, 19, 15
MM, 33, 19, 23
MM, 32, 19, 8
MM, 31, 19, 8
MM, 30, 19, 23
MM, 29, 19, 25
MM, 28, 18, 24
MM, 26, 18, 8
MM, 24, 17, 16
MM, 23, 17, 8
MC, 1, 263
MM, 24, 17, 48
MM, 25, 17, 9
MM, 26, 17, 9
MM, 34, 17, 15
MM, 41, 19, 17
MM, 0, 22, 31
MM, 3, 23, 8
MM, 5, 23, 8
MM, 8, 24, 8
MM, 12, 26, 8
MM, 20, 29, 16
MM, 24, 31, 8
MM, 1, 4, 65
MM, 5, 5, 24
MM, 6, 6, 24
MM, 7, 6, 15
MM, 8, 6, 33
MM, 9, 6, 15
MM, 11, 8, 16
MM, 12, 8, 8
MM, 13, 8, 16
MM, 14, 8, 24
MM, 16, 8, 8
MM, 19, 9, 16
MM, 20, 9, 57
MC, 1, 190
MM, 19, 8, 24
MM, 17, 6, 9
MM, 16, 4, 8
MM, 14, 2, 7
MM, 14, 0, 8
MM, 14, 29, 33
MM, 15, 27, 8
MM, 16, 24, 7
MM, 16, 20, 8
MM, 16, 18, 8
MM, 17, 15, 8
MM, 18, 12, 9
MM, 19, 10, 8
MM, 20, 7, 8
MM, 22, 5, 7
MM, 23, 3, 8
MM, 24, 1, 8
MM, 25, 0, 9
MC, 1, 559
MM, 32, 4, 137
MM, 34, 8, 8
MM, 36, 12, 7
MM, 37, 15, 8
MM, 39, 17, 9
MM, 40, 20, 8
MM, 42, 21, 8
MM, 42, 23, 7
MM, 5, 2, 65
MM, 6, 3, 8
MM, 7, 5, 8
MM, 9, 8, 8
MM, 10, 11, 8
MM, 11, 13, 7
MM, 12, 15, 8
MM, 13, 17, 8
MM, 15, 19, 8
MM, 15, 21, 8
MM, 17, 23, 9
MM, 18, 25, 7
MM, 21, 27, 8
MM, 21, 28, 9
MM, 24, 31, 7
MM, 69, 0, 33
MM, 70, 1, 7
MM, 71, 2, 8
MM, 72, 2, 17
MM, 72, 3, 8
MM, 73, 4, 8
MM, 75, 6, 8
MM, 79, 9, 17
MM, 82, 13, 15
MM, 83, 14, 8
MM, 84, 15, 17
MM, 84, 16, 15
MM, 85, 16, 16
MM, 85, 17, 8
MM, 86, 17, 40
MM, 87, 17, 320
MM, 89, 17, 160
MM, 92, 16, 7
MM, 97, 14, 8
MM, 102, 12, 9
MM, 108, 11, 9
MM, 115, 9, 6
MM, 123, 7, 8
MM, 131, 6, 8
MM, 138, 3, 8
MM, 146, 1, 8
MM, 23, 31, 25
MM, 32, 28, 8
MM, 38, 23, 7
MM, 43, 22, 8
MM, 2, 19, 17
MM, 6, 17, 7
MM, 6, 15, 8
MM, 7, 13, 8
MM, 9, 11, 8
MM, 10, 8, 9
MM, 12, 5, 7
MM, 15, 2, 8
MM, 31, 29, 32
MM, 36, 27, 9
MM, 39, 25, 8
MM, 42, 25, 7
MM, 43, 23, 8
MM, 0, 3, 257
MM, 1, 2, 8
MM, 13, 31, 40
MM, 13, 29, 8
MM, 12, 26, 16
MM, 12, 25, 8
MM, 12, 24, 24
MM, 12, 23, 48
MM, 12, 22, 24
MM, 13, 21, 8
MM, 13, 20, 32
MM, 14, 20, 64
MM, 15, 20, 58
MC, 1, 285
MM, 14, 21, 73
MM, 13, 22, 8
MM, 11, 22, 7
MM, 9, 23, 8
MM, 5, 25, 9
MM, 3, 25, 8
MM, 1, 28, 7
MM, 19, 3, 32
MM, 15, 6, 8
MM, 12, 10, 9
MM, 8, 14, 7
MM, 4, 18, 8
MM, 4, 23, 8
MM, 1, 27, 9
MM, 42, 4, 23
MM, 37, 9, 9
MM, 31, 13, 9
MM, 28, 16, 6
MM, 24, 18, 8
MM, 23, 19, 9
MM, 22, 19, 8
MM, 21, 20, 7
MM, 20, 20, 17
MM, 20, 21, 8
MM, 19, 21, 33
MM, 18, 22, 8
MM, 15, 23, 15
MM, 14, 23, 9
MM, 15, 23, 223
MM, 16, 22, 16
MM, 18, 21, 15
MM, 19, 20, 16
MM, 20, 20, 8
MM, 20, 19, 16
MM, 21, 19, 40
MC, 1, 256
MM, 20, 19, 56
MM, 19, 19, 24
MM, 19, 20, 16
MM, 18, 21, 17
MM, 18, 22, 16
MM, 18, 23, 9
MM, 16, 26, 23
MM, 15, 30, 25
MM, 153, 1, 48
MM, 152, 4, 16
MM, 151, 8, 16
MM, 151, 12, 16
MM, 150, 14, 15
MM, 150, 15, 16
MM, 150, 16, 24
MM, 150, 17, 24
MM, 149, 18, 49
MM, 148, 19, 8
MM, 148, 20, 223
MM, 149, 20, 25
MM, 150, 21, 24
MC, 1, 127
MM, 150, 20, 40
MM, 148, 18, 7
MM, 147, 17, 8
MM, 145, 16, 8
MM, 145, 13, 9
MM, 144, 12, 9
MM, 143, 9, 6
MM, 142, 7, 9
MM, 140, 1, 8
MM, 46, 28, 81
MM, 46, 24, 16
MM, 46, 20, 16
MM, 46, 16, 16
MM, 46, 11, 16
MM, 46, 9, 8
MM, 46, 6, 16
MM, 46, 3, 15
MM, 45, 1, 16
MM, 0, 31, 65
MC, 1, 534
MM, 0, 4, 258
MM, 2, 5, 25
MM, 4, 6, 22
MM, 5, 6, 56
MM, 7, 7, 24
MM, 8, 7, 60
MM, 8, 8, 8
MM, 9, 8, 45
MM, 10, 8, 8
MC, 1, 158
MM, 9, 8, 33
MM, 8, 8, 24
MM, 6, 8, 8
MM, 4, 8, 8
MM, 42, 5, 24
MM, 35, 3, 8
MM, 28, 2, 8
MM, 24, 2, 8
MM, 19, 0, 7
MM, 16, 0, 8
MC, 1, 689
MM, 41, 4, 153
MM, 0, 21, 31
MM, 2, 28, 16
MM, 4, 30, 8
MM, 8, 2, 24
MM, 10, 8, 8
MM, 11, 14, 8
MM, 13, 23, 16
MM, 15, 25, 8
MM, 16, 28, 8
MM, 17, 29, 8
MM, 63, 0, 40
MM, 64, 2, 7
MM, 66, 4, 8
MM, 68, 6, 8
MM, 71, 9, 16
MM, 72, 10, 9
MM, 74, 12, 7
MM, 75, 13, 8
MM, 78, 16, 16
MM, 80, 17, 8
MM, 83, 21, 16
MM, 84, 22, 8
MM, 85, 22, 17
MM, 85, 23, 24
MM, 86, 23, 7
MM, 86, 24, 8
MM, 87, 24, 9
MM, 89, 26, 16
MM, 91, 27, 8
MM, 91, 28, 8
MM, 92, 28, 16
MM, 92, 29, 48
MM, 93, 29, 32
MM, 94, 29, 144
MM, 95, 30, 25
MC, 1, 142
MM, 94, 30, 56
MM, 94, 29, 8
MM, 93, 29, 17
MM, 93, 28, 8
MM, 93, 26, 8
MM, 92, 25, 7
MM, 91, 24, 9
MM, 91, 23, 8
MM, 92, 22, 47
MM, 94, 22, 9
MM, 99, 21, 7
MM, 103, 19, 9
MM, 107, 16, 7
MM, 112, 12, 9
MM, 115, 9, 8
MM, 118, 5, 8
MM, 120, 1, 8
MM, 34, 29, 16
MM, 34, 25, 8
MM, 38, 15, 16
MM, 41, 2, 16
MM, 46, 28, 16
MM, 1, 8, 31
MM, 2, 5, 8
MM, 3, 2, 8
MM, 3, 0, 8
MM, 17, 31, 81
MM, 18, 30, 16
MM, 21, 29, 16
MM, 25, 28, 25
MM, 26, 27, 15
MM, 27, 27, 16
MM, 28, 25, 17
MM, 29, 25, 16
MM, 29, 24, 14
MM, 30, 24, 17
MM, 32, 24, 8
MM, 34, 24, 16
MM, 35, 24, 7
MM, 37, 24, 8
MM, 38, 24, 9
MM, 42, 24, 15
MM, 1, 23, 33
MM, 3, 23, 8
MM, 5, 23, 8
MM, 6, 23, 7
MM, 7, 23, 9
MM, 7, 22, 64
MM, 7, 21, 80
MM, 8, 21, 33
MM, 9, 21, 47
MM, 10, 21, 16
MM, 10, 22, 16
MM, 11, 22, 169
MC, 1, 142
MM, 10, 22, 96
MM, 10, 24, 9
MM, 9, 26, 9
MM, 8, 27, 6
MM, 8, 29, 8
MM, 8, 31, 9
MM, 43, 1, 32
MM, 42, 6, 17
MM, 40, 11, 15
MM, 38, 16, 15
MM, 37, 18, 8
MM, 36, 19, 8
MM, 36, 21, 8
MM, 36, 23, 9
MM, 35, 25, 8
MM, 34, 27, 8
MM, 32, 30, 8
MM, 31, 0, 23
MM, 30, 3, 8
MM, 29, 4, 8
MM, 29, 5, 8
MM, 28, 6, 8
MM, 28, 7, 40
MM, 27, 8, 83
MM, 27, 9, 86
MC, 1, 136
MM, 28, 8, 32
MM, 28, 7, 8
MM, 30, 6, 9
MM, 31, 4, 7
MM, 32, 3, 7
MM, 34, 0, 9
MM, 38, 29, 23
MM, 41, 24, 9
MM, 2, 12, 24
MM, 7, 7, 9
MM, 15, 1, 7
MM, 0, 28, 313
MM, 1, 28, 23
MM, 4, 27, 8
MM, 8, 26, 16
MM, 10, 26, 8
MM, 13, 26, 16
MM, 15, 26, 15
MM, 15, 25, 17
MM, 16, 24, 47
MM, 17, 24, 97
MC, 1, 167
MM, 16, 24, 41
MM, 14, 24, 24
MM, 13, 24, 8
MM, 10, 24, 7
MM, 5, 23, 8
MM, 41, 28, 32
MM, 40, 28, 17
MM, 32, 28, 8
MM, 24, 28, 8
MM, 11, 28, 16
MM, 38, 28, 32
MM, 30, 28, 16
MM, 26, 28, 8
MM, 16, 28, 17
MM, 8, 28, 15
MM, 6, 28, 16
MM, 5, 28, 8
MM, 5, 29, 16
MM, 4, 29, 24
MM, 3, 29, 8
MM, 0, 29, 15
MC, 1, 521
MC, 1, 808
MM, 26, 1, 264
MM, 26, 2, 9
MM, 26, 4, 24
MM, 26, 5, 17
MM, 26, 7, 15
MM, 26, 9, 24
MM, 26, 10, 71
MC, 1, 160
MM, 27, 10, 71
MM, 28, 10, 8
MM, 29, 11, 17
MM, 30, 12, 8
MM, 31, 13, 7
MM, 33, 14, 8
MM, 34, 16, 9
MM, 37, 18, 8
MM, 38, 20, 7
MM, 41, 23, 8
MM, 43, 26, 9
MM, 3, 4, 32
MM, 5, 7, 7
MM, 6, 11, 8
MM, 9, 14, 8
MM, 10, 16, 8
MM, 12, 20, 8
MM, 13, 21, 8
MM, 14, 23, 8
MM, 15, 25, 9
MM, 16, 27, 8
MM, 18, 28, 7
MM, 19, 30, 8
MM, 67, 0, 50
MM, 69, 3, 16
MM, 70, 4, 15
MM, 72, 8, 16
MM, 73, 8, 8
MM, 74, 9, 8
MM, 76, 11, 16
MM, 76, 12, 8
MM, 77, 12, 8
MM, 77, 14, 8
MM, 78, 15, 24
MM, 78, 16, 72
MM, 79, 17, 41
MM, 79, 18, 95
MM, 80, 18, 16
MM, 80, 19, 17
MM, 81, 19, 15
MC, 1, 119
MM, 80, 19, 48
MM, 78, 18, 24
MM, 77, 18, 8
MM, 73, 15, 8
MM, 71, 15, 9
MM, 65, 12, 8
MM, 61, 10, 7
MM, 55, 8, 8
MM, 51, 8, 8
MM, 46, 6, 8
MM, 42, 5, 8
MM, 37, 3, 8
MM, 33, 2, 9
MM, 27, 1, 8
MM, 24, 1, 7
MM, 9, 29, 80
MM, 4, 27, 9
MM, 41, 22, 24
MM, 36, 21, 16
MM, 32, 20, 16
MM, 28, 19, 16
MM, 24, 17, 8
MM, 11, 15, 16
MM, 1, 10, 16
MM, 43, 2, 40
MM, 43, 0, 16
MM, 41, 30, 57
MM, 41, 26, 15
MM, 41, 22, 15
MM, 41, 20, 17
MM, 41, 19, 16
MM, 40, 18, 16
MM, 39, 18, 8
MM, 38, 17, 8
MM, 36, 15, 24
MM, 35, 15, 8
MM, 34, 15, 16
MM, 34, 14, 25
MM, 33, 14, 40
MM, 32, 14, 40
MM, 33, 14, 207
MM, 37, 17, 16
MM, 41, 18, 16
MM, 42, 19, 7
MM, 2, 20, 49
MM, 5, 20, 8
MM, 8, 21, 8
MM, 11, 22, 8
MM, 16, 23, 16
MM, 17, 23, 8
MM, 17, 24, 48
MM, 18, 26, 32
MM, 18, 27, 7
MM, 18, 28, 9
MM, 18, 30, 7
MM, 18, 1, 32
MM, 17, 2, 8
MM, 17, 3, 8
MM, 17, 4, 17
MM, 17, 5, 16
MM, 17, 6, 7
MM, 17, 7, 17
MM, 18, 9, 8
MM, 19, 11, 8
MM, 21, 14, 7
MM, 22, 19, 8
MM, 24, 21, 9
MM, 25, 24, 16
MM, 26, 25, 8
MM, 26, 26, 8
MM, 26, 27, 16
MM, 26, 28, 8
MM, 26, 29, 8
MM, 26, 30, 24
MM, 25, 30, 16
MM, 25, 31, 8
MM, 24, 31, 16
MM, 24, 30, 80
MM, 24, 29, 16
MM, 23, 28, 8
MM, 22, 26, 8
MM, 22, 25, 8
MM, 21, 21, 16
MM, 21, 19, 7
MM, 21, 17, 8
MM, 21, 14, 8
MM, 21, 9, 16
MM, 21, 7, 8
MM, 21, 5, 8
MM, 22, 3, 8
MM, 23, 2, 8
MM, 23, 1, 16
MM, 23, 0, 8
MM, 25, 30, 41
MM, 25, 29, 7
MM, 26, 28, 8
MM, 26, 27, 9
MM, 26, 26, 16
MM, 26, 25, 40
MM, 25, 25, 16
MM, 25, 24, 16
MM, 24, 24, 23
MM, 24, 23, 8
MM, 24, 22, 89
MM, 25, 22, 520
MM, 27, 23, 25
MM, 28, 23, 10
MM, 29, 23, 45
MC, 1, 2984
MM, 30, 23, 63
MM, 31, 22, 33
MM, 32, 22, 8
MM, 33, 22, 8
MM, 33, 21, 9
MM, 34, 21, 8
MM, 36, 21, 14
MM, 38, 20, 9
MM, 5, 18, 32
MM, 22, 17, 16
MM, 28, 16, 8
MM, 34, 15, 16
MM, 37, 12, 16
MM, 37, 11, 8
MM, 39, 6, 16
MM, 42, 2, 16
MM, 20, 0, 984
MM, 18, 1, 17
MM, 15, 3, 15
MM, 11, 4, 16
MM, 10, 5, 9
MM, 7, 6, 16
MM, 6, 7, 15
MM, 4, 7, 16
MM, 2, 8, 8
MM, 0, 8, 8
MM, 41, 10, 23
MM, 39, 10, 9
MM, 38, 10, 7
MM, 38, 11, 105
MC, 1, 160
MM, 39, 11, 48
MM, 41, 10, 17
MM, 2, 7, 17
MM, 20, 7, 14
MM, 28, 6, 16
MM, 31, 6, 8
MM, 42, 6, 24
MM, 2, 6, 17
MM, 18, 6, 15
MM, 43, 7, 16
MM, 4, 7, 8
MM, 23, 9, 24
MM, 27, 9, 16
MM, 31, 7, 16
MM, 35, 6, 8
MM, 2, 4, 16
MM, 11, 3, 8
MM, 17, 2, 8
MM, 22, 2, 8
MM, 24, 1, 8
MM, 24, 0, 23
MC, 1, 472
MC, 1, 752
MM, 31, 0, 226
MM, 31, 1, 24
MM, 31, 2, 15
MM, 30, 2, 16
MM, 30, 3, 8
MM, 29, 4, 16
MM, 29, 6, 16
MM, 29, 7, 8
MM, 28, 7, 23
MM, 28, 8, 8
MM, 28, 9, 8
MM, 27, 10, 25
MM, 26, 11, 7
MM, 26, 12, 42
MM, 27, 12, 64
MC, 1, 119
MM, 28, 11, 64
MM, 29, 11, 16
MM, 31, 11, 16
MM, 33, 11, 7
MM, 36, 12, 8
MM, 38, 12, 8
MM, 40, 12, 9
MM, 43, 12, 8
MM, 2, 14, 24
MM, 9, 15, 17
MM, 19, 17, 15
MM, 33, 20, 17
MM, 42, 22, 15
MM, 1, 23, 41
MM, 9, 25, 16
MM, 25, 27, 16
MM, 30, 0, 95
MM, 40, 2, 16
MM, 3, 5, 16
MM, 11, 6, 16
MM, 19, 9, 16
MM, 34, 13, 24
MM, 1, 16, 32
MM, 8, 18, 16
MM, 18, 20, 16
MM, 21, 20, 8
MM, 29, 21, 24
MM, 31, 21, 9
MM, 32, 21, 16
MM, 37, 21, 15
MM, 1, 18, 32
MM, 6, 17, 17
MM, 8, 14, 23
MM, 9, 13, 16
MM, 10, 13, 33
MM, 10, 12, 39
MM, 11, 12, 9
MM, 12, 11, 31
MM, 13, 11, 24
MM, 13, 12, 8
MM, 15, 12, 16
MM, 16, 13, 8
MM, 17, 13, 17
MM, 17, 14, 6
MM, 17, 15, 16
MM, 19, 15, 16
MM, 20, 16, 49
MM, 21, 16, 24
MM, 22, 17, 7
MM, 23, 17, 8
MM, 24, 17, 218
MM, 26, 17, 25
MM, 32, 18, 23
MM, 35, 18, 14
MM, 39, 18, 16
MM, 42, 18, 8
MM, 0, 19, 217
MM, 1, 19, 8
MM, 4, 19, 24
MM, 11, 19, 25
MM, 14, 19, 15
MM, 15, 19, 8
MM, 16, 19, 104
MM, 17, 19, 24
MC, 1, 136
MM, 18, 19, 74
MM, 26, 17, 32
MM, 277, 1, 2999
MM, 275, 3, 7
MM, 271, 9, 16
MM, 264, 23, 16
MM, 254, 37, 16
MM, 252, 40, 8
MM, 245, 53, 16
MM, 241, 63, 8
MM, 11, 4, 65
MM, 33, 5, 24
MM, 17, 27, 16
MM, 44, 11, 15
MM, 31, 37, 16
MM, 30, 14, 135994
MM, 30, 13, 223
MM, 28, 8, 24
MM, 26, 0, 24
MM, 22, 25, 16
MM, 18, 10, 23
MM, 16, 2, 16
MM, 43, 29, 56
MM, 43, 20, 8
MM, 43, 11, 9
MM, 139, 61, 24
MM, 139, 45, 15
MM, 139, 29, 16
MM, 137, 22, 8
MM, 136, 14, 16
MM, 135, 8, 16
MM, 134, 2, 16
MM, 337, 4, 714
MM, 340, 27, 15
MM, 342, 37, 7
MM, 344, 56, 9
MM, 7, 5, 53
MM, 7, 11, 18
MM, 16, 22, 15
MM, 21, 27, 9
MM, 26, 31, 7
MM, 11, 0, 32
MM, 12, 1, 32
MM, 13, 2, 8
MM, 16, 5, 8
MM, 18, 7, 8
MM, 20, 9, 8
MM, 23, 11, 8
MM, 24, 13, 8
MM, 25, 14, 8
MM, 26, 15, 8
MM, 27, 16, 16
MM, 27, 17, 8
MM, 28, 19, 8
MM, 29, 22, 8
MM, 31, 25, 8
MM, 34, 29, 8
MM, 1, 7, 57
MM, 9, 11, 7
MM, 14, 15, 8
MM, 13, 15, 8
MM, 13, 14, 57
MM, 16, 16, 8
MM, 20, 19, 8
MM, 25, 22, 8
MM, 31, 26, 7
MM, 36, 29, 10
MM, 40, 31, 7
MM, 42, 33, 8
MM, 44, 34, 8
MM, 43, 34, 96
MM, 44, 35, 111
