**********************************
LOGGING TIME: 20180908_203012
CLIENT IP: 192.168.56.1
USERNAME: Nikhil
OS: Windows 10
*********************Neutral database**********************************
MM, 109, 29, 1537598292544
MM, 99, 28, 120
MM, 99, 26, 8
MM, 99, 25, 72
MM, 100, 24, 24
MM, 100, 23, 16
MM, 100, 22, 16
MM, 100, 21, 42
MM, 93, 18, 22
MM, 91, 17, 8
MM, 91, 16, 152
MM, 90, 16, 9576
MM, 72, 9, 25
MM, 71, 30, 711
MM, 72, 28, 15
MM, 72, 27, 17
MM, 72, 26, 24
MM, 72, 25, 96
MC, 1, 230
MM, 72, 24, 66
MM, 72, 23, 8
MM, 71, 23, 32
MM, 71, 20, 8
MM, 71, 19, 15
MM, 70, 19, 73
MM, 75, 18, 3259
MM, 97, 16, 20
MM, 135, 14, 34
MM, 162, 8, 27
MM, 2, 6, 27
MM, 25, 2, 25
MM, 37, 2, 14
MM, 47, 2, 15
MM, 55, 2, 12
MM, 62, 2, 14
MM, 59, 2, 1241
MM, 67, 27, 24
MM, 178, 18, 6447
MM, 173, 60, 8
MM, 3, 16, 999
MM, 43, 3, 88
MM, 74, 27, 24
MM, 68, 5, 8
MM, 456, 0, 31595
MM, 449, 16, 14
MM, 447, 23, 6
MM, 443, 40, 14
MM, 442, 46, 6
MM, 442, 55, 14
MM, 441, 59, 7
MM, 439, 63, 14
MM, 419, 63, 90
MM, 404, 59, 19
MM, 390, 58, 19
MM, 385, 57, 13
MM, 381, 56, 14
MM, 376, 55, 13
MM, 373, 53, 14
MM, 372, 53, 6
MM, 370, 53, 14
MC, 1, 472
MM, 367, 47, 2224
MM, 360, 41, 7
MM, 351, 33, 10
MM, 326, 16, 24
MM, 318, 11, 7
MM, 307, 1, 16
MM, 392, 3, 192
MM, 400, 7, 8
MM, 414, 17, 16
MM, 420, 25, 8
MM, 426, 31, 8
MM, 434, 38, 8
MM, 441, 46, 8
MM, 448, 53, 8
MM, 454, 62, 8
MM, 354, 62, 1986
MM, 346, 56, 6
MM, 318, 30, 122
MM, 317, 28, 15
MM, 317, 27, 7
MM, 317, 26, 160
MM, 318, 26, 24
MM, 319, 25, 32
MM, 320, 25, 64
MC, 1, 136
MM, 321, 25, 1144
MM, 323, 25, 25
MM, 324, 26, 15
MM, 325, 26, 7
MM, 327, 27, 9
MM, 332, 29, 47
MM, 334, 30, 8
MM, 337, 32, 16
MM, 339, 33, 8
MM, 340, 35, 8
MM, 344, 38, 16
MM, 345, 40, 8
MM, 348, 42, 8
MM, 351, 44, 8
MM, 357, 48, 16
MM, 360, 50, 8
MM, 363, 52, 8
MM, 369, 55, 16
MM, 371, 56, 8
MM, 373, 57, 8
MM, 385, 63, 41
MM, 334, 63, 1306
MM, 327, 59, 14
MM, 322, 54, 16
MM, 309, 38, 112
MM, 307, 33, 15
MM, 305, 30, 8
MM, 302, 26, 8
MM, 300, 24, 8
MM, 298, 22, 9
MM, 296, 20, 15
MM, 297, 20, 67
MM, 299, 20, 16
MC, 1, 125
MM, 300, 20, 8
MM, 301, 20, 33
MM, 302, 20, 7
MM, 303, 21, 17
MM, 307, 21, 8
MM, 310, 23, 8
MM, 317, 26, 8
MM, 325, 30, 7
MM, 335, 36, 8
MM, 345, 42, 8
MM, 354, 49, 9
MM, 361, 56, 8
MM, 21, 2, 111
MM, 23, 3, 9
MM, 25, 5, 8
MM, 28, 6, 8
MM, 33, 8, 7
MM, 34, 13, 6753
MM, 16, 11, 16
MM, 28, 1, 24
MM, 20, 1, 24
MM, 311, 60, 91
MM, 303, 48, 14
MM, 295, 35, 24
MM, 293, 34, 16
MM, 293, 33, 8
MM, 292, 32, 15
MM, 291, 31, 7
MM, 290, 29, 9
MM, 289, 26, 8
MM, 287, 22, 8
MM, 286, 20, 8
MM, 283, 16, 16
MM, 283, 14, 8
MM, 282, 14, 7
MM, 282, 12, 16
MM, 281, 11, 8
MM, 280, 10, 19
MM, 279, 10, 14
MM, 279, 9, 16
MM, 278, 9, 7
MM, 279, 9, 106
MC, 1, 143
MM, 279, 10, 161
MM, 280, 10, 31
MM, 280, 11, 40
MM, 280, 12, 33
MM, 263, 13, 79
MM, 262, 13, 25
MM, 261, 13, 48
MM, 262, 13, 311
MM, 264, 16, 16
MM, 271, 22, 16
MM, 275, 26, 8
MM, 287, 35, 16
MM, 298, 44, 16
MM, 312, 55, 16
MM, 321, 62, 8
MM, 6, 6, 73
MM, 24, 19, 16
MM, 32, 0, 2070
MM, 32, 3, 8
MM, 32, 8, 17
MM, 32, 11, 15
MM, 33, 13, 17
MM, 33, 14, 16
MM, 33, 15, 16
MM, 32, 15, 16
MM, 31, 16, 24
MM, 30, 16, 8
MM, 28, 17, 16
MM, 24, 17, 16
MM, 21, 17, 16
MM, 19, 17, 16
MM, 17, 17, 8
MM, 10, 16, 16
MM, 41, 15, 32
MM, 33, 14, 16
MM, 28, 10, 16
MM, 25, 10, 9
MM, 20, 10, 15
MM, 18, 9, 16
MM, 18, 8, 89
MC, 1, 151
MM, 19, 8, 163
MM, 19, 9, 23
MM, 23, 10, 30
MM, 24, 11, 16
MM, 24, 12, 39
MM, 25, 12, 8
MM, 26, 12, 482
MM, 27, 13, 23
MM, 29, 13, 16
MM, 31, 14, 16
MM, 32, 15, 7
MM, 34, 15, 8
MM, 35, 15, 8
MM, 38, 21, 17
MM, 42, 23, 7
MM, 7, 26, 17
MM, 16, 28, 7
MM, 25, 31, 9
MM, 14, 15, 146
MM, 19, 15, 23
MM, 24, 15, 15
MM, 36, 15, 24
MM, 43, 14, 16
MM, 34, 14, 1200
MM, 29, 15, 23
MM, 5, 16, 49
MM, 32, 18, 15
MM, 13, 19, 26
MM, 8, 19, 7
MM, 4, 19, 8
MM, 0, 19, 8
MM, 32, 19, 16
MM, 28, 19, 7
MM, 22, 19, 9
MM, 17, 19, 7
MM, 6, 19, 16
MM, 42, 22, 17
MM, 37, 22, 7
MM, 28, 23, 9
MM, 13, 26, 15
MM, 2, 27, 17
MM, 26, 30, 216
MM, 17, 25, 24
MM, 12, 24, 32
MM, 4, 26, 24
MM, 29, 25, 24
MM, 13, 23, 16
MM, 2, 20, 16
MM, 40, 18, 16
MM, 27, 16, 16
MM, 20, 15, 8
MM, 6, 14, 16
MM, 2, 14, 8
MM, 0, 15, 344
MM, 4, 15, 23
MM, 4, 16, 8
MM, 5, 16, 17
MM, 6, 16, 39
MM, 7, 16, 8
MM, 8, 16, 8
MM, 12, 16, 8
MM, 14, 16, 8
MM, 16, 16, 8
MM, 17, 16, 10
MM, 18, 16, 6
MM, 19, 16, 16
MM, 20, 16, 9
MM, 21, 16, 15
MC, 1, 225
MM, 22, 16, 24
MM, 23, 16, 16
MM, 26, 16, 7
MM, 29, 16, 8
MM, 33, 17, 8
MM, 40, 17, 8
MM, 5, 20, 16
MM, 14, 21, 8
MM, 22, 22, 8
MM, 25, 24, 8
MM, 32, 25, 8
MM, 38, 25, 9
MM, 2, 25, 16
MM, 11, 26, 8
MM, 17, 26, 8
MM, 27, 26, 7
MM, 39, 26, 9
MC, 1, 839
MM, 3, 3, 121
MM, 5, 6, 8
MM, 9, 17, 16
MM, 11, 24, 16
MM, 14, 31, 16
MM, 2, 0, 16
MM, 6, 10, 24
MM, 8, 14, 16
MM, 9, 17, 16
MM, 9, 18, 7
MM, 9, 19, 8
MM, 10, 20, 9
MM, 10, 24, 16
MM, 11, 25, 8
MM, 12, 28, 8
MM, 13, 29, 8
MM, 14, 31, 8
MM, 22, 1, 32
MM, 24, 3, 8
MM, 26, 6, 8
MM, 28, 8, 7
MM, 31, 10, 8
MM, 33, 12, 9
MM, 36, 14, 8
MM, 40, 17, 7
MM, 43, 19, 8
MM, 0, 23, 17
MM, 3, 24, 8
MM, 7, 27, 7
MM, 10, 28, 9
MM, 13, 29, 7
MM, 14, 30, 9
MM, 15, 31, 7
MM, 15, 30, 57
MM, 15, 29, 8
MM, 15, 28, 8
MM, 15, 26, 16
MM, 15, 25, 16
MM, 15, 24, 39
MM, 15, 22, 42
MM, 15, 21, 15
MM, 15, 20, 16
MM, 15, 18, 16
MM, 15, 17, 16
MM, 15, 16, 16
MM, 15, 15, 33
MC, 1, 151
MM, 14, 15, 48
MM, 13, 15, 8
MM, 11, 15, 7
MM, 8, 15, 9
MM, 39, 13, 24
MM, 21, 11, 17
MM, 10, 10, 7
MM, 43, 11, 16
MM, 21, 14, 23
MM, 7, 16, 17
MM, 43, 19, 16
MM, 34, 20, 16
MM, 26, 22, 16
MM, 23, 23, 16
MM, 22, 24, 16
MM, 22, 25, 8
MM, 20, 26, 15
MM, 19, 27, 17
MM, 17, 28, 7
MM, 16, 29, 8
MM, 15, 29, 8
MM, 15, 30, 8
MM, 14, 30, 8
MM, 13, 30, 8
MM, 12, 31, 24
MM, 11, 31, 17
MM, 143, 0, 104
MM, 142, 2, 24
MM, 142, 3, 40
MM, 142, 4, 8
MM, 142, 5, 16
MM, 143, 5, 7
MM, 143, 7, 8
MM, 144, 8, 16
MM, 145, 10, 9
MM, 145, 11, 7
MM, 145, 12, 8
MC, 1, 233
MM, 144, 11, 15
MM, 143, 10, 17
MM, 142, 10, 7
MM, 138, 6, 16
MM, 135, 4, 8
MM, 129, 1, 8
MM, 20, 30, 24
MM, 11, 26, 9
MM, 4, 23, 7
MM, 40, 16, 16
MM, 33, 13, 8
MM, 27, 9, 9
MM, 18, 6, 8
MM, 11, 1, 8
MM, 43, 30, 15
MM, 33, 25, 8
MM, 26, 21, 8
MM, 20, 19, 8
MM, 17, 18, 8
MM, 14, 16, 8
MM, 13, 15, 8
MM, 12, 15, 8
MM, 10, 14, 16
MM, 8, 13, 8
MM, 4, 12, 8
MM, 41, 6, 16
MM, 35, 4, 9
MM, 28, 3, 8
MM, 25, 2, 8
MM, 23, 2, 8
MM, 21, 2, 8
MM, 19, 2, 9
MM, 18, 2, 6
MM, 16, 1, 8
MM, 13, 1, 9
MM, 9, 0, 8
MM, 38, 0, 81
MM, 30, 2, 24
MM, 23, 2, 23
MM, 21, 2, 8
MM, 20, 4, 24
MM, 19, 5, 15
MM, 18, 5, 8
MM, 16, 6, 8
MM, 15, 7, 8
MM, 12, 8, 16
MM, 12, 9, 8
MM, 11, 9, 8
MC, 1, 264
MM, 12, 9, 24
MM, 13, 9, 8
MM, 17, 10, 16
MM, 18, 11, 8
MM, 23, 12, 16
MM, 25, 13, 8
MM, 27, 14, 8
MM, 30, 15, 8
MM, 34, 18, 8
MM, 39, 20, 8
MM, 5, 29, 16
MM, 21, 2, 16
MM, 30, 7, 8
MM, 36, 11, 8
MM, 42, 15, 8
MM, 2, 22, 16
MM, 9, 27, 8
MM, 15, 31, 8
MM, 24, 3, 25
MM, 30, 6, 7
MM, 34, 8, 8
MM, 37, 10, 8
MM, 39, 12, 8
MM, 42, 13, 8
MM, 45, 16, 8
MM, 50, 19, 8
MM, 54, 21, 8
MM, 61, 25, 9
MM, 67, 28, 7
MM, 71, 30, 9
MM, 73, 31, 8
MM, 74, 31, 56
MM, 75, 32, 16
MC, 1, 265
MM, 75, 31, 6
MM, 74, 31, 9
MM, 73, 29, 8
MM, 72, 27, 7
MM, 71, 24, 8
MM, 70, 21, 8
MM, 67, 18, 8
MM, 66, 16, 8
MM, 63, 11, 8
MM, 61, 8, 9
MM, 58, 3, 7
MM, 8, 26, 16
MM, 4, 16, 9
MM, 0, 8, 7
MM, 41, 28, 25
MM, 38, 22, 8
MM, 36, 18, 8
MM, 35, 15, 7
MM, 35, 12, 8
MM, 35, 10, 9
MM, 35, 7, 8
MM, 34, 4, 8
MM, 34, 2, 7
MM, 32, 0, 8
MC, 1, 729
MM, 37, 0, 369
MM, 34, 0, 32
MM, 33, 1, 24
MM, 32, 2, 23
MM, 31, 2, 8
MM, 30, 2, 48
MM, 30, 3, 7
MC, 1, 248
MM, 31, 3, 65
MM, 32, 3, 8
MM, 34, 3, 7
MM, 36, 4, 9
MM, 39, 4, 8
MM, 42, 4, 8
MM, 0, 3, 16
MM, 6, 3, 7
MM, 13, 2, 9
MM, 21, 1, 7
MM, 28, 1, 8
MM, 33, 1, 9
MM, 41, 1, 8
MM, 7, 0, 16
MM, 13, 0, 8
MC, 1, 872
MC, 1, 544
MC, 1, 464
MM, 14, 0, 256
MM, 15, 0, 33
MM, 15, 1, 71
MC, 1, 175
MM, 14, 1, 73
MM, 13, 2, 24
MM, 11, 2, 7
MM, 7, 3, 8
MM, 4, 3, 8
MM, 0, 3, 8
MM, 40, 5, 16
MM, 36, 5, 8
MM, 31, 5, 8
MM, 27, 5, 8
MM, 22, 5, 9
MM, 18, 5, 7
MM, 15, 5, 8
MM, 10, 5, 9
MM, 7, 5, 7
MM, 4, 5, 8
MM, 1, 5, 8
MM, 31, 4, 82
MM, 20, 4, 39
MM, 13, 4, 25
MM, 11, 4, 15
MM, 9, 4, 8
MM, 7, 4, 7
MM, 4, 4, 9
MM, 1, 4, 7
MM, 43, 5, 33
MM, 41, 5, 8
MM, 39, 5, 8
MM, 37, 5, 7
MM, 34, 5, 8
MM, 32, 5, 8
MM, 30, 5, 8
MM, 28, 6, 8
MM, 26, 7, 8
MM, 25, 7, 8
MM, 24, 7, 41
MC, 1, 223
MM, 25, 7, 41
MM, 27, 7, 7
MM, 29, 7, 8
MM, 32, 8, 8
MM, 35, 8, 9
MM, 40, 9, 7
MM, 1, 11, 17
MM, 8, 12, 9
MM, 15, 13, 6
MM, 23, 14, 8
MM, 34, 16, 8
MM, 8, 19, 16
MM, 23, 21, 8
MM, 36, 23, 8
MM, 11, 26, 16
MM, 18, 28, 8
MM, 25, 29, 8
MM, 35, 29, 9
MM, 43, 29, 7
MM, 2, 29, 9
MM, 12, 29, 7
MM, 23, 30, 8
MM, 32, 30, 9
MM, 45, 31, 8
MM, 29, 31, 337
MM, 29, 30, 64
MM, 29, 28, 15
MM, 28, 28, 8
MM, 28, 27, 16
MM, 27, 26, 32
MM, 26, 24, 15
MM, 26, 22, 8
MM, 25, 21, 16
MM, 25, 19, 8
MM, 25, 18, 17
MC, 1, 231
MC, 2, 200
MM, 23, 18, 112
MM, 22, 19, 8
MM, 20, 21, 8
MM, 18, 21, 8
MM, 15, 23, 8
MM, 13, 24, 8
MM, 12, 25, 9
MM, 9, 27, 7
MM, 7, 28, 8
MM, 5, 30, 8
MM, 41, 4, 51
MM, 13, 19, 31
MM, 214, 1, 87
MM, 212, 1, 16
MM, 211, 2, 16
MM, 210, 2, 16
MM, 209, 3, 8
MM, 209, 4, 16
MM, 207, 5, 16
MM, 205, 5, 16
MM, 203, 7, 16
MM, 202, 8, 16
MM, 201, 8, 16
MM, 200, 8, 8
MM, 200, 9, 8
MM, 199, 10, 8
MM, 197, 10, 16
MM, 196, 10, 8
MM, 196, 11, 7
MM, 195, 11, 16
MM, 194, 12, 25
MM, 193, 13, 8
MM, 192, 14, 8
MM, 191, 14, 16
MM, 191, 15, 32
MM, 190, 15, 57
MC, 1, 271
MM, 189, 15, 24
MM, 188, 14, 24
MM, 188, 13, 8
MM, 188, 11, 8
MM, 189, 9, 8
MM, 190, 5, 7
MM, 191, 3, 9
MM, 194, 0, 8
MM, 13, 30, 15
MM, 19, 26, 8
MM, 25, 21, 8
MM, 31, 16, 8
MM, 36, 11, 8
MM, 43, 4, 9
MM, 0, 30, 16
MM, 1, 24, 7
MM, 4, 19, 8
MM, 5, 17, 9
MM, 8, 13, 7
MM, 8, 10, 8
MM, 10, 7, 8
MM, 11, 5, 8
MM, 12, 2, 8
MM, 13, 0, 8
MM, 27, 31, 49
MM, 28, 29, 24
MM, 29, 27, 15
MM, 29, 25, 8
MM, 29, 22, 9
MM, 30, 20, 7
MM, 30, 18, 8
MM, 30, 16, 9
MM, 30, 15, 7
MM, 30, 14, 8
MM, 30, 13, 73
MM, 29, 12, 16
MM, 28, 12, 8
MM, 27, 12, 57
MC, 1, 198
MM, 26, 13, 48
MM, 25, 16, 17
MM, 24, 16, 7
MM, 23, 18, 8
MM, 21, 19, 8
MM, 20, 22, 8
MM, 16, 25, 8
MM, 14, 27, 8
MM, 10, 31, 9
MM, 39, 0, 16
MM, 33, 4, 7
MM, 27, 9, 9
MM, 23, 11, 8
MM, 20, 14, 8
MM, 18, 15, 7
MM, 16, 17, 9
MM, 15, 19, 7
MM, 13, 20, 8
MM, 12, 22, 8
MM, 11, 23, 9
MM, 9, 25, 7
MM, 8, 25, 9
MM, 7, 27, 7
MM, 6, 28, 9
MM, 5, 29, 8
MM, 4, 29, 8
MM, 4, 30, 7
MM, 3, 30, 9
MM, 3, 31, 8
MM, 43, 1, 96
MM, 42, 1, 7
MM, 41, 2, 9
MM, 39, 3, 8
MM, 38, 3, 16
MM, 37, 3, 8
MM, 35, 3, 8
MM, 33, 3, 7
MM, 31, 3, 9
MM, 28, 3, 8
MM, 26, 4, 8
MM, 25, 4, 7
MM, 23, 5, 9
MM, 22, 5, 8
MM, 21, 6, 8
MM, 20, 6, 7
MM, 20, 7, 9
MM, 19, 7, 8
MC, 1, 224
MM, 19, 8, 48
MM, 19, 9, 40
MM, 19, 11, 16
MM, 19, 12, 16
MM, 19, 13, 16
MM, 20, 13, 8
MM, 20, 14, 7
MM, 20, 15, 8
MM, 20, 16, 8
MM, 20, 17, 17
MM, 20, 18, 7
MM, 20, 19, 17
MM, 20, 21, 7
MM, 20, 22, 8
MM, 20, 23, 9
MM, 20, 24, 7
MM, 20, 26, 9
MM, 20, 27, 16
MM, 21, 27, 7
MM, 21, 29, 25
MM, 22, 29, 7
MM, 22, 31, 9
MM, 164, 0, 40
MM, 164, 1, 24
MM, 164, 2, 40
MM, 165, 3, 8
MM, 165, 4, 7
MM, 165, 5, 25
MM, 165, 6, 16
MM, 165, 7, 8
MM, 165, 8, 7
MM, 166, 8, 17
MM, 166, 9, 8
MC, 1, 208
MM, 165, 8, 24
MM, 165, 7, 7
MM, 164, 6, 9
MM, 163, 4, 7
MM, 163, 3, 9
MM, 163, 1, 8
MM, 21, 28, 32
MM, 20, 24, 8
MM, 19, 20, 7
MM, 19, 17, 8
MM, 18, 12, 9
MM, 16, 8, 7
MM, 15, 5, 8
MM, 14, 2, 9
MM, 14, 0, 8
MM, 11, 30, 24
MM, 11, 28, 7
MM, 11, 26, 9
MM, 11, 24, 7
MM, 11, 21, 9
MM, 11, 19, 8
MM, 11, 18, 8
MM, 11, 17, 7
MM, 11, 16, 9
MM, 11, 15, 16
MM, 11, 14, 16
MM, 11, 13, 16
MM, 11, 12, 65
MM, 12, 12, 64
MC, 1, 102
MM, 11, 12, 56
MM, 10, 13, 17
MM, 7, 13, 8
MM, 4, 14, 8
MM, 45, 15, 16
MM, 39, 16, 8
MM, 32, 17, 8
MM, 23, 19, 8
MM, 14, 20, 8
MM, 1, 22, 8
MM, 37, 22, 8
MM, 28, 22, 7
MM, 21, 22, 8
MM, 12, 22, 9
MM, 2, 21, 8
MM, 36, 18, 16
MM, 27, 17, 8
MM, 20, 16, 8
MM, 11, 15, 8
MM, 5, 15, 7
MM, 2, 15, 9
MM, 43, 15, 23
MM, 37, 15, 8
MM, 32, 15, 9
MM, 28, 15, 7
MM, 25, 15, 8
MM, 21, 15, 9
MM, 17, 15, 8
MM, 12, 15, 7
MM, 8, 14, 8
MM, 6, 13, 9
MM, 5, 13, 8
MM, 3, 13, 7
MM, 2, 13, 9
MM, 1, 13, 8
MM, 0, 13, 15
MM, 43, 10, 97
MM, 41, 10, 15
MM, 39, 10, 8
MM, 38, 10, 8
MM, 37, 9, 9
MC, 1, 239
MM, 38, 9, 16
MM, 38, 8, 25
MM, 39, 8, 7
MM, 39, 7, 9
MM, 40, 6, 7
MM, 41, 6, 8
MM, 43, 4, 9
MC, 1, 440
MM, 9, 1, 104
MM, 8, 3, 9
MM, 8, 5, 16
MM, 7, 6, 15
MM, 7, 7, 8
MM, 6, 9, 16
MM, 5, 9, 7
MM, 5, 10, 8
MM, 4, 10, 8
MM, 3, 12, 16
MM, 2, 12, 8
MM, 4, 10, 17
MM, 3, 10, 24
MM, 2, 10, 7
MM, 0, 11, 8
MP, 1, 226
MR, 1, 111
MC, 1, 0
MM, 43, 12, 234
MM, 39, 11, 31
MM, 35, 11, 23
MM, 34, 11, 32
MM, 33, 11, 24
MM, 32, 11, 17
MM, 31, 12, 23
MC, 1, 240
MM, 32, 12, 64
MM, 33, 12, 7
MM, 34, 12, 8
MM, 36, 12, 10
MM, 37, 12, 6
MM, 39, 12, 8
MM, 41, 12, 9
MM, 43, 12, 7
MM, 1, 12, 24
MM, 5, 13, 8
MM, 13, 13, 8
MM, 23, 14, 9
MM, 32, 15, 7
MM, 42, 18, 9
MM, 1, 19, 7
MM, 11, 19, 8
MM, 20, 20, 9
MM, 28, 21, 9
MM, 38, 21, 7
MM, 5, 21, 16
MM, 14, 21, 8
MM, 24, 21, 8
MM, 33, 21, 8
MM, 3, 20, 16
MM, 11, 19, 7
MM, 22, 17, 8
MM, 31, 17, 8
MM, 39, 17, 9
MM, 9, 17, 16
MM, 21, 17, 7
MM, 34, 17, 8
MM, 13, 17, 16
MM, 31, 17, 9
MM, 12, 17, 15
MM, 23, 17, 9
MM, 30, 17, 8
MM, 36, 17, 8
MM, 40, 17, 7
MM, 0, 9, 130
MM, 1, 8, 24
MM, 3, 6, 23
MM, 3, 5, 16
MM, 3, 4, 8
MM, 3, 3, 16
MM, 3, 2, 16
MM, 2, 0, 7
MM, 10, 30, 33
MM, 6, 28, 8
MM, 0, 26, 7
MM, 33, 23, 16
MM, 29, 23, 8
MM, 26, 23, 8
MM, 24, 23, 8
MM, 23, 22, 8
MM, 22, 22, 8
MM, 20, 22, 8
MM, 19, 22, 8
MM, 18, 22, 8
MM, 17, 22, 8
MM, 16, 21, 17
MM, 15, 21, 16
MC, 1, 295
MC, 2, 208
MM, 14, 21, 81
MM, 12, 21, 8
MM, 9, 22, 8
MM, 4, 25, 8
MM, 0, 26, 8
MM, 19, 2, 24
MM, 11, 8, 8
MM, 5, 13, 8
MM, 42, 26, 25
MM, 35, 5, 23
MM, 33, 10, 7
MM, 30, 14, 8
MM, 29, 19, 8
MM, 27, 22, 8
MM, 24, 27, 8
MM, 23, 30, 8
MM, 157, 2, 24
MM, 156, 4, 8
MM, 155, 6, 8
MM, 154, 7, 8
MM, 154, 11, 16
MM, 153, 13, 8
MM, 151, 16, 8
MM, 150, 19, 8
MM, 146, 24, 8
MM, 142, 28, 8
MM, 141, 30, 9
MM, 139, 32, 7
MM, 139, 34, 9
MM, 138, 36, 7
MM, 137, 37, 9
MM, 136, 38, 7
MM, 136, 40, 9
MM, 136, 41, 16
MM, 135, 41, 16
MM, 133, 40, 368
MM, 132, 39, 9
MM, 132, 38, 6
MM, 131, 37, 8
MM, 131, 36, 9
MM, 131, 34, 8
MM, 130, 31, 7
MM, 130, 28, 8
MM, 129, 25, 9
MM, 128, 20, 8
MM, 127, 13, 9
MM, 126, 6, 8
MM, 35, 31, 14
MM, 35, 25, 9
MM, 35, 19, 9
MM, 36, 15, 7
MM, 37, 12, 7
MM, 37, 9, 9
MM, 37, 8, 8
MM, 37, 7, 7
MM, 37, 6, 8
MM, 37, 5, 16
MM, 37, 4, 8
MM, 37, 3, 19
MM, 37, 2, 13
MM, 37, 1, 8
MM, 37, 0, 8
MM, 36, 30, 65
MM, 36, 29, 17
MM, 36, 28, 7
MM, 35, 26, 24
MM, 34, 25, 18
MM, 34, 24, 6
MM, 33, 24, 8
MM, 33, 23, 16
MM, 32, 22, 39
MM, 31, 22, 8
MC, 1, 200
MM, 32, 22, 48
MM, 35, 22, 11
MM, 38, 21, 6
MM, 43, 21, 9
MM, 1, 19, 15
MM, 9, 18, 8
MM, 17, 16, 8
MM, 25, 15, 8
MM, 32, 13, 8
MM, 37, 11, 8
MM, 41, 10, 7
MM, 4, 6, 25
MM, 6, 5, 8
MM, 9, 4, 8
MM, 14, 3, 8
MM, 18, 1, 7
MM, 9, 31, 32
MM, 16, 29, 8
MM, 21, 27, 8
MM, 24, 26, 9
MM, 25, 25, 7
MM, 27, 25, 9
MM, 27, 24, 8
MM, 29, 23, 7
MM, 32, 21, 8
MM, 34, 21, 9
MM, 0, 18, 16
MM, 4, 17, 7
MM, 5, 17, 9
MM, 6, 17, 8
MM, 7, 17, 8
MM, 7, 16, 39
MM, 8, 15, 17
MM, 9, 14, 79
MM, 10, 14, 17
MM, 11, 14, 56
MC, 1, 160
MM, 8, 14, 96
MM, 3, 14, 7
MM, 30, 14, 18
MM, 19, 13, 7
MM, 7, 10, 8
MM, 30, 10, 15
MM, 16, 10, 8
MM, 3, 10, 8
MM, 41, 10, 8
MM, 29, 12, 8
MM, 21, 13, 8
MM, 8, 15, 8
MM, 40, 0, 888
MM, 40, 1, 9
MM, 40, 2, 15
MM, 39, 4, 17
MM, 39, 5, 7
MM, 38, 7, 17
MM, 38, 9, 8
MM, 38, 10, 16
MM, 38, 11, 33
MM, 37, 12, 7
MM, 36, 13, 8
MM, 35, 14, 72
MC, 1, 176
MM, 36, 14, 32
MM, 37, 14, 7
MM, 39, 14, 9
MM, 41, 15, 8
MM, 43, 16, 9
MM, 0, 19, 39
MM, 2, 20, 15
MM, 4, 21, 9
MM, 12, 26, 17
MM, 16, 28, 7
MM, 40, 1, 64
MM, 2, 7, 19
MM, 9, 11, 13
MM, 11, 16, 24
MM, 13, 18, 24
MM, 20, 22, 15
MM, 24, 23, 8
MM, 28, 25, 8
MM, 30, 27, 8
MM, 33, 28, 8
MM, 34, 29, 8
MM, 36, 29, 8
MM, 37, 30, 8
MM, 100, 1, 49
MM, 102, 1, 7
MM, 103, 2, 8
MM, 104, 2, 9
MM, 104, 3, 15
MM, 105, 4, 8
MM, 106, 5, 8
MM, 107, 5, 9
MM, 108, 7, 7
MM, 109, 8, 8
MM, 111, 10, 8
MM, 112, 10, 8
MM, 114, 12, 8
MM, 115, 13, 9
MM, 117, 15, 7
MM, 118, 16, 9
MM, 119, 17, 7
MM, 120, 17, 32
MM, 120, 18, 8
MM, 121, 18, 24
MM, 121, 19, 9
MC, 1, 295
MM, 121, 18, 32
MM, 120, 18, 9
MM, 120, 16, 8
MM, 120, 14, 8
MM, 120, 12, 7
MM, 120, 9, 9
MM, 121, 6, 8
MM, 123, 1, 8
MM, 42, 30, 24
MM, 0, 14, 24
MM, 1, 10, 7
MM, 3, 5, 9
MM, 12, 25, 24
MM, 15, 21, 8
MM, 18, 15, 8
MM, 20, 10, 7
MM, 22, 7, 8
MM, 24, 5, 9
MM, 25, 2, 8
MM, 0, 25, 47
MM, 2, 25, 8
MM, 5, 25, 9
MM, 9, 24, 24
MM, 9, 23, 16
MM, 10, 23, 15
MM, 11, 22, 8
MM, 13, 21, 17
MM, 14, 20, 8
MM, 15, 20, 8
MM, 16, 19, 48
MM, 16, 18, 17
MM, 17, 17, 7
MM, 17, 16, 24
MM, 17, 15, 32
MC, 1, 176
MM, 18, 15, 32
MM, 19, 15, 16
MM, 21, 15, 8
MM, 23, 16, 8
MM, 27, 16, 8
MM, 32, 17, 8
MM, 38, 18, 8
MM, 5, 20, 15
MM, 12, 21, 8
MM, 20, 23, 8
MM, 27, 24, 9
MM, 35, 25, 7
MM, 2, 26, 17
MM, 6, 28, 7
MM, 8, 28, 9
MM, 10, 28, 7
MM, 11, 28, 9
MM, 13, 29, 8
MM, 12, 31, 8
MM, 14, 31, 8
MM, 17, 31, 8
MM, 20, 31, 7
MM, 8, 31, 145
MM, 9, 31, 7
MM, 10, 31, 8
MM, 12, 29, 8
MM, 13, 29, 8
MM, 16, 29, 9
MM, 19, 28, 7
MM, 21, 28, 9
MM, 23, 28, 7
MM, 24, 28, 9
MM, 24, 27, 112
MM, 23, 26, 7
MM, 22, 25, 33
MM, 21, 25, 9
MM, 21, 24, 7
MM, 21, 23, 24
MM, 20, 23, 16
MM, 20, 22, 16
MM, 20, 21, 8
MM, 18, 20, 8
MC, 1, 240
MM, 17, 20, 40
MM, 15, 21, 8
MM, 10, 22, 8
MM, 5, 22, 7
MM, 32, 24, 18
MM, 25, 26, 6
MM, 16, 30, 9
MM, 31, 1, 16
MM, 24, 6, 7
MM, 16, 12, 9
MM, 9, 18, 7
MM, 1, 23, 9
MM, 32, 2, 23
MM, 27, 6, 8
MM, 20, 10, 8
MM, 10, 17, 9
MM, 2, 21, 7
MM, 43, 25, 9
MM, 37, 29, 7
MM, 163, 0, 25
MM, 160, 2, 7
MM, 158, 4, 8
MM, 157, 4, 8
MM, 155, 6, 9
MM, 154, 8, 8
MM, 152, 9, 8
MM, 150, 11, 7
MM, 149, 12, 9
MM, 148, 12, 8
MM, 147, 13, 8
MM, 146, 13, 48
MM, 145, 14, 16
MM, 144, 15, 8
MM, 142, 16, 7
MM, 140, 17, 8
MM, 139, 17, 17
MM, 139, 18, 7
MM, 138, 19, 41
MM, 138, 20, 8
MM, 137, 20, 49
MC, 1, 199
MM, 136, 20, 7
MM, 136, 19, 9
MM, 135, 19, 8
MM, 135, 18, 8
MM, 133, 18, 8
MM, 131, 16, 7
MM, 128, 15, 8
MM, 125, 13, 9
MM, 121, 10, 7
MM, 115, 8, 8
MM, 109, 4, 8
MM, 102, 1, 9
MM, 42, 30, 23
MM, 36, 27, 8
MM, 30, 24, 9
MM, 24, 22, 7
MM, 17, 19, 9
MM, 9, 16, 7
MM, 2, 14, 9
MM, 43, 11, 7
MM, 36, 8, 8
MM, 32, 5, 8
MM, 29, 4, 8
MM, 26, 1, 8
MM, 14, 31, 57
MM, 43, 19, 138
MM, 42, 19, 46
MM, 40, 19, 16
MM, 37, 19, 8
MM, 36, 19, 7
MM, 34, 18, 9
MM, 33, 18, 8
MM, 32, 18, 8
MM, 30, 18, 31
MM, 28, 18, 8
MM, 25, 18, 9
MM, 21, 18, 7
MM, 17, 18, 8
MM, 15, 18, 8
MM, 14, 18, 9
MC, 1, 416
MM, 15, 18, 24
MM, 15, 17, 8
MM, 16, 16, 16
MM, 19, 14, 7
MM, 22, 13, 9
MM, 26, 12, 7
MM, 29, 11, 9
MM, 31, 11, 8
MM, 35, 9, 8
MM, 39, 9, 9
MM, 1, 8, 15
MM, 10, 8, 7
MM, 22, 8, 9
MM, 33, 8, 8
MM, 16, 8, 16
MM, 29, 8, 7
MM, 39, 8, 8
MM, 1, 8, 8
MM, 12, 8, 8
MM, 23, 8, 9
MM, 32, 7, 8
MM, 40, 5, 7
MM, 1, 3, 17
MM, 7, 2, 9
MM, 12, 2, 6
MM, 18, 0, 9
MM, 0, 30, 119
MM, 2, 29, 17
MM, 3, 28, 15
MM, 5, 28, 8
MM, 7, 27, 17
MM, 9, 27, 8
MM, 14, 26, 8
MM, 19, 26, 7
MM, 26, 26, 9
MM, 36, 26, 8
MM, 8, 27, 15
MM, 13, 28, 8
MM, 22, 29, 9
MM, 26, 30, 7
MM, 30, 30, 8
MM, 31, 30, 8
MM, 34, 30, 9
MM, 35, 30, 15
MM, 0, 29, 145
MM, 2, 29, 8
MM, 4, 29, 8
MM, 7, 29, 8
MM, 10, 29, 8
MM, 14, 30, 8
MM, 17, 31, 7
MM, 20, 31, 8
MM, 23, 31, 8
MM, 22, 31, 194
MM, 21, 29, 15
MM, 19, 28, 16
MM, 14, 27, 16
MM, 11, 25, 16
MM, 10, 25, 16
MM, 10, 24, 49
MC, 1, 223
MM, 10, 25, 64
MM, 9, 25, 8
MM, 7, 27, 7
MM, 6, 30, 8
MM, 21, 2, 33
MM, 16, 5, 9
MM, 13, 7, 6
MM, 10, 9, 8
MM, 8, 11, 9
MM, 6, 13, 8
MM, 3, 15, 8
MM, 2, 16, 7
MM, 1, 18, 9
MM, 43, 29, 48
MM, 41, 31, 7
MM, 39, 0, 48
MM, 39, 1, 8
MM, 37, 2, 9
MM, 36, 3, 7
MM, 35, 5, 8
MM, 32, 6, 9
MM, 31, 7, 8
MM, 30, 7, 15
MM, 29, 8, 33
MM, 28, 9, 7
MM, 26, 9, 8
MM, 24, 9, 8
MM, 21, 10, 8
MM, 19, 11, 8
MM, 18, 12, 8
MC, 1, 224
MM, 17, 11, 24
MM, 17, 10, 8
MM, 14, 9, 8
MM, 10, 6, 9
MM, 5, 3, 7
MM, 0, 0, 8
MM, 25, 29, 24
MM, 18, 27, 9
MM, 12, 26, 7
MM, 8, 24, 8
MM, 5, 24, 8
MM, 2, 22, 8
MM, 44, 19, 16
MM, 37, 17, 10
MM, 32, 15, 6
MM, 26, 14, 8
MM, 19, 12, 8
MM, 12, 10, 9
MM, 6, 8, 8
MM, 1, 8, 7
MM, 43, 5, 17
MM, 40, 4, 7
MM, 38, 3, 8
MM, 36, 3, 9
MM, 32, 2, 7
MM, 30, 1, 9
MM, 28, 0, 8
MM, 25, 0, 7
MC, 1, 665
MC, 1, 664
MM, 2, 16, 153
MM, 11, 16, 32
MM, 17, 16, 24
MM, 30, 16, 23
MM, 42, 16, 16
MM, 2, 16, 15
MM, 6, 16, 8
MM, 10, 16, 8
MM, 13, 16, 8
MM, 17, 16, 9
MM, 21, 16, 8
MM, 24, 16, 8
MM, 27, 16, 8
MM, 30, 16, 8
MM, 33, 16, 8
MM, 34, 16, 8
MM, 35, 16, 8
MM, 36, 16, 16
MM, 37, 16, 16
MM, 39, 16, 8
MM, 41, 16, 8
MM, 42, 16, 8
MM, 0, 17, 71
MM, 2, 17, 8
MM, 4, 17, 8
MM, 5, 17, 8
MM, 6, 17, 8
MM, 7, 17, 8
MM, 6, 17, 49
MM, 7, 17, 32
MM, 8, 17, 7
MM, 9, 17, 65
MC, 1, 144
MM, 9, 18, 40
MM, 9, 19, 8
MM, 9, 22, 8
MM, 7, 26, 8
MM, 6, 28, 7
MM, 5, 31, 8
MM, 37, 1, 17
MM, 36, 3, 7
MM, 34, 6, 8
MM, 33, 8, 8
MM, 31, 10, 8
MM, 31, 11, 9
MM, 31, 13, 8
MM, 31, 14, 15
MM, 31, 16, 9
MM, 31, 18, 8
MM, 31, 19, 8
MM, 31, 20, 7
MM, 31, 23, 8
MM, 31, 24, 8
MM, 31, 25, 8
MM, 31, 26, 8
MM, 31, 28, 8
MM, 30, 29, 8
MM, 30, 30, 9
MM, 30, 0, 47
MM, 28, 2, 8
MM, 28, 3, 8
MM, 27, 5, 8
MM, 25, 6, 8
MM, 24, 7, 8
MM, 23, 9, 8
MM, 22, 10, 8
MM, 21, 11, 8
MM, 20, 11, 9
MM, 19, 12, 7
MM, 19, 13, 8
MM, 18, 14, 16
MM, 18, 15, 17
MC, 1, 207
MM, 17, 15, 32
MM, 16, 14, 9
MM, 14, 13, 7
MM, 11, 10, 8
MM, 6, 7, 8
MM, 1, 4, 8
MM, 42, 1, 8
MM, 11, 30, 25
MM, 3, 27, 7
MM, 42, 24, 17
MM, 36, 22, 7
MM, 30, 21, 8
MM, 24, 20, 9
MM, 18, 18, 8
MM, 14, 17, 8
MM, 9, 15, 8
MM, 5, 14, 8
MM, 1, 12, 8
MM, 41, 7, 16
MM, 38, 4, 7
MM, 33, 3, 9
MM, 31, 0, 8
MC, 1, 880
MM, 11, 0, 233
MM, 10, 1, 16
MM, 8, 4, 24
MM, 4, 7, 23
MM, 0, 9, 16
MM, 42, 11, 57
MM, 38, 12, 24
MM, 37, 12, 16
MM, 36, 12, 23
MM, 34, 12, 33
MM, 33, 12, 7
MM, 31, 13, 16
MC, 1, 256
MM, 32, 13, 64
MM, 33, 13, 33
MM, 34, 13, 15
MM, 35, 13, 17
MM, 38, 15, 32
MM, 40, 15, 15
MM, 40, 16, 8
MM, 41, 16, 24
MM, 2, 22, 40
MM, 11, 27, 16
MM, 14, 29, 8
MM, 32, 1, 48
MM, 1, 10, 24
MM, 11, 14, 8
MM, 25, 23, 16
MM, 39, 30, 16
MM, 41, 31, 8
MM, 99, 1, 65
MM, 102, 3, 15
MM, 104, 3, 8
MM, 106, 6, 15
MM, 109, 8, 16
MM, 112, 11, 17
MM, 113, 11, 7
MM, 113, 12, 17
MM, 114, 13, 65
MM, 115, 14, 80
MM, 116, 15, 15
MC, 1, 232
MM, 116, 14, 7
MM, 115, 14, 8
MM, 116, 14, 25
MM, 116, 13, 7
MM, 118, 13, 9
MM, 123, 10, 8
MM, 127, 8, 8
MM, 133, 5, 8
MM, 143, 1, 8
MM, 31, 28, 24
MM, 39, 24, 7
MM, 5, 14, 17
MM, 15, 8, 7
MM, 24, 1, 9
MM, 34, 29, 16
MM, 38, 25, 7
MM, 41, 22, 10
MM, 8, 31, 257
MM, 10, 26, 31
MM, 12, 22, 23
MM, 15, 17, 16
MM, 17, 15, 16
MM, 19, 13, 16
MM, 20, 12, 88
MC, 1, 128
MM, 18, 14, 47
MM, 15, 17, 8
MM, 10, 22, 9
MM, 4, 26, 7
MM, 25, 0, 16
MM, 18, 3, 8
MM, 11, 7, 8
MM, 5, 10, 8
MM, 1, 12, 9
MM, 43, 20, 32
MM, 41, 21, 8
MM, 41, 23, 7
MM, 39, 23, 9
MM, 39, 25, 8
MM, 38, 25, 8
MM, 38, 26, 7
MM, 37, 28, 16
MM, 36, 29, 10
MM, 36, 30, 6
MM, 35, 31, 8
MM, 35, 0, 49
MM, 33, 2, 8
MM, 29, 7, 16
MM, 27, 10, 16
MC, 1, 288
MM, 26, 10, 32
MM, 25, 10, 7
MM, 23, 8, 8
MM, 20, 8, 9
MM, 13, 6, 8
MM, 5, 4, 8
MM, 20, 31, 39
MM, 14, 30, 8
MM, 9, 30, 9
MM, 3, 30, 8
MM, 43, 28, 16
MM, 38, 27, 7
MM, 31, 25, 9
MM, 26, 23, 7
MM, 22, 22, 9
MM, 17, 21, 7
MM, 14, 21, 9
MM, 11, 19, 8
MM, 7, 19, 8
MM, 4, 18, 7
MM, 2, 18, 9
MM, 40, 16, 23
MM, 37, 16, 9
MM, 34, 16, 9
MM, 31, 15, 7
MM, 29, 15, 7
MM, 27, 15, 9
MM, 25, 15, 8
MM, 24, 15, 7
MM, 22, 15, 8
MM, 21, 15, 8
MM, 20, 15, 8
MM, 18, 15, 8
MM, 16, 15, 8
MM, 13, 15, 9
MM, 12, 15, 7
MM, 10, 15, 8
MM, 9, 15, 8
MM, 7, 15, 9
MM, 5, 15, 7
MM, 3, 15, 16
MM, 1, 15, 17
MM, 0, 15, 8
MM, 43, 15, 32
MM, 41, 15, 7
MM, 40, 15, 25
MM, 39, 15, 16
MM, 38, 15, 7
MM, 37, 15, 9
MM, 36, 15, 16
MM, 35, 15, 16
MM, 34, 15, 41
MM, 33, 15, 24
MC, 1, 231
MM, 35, 14, 48
MM, 37, 12, 8
MM, 40, 12, 7
MM, 1, 10, 17
MM, 8, 8, 7
MM, 15, 7, 8
MM, 23, 6, 9
MM, 30, 5, 7
MM, 36, 4, 8
MM, 40, 4, 8
MM, 0, 1, 17
MC, 1, 472
MC, 1, 608
MM, 22, 0, 192
MM, 19, 1, 17
MM, 17, 3, 16
MM, 16, 3, 6
MM, 14, 4, 16
MM, 12, 5, 9
MM, 11, 6, 7
MM, 10, 6, 8
MM, 8, 7, 8
MM, 7, 8, 16
MM, 4, 8, 9
MM, 3, 8, 7
MM, 2, 9, 9
MM, 1, 9, 8
MM, 43, 12, 111
MM, 42, 12, 40
MM, 41, 13, 17
MM, 40, 13, 7
MM, 39, 13, 65
MM, 39, 14, 15
MM, 38, 14, 9
MM, 38, 15, 7
MM, 37, 15, 9
MM, 36, 15, 7
MC, 1, 256
MM, 37, 15, 25
MM, 38, 15, 15
MM, 40, 15, 8
MM, 42, 15, 8
MM, 43, 15, 8
MM, 0, 17, 25
MM, 1, 17, 7
MM, 2, 17, 16
MM, 3, 18, 8
MM, 6, 19, 8
MM, 7, 19, 17
MM, 8, 19, 8
MM, 9, 19, 8
MM, 10, 19, 15
MM, 13, 19, 9
MM, 16, 19, 8
MM, 17, 19, 7
MM, 19, 19, 8
MM, 20, 19, 9
MM, 22, 19, 48
MM, 24, 19, 7
MM, 29, 19, 9
MM, 37, 19, 8
MM, 1, 20, 15
MM, 4, 20, 9
MM, 6, 20, 7
MM, 7, 20, 9
MM, 8, 20, 7
MM, 9, 20, 9
MM, 10, 20, 16
MM, 12, 20, 9
MM, 15, 19, 7
MM, 18, 19, 7
MM, 21, 19, 9
MM, 22, 19, 8
MM, 23, 19, 56
MM, 24, 18, 24
MM, 25, 18, 16
MC, 1, 240
MM, 26, 18, 55
MM, 27, 19, 8
MM, 27, 20, 8
MM, 28, 22, 8
MM, 29, 24, 8
MM, 29, 26, 8
MM, 31, 28, 8
MM, 32, 30, 8
MM, 32, 31, 8
MM, 37, 0, 32
MM, 40, 2, 8
MM, 43, 6, 8
MM, 0, 13, 17
MM, 4, 16, 8
MM, 6, 19, 8
MM, 9, 21, 7
MM, 11, 23, 9
MM, 12, 24, 8
MM, 15, 25, 8
MM, 17, 27, 8
MM, 18, 28, 8
MM, 20, 31, 8
MM, 67, 0, 39
MM, 68, 1, 8
MM, 70, 2, 9
MM, 71, 3, 8
MM, 73, 5, 7
MM, 73, 6, 17
MM, 74, 7, 25
MM, 74, 8, 15
MM, 76, 10, 17
MM, 77, 11, 15
MM, 77, 12, 17
MM, 78, 13, 7
MM, 78, 14, 80
MC, 1, 240
MM, 78, 13, 31
MM, 79, 13, 8
MM, 83, 12, 8
MM, 89, 11, 8
MM, 95, 10, 9
MM, 100, 9, 8
MM, 107, 8, 8
MM, 114, 5, 7
MM, 123, 2, 9
MM, 131, 0, 8
MM, 24, 29, 24
MM, 41, 24, 8
MM, 7, 21, 8
MM, 25, 18, 8
MM, 11, 12, 17
MM, 20, 11, 7
MM, 30, 8, 8
MM, 43, 2, 15
MM, 0, 31, 33
MM, 1, 28, 7
MM, 3, 27, 8
MM, 7, 22, 16
MM, 8, 21, 8
MM, 9, 19, 9
MM, 10, 18, 8
MM, 11, 16, 8
MM, 12, 15, 16
MM, 13, 13, 16
MM, 14, 12, 16
MM, 16, 10, 16
MM, 17, 9, 8
MM, 18, 8, 8
MM, 19, 7, 8
MM, 19, 6, 16
MM, 19, 5, 23
MM, 19, 4, 17
MM, 19, 3, 16
MM, 19, 1, 24
MM, 19, 0, 8
MM, 34, 29, 64
MM, 33, 28, 8
MM, 32, 25, 8
MM, 31, 24, 8
MM, 29, 21, 16
MM, 29, 20, 8
MM, 29, 19, 8
MM, 28, 18, 8
MM, 26, 17, 16
MM, 26, 16, 7
MM, 25, 15, 9
MM, 22, 13, 16
MM, 21, 12, 16
MM, 20, 12, 15
MC, 1, 201
MM, 18, 12, 39
MM, 14, 12, 8
MM, 6, 13, 8
MM, 0, 13, 9
MM, 32, 13, 7
MM, 21, 13, 8
MM, 12, 14, 9
MM, 1, 16, 7
MM, 43, 17, 8
MM, 36, 20, 8
MM, 30, 22, 9
MM, 23, 25, 7
MM, 13, 29, 8
MM, 25, 0, 25
MM, 20, 1, 7
MM, 13, 5, 8
MM, 9, 6, 9
MM, 6, 7, 7
MM, 0, 10, 8
MM, 45, 14, 17
MM, 40, 15, 8
MM, 37, 15, 7
MM, 34, 17, 9
MM, 30, 17, 7
MM, 26, 18, 9
MM, 21, 19, 7
MM, 16, 19, 9
MM, 12, 20, 7
MM, 8, 20, 9
MM, 4, 20, 7
MM, 1, 21, 8
MM, 40, 23, 24
MM, 37, 24, 8
MM, 34, 24, 9
MM, 31, 24, 8
MM, 28, 24, 7
MM, 26, 24, 8
MM, 25, 24, 8
MM, 24, 24, 9
MM, 23, 23, 24
MM, 21, 23, 8
MM, 20, 23, 8
MM, 18, 22, 8
MM, 16, 21, 8
MM, 15, 21, 8
MM, 14, 20, 8
MM, 13, 20, 57
MM, 13, 19, 7
MC, 1, 223
MM, 14, 19, 32
MM, 16, 20, 25
MM, 17, 22, 7
MM, 18, 22, 8
MM, 19, 24, 8
MM, 21, 26, 8
MM, 22, 29, 8
MM, 28, 1, 32
MM, 30, 3, 8
MM, 31, 5, 9
MM, 33, 7, 7
MM, 34, 10, 8
MM, 35, 11, 8
MM, 35, 12, 8
MM, 35, 14, 8
MM, 35, 16, 8
MM, 36, 17, 9
MM, 36, 18, 8
MM, 36, 20, 9
MM, 37, 21, 6
MM, 37, 22, 9
MM, 37, 23, 7
MM, 37, 24, 25
MM, 37, 25, 24
MM, 37, 26, 8
MM, 38, 26, 8
MM, 38, 27, 16
MM, 38, 28, 15
MM, 38, 29, 8
MM, 39, 31, 17
MM, 81, 0, 57
MM, 81, 1, 23
MM, 81, 3, 8
MM, 83, 5, 16
MM, 84, 7, 16
MM, 84, 8, 8
MM, 84, 9, 7
MM, 85, 9, 33
MC, 1, 225
MM, 84, 9, 16
MM, 84, 8, 8
MM, 83, 6, 7
MM, 81, 5, 7
MM, 81, 4, 8
MM, 79, 1, 8
MM, 29, 29, 41
MM, 25, 26, 7
MM, 22, 22, 8
MM, 18, 19, 9
MM, 15, 15, 9
MM, 10, 10, 8
MM, 6, 7, 6
MM, 4, 4, 9
MM, 0, 0, 8
MM, 42, 30, 33
MM, 41, 28, 15
MM, 41, 27, 8
MM, 41, 26, 8
MM, 40, 26, 24
MM, 40, 25, 7
MM, 39, 25, 16
MM, 39, 24, 41
MM, 39, 23, 24
MM, 38, 22, 8
MM, 37, 21, 24
MM, 37, 20, 24
MM, 36, 20, 8
MM, 35, 19, 16
MM, 34, 18, 8
MM, 33, 18, 16
MM, 32, 18, 16
MM, 32, 17, 8
MM, 31, 17, 24
MC, 1, 191
MM, 32, 17, 8
MM, 33, 17, 16
MM, 35, 16, 9
MM, 39, 15, 7
MM, 42, 15, 9
MM, 2, 14, 16
MM, 10, 14, 7
MM, 18, 12, 9
MM, 27, 12, 8
MM, 37, 11, 8
MM, 5, 9, 16
MM, 19, 8, 7
MM, 33, 8, 8
MM, 45, 8, 8
MM, 4, 6, 9
MM, 11, 5, 7
MM, 19, 4, 8
MM, 25, 3, 8
MM, 31, 2, 9
MM, 36, 1, 8
MM, 31, 30, 32
MM, 42, 29, 8
MM, 10, 27, 16
MM, 22, 25, 17
MM, 29, 23, 15
MM, 30, 22, 24
MM, 32, 21, 16
MM, 34, 20, 8
MM, 0, 19, 24
MM, 2, 18, 8
MM, 5, 17, 16
MM, 6, 16, 89
MM, 7, 15, 55
MM, 8, 15, 129
MC, 1, 87
MM, 7, 15, 39
MM, 6, 15, 8
MM, 3, 15, 8
MM, 32, 15, 17
MM, 24, 15, 7
MM, 15, 15, 8
MM, 6, 15, 8
MM, 31, 17, 17
MM, 23, 18, 8
MM, 14, 20, 8
MM, 0, 22, 8
MM, 37, 24, 7
MM, 22, 26, 8
MM, 10, 27, 9
MM, 31, 0, 64
MM, 26, 1, 8
MM, 23, 1, 7
MM, 19, 1, 8
MM, 16, 1, 8
MM, 12, 1, 9
MM, 8, 1, 7
MM, 3, 1, 8
MM, 0, 1, 8
MM, 43, 1, 16
MM, 38, 1, 9
MM, 35, 1, 8
MM, 31, 0, 8
MM, 27, 0, 8
MC, 1, 592
MM, 39, 1, 136
MM, 10, 12, 16
MM, 34, 22, 24
MM, 40, 24, 8
MM, 1, 26, 16
MM, 9, 30, 16
MM, 37, 0, 43
MM, 2, 7, 28
MM, 7, 9, 9
MM, 8, 9, 7
MM, 10, 10, 9
MM, 11, 10, 7
MM, 13, 11, 16
MM, 15, 12, 8
MM, 16, 12, 8
MM, 19, 12, 8
MM, 22, 14, 8
MM, 28, 15, 8
MM, 31, 16, 8
MM, 34, 17, 8
MM, 37, 18, 8
MM, 40, 19, 8
MM, 1, 21, 17
MM, 4, 21, 7
MM, 7, 23, 9
MM, 11, 24, 7
MM, 13, 24, 8
MM, 14, 24, 8
MM, 14, 23, 161
MM, 13, 23, 55
MM, 13, 22, 8
MM, 12, 22, 17
MM, 11, 21, 8
MM, 11, 20, 7
MM, 9, 19, 8
MM, 4, 16, 17
MM, 2, 15, 7
MM, 0, 14, 9
MM, 43, 13, 32
MM, 38, 12, 32
MM, 37, 12, 8
MM, 36, 12, 8
MM, 35, 12, 24
MM, 34, 12, 17
MM, 33, 12, 7
MM, 33, 11, 8
MM, 29, 10, 16
MM, 28, 10, 7
MM, 27, 10, 16
MM, 27, 9, 50
MC, 1, 191
MM, 28, 9, 120
MM, 29, 9, 32
MM, 30, 9, 40
MM, 31, 9, 8
MM, 32, 9, 7
MM, 33, 9, 17
MM, 34, 9, 8
MM, 35, 9, 7
MM, 36, 9, 32
MM, 37, 10, 16
MM, 38, 10, 8
MM, 39, 10, 8
MM, 40, 10, 9
MM, 41, 10, 8
MM, 43, 10, 8
MM, 0, 11, 24
MM, 2, 12, 8
MM, 4, 12, 7
MM, 6, 12, 8
MM, 7, 12, 25
MM, 8, 12, 16
MM, 9, 12, 17
MM, 10, 12, 48
MM, 11, 12, 15
MM, 13, 14, 16
MM, 18, 14, 16
MM, 25, 15, 17
MM, 33, 17, 15
MM, 36, 19, 8
MM, 38, 19, 24
MM, 39, 20, 122
MM, 42, 20, 31
MM, 43, 20, 73
MM, 0, 20, 47
MM, 2, 20, 15
MM, 6, 20, 16
MM, 14, 20, 15
MM, 18, 20, 9
MM, 24, 20, 7
MM, 30, 20, 17
MM, 31, 20, 8
MM, 32, 20, 25
MM, 33, 20, 7
MM, 34, 20, 8
MM, 35, 20, 8
MM, 40, 20, 16
MM, 3, 20, 25
MM, 6, 20, 7
MM, 9, 20, 8
MM, 11, 20, 8
MM, 13, 20, 16
MM, 14, 20, 17
MM, 15, 20, 7
MM, 16, 20, 8
MM, 17, 20, 16
MM, 17, 19, 25
MM, 18, 19, 89
MC, 1, 141
MM, 20, 19, 97
MM, 21, 19, 7
MM, 22, 18, 8
MM, 24, 17, 9
MM, 25, 17, 16
MM, 28, 15, 7
MM, 29, 15, 9
MM, 31, 14, 8
MM, 36, 11, 16
MM, 41, 7, 16
MM, 106, 29, 88751
MM, 105, 29, 10
MM, 105, 28, 263
MM, 105, 27, 8
MM, 106, 26, 8
MM, 110, 21, 16
MM, 113, 17, 7
MM, 119, 10, 16
MM, 124, 7, 8
MM, 127, 4, 8
MM, 133, 1, 8
MM, 12, 30, 25
MM, 22, 24, 7
MM, 34, 20, 8
MM, 0, 16, 9
MM, 12, 13, 7
MM, 25, 11, 8
MM, 39, 8, 8
MM, 12, 3, 17
MM, 22, 1, 7
MM, 31, 0, 8
MM, 50, 1, 353
MM, 51, 2, 7
MM, 52, 6, 16
MM, 53, 7, 9
MM, 53, 8, 16
MM, 53, 9, 113
MM, 54, 9, 15
MM, 54, 10, 17
MM, 55, 10, 46
MM, 55, 11, 8
MM, 55, 12, 8
MM, 56, 13, 8
MM, 56, 14, 26
MM, 57, 15, 23
