**********************************
LOGGING TIME: 20180908_205415
CLIENT IP: 192.168.56.1
USERNAME: Nikhil
OS: Windows 10
*********************Neutral database**********************************
MM, 245, 4, 1537598291899
MM, 168, 27, 601
MM, 157, 24, 16
MM, 153, 19, 8
MM, 127, 13, 105
MM, 126, 13, 113
MM, 135, 26, 24
MM, 135, 23, 22
MM, 135, 21, 8
MM, 135, 16, 16
MM, 136, 15, 8
MM, 137, 11, 15
MM, 137, 10, 8
MM, 138, 9, 7
MM, 138, 8, 8
MM, 138, 7, 8
MM, 138, 6, 8
MM, 138, 5, 82
MM, 137, 5, 23
MM, 136, 5, 129
MM, 136, 4, 7
MM, 135, 4, 8
MM, 134, 4, 16
MM, 133, 4, 8
MM, 132, 4, 8
MM, 131, 4, 16
MM, 131, 6, 8
MM, 131, 7, 8
MM, 132, 7, 8
MM, 133, 7, 8
MM, 136, 7, 7
MM, 138, 7, 9
MM, 139, 7, 8
MM, 140, 7, 11451
MM, 140, 8, 56
MM, 143, 12, 23
MM, 145, 18, 24
MM, 147, 22, 1937
MM, 148, 22, 15
MM, 149, 22, 5353
MM, 150, 22, 128
MM, 151, 22, 40
MM, 153, 23, 6
MM, 167, 30, 15
MP, 1, 8930
MR, 1, 102
MC, 1, 0
MC, 1, 552
MM, 76, 32, 29888
MM, 19, 4, 24
MM, 0, 31, 8
MM, 2, 23, 225
MM, 7, 20, 7
MM, 15, 16, 16
MM, 21, 14, 8
MM, 24, 12, 9
MM, 28, 9, 7
MM, 30, 9, 8
MM, 32, 7, 9
MM, 34, 6, 6
MM, 36, 4, 8
MM, 37, 2, 9
MM, 39, 1, 7
MM, 0, 25, 89
MM, 1, 24, 16
MM, 2, 23, 8
MM, 3, 21, 8
MM, 6, 18, 8
MM, 8, 16, 8
MM, 12, 12, 8
MM, 14, 10, 7
MM, 16, 8, 8
MM, 19, 5, 9
MM, 21, 3, 8
MM, 22, 2, 8
MM, 23, 0, 8
MM, 25, 31, 442
MM, 27, 27, 70
MM, 27, 26, 40
MM, 28, 25, 33
MM, 28, 24, 87
MM, 28, 23, 41
MC, 1, 168
MM, 27, 23, 23
MM, 26, 23, 40
MM, 27, 23, 32
MM, 32, 23, 8
MM, 43, 23, 7
MM, 8, 26, 18
MM, 31, 29, 6
MM, 29, 12, 33
MM, 16, 19, 8
MM, 6, 26, 7
MM, 1, 31, 8
MM, 7, 0, 8
MM, 26, 5, 8
MM, 35, 6, 9
MM, 41, 7, 8
MM, 42, 7, 8
MM, 43, 7, 64
MM, 43, 6, 16
MM, 44, 6, 16
MM, 44, 5, 8
MM, 44, 3, 17
MM, 44, 2, 15
MM, 44, 1, 7
MM, 21, 31, 33
MM, 20, 29, 8
MM, 18, 27, 8
MM, 16, 24, 9
MM, 15, 22, 6
MM, 15, 21, 8
MM, 14, 20, 9
MM, 14, 18, 8
MM, 13, 17, 8
MM, 13, 15, 15
MC, 1, 553
MM, 22, 5, 136
MM, 24, 12, 8
MM, 25, 21, 7
MM, 26, 27, 9
MM, 46, 4, 15
MM, 46, 8, 8
MM, 46, 11, 9
MM, 46, 13, 7
MM, 46, 16, 8
MM, 45, 18, 8
MM, 44, 19, 8
MM, 44, 21, 8
MM, 42, 23, 8
MM, 42, 24, 8
MM, 40, 26, 8
MM, 31, 0, 105
MM, 30, 1, 16
MM, 29, 1, 16
MM, 28, 1, 16
MM, 24, 2, 32
MM, 23, 2, 7
MM, 22, 4, 8
MM, 23, 4, 194
MC, 1, 79
MM, 22, 4, 80
MM, 20, 3, 16
MM, 16, 3, 9
MM, 9, 1, 7
MM, 35, 30, 25
MM, 25, 26, 7
MM, 13, 22, 7
MM, 0, 16, 9
MM, 36, 8, 8
MM, 12, 28, 16
MM, 42, 17, 7
MM, 19, 6, 9
MM, 43, 16, 55
MM, 36, 14, 8
MM, 33, 13, 9
MM, 30, 12, 7
MM, 29, 12, 9
MM, 30, 12, 176
MM, 32, 12, 8
MM, 35, 12, 8
MM, 41, 13, 8
MC, 1, 833
MM, 1, 24, 112
MM, 13, 29, 7
MM, 25, 3, 16
MM, 37, 8, 8
MM, 5, 17, 16
MM, 9, 19, 7
MM, 11, 20, 8
MM, 10, 20, 129
MM, 9, 20, 8
MM, 7, 19, 8
MM, 5, 19, 8
MM, 3, 18, 8
MM, 1, 16, 7
MM, 43, 15, 34
MM, 42, 15, 6
MM, 41, 15, 10
MM, 39, 15, 7
MM, 37, 15, 8
MM, 35, 15, 8
MM, 34, 15, 7
MM, 32, 15, 8
MM, 30, 15, 10
MM, 27, 15, 31
MM, 27, 16, 137
MM, 27, 17, 39
MM, 27, 18, 59
MM, 28, 18, 79
MM, 29, 19, 239
MC, 1, 87
MM, 29, 18, 32
MM, 28, 17, 9
MM, 27, 16, 8
MM, 27, 15, 7
MM, 25, 14, 8
MM, 20, 12, 9
MM, 14, 9, 7
MM, 7, 6, 8
MM, 0, 4, 8
MM, 43, 0, 16
MC, 1, 825
MM, 1, 7, 95
MM, 15, 20, 16
MM, 19, 28, 7
MM, 27, 2, 16
MM, 30, 9, 8
MM, 33, 15, 9
MM, 36, 22, 8
MM, 38, 28, 8
MM, 84, 5, 16
MM, 87, 14, 8
MM, 91, 21, 8
MM, 95, 28, 8
MM, 98, 34, 9
MM, 100, 38, 7
MM, 101, 39, 8
MM, 101, 40, 16
MM, 101, 41, 8
MM, 102, 41, 106
MP, 1, 175
MR, 1, 71
MC, 1, 0
MM, 104, 40, 72
MM, 104, 37, 7
MM, 104, 35, 9
MM, 105, 32, 8
MM, 105, 29, 8
MM, 105, 24, 8
MM, 21, 28, 48
MM, 22, 23, 8
MM, 23, 13, 7
MM, 23, 6, 8
MM, 24, 1, 8
MM, 24, 30, 17
MM, 24, 26, 8
MM, 24, 23, 8
MM, 24, 20, 9
MM, 24, 18, 7
MM, 23, 16, 8
MM, 22, 14, 8
MM, 22, 12, 8
MM, 22, 11, 8
MM, 22, 10, 8
MM, 22, 9, 16
MM, 21, 9, 40
MM, 21, 8, 23
MM, 20, 8, 8
MM, 20, 7, 9
MM, 19, 7, 8
MM, 19, 6, 32
MM, 18, 6, 7
MM, 18, 5, 8
MM, 17, 4, 18
MM, 17, 2, 15
MM, 16, 2, 16
MM, 16, 1, 8
MC, 1, 689
MM, 1, 24, 417
MM, 21, 29, 15
MM, 41, 1, 17
MM, 16, 9, 6
MM, 18, 26, 17
MM, 20, 7, 15
MM, 39, 14, 7
MM, 5, 16, 49
MM, 6, 16, 56
MM, 7, 16, 24
MM, 11, 17, 8
MM, 16, 18, 8
MM, 20, 19, 8
MM, 25, 20, 7
MM, 28, 21, 8
MM, 29, 21, 8
MM, 30, 21, 10
MM, 31, 21, 6
MM, 31, 20, 17
MM, 33, 18, 16
MM, 33, 16, 8
MM, 35, 14, 9
MM, 36, 13, 7
MM, 37, 11, 8
MM, 39, 8, 8
MM, 39, 7, 8
MM, 40, 4, 8
MM, 40, 2, 7
MM, 41, 0, 8
MM, 44, 1, 930
MM, 32, 5, 7
MM, 19, 7, 17
MM, 13, 9, 7
MM, 7, 13, 8
MM, 1, 15, 8
MM, 42, 20, 15
MM, 39, 22, 9
MM, 37, 23, 8
MM, 35, 24, 9
MM, 33, 25, 8
MM, 32, 26, 7
MM, 30, 27, 8
MM, 29, 28, 7
MM, 28, 29, 8
MM, 25, 29, 9
MM, 24, 30, 8
MM, 23, 31, 8
MM, 9, 0, 39
MM, 5, 2, 9
MM, 1, 4, 8
MM, 42, 9, 24
MM, 41, 10, 8
MM, 38, 12, 9
MM, 37, 12, 7
MM, 36, 13, 8
MM, 34, 14, 7
MM, 30, 14, 9
MM, 28, 15, 8
MM, 26, 15, 7
MM, 25, 16, 8
MM, 24, 16, 26
MM, 24, 17, 23
MM, 22, 18, 7
MM, 21, 21, 8
MM, 16, 24, 9
MM, 10, 28, 9
MM, 180, 4, 23
MM, 173, 7, 8
MM, 169, 9, 8
MM, 166, 12, 7
MM, 165, 12, 9
MM, 164, 13, 8
MM, 163, 14, 23
MC, 1, 321
MM, 163, 13, 40
MM, 163, 11, 9
MM, 162, 5, 7
MM, 16, 22, 15
MM, 5, 3, 8
MM, 46, 25, 8
MM, 35, 9, 9
MC, 1, 640
MM, 1, 8, 64
MM, 7, 8, 8
MM, 11, 8, 8
MM, 16, 8, 9
MM, 18, 8, 7
MM, 19, 8, 9
MM, 20, 8, 7
MM, 21, 8, 23
MM, 22, 8, 50
MC, 1, 295
MM, 23, 8, 64
MM, 24, 8, 9
MM, 29, 8, 15
MM, 34, 8, 8
MM, 41, 8, 8
MM, 6, 8, 16
MM, 18, 9, 8
MM, 27, 11, 8
MM, 38, 12, 9
MM, 4, 14, 15
MM, 11, 15, 8
MM, 15, 15, 8
MM, 18, 16, 7
MM, 21, 16, 10
MM, 24, 16, 7
MM, 26, 16, 9
MM, 29, 16, 7
MM, 33, 17, 9
MM, 35, 18, 7
MM, 1, 19, 81
MM, 3, 19, 17
MM, 4, 19, 7
MM, 6, 19, 16
MM, 7, 19, 14
MM, 8, 18, 26
MM, 9, 18, 15
MM, 11, 18, 15
MM, 13, 18, 9
MM, 14, 18, 8
MM, 16, 17, 8
MM, 18, 17, 8
MM, 19, 16, 7
MM, 20, 16, 10
MM, 21, 16, 7
MM, 22, 16, 8
MM, 23, 15, 8
MM, 25, 15, 8
MM, 27, 15, 8
MM, 29, 15, 8
MM, 31, 15, 7
MM, 33, 15, 8
MM, 1, 14, 82
MM, 2, 14, 7
MM, 3, 14, 8
MM, 4, 14, 57
MM, 5, 14, 24
MM, 6, 14, 8
MM, 7, 14, 6
MM, 8, 14, 8
MM, 9, 14, 26
MM, 10, 14, 6
MM, 11, 14, 33
MM, 12, 14, 32
MM, 9, 14, 176
MM, 8, 14, 17
MM, 7, 14, 38
MM, 6, 14, 50
MM, 6, 13, 7
MM, 5, 13, 16
MM, 4, 12, 8
MM, 3, 12, 8
MM, 1, 12, 8
MM, 34, 10, 24
MM, 30, 8, 7
MM, 24, 8, 8
MM, 19, 7, 8
MM, 10, 6, 9
MM, 2, 5, 7
MM, 29, 3, 16
MM, 22, 3, 10
MM, 17, 3, 8
MM, 15, 3, 7
MM, 14, 3, 8
MM, 13, 3, 98
MM, 12, 3, 9
MM, 10, 4, 21
MM, 9, 5, 8
MM, 7, 6, 8
MM, 6, 8, 7
MM, 4, 10, 8
MM, 3, 10, 8
MM, 2, 12, 8
MM, 2, 13, 17
MM, 2, 14, 8
MM, 3, 14, 128
MM, 4, 14, 25
MM, 5, 14, 16
MM, 6, 14, 7
MM, 7, 13, 8
MM, 8, 13, 16
MM, 9, 13, 40
MM, 10, 12, 8
MM, 11, 12, 8
MM, 13, 12, 9
MM, 14, 12, 8
MM, 15, 12, 7
MM, 17, 12, 9
MM, 18, 12, 7
MM, 19, 12, 8
MM, 20, 12, 8
MM, 21, 12, 16
MM, 22, 12, 8
MM, 23, 12, 8
MM, 24, 12, 40
MM, 24, 11, 24
MM, 25, 11, 608
MC, 1, 88
MM, 24, 11, 48
MM, 23, 11, 8
MM, 21, 11, 7
MM, 19, 11, 9
MM, 15, 11, 7
MM, 11, 11, 8
MM, 6, 11, 9
MM, 41, 15, 17
MM, 31, 18, 7
MM, 22, 20, 8
MM, 11, 24, 8
MM, 3, 26, 7
MM, 43, 30, 8
MM, 10, 1, 17
MM, 3, 4, 8
MM, 42, 11, 16
MM, 39, 12, 8
MM, 35, 14, 8
MM, 33, 15, 8
MM, 31, 17, 8
MM, 29, 17, 7
MM, 29, 18, 9
MM, 28, 19, 9
MM, 27, 20, 7
MM, 26, 20, 8
MM, 22, 22, 8
MM, 20, 24, 8
MM, 17, 25, 7
MM, 15, 26, 9
MM, 12, 28, 8
MM, 8, 29, 8
MM, 3, 30, 7
MM, 0, 31, 8
MM, 30, 0, 171
MM, 30, 1, 87
MM, 29, 1, 8
MM, 28, 2, 16
MM, 28, 3, 15
MM, 28, 4, 97
MM, 28, 5, 7
MM, 29, 5, 8
MM, 29, 6, 8
MM, 29, 7, 9
MM, 29, 8, 7
MM, 29, 10, 16
MM, 30, 10, 7
MM, 30, 11, 8
MM, 30, 12, 26
MC, 1, 150
MM, 30, 11, 33
MM, 28, 11, 9
MM, 25, 9, 7
MM, 22, 6, 7
MM, 16, 3, 8
MM, 11, 1, 9
MM, 40, 31, 24
MM, 30, 26, 8
MM, 23, 25, 7
MM, 17, 23, 8
MM, 13, 23, 8
MM, 9, 23, 8
MM, 8, 23, 8
MM, 5, 23, 9
MM, 3, 23, 8
MM, 2, 23, 24
MM, 1, 23, 16
MM, 0, 23, 24
MM, 42, 22, 178
MM, 41, 22, 15
MM, 38, 22, 7
MM, 37, 23, 8
MM, 36, 23, 10
MM, 35, 23, 14
MM, 34, 23, 16
MM, 33, 24, 8
MM, 32, 24, 8
MM, 31, 24, 81
MM, 38, 24, 150
MM, 42, 22, 9
MM, 0, 18, 17
MM, 7, 15, 7
MM, 14, 12, 7
MM, 22, 8, 8
MM, 32, 7, 9
MM, 41, 7, 8
MM, 6, 7, 8
MM, 24, 9, 7
MM, 38, 9, 9
MM, 13, 13, 8
MM, 41, 22, 15
MM, 22, 27, 9
MM, 32, 3, 16
MM, 2, 9, 9
MM, 12, 13, 7
MM, 20, 15, 9
MM, 23, 15, 6
MM, 24, 15, 82
MM, 25, 15, 23
MM, 26, 15, 8
MM, 27, 15, 8
MM, 29, 15, 8
MM, 31, 14, 8
MM, 33, 14, 9
MM, 35, 14, 7
MM, 37, 13, 8
MM, 40, 12, 9
MM, 42, 11, 7
MM, 1, 6, 40
MM, 4, 4, 7
MM, 7, 3, 8
MM, 9, 2, 9
MM, 12, 2, 8
MM, 14, 1, 8
MM, 16, 0, 9
MM, 18, 31, 103
MM, 18, 30, 7
MM, 18, 28, 17
MM, 18, 27, 16
MM, 18, 26, 25
MM, 19, 26, 74
MM, 20, 26, 78
MC, 1, 71
MM, 19, 26, 41
MM, 17, 26, 23
MM, 16, 26, 8
MM, 13, 26, 9
MM, 9, 28, 7
MM, 3, 31, 8
MM, 38, 1, 24
MM, 36, 3, 8
MM, 32, 5, 8
MM, 25, 9, 9
MM, 23, 12, 7
MM, 16, 17, 7
MM, 9, 21, 8
MM, 5, 23, 9
MM, 43, 28, 16
MM, 37, 30, 9
MM, 33, 31, 7
MM, 189, 1, 49
MM, 184, 4, 7
MM, 181, 5, 9
MM, 176, 7, 8
MM, 172, 9, 6
MM, 170, 10, 8
MM, 167, 12, 10
MM, 165, 12, 7
MM, 165, 13, 8
MM, 164, 13, 8
MM, 164, 14, 7
MC, 1, 313
MM, 164, 13, 56
MM, 164, 11, 8
MM, 165, 10, 8
MM, 165, 9, 8
MM, 166, 7, 8
MM, 166, 6, 8
MM, 166, 5, 8
MM, 167, 5, 32
MM, 169, 4, 233
MM, 176, 1, 16
MM, 6, 24, 22
MM, 13, 17, 8
MM, 14, 17, 9
MM, 29, 3, 8
MM, 9, 19, 24
MM, 19, 12, 7
MM, 28, 6, 9
MM, 36, 0, 8
MM, 19, 28, 15
MM, 21, 25, 8
MM, 23, 23, 8
MM, 23, 20, 8
MM, 23, 19, 8
MM, 23, 18, 9
MM, 23, 17, 8
MM, 23, 16, 24
MM, 22, 16, 23
MM, 21, 16, 9
MM, 20, 16, 9
MM, 18, 16, 16
MM, 16, 16, 15
MM, 13, 16, 8
MM, 10, 15, 8
MM, 7, 15, 7
MM, 4, 15, 9
MM, 1, 14, 8
MM, 33, 14, 48
MM, 31, 14, 9
MM, 29, 14, 7
MM, 26, 14, 8
MM, 24, 14, 8
MM, 21, 14, 8
MM, 19, 14, 8
MM, 16, 14, 9
MM, 15, 14, 7
MM, 14, 15, 7
MM, 13, 15, 9
MM, 13, 16, 16
MM, 12, 16, 8
MM, 11, 16, 552
MM, 12, 16, 522
MM, 14, 16, 15
MM, 17, 16, 7
MM, 21, 16, 8
MM, 26, 16, 8
MM, 32, 17, 8
MM, 4, 20, 17
MM, 17, 22, 7
MM, 33, 25, 8
MM, 6, 31, 16
MM, 33, 0, 153
MM, 34, 0, 7
MM, 36, 2, 7
MM, 37, 3, 8
MM, 39, 6, 8
MM, 41, 7, 8
MM, 42, 8, 8
MM, 43, 9, 9
MM, 43, 10, 41
MM, 41, 10, 56
MM, 38, 11, 8
MM, 36, 12, 8
MM, 31, 12, 16
MM, 30, 12, 7
MM, 28, 12, 16
MM, 27, 12, 8
MM, 26, 12, 24
MM, 25, 12, 15
MM, 25, 13, 137
MM, 25, 14, 17
MC, 1, 120
MM, 24, 14, 39
MM, 24, 13, 7
MM, 23, 13, 18
MM, 21, 13, 15
MM, 19, 12, 8
MM, 17, 11, 8
MM, 14, 11, 8
MM, 8, 9, 8
MM, 0, 8, 8
MM, 37, 5, 8
MM, 23, 3, 8
MM, 8, 1, 8
MM, 26, 29, 16
MM, 10, 25, 8
MM, 34, 21, 17
MM, 23, 17, 7
MM, 14, 16, 8
MM, 6, 15, 8
MC, 1, 1552
MM, 14, 2, 184
MM, 10, 4, 8
MM, 4, 7, 8
MM, 0, 9, 8
MM, 43, 13, 64
MM, 43, 14, 16
MM, 42, 14, 8
MM, 41, 15, 8
MM, 39, 16, 8
MM, 38, 16, 16
MM, 38, 17, 23
MM, 37, 18, 17
MM, 36, 18, 40
MM, 35, 18, 39
MM, 33, 18, 41
MM, 33, 19, 50
MM, 0, 18, 174
MM, 5, 18, 8
MM, 12, 17, 8
MM, 20, 15, 8
MM, 27, 14, 8
MM, 33, 14, 8
MM, 36, 14, 8
MM, 39, 14, 8
MM, 41, 14, 8
MM, 1, 15, 65
MM, 2, 15, 7
MM, 3, 15, 8
MM, 5, 15, 8
MM, 8, 15, 8
MM, 11, 15, 8
MM, 14, 15, 7
MM, 19, 15, 9
MM, 22, 15, 8
MM, 25, 15, 8
MM, 29, 15, 8
MM, 32, 15, 8
MM, 34, 15, 8
MM, 37, 15, 9
MM, 40, 15, 8
MM, 42, 15, 7
MM, 43, 15, 8
MM, 42, 15, 79
MM, 42, 16, 10
MM, 41, 16, 16
MM, 40, 17, 15
MM, 39, 17, 8
MM, 38, 17, 15
MM, 35, 17, 9
MM, 32, 18, 9
MM, 29, 18, 6
MM, 27, 18, 9
MM, 25, 18, 7
MM, 23, 18, 8
MM, 22, 18, 9
MM, 21, 18, 8
MM, 20, 18, 16
MM, 19, 18, 16
MM, 18, 18, 15
MM, 17, 18, 9
MM, 16, 18, 8
MM, 15, 18, 8
MM, 13, 18, 8
MM, 12, 18, 16
MM, 11, 18, 15
MM, 10, 18, 26
MC, 1, 199
MM, 11, 18, 98
MM, 12, 18, 23
MM, 13, 18, 16
MM, 15, 18, 24
MM, 16, 18, 6
MM, 18, 19, 17
MM, 19, 19, 8
MM, 20, 19, 9
MM, 22, 20, 7
MM, 23, 20, 8
MM, 24, 21, 9
MM, 25, 22, 14
MM, 28, 24, 8
MM, 30, 28, 10
MM, 42, 2, 15
MM, 3, 16, 16
MM, 7, 23, 7
MM, 10, 28, 8
MM, 57, 3, 25
MM, 59, 7, 9
MM, 61, 11, 7
MM, 62, 13, 8
MM, 63, 14, 8
MM, 64, 16, 8
MM, 65, 17, 7
MM, 66, 19, 9
MM, 67, 20, 8
MM, 67, 21, 15
MM, 67, 22, 8
MM, 68, 22, 25
MM, 68, 23, 24
MM, 68, 24, 24
MM, 68, 25, 8
MM, 69, 24, 105
MM, 70, 24, 24
MM, 70, 23, 48
MM, 71, 23, 86
MM, 72, 23, 25
MM, 73, 23, 50
MM, 74, 23, 31
MM, 75, 23, 7
MM, 76, 23, 8
MC, 1, 88
MM, 77, 23, 16
MM, 79, 22, 8
MM, 84, 18, 7
MM, 93, 14, 8
MM, 102, 11, 8
MM, 113, 6, 10
MM, 124, 2, 8
MM, 15, 30, 15
MM, 37, 23, 8
MM, 15, 15, 7
MM, 33, 12, 8
MM, 6, 7, 10
MM, 32, 4, 7
MM, 0, 1, 9
MM, 33, 29, 262
MM, 32, 27, 9
MM, 31, 26, 8
MM, 30, 25, 7
MM, 30, 24, 9
MM, 29, 24, 8
MM, 29, 23, 8
MM, 28, 22, 8
MM, 27, 20, 7
MM, 26, 19, 9
MM, 25, 18, 8
MM, 25, 17, 8
MC, 1, 296
MM, 24, 17, 48
MM, 21, 17, 8
MM, 13, 14, 9
MM, 2, 10, 7
MM, 28, 8, 8
MM, 13, 6, 7
MM, 27, 1, 889
MM, 36, 5, 8
MM, 42, 9, 8
MM, 2, 14, 16
MM, 6, 16, 8
MM, 9, 17, 9
MM, 9, 18, 7
MM, 10, 18, 7
MM, 10, 19, 17
MM, 11, 20, 8
MM, 12, 21, 16
MM, 13, 22, 8
MM, 14, 23, 8
MM, 16, 25, 8
MM, 19, 26, 8
MM, 21, 29, 9
MM, 23, 30, 7
MM, 41, 1, 56
MM, 2, 6, 15
MM, 7, 9, 8
MM, 15, 12, 9
MM, 19, 15, 7
MM, 25, 17, 9
MM, 28, 18, 8
MM, 30, 19, 8
MM, 29, 19, 201
MM, 26, 19, 16
MM, 23, 19, 7
MM, 20, 19, 8
MM, 18, 19, 8
MM, 15, 17, 15
MM, 14, 17, 8
MC, 1, 177
MM, 13, 17, 8
MM, 12, 17, 9
MM, 10, 17, 15
MM, 6, 17, 8
MM, 2, 17, 7
MM, 38, 17, 17
MM, 29, 17, 7
MM, 20, 17, 10
MM, 9, 16, 8
MM, 0, 16, 7
MM, 42, 16, 8
MM, 32, 16, 7
MM, 24, 16, 8
MM, 16, 16, 9
MM, 8, 16, 8
MM, 4, 16, 8
MM, 0, 16, 8
MM, 40, 16, 16
MM, 38, 16, 7
MM, 34, 16, 8
MM, 32, 16, 9
MM, 35, 16, 343
MM, 41, 13, 9
MM, 2, 8, 8
MM, 17, 0, 8
MM, 6, 30, 15
MM, 26, 29, 8
MM, 9, 24, 17
MM, 27, 21, 8
MM, 42, 19, 9
MM, 8, 17, 7
MM, 23, 14, 8
MM, 35, 13, 8
MM, 3, 10, 16
MM, 8, 9, 8
MM, 14, 8, 8
MM, 17, 7, 8
MM, 18, 7, 8
MM, 20, 7, 8
MM, 20, 6, 15
MM, 21, 6, 9
MM, 21, 5, 23
MM, 22, 5, 8
MM, 23, 4, 8
MM, 25, 4, 9
MM, 26, 4, 8
MM, 27, 3, 8
MM, 29, 3, 7
MM, 30, 2, 9
MM, 31, 2, 8
MM, 32, 2, 15
MM, 32, 1, 9
MM, 32, 0, 24
MM, 28, 31, 63
MM, 25, 30, 8
MM, 24, 30, 8
MM, 23, 30, 8
MM, 22, 30, 33
MM, 21, 30, 31
MM, 21, 29, 209
MM, 21, 28, 16
MC, 1, 233
MM, 22, 28, 55
MM, 23, 28, 8
MM, 26, 29, 8
MM, 30, 30, 8
MM, 30, 0, 24
MM, 35, 3, 7
MM, 41, 6, 9
MM, 43, 7, 8
MM, 0, 12, 72
MM, 1, 13, 8
MM, 2, 14, 16
MM, 3, 15, 15
MM, 5, 16, 16
MM, 5, 17, 17
MM, 6, 17, 8
MM, 8, 17, 32
MM, 8, 18, 8
MM, 9, 18, 8
MM, 10, 18, 24
MM, 11, 18, 7
MM, 12, 18, 41
MM, 13, 18, 32
MC, 1, 239
MM, 12, 18, 65
MM, 12, 17, 8
MM, 10, 17, 8
MM, 9, 17, 8
MM, 8, 17, 8
MM, 6, 17, 7
MM, 3, 17, 8
MM, 36, 20, 24
MM, 26, 22, 9
MM, 15, 23, 7
MM, 4, 25, 8
MM, 34, 27, 17
MM, 23, 29, 8
MM, 15, 30, 8
MM, 4, 31, 8
MM, 33, 1, 24
MM, 24, 3, 8
MM, 16, 6, 9
MM, 7, 9, 8
MM, 0, 11, 8
MM, 43, 14, 7
MM, 36, 18, 8
MM, 33, 20, 7
MM, 27, 23, 8
MM, 25, 24, 9
MM, 23, 25, 8
MM, 23, 26, 9
MM, 22, 27, 7
MM, 20, 29, 7
MM, 19, 31, 8
MM, 105, 0, 89
MM, 103, 2, 17
MM, 103, 3, 6
MM, 101, 5, 8
MM, 101, 6, 8
MM, 101, 7, 9
MM, 100, 8, 8
MM, 100, 9, 16
MM, 100, 10, 104
MM, 102, 10, 8
MM, 103, 10, 8
MM, 105, 10, 8
MM, 107, 11, 7
MM, 109, 12, 8
MM, 112, 13, 9
MM, 113, 13, 8
MM, 115, 14, 16
MM, 116, 14, 9
MM, 117, 14, 7
MM, 119, 15, 8
MM, 120, 16, 7
MM, 121, 17, 9
MM, 123, 17, 8
MM, 124, 19, 8
MM, 126, 20, 8
MM, 129, 22, 7
MM, 130, 23, 8
MM, 132, 24, 9
MM, 133, 26, 8
MM, 135, 27, 8
MM, 136, 27, 7
MM, 136, 28, 9
MM, 136, 29, 33
MM, 137, 29, 7
MM, 138, 29, 24
MM, 139, 29, 40
MC, 1, 73
MM, 139, 28, 14
MM, 139, 26, 17
MM, 138, 24, 8
MM, 136, 21, 8
MM, 135, 19, 8
MM, 132, 17, 8
MM, 131, 15, 8
MM, 128, 12, 8
MM, 125, 10, 8
MM, 124, 8, 8
MM, 123, 7, 8
MM, 122, 6, 8
MM, 120, 5, 8
MM, 119, 3, 7
MM, 117, 2, 8
MM, 14, 30, 34
MM, 9, 25, 6
MM, 4, 21, 10
MM, 43, 12, 71
MM, 39, 11, 8
MM, 36, 9, 8
MM, 30, 7, 8
MM, 24, 4, 8
MM, 20, 2, 8
MM, 14, 1, 7
MM, 7, 0, 8
MM, 25, 0, 193
MM, 25, 1, 56
MM, 25, 2, 16
MM, 25, 3, 9
MM, 25, 4, 7
MM, 26, 5, 8
MM, 26, 7, 7
MM, 27, 10, 8
MM, 28, 11, 9
MM, 29, 12, 8
MM, 30, 14, 8
MM, 31, 15, 8
MM, 31, 16, 8
MM, 31, 17, 23
MM, 32, 17, 25
MM, 32, 18, 32
MC, 1, 113
MM, 32, 17, 15
MM, 30, 13, 8
MM, 26, 7, 8
MM, 22, 1, 9
MM, 13, 30, 23
MM, 8, 25, 8
MM, 1, 21, 8
MM, 43, 17, 8
MM, 38, 15, 8
MM, 34, 13, 8
MM, 32, 12, 7
MM, 31, 12, 8
MM, 30, 12, 32
MM, 28, 12, 8
MM, 26, 12, 8
MM, 23, 12, 8
MM, 19, 11, 8
MM, 15, 10, 9
MM, 11, 9, 8
MM, 8, 9, 8
MM, 6, 9, 7
MM, 5, 9, 25
MM, 3, 9, 32
MM, 0, 9, 8
MM, 43, 8, 56
MM, 41, 8, 8
MM, 40, 8, 8
MM, 39, 8, 8
MM, 37, 8, 9
MM, 36, 8, 23
MM, 36, 9, 154
MC, 1, 127
MM, 37, 9, 47
MM, 38, 9, 8
MM, 40, 9, 8
MM, 42, 9, 8
MM, 2, 9, 24
MM, 11, 11, 8
MM, 23, 12, 8
MM, 36, 14, 8
MM, 7, 17, 8
MM, 36, 22, 8
MM, 17, 27, 8
MM, 40, 1, 24
MM, 4, 5, 8
MM, 17, 9, 8
MM, 24, 11, 8
MM, 28, 11, 8
MM, 29, 11, 23
MM, 30, 11, 17
MM, 31, 11, 16
MM, 33, 12, 8
MM, 35, 13, 7
MM, 38, 14, 8
MM, 41, 15, 9
MM, 2, 17, 24
MM, 4, 18, 7
MM, 6, 19, 8
MM, 8, 19, 9
MM, 10, 19, 9
MM, 11, 19, 95
MM, 11, 18, 33
MM, 10, 17, 71
MM, 9, 17, 9
MM, 7, 17, 6
MM, 5, 17, 8
MM, 2, 16, 8
MM, 0, 16, 9
MM, 41, 16, 32
MM, 39, 16, 8
MM, 37, 16, 8
MM, 35, 16, 8
MM, 34, 16, 16
MM, 33, 16, 15
MM, 32, 16, 8
MM, 31, 16, 16
MM, 30, 16, 48
MM, 29, 16, 40
MM, 28, 16, 8
MM, 27, 16, 16
MM, 26, 16, 16
MM, 25, 17, 8
MM, 23, 18, 8
MM, 22, 18, 16
MM, 20, 18, 8
MM, 19, 18, 33
MM, 17, 19, 15
MC, 1, 160
MM, 17, 20, 88
MM, 17, 21, 17
MM, 17, 23, 8
MM, 17, 25, 8
MM, 17, 28, 8
MM, 17, 30, 8
MM, 154, 1, 33
MM, 154, 2, 7
MM, 153, 4, 16
MM, 153, 5, 8
MM, 153, 6, 8
MM, 153, 7, 17
MM, 153, 8, 15
MM, 153, 9, 17
MM, 153, 10, 15
MM, 153, 11, 8
MM, 153, 12, 16
MM, 153, 14, 8
MM, 153, 15, 16
MM, 153, 17, 8
MM, 153, 18, 8
MM, 153, 19, 8
MM, 153, 21, 8
MM, 153, 22, 16
MM, 153, 23, 71
MM, 153, 24, 17
MM, 153, 25, 81
MM, 153, 26, 23
MM, 154, 26, 114
MM, 155, 26, 78
MM, 156, 24, 1242
MM, 153, 12, 25
MM, 148, 1, 13
MM, 37, 22, 32
MM, 33, 18, 9
MM, 25, 14, 6
MM, 21, 11, 9
MM, 16, 8, 8
MM, 14, 7, 8
MM, 12, 6, 8
MM, 10, 6, 8
MM, 10, 5, 8
MM, 9, 5, 8
MM, 8, 5, 7
MM, 6, 5, 9
MM, 1, 4, 8
MM, 42, 4, 16
MM, 40, 3, 8
MM, 34, 3, 8
MM, 28, 2, 8
MM, 22, 0, 7
MM, 16, 0, 8
MM, 43, 30, 73
MM, 40, 30, 8
MM, 38, 28, 8
MM, 36, 27, 8
MM, 34, 26, 7
MM, 31, 25, 8
MM, 30, 25, 8
MM, 28, 24, 8
MM, 27, 24, 10
MM, 26, 23, 7
MM, 25, 23, 8
MM, 23, 22, 8
MM, 20, 22, 8
MM, 18, 21, 8
MM, 18, 20, 8
MM, 17, 20, 8
MM, 17, 19, 89
MM, 17, 18, 32
MM, 17, 17, 23
MM, 18, 16, 8
MM, 19, 15, 16
MM, 20, 15, 16
MM, 20, 14, 16
MM, 21, 14, 8
MM, 20, 14, 48
MC, 1, 112
MM, 21, 14, 31
MM, 22, 14, 8
MM, 23, 13, 9
MM, 26, 11, 7
MM, 27, 9, 8
MM, 28, 8, 8
MM, 31, 5, 8
MM, 32, 4, 9
MM, 34, 2, 8
MM, 37, 0, 7
MM, 18, 0, 770
MM, 17, 1, 16
MM, 17, 2, 15
MM, 17, 3, 8
MM, 17, 4, 15
MM, 17, 5, 17
MM, 17, 6, 16
MM, 17, 8, 7
MM, 17, 10, 17
MM, 17, 11, 16
MM, 17, 12, 7
MM, 17, 13, 9
MM, 17, 14, 32
MM, 17, 15, 64
MM, 20, 15, 88
MM, 23, 13, 8
MM, 27, 8, 8
MM, 32, 3, 8
MM, 29, 9, 496
MM, 6, 24, 7
MM, 40, 4, 8
MM, 17, 21, 8
MM, 132, 0, 8
MM, 146, 12, 8
MM, 151, 17, 9
MM, 152, 18, 16
MM, 152, 19, 8
MM, 152, 20, 17
MM, 152, 21, 15
MM, 152, 22, 32
MM, 152, 23, 32
MM, 152, 24, 88
MM, 151, 24, 32
MM, 149, 24, 16
MM, 147, 24, 8
MM, 146, 24, 8
MM, 144, 24, 8
MM, 143, 24, 8
MM, 141, 24, 8
MM, 139, 24, 8
MM, 138, 24, 8
MM, 137, 24, 8
MM, 136, 24, 8
MM, 135, 24, 8
MM, 135, 25, 89
MM, 136, 26, 248
MM, 137, 26, 71
MM, 138, 25, 410
MM, 144, 23, 24
MM, 161, 16, 22
MM, 171, 15, 8
MM, 192, 15, 16
MM, 200, 15, 8
MM, 205, 15, 8
MM, 210, 15, 8
MM, 213, 15, 8
MM, 216, 14, 7
MM, 219, 14, 8
MM, 19, 30, 57
MM, 25, 24, 7
MM, 31, 19, 9
MM, 37, 15, 8
MM, 40, 13, 8
MM, 0, 7, 23
MM, 1, 6, 8
MM, 2, 4, 9
MM, 3, 4, 9
MM, 4, 2, 7
MM, 4, 1, 8
MM, 4, 0, 8
MM, 43, 26, 97
MM, 42, 25, 7
MM, 41, 24, 8
MM, 39, 23, 7
MM, 37, 21, 8
MM, 33, 19, 8
MM, 31, 17, 9
MM, 26, 14, 8
MM, 22, 12, 7
MM, 19, 10, 9
MM, 16, 8, 8
MM, 11, 7, 8
MM, 7, 4, 8
MM, 2, 2, 8
MM, 38, 31, 55
MM, 37, 31, 9
MM, 36, 31, 8
MM, 35, 30, 8
MM, 31, 30, 8
MM, 25, 29, 8
MM, 19, 29, 8
MM, 12, 28, 9
MM, 2, 27, 6
MM, 37, 26, 17
MM, 32, 26, 8
MM, 30, 26, 8
MM, 29, 26, 8
MM, 28, 26, 49
MM, 27, 26, 7
MM, 26, 26, 8
MM, 24, 28, 17
MM, 23, 28, 7
MM, 23, 29, 96
MM, 23, 30, 16
MM, 23, 31, 16
MM, 20, 3, 32
MM, 27, 7, 8
MM, 34, 12, 7
MM, 43, 16, 8
MM, 0, 19, 9
MM, 9, 24, 8
MM, 16, 28, 8
MM, 24, 31, 7
MM, 5, 1, 41
MM, 14, 2, 7
MM, 24, 5, 8
MM, 33, 8, 9
MM, 42, 10, 9
MM, 3, 15, 15
MM, 8, 16, 8
MM, 11, 17, 8
MM, 12, 17, 8
MM, 12, 16, 112
MM, 12, 15, 8
MM, 9, 12, 9
MM, 6, 9, 7
MM, 2, 6, 8
MM, 43, 1, 16
MM, 24, 30, 16
MM, 12, 24, 8
MM, 0, 18, 8
MM, 34, 9, 7
MM, 27, 5, 8
MM, 12, 28, 17
MM, 31, 13, 16
MM, 15, 4, 8
MM, 1, 1, 8
MM, 34, 30, 64
MM, 23, 30, 8
MM, 11, 30, 8
MM, 1, 30, 8
MM, 41, 30, 15
MM, 40, 30, 9
MM, 39, 30, 8
MM, 37, 30, 9
MM, 35, 30, 55
MM, 32, 31, 8
MM, 28, 31, 8
MM, 20, 3, 520
MM, 19, 3, 8
MM, 18, 3, 24
MM, 19, 3, 56
MM, 20, 3, 48
MM, 20, 2, 152
MM, 20, 1, 25
MM, 21, 0, 6
MM, 24, 31, 73
MM, 16, 23, 8
MM, 9, 17, 8
MM, 3, 11, 8
MM, 3, 28, 312
MM, 8, 30, 8
MM, 12, 31, 8
MM, 15, 0, 4528
MM, 16, 0, 7
MM, 17, 1, 9
MM, 20, 2, 7
MM, 22, 3, 9
MM, 24, 4, 9
MM, 27, 6, 7
MM, 32, 7, 8
MM, 39, 10, 9
MM, 2, 16, 14
MM, 8, 17, 9
MM, 15, 19, 8
MM, 21, 22, 8
MM, 26, 25, 8
MM, 32, 28, 8
MM, 35, 29, 7
MM, 0, 31, 90
MM, 2, 31, 7
MM, 3, 30, 8
MM, 5, 28, 16
MM, 6, 27, 8
MM, 8, 25, 8
MM, 9, 23, 8
MM, 10, 23, 8
MM, 10, 21, 8
MM, 11, 20, 8
MM, 11, 18, 16
MM, 11, 17, 8
MM, 8, 14, 8
MM, 4, 8, 8
MM, 12, 3, 1447
MM, 27, 5, 8
MM, 40, 6, 9
MM, 1, 10, 8
MM, 23, 17, 8
MM, 42, 22, 8
MM, 13, 28, 8
MM, 12, 30, 178
MM, 12, 29, 6
MM, 11, 28, 8
MM, 7, 25, 16
MM, 2, 21, 8
MM, 35, 8, 17
MM, 14, 24, 14
MM, 37, 9, 17
MM, 28, 6, 7
MM, 21, 2, 9
MM, 41, 22, 144
MM, 33, 22, 8
MM, 26, 22, 8
MM, 16, 23, 8
MM, 9, 25, 8
MM, 2, 26, 8
MM, 42, 29, 23
MM, 39, 30, 9
MM, 36, 30, 8
MM, 17, 1, 1272
MM, 27, 6, 8
MM, 37, 11, 8
MM, 8, 21, 17
MM, 19, 25, 6
MM, 29, 30, 8
MM, 2, 3, 24
MM, 9, 5, 8
MM, 15, 6, 10
MM, 24, 8, 7
MM, 32, 10, 8
MM, 39, 12, 7
MM, 2, 15, 17
MM, 5, 15, 8
MM, 9, 16, 8
MM, 12, 16, 8
MM, 15, 16, 9
MM, 16, 16, 7
MM, 17, 16, 7
MM, 19, 15, 8
MM, 21, 15, 10
MM, 22, 14, 7
MM, 25, 12, 8
MM, 27, 11, 8
MM, 29, 9, 8
MM, 32, 8, 8
MM, 35, 5, 7
MM, 36, 4, 8
MM, 37, 2, 10
MM, 37, 1, 7
MM, 32, 30, 16
MM, 29, 25, 8
MM, 25, 19, 8
MM, 21, 13, 7
MM, 16, 7, 8
MM, 8, 0, 10
MM, 8, 26, 15
MM, 39, 11, 15
MM, 29, 5, 8
MM, 141, 63, 157
MM, 132, 59, 11
MM, 127, 56, 9
MM, 122, 55, 8
MM, 115, 51, 16
MM, 112, 51, 8
MM, 109, 50, 8
MM, 108, 50, 7
MM, 107, 50, 25
MM, 106, 50, 15
MM, 105, 50, 10
MM, 104, 50, 7
MM, 102, 51, 9
MM, 101, 52, 6
MM, 99, 54, 8
MM, 98, 57, 10
MM, 96, 60, 8
MM, 3, 3, 31
MM, 6, 8, 8
MM, 10, 15, 8
MM, 16, 22, 9
MM, 22, 27, 7
MM, 1, 21, 1562
MM, 3, 22, 8
MM, 2, 22, 126
MM, 0, 22, 8
MM, 34, 30, 722
MM, 30, 27, 6
MM, 25, 25, 7
MM, 23, 24, 9
MM, 23, 25, 8
MM, 15, 25, 7
MM, 3, 22, 9
MM, 41, 17, 8
MM, 30, 14, 8
MM, 21, 12, 8
MM, 14, 10, 7
MM, 11, 9, 8
MM, 10, 8, 9
MM, 9, 8, 9
MM, 8, 8, 32
MM, 4, 8, 14
MM, 0, 7, 9
MM, 1, 11, 464
MM, 2, 10, 17
MM, 4, 9, 16
MM, 5, 9, 16
MM, 6, 8, 16
MM, 8, 8, 7
MM, 9, 8, 8
MM, 10, 8, 9
MM, 13, 8, 7
MM, 15, 8, 8
MM, 16, 8, 8
MM, 17, 8, 8
MM, 18, 8, 8
MM, 19, 8, 24
MC, 1, 168
MM, 20, 8, 64
MM, 21, 9, 8
MM, 28, 11, 7
MM, 39, 16, 8
MM, 3, 22, 9
MM, 21, 30, 8
MM, 39, 1, 8
MM, 7, 10, 8
MM, 22, 17, 9
MM, 33, 23, 7
MM, 43, 28, 8
MM, 0, 31, 8
MM, 54, 0, 105
MM, 59, 3, 16
MM, 61, 5, 8
MM, 63, 6, 8
MM, 63, 7, 7
MM, 64, 7, 8
MM, 65, 8, 7
MM, 66, 8, 33
MM, 66, 9, 8
MM, 67, 9, 87
MC, 1, 121
MM, 66, 9, 16
MM, 66, 8, 8
MM, 65, 8, 8
MM, 64, 8, 8
MM, 63, 7, 7
MM, 64, 7, 41
MM, 67, 7, 7
MM, 79, 8, 10
MM, 117, 8, 7
MM, 174, 8, 8
MM, 215, 8, 8
MM, 24, 30, 63
MM, 30, 27, 10
MM, 35, 27, 7
MM, 38, 26, 9
MM, 41, 27, 6
MM, 43, 15, 177
MM, 40, 13, 8
MM, 37, 12, 8
MM, 36, 11, 8
MM, 35, 10, 8
MM, 32, 10, 9
MM, 31, 7, 7
MM, 30, 7, 8
MM, 29, 5, 7
MM, 27, 4, 8
MM, 27, 3, 10
MM, 26, 1, 8
MP, 1, 250
MR, 1, 71
MC, 1, 0
MM, 19, 27, 31
MM, 16, 21, 8
MM, 12, 15, 7
MM, 7, 10, 8
MM, 4, 5, 8
MM, 0, 2, 8
MM, 9, 31, 81
MM, 6, 30, 7
MM, 5, 30, 9
MM, 4, 29, 7
MM, 2, 28, 7
MM, 1, 28, 26
MM, 1, 27, 23
MM, 0, 27, 129
MM, 0, 28, 7
MM, 0, 29, 8
MM, 38, 0, 24
MM, 2, 10, 16
MM, 9, 16, 7
MM, 16, 20, 8
MM, 24, 24, 9
MM, 30, 27, 9
MM, 34, 29, 7
MM, 37, 29, 8
MM, 39, 29, 8
MM, 41, 30, 9
MM, 42, 30, 7
MM, 44, 30, 8
MM, 45, 31, 8
MM, 46, 31, 8
MM, 48, 31, 16
MM, 48, 30, 105
MM, 47, 30, 7
MM, 46, 29, 9
MM, 45, 28, 24
MM, 45, 27, 7
MM, 45, 26, 25
MM, 45, 25, 15
MM, 44, 25, 81
MM, 24, 22, 95
MC, 1, 199
MM, 24, 21, 137
MM, 23, 21, 7
MM, 22, 20, 8
MM, 20, 19, 8
MM, 15, 17, 8
MM, 9, 14, 9
MM, 0, 9, 8
MM, 40, 6, 7
MM, 31, 1, 9
MM, 35, 22, 255
MM, 34, 21, 8
MM, 31, 23, 9
MM, 30, 22, 16
MM, 29, 22, 16
MM, 28, 22, 24
MC, 1, 208
MM, 24, 22, 32
MM, 15, 22, 8
MM, 5, 23, 8
MM, 35, 27, 16
MM, 41, 2, 24
MM, 37, 6, 7
MM, 33, 11, 9
MM, 26, 17, 7
MM, 23, 20, 9
MM, 20, 24, 7
MM, 19, 26, 8
MM, 17, 28, 10
MM, 16, 30, 7
MM, 15, 31, 8
MM, 16, 0, 88
MM, 17, 1, 8
MM, 20, 5, 15
MM, 21, 7, 8
MM, 23, 7, 9
MM, 25, 8, 8
MM, 26, 9, 8
MM, 28, 10, 7
MM, 29, 10, 8
MM, 31, 11, 9
MM, 33, 12, 7
MM, 34, 12, 10
MM, 34, 13, 48
MM, 33, 14, 16
MM, 32, 15, 14
MM, 32, 16, 9
MM, 31, 17, 8
MM, 30, 17, 48
MM, 29, 18, 201
MM, 25, 14, 7
MM, 19, 9, 8
MM, 9, 1, 9
MM, 45, 28, 6
MM, 32, 20, 8
MM, 14, 10, 9
MC, 1, 632
MM, 7, 3, 73
MM, 23, 14, 7
MM, 14, 5, 16
MM, 31, 18, 8
MM, 43, 29, 8
MM, 147, 4, 16
MM, 150, 7, 7
MM, 150, 8, 16
MM, 150, 9, 97
MM, 150, 10, 17
MM, 150, 11, 24
MM, 150, 12, 7
MM, 150, 13, 8
MM, 150, 14, 25
MM, 150, 15, 15
MM, 150, 16, 15
MM, 150, 17, 8
MM, 150, 18, 17
MM, 150, 20, 65
MM, 150, 21, 120
MC, 1, 113
MM, 149, 21, 30
MM, 149, 20, 8
MM, 148, 19, 8
MM, 148, 18, 8
MM, 147, 17, 8
MM, 146, 15, 9
MM, 146, 14, 6
MM, 146, 13, 8
MM, 146, 12, 9
MM, 146, 10, 8
MM, 144, 6, 8
MM, 143, 2, 8
MM, 40, 12, 32
MM, 36, 4, 8
MM, 27, 25, 16
MM, 25, 20, 7
MM, 22, 15, 9
MM, 21, 11, 8
MM, 21, 8, 7
MM, 20, 5, 8
MM, 19, 2, 9
MM, 1, 8, 529
MM, 2, 8, 7
MM, 5, 8, 7
MM, 6, 8, 17
MM, 7, 8, 15
MM, 8, 8, 17
MM, 9, 8, 16
MM, 10, 8, 8
MM, 11, 8, 15
MM, 12, 8, 9
MM, 13, 8, 8
MM, 14, 8, 8
MM, 15, 8, 16
MM, 16, 8, 8
MM, 17, 8, 8
MM, 18, 9, 7
MM, 20, 9, 17
MM, 21, 9, 8
MM, 23, 9, 8
MM, 24, 9, 8
MM, 27, 9, 8
MM, 29, 9, 7
MM, 31, 9, 8
MM, 33, 9, 9
MM, 34, 9, 8
MM, 36, 8, 8
MM, 36, 7, 40
MM, 36, 6, 32
MM, 34, 5, 7
MM, 32, 4, 8
MM, 29, 2, 9
MC, 1, 664
MM, 2, 27, 105
MM, 6, 30, 7
MM, 0, 0, 32
MM, 0, 1, 8
MM, 1, 1, 96
MM, 2, 1, 57
MM, 2, 2, 16
MM, 2, 3, 18
MM, 3, 3, 6
MM, 3, 4, 47
MM, 4, 4, 7
MM, 4, 5, 41
MC, 1, 113
MM, 3, 5, 7
MM, 1, 5, 7
MM, 46, 4, 18
MM, 41, 3, 7
MM, 33, 2, 8
MM, 23, 1, 9
MM, 15, 0, 7
MM, 1, 0, 241
MM, 41, 13, 135
MM, 39, 14, 7
MM, 37, 14, 9
MM, 36, 15, 8
MM, 32, 16, 9
MM, 30, 16, 7
MM, 28, 17, 8
MM, 26, 17, 7
MM, 23, 18, 9
MM, 21, 18, 8
MM, 20, 18, 8
MM, 20, 19, 73
MM, 28, 19, 111
MM, 33, 17, 8
MM, 40, 15, 7
MM, 6, 10, 18
MM, 17, 4, 7
MM, 30, 1, 9
MC, 1, 559
MM, 20, 3, 121
MM, 27, 18, 16
MM, 37, 0, 14
MM, 41, 8, 8
MM, 0, 25, 16
MM, 146, 2, 17
MM, 149, 7, 8
MM, 150, 11, 8
MM, 151, 15, 8
MM, 152, 19, 9
MM, 153, 22, 7
MM, 154, 25, 7
MM, 154, 27, 8
MM, 155, 30, 9
MM, 155, 33, 9
MM, 156, 35, 7
MM, 156, 38, 8
MM, 156, 41, 7
MM, 154, 41, 274
MM, 153, 40, 7
MM, 152, 39, 24
MM, 151, 38, 25
MM, 151, 37, 6
MM, 151, 36, 9
MM, 150, 35, 7
MM, 149, 34, 8
MM, 149, 32, 9
MM, 148, 31, 8
MM, 147, 29, 8
MM, 146, 27, 8
MM, 146, 26, 8
MM, 146, 24, 8
MM, 146, 23, 7
MM, 146, 22, 17
MM, 145, 22, 16
MM, 146, 22, 106
MM, 147, 22, 199
MM, 155, 16, 17
MM, 7, 27, 30
MM, 18, 20, 8
MM, 31, 15, 7
MM, 39, 9, 8
MM, 6, 31, 41
MM, 7, 29, 8
MM, 8, 28, 9
MM, 8, 27, 15
MM, 9, 26, 7
MM, 9, 25, 25
MM, 9, 24, 48
MM, 10, 24, 8
MM, 10, 22, 8
MM, 11, 21, 8
MM, 11, 20, 7
MM, 12, 19, 8
MM, 13, 16, 9
MM, 13, 15, 8
MM, 13, 11, 8
MM, 13, 7, 8
MM, 13, 1, 9
MM, 26, 31, 15
MM, 26, 28, 8
MM, 26, 25, 8
MM, 26, 22, 8
MM, 26, 20, 8
MM, 26, 18, 8
MM, 26, 16, 8
MM, 27, 14, 8
MM, 27, 13, 8
MM, 27, 12, 8
MM, 27, 11, 8
MM, 27, 10, 15
MM, 27, 11, 130
MM, 26, 11, 8
MM, 25, 12, 15
MM, 25, 13, 161
MM, 25, 14, 32
MC, 1, 102
MM, 24, 14, 146
MM, 23, 14, 39
MM, 22, 14, 7
MM, 20, 14, 9
MM, 16, 14, 8
MM, 11, 13, 8
MM, 5, 13, 7
MM, 39, 13, 16
MM, 33, 13, 8
MM, 24, 14, 8
MM, 18, 15, 8
MM, 10, 17, 8
MM, 4, 18, 9
MM, 42, 21, 16
MM, 38, 22, 8
MM, 32, 23, 8
MM, 27, 24, 8
MM, 21, 26, 8
MM, 17, 26, 8
MM, 11, 27, 8
MM, 8, 28, 8
MM, 5, 28, 9
MM, 4, 28, 6
MM, 1, 28, 8
MM, 9, 0, 249
MM, 3, 3, 8
MM, 38, 9, 25
MM, 32, 12, 7
MM, 25, 16, 8
MM, 22, 16, 9
MM, 19, 18, 7
MM, 17, 18, 8
MM, 16, 18, 8
MM, 15, 18, 8
MM, 14, 19, 80
MM, 12, 19, 8
MM, 8, 20, 9
MM, 2, 21, 7
MM, 40, 23, 25
MM, 37, 24, 7
MM, 36, 24, 8
MM, 35, 24, 24
MM, 34, 24, 49
MM, 33, 24, 24
MM, 32, 24, 94
MM, 31, 24, 16
MM, 30, 25, 24
MM, 28, 25, 9
MM, 30, 26, 16
MM, 28, 26, 8
MM, 27, 26, 16
MM, 25, 26, 8
MM, 23, 26, 8
MM, 21, 26, 8
MM, 19, 26, 8
MM, 19, 25, 24
MM, 18, 25, 8
MC, 1, 160
MM, 19, 26, 24
MM, 20, 26, 7
MM, 22, 26, 9
MM, 25, 27, 8
MM, 30, 28, 9
MM, 34, 29, 7
MM, 19, 5, 24
MM, 37, 12, 7
MM, 16, 26, 18
MM, 80, 0, 15
MM, 91, 6, 8
MM, 101, 12, 8
MM, 110, 19, 8
MM, 116, 23, 8
MM, 119, 25, 8
MM, 120, 26, 8
MM, 121, 26, 8
MM, 121, 27, 16
MM, 121, 28, 7
MM, 122, 28, 8
MM, 122, 29, 17
MM, 122, 30, 24
MM, 122, 31, 40
MM, 122, 32, 17
MM, 122, 33, 8
MM, 122, 35, 15
MM, 122, 37, 8
MM, 122, 40, 8
MM, 122, 41, 248
MM, 122, 40, 8
MM, 122, 39, 8
MM, 122, 38, 8
MM, 122, 37, 33
MM, 122, 36, 103
MM, 122, 35, 25
MM, 122, 34, 8
MM, 123, 34, 55
MM, 124, 34, 41
MM, 125, 34, 7
MC, 1, 112
MM, 126, 34, 192
MM, 126, 33, 24
MM, 127, 32, 280
MM, 128, 29, 8
MM, 131, 26, 7
MM, 132, 20, 9
MM, 134, 13, 8
MM, 136, 6, 8
MM, 137, 2, 8
MM, 0, 17, 41
MM, 1, 10, 7
MM, 2, 3, 8
MM, 1, 29, 16
MM, 3, 20, 7
MM, 4, 14, 8
MM, 7, 4, 9
MM, 27, 25, 16
MM, 27, 22, 8
MM, 29, 16, 8
MM, 30, 12, 8
MM, 32, 9, 8
MM, 33, 5, 7
MM, 33, 2, 9
MM, 33, 0, 8
MM, 3, 1, 497
MM, 17, 2, 479
MM, 17, 5, 9
MM, 17, 7, 7
MM, 17, 8, 8
MM, 17, 9, 17
MM, 15, 9, 119
MM, 16, 8, 57
MM, 17, 8, 7
MM, 18, 6, 8
MM, 20, 4, 16
MM, 21, 3, 8
MM, 22, 2, 8
MM, 22, 1, 7
MM, 23, 0, 8
MC, 1, 1177
MM, 0, 25, 95
MM, 5, 28, 8
MM, 9, 31, 10
MM, 5, 0, 31
MM, 6, 2, 8
MM, 7, 2, 9
MM, 8, 4, 7
MM, 9, 4, 8
MM, 11, 7, 8
MM, 13, 8, 8
MM, 14, 9, 8
MM, 15, 10, 8
MM, 15, 11, 9
MM, 16, 11, 15
MM, 17, 12, 49
MM, 18, 13, 16
MM, 19, 13, 15
MM, 19, 14, 8
MM, 20, 14, 17
MM, 20, 15, 16
MM, 21, 15, 48
MC, 1, 127
MM, 21, 14, 17
MM, 21, 12, 6
MM, 21, 10, 8
MM, 25, 6, 9
MM, 30, 1, 8
MM, 20, 31, 56
MM, 22, 30, 7
MM, 24, 30, 9
MM, 25, 29, 8
MM, 26, 29, 7
MM, 27, 28, 8
MM, 29, 26, 9
MM, 29, 25, 8
MM, 31, 23, 8
MM, 32, 20, 9
MM, 34, 18, 7
MM, 37, 16, 9
MM, 39, 14, 6
MM, 42, 13, 8
MM, 1, 9, 33
MM, 2, 9, 8
MM, 2, 8, 8
MM, 3, 8, 41
MM, 4, 8, 24
MC, 1, 376
MM, 3, 8, 159
MM, 2, 8, 17
MM, 1, 8, 16
MM, 0, 8, 8
MM, 42, 8, 23
MM, 38, 7, 7
MM, 33, 7, 8
MM, 29, 7, 8
MM, 20, 6, 8
MM, 6, 5, 10
MM, 2, 5, 6
MM, 33, 3, 8
MM, 18, 0, 9
MC, 1, 608
MC, 1, 425
MM, 0, 12, 272
MM, 6, 12, 16
MM, 12, 11, 6
MM, 15, 11, 8
MM, 18, 11, 8
MM, 21, 11, 8
MM, 23, 10, 18
MM, 28, 11, 280
MM, 34, 12, 7
MM, 42, 15, 8
MM, 5, 18, 8
MM, 20, 22, 8
MM, 42, 28, 8
MM, 9, 0, 15
MM, 25, 4, 9
MM, 39, 8, 8
MM, 0, 11, 16
MM, 2, 11, 8
MM, 3, 12, 57
MM, 4, 12, 14
MM, 5, 14, 9
MM, 5, 15, 8
MM, 5, 16, 8
MM, 6, 17, 16
MM, 6, 18, 16
MM, 6, 19, 40
MM, 3, 19, 68
MM, 7, 14, 30
MM, 0, 11, 326
MM, 1, 12, 8
MM, 2, 14, 8
MM, 4, 16, 7
MM, 8, 18, 8
MM, 10, 22, 8
MM, 16, 26, 8
MM, 24, 30, 9
MM, 37, 0, 16
MM, 0, 5, 17
MM, 8, 11, 7
MM, 22, 17, 8
MM, 37, 23, 8
MM, 5, 31, 7
MM, 35, 3, 25
MM, 46, 6, 8
MM, 57, 9, 8
MM, 67, 9, 8
MM, 77, 9, 8
MM, 86, 8, 8
MM, 96, 7, 7
MM, 107, 6, 8
MM, 114, 3, 10
MM, 124, 1, 7
MM, 13, 31, 24
MM, 22, 30, 8
MM, 31, 29, 8
MM, 40, 28, 9
MM, 1, 26, 15
MM, 4, 25, 8
MM, 7, 25, 8
MM, 8, 24, 7
MM, 9, 23, 8
MM, 10, 22, 26
MM, 11, 22, 15
MM, 13, 22, 8
MM, 16, 21, 8
MM, 18, 21, 8
MM, 20, 20, 8
MM, 23, 20, 9
MM, 26, 20, 7
MM, 28, 20, 8
MM, 30, 19, 8
MM, 32, 19, 7
MM, 33, 19, 18
MM, 34, 18, 7
MM, 35, 18, 25
MM, 35, 17, 31
MM, 36, 17, 8
MM, 36, 16, 32
MM, 36, 15, 42
MM, 36, 14, 14
MM, 36, 13, 8
MM, 36, 12, 16
MM, 35, 11, 8
MM, 34, 9, 7
MM, 33, 7, 8
MM, 31, 5, 8
MM, 30, 4, 8
MM, 28, 2, 9
MM, 27, 1, 8
MM, 16, 30, 79
MM, 14, 28, 8
MM, 11, 26, 8
MM, 9, 22, 9
MM, 5, 20, 8
MM, 2, 16, 7
MM, 40, 9, 26
MM, 40, 8, 6
MM, 38, 6, 9
MM, 36, 5, 8
MM, 34, 4, 8
MM, 36, 4, 115
MM, 36, 5, 23
MM, 42, 7, 14
MM, 6, 9, 16
MM, 14, 9, 8
MM, 22, 10, 9
MM, 30, 10, 7
MM, 37, 10, 9
MM, 41, 10, 7
MM, 43, 10, 7
MM, 0, 10, 178
MM, 1, 10, 96
MM, 2, 12, 16
MM, 2, 14, 7
MM, 2, 16, 8
MM, 3, 19, 8
MM, 3, 22, 7
MM, 3, 25, 9
MM, 3, 27, 9
MM, 3, 29, 8
MM, 3, 31, 6
MM, 3, 0, 49
MM, 2, 1, 8
MM, 2, 3, 8
MM, 2, 5, 8
MM, 1, 6, 8
MM, 0, 8, 9
MM, 42, 15, 56
MM, 40, 16, 7
MM, 37, 18, 9
MM, 35, 18, 7
MM, 32, 19, 7
MM, 30, 19, 8
MM, 28, 19, 8
MM, 25, 19, 8
MM, 22, 19, 9
MM, 20, 19, 8
MM, 19, 19, 8
MM, 18, 19, 9
MM, 17, 19, 14
MM, 16, 18, 9
MM, 13, 18, 8
MM, 10, 16, 8
MM, 6, 14, 8
MM, 1, 12, 7
MM, 37, 5, 17
MM, 31, 2, 9
MM, 9, 30, 46
MM, 5, 29, 10
MM, 0, 28, 7
MM, 45, 25, 16
MM, 38, 23, 8
MM, 31, 23, 8
MM, 24, 20, 7
MM, 13, 19, 8
MM, 2, 17, 8
MM, 41, 16, 9
MM, 32, 15, 8
MM, 24, 12, 7
MM, 14, 11, 9
MM, 7, 10, 8
MM, 2, 10, 7
MM, 40, 10, 25
MM, 33, 11, 7
MM, 25, 12, 9
MM, 19, 13, 7
MM, 16, 14, 8
MM, 14, 14, 9
MM, 12, 16, 9
MM, 10, 16, 8
MM, 10, 17, 15
MM, 9, 17, 40
MM, 9, 18, 9
MM, 9, 19, 16
MM, 9, 20, 23
MM, 9, 21, 8
MM, 11, 22, 8
MM, 13, 22, 8
MM, 17, 24, 8
MM, 22, 24, 7
MM, 31, 25, 8
MM, 40, 26, 9
MM, 2, 27, 8
MM, 13, 28, 7
MM, 26, 28, 9
MM, 39, 28, 8
MM, 7, 25, 16
MM, 14, 24, 8
MM, 20, 22, 8
MM, 24, 21, 9
MM, 27, 20, 7
MM, 30, 18, 7
MM, 32, 17, 8
MM, 33, 15, 9
MM, 34, 15, 8
MM, 35, 13, 16
MM, 36, 12, 8
MM, 36, 11, 9
MM, 36, 10, 15
MM, 36, 9, 56
MM, 35, 9, 24
MM, 35, 8, 9
MM, 33, 7, 7
MM, 32, 7, 9
MM, 31, 7, 8
MM, 30, 7, 7
MM, 29, 7, 8
MM, 28, 7, 7
MM, 26, 7, 9
MM, 25, 7, 9
MM, 22, 9, 7
MM, 19, 10, 8
MM, 18, 11, 7
MM, 16, 12, 8
MM, 14, 14, 9
MM, 13, 14, 8
MM, 12, 15, 8
MM, 12, 16, 8
MM, 11, 16, 9
MM, 9, 17, 7
MM, 7, 18, 7
MM, 5, 19, 8
MM, 3, 21, 9
MM, 1, 21, 8
MM, 0, 22, 8
MM, 1, 1, 151
MM, 4, 9, 9
MM, 6, 13, 9
MM, 9, 18, 7
MM, 13, 23, 8
MM, 17, 29, 8
MM, 118, 2, 23
MM, 122, 5, 9
MM, 124, 8, 8
MM, 127, 11, 8
MM, 127, 12, 9
MM, 129, 14, 7
MM, 130, 16, 8
MM, 130, 17, 8
MM, 131, 18, 15
MM, 131, 19, 17
MM, 131, 18, 136
MM, 131, 17, 8
MM, 131, 15, 8
MM, 131, 13, 8
MM, 131, 12, 8
MM, 131, 10, 8
MM, 131, 9, 8
MM, 131, 7, 7
MM, 131, 6, 8
MM, 131, 5, 9
MM, 131, 3, 7
MM, 131, 2, 17
MM, 131, 1, 8
MM, 131, 0, 8
MM, 131, 0, 144
MM, 131, 1, 7
MM, 131, 2, 8
MM, 131, 4, 9
MM, 131, 5, 7
MM, 131, 6, 8
MM, 131, 7, 8
MM, 131, 8, 9
MM, 131, 10, 8
MM, 131, 11, 7
MM, 131, 12, 8
MM, 131, 13, 9
MM, 130, 14, 8
MM, 130, 15, 7
MM, 130, 16, 8
MM, 130, 17, 17
MM, 129, 18, 8
MM, 129, 19, 57
MM, 129, 20, 41
MM, 129, 21, 71
MM, 129, 22, 8
MM, 129, 23, 14
MM, 129, 24, 8
MM, 129, 25, 16
MM, 128, 26, 9
MM, 128, 27, 56
MC, 1, 104
MM, 127, 27, 7
MM, 126, 26, 8
MM, 124, 25, 9
MM, 119, 20, 7
MM, 115, 12, 10
MM, 112, 6, 7
MM, 110, 1, 8
MM, 17, 31, 24
MM, 17, 26, 8
MM, 15, 20, 8
MM, 14, 15, 8
MM, 13, 13, 7
MM, 12, 11, 8
MM, 12, 8, 9
MM, 11, 4, 9
MM, 9, 0, 7
MM, 7, 31, 32
MM, 7, 30, 8
MM, 7, 29, 8
MM, 6, 27, 8
MM, 6, 25, 8
MM, 6, 24, 9
MM, 5, 22, 7
MM, 3, 19, 8
MM, 3, 18, 9
MM, 0, 18, 7
MM, 40, 13, 47
MM, 37, 12, 9
MM, 34, 11, 9
MM, 32, 11, 6
MM, 29, 11, 8
MM, 28, 11, 9
MM, 26, 10, 8
MM, 25, 10, 7
MM, 24, 10, 8
MM, 23, 10, 9
MM, 22, 10, 24
MM, 21, 11, 24
MM, 20, 11, 24
MM, 20, 12, 9
MC, 1, 167
MM, 21, 12, 8
MM, 24, 12, 8
MM, 29, 11, 8
MM, 38, 6, 8
MM, 1, 4, 9
MM, 16, 2, 7
MM, 30, 1, 9
MM, 42, 1, 8
MM, 7, 0, 16
MM, 29, 31, 159
MM, 30, 30, 9
MM, 31, 30, 8
MM, 31, 29, 23
MM, 32, 28, 32
MM, 33, 27, 41
MM, 33, 26, 7
MM, 33, 25, 8
MM, 33, 24, 15
MM, 33, 23, 9
MM, 34, 23, 8
MM, 36, 22, 8
MM, 37, 21, 9
MM, 39, 20, 7
MM, 40, 20, 9
MM, 41, 19, 6
MM, 42, 19, 8
MM, 42, 18, 24
MM, 43, 18, 25
MM, 0, 16, 58
MM, 1, 16, 8
MM, 2, 16, 54
MM, 3, 16, 23
MM, 5, 16, 25
MM, 6, 16, 17
MM, 7, 16, 15
MC, 1, 288
MM, 6, 16, 47
MM, 5, 16, 8
MM, 4, 16, 9
MM, 3, 16, 16
MM, 2, 16, 8
MM, 0, 16, 16
MM, 42, 18, 56
MM, 39, 20, 9
MM, 35, 22, 8
MM, 28, 26, 15
MM, 24, 30, 7
MM, 20, 31, 8
MM, 41, 4, 17
MM, 32, 9, 8
MM, 26, 14, 9
MM, 16, 21, 7
MM, 7, 27, 8
MM, 43, 4, 24
MM, 37, 10, 7
MM, 32, 13, 8
MM, 26, 17, 9
MM, 21, 21, 8
MM, 20, 22, 8
MM, 18, 23, 8
MM, 16, 25, 7
MM, 15, 25, 8
MM, 14, 26, 9
MM, 13, 26, 16
MM, 13, 25, 224
MM, 11, 24, 8
MM, 10, 23, 8
MM, 8, 21, 9
MM, 7, 21, 7
MM, 6, 21, 96
MM, 5, 21, 17
MM, 3, 21, 8
MM, 1, 21, 6
MM, 0, 20, 8
MM, 38, 19, 25
MM, 34, 19, 8
MM, 32, 19, 8
MM, 30, 19, 8
MM, 27, 19, 7
MM, 26, 19, 8
MM, 25, 19, 41
MC, 1, 320
MM, 25, 18, 241
MM, 25, 15, 17
MM, 24, 9, 14
MM, 23, 2, 8
MM, 20, 30, 8
MM, 12, 13, 15
MM, 8, 6, 8
MM, 13, 31, 97
MM, 12, 31, 24
MM, 12, 30, 8
MM, 12, 29, 24
MM, 11, 29, 8
MM, 9, 29, 17
MM, 5, 29, 6
MM, 42, 26, 16
MM, 36, 24, 8
MM, 32, 24, 9
MM, 28, 23, 8
MM, 26, 23, 8
MM, 25, 23, 8
MM, 23, 23, 8
MM, 22, 24, 7
MM, 21, 24, 8
MM, 20, 25, 8
MM, 19, 25, 8
MM, 19, 26, 8
MM, 17, 27, 8
MM, 17, 28, 8
MM, 16, 29, 8
MM, 16, 30, 8
MM, 16, 31, 16
MC, 1, 371
MM, 30, 4, 85
MM, 37, 13, 8
MM, 42, 21, 9
MM, 6, 3, 16
MM, 11, 13, 7
MM, 15, 23, 8
MM, 20, 31, 9
MM, 64, 0, 7
MM, 67, 7, 8
MM, 70, 11, 9
MM, 71, 15, 8
MM, 72, 17, 8
MM, 73, 18, 8
MM, 73, 19, 41
MM, 74, 19, 178
MM, 74, 20, 14
MM, 78, 19, 126
MM, 88, 18, 8
MM, 98, 18, 8
MM, 110, 18, 8
MM, 123, 18, 8
MM, 135, 18, 8
MM, 145, 18, 8
MM, 154, 18, 8
MM, 161, 17, 8
MM, 165, 16, 8
MM, 171, 14, 9
MM, 176, 11, 7
MM, 179, 9, 8
MM, 181, 8, 8
MM, 184, 8, 9
MM, 185, 7, 8
MM, 186, 7, 8
MM, 186, 6, 8
MM, 187, 5, 8
MM, 188, 5, 8
MM, 189, 4, 16
MM, 190, 4, 9
MM, 192, 3, 7
MM, 192, 1, 8
MM, 193, 1, 8
MM, 194, 0, 8
MM, 17, 31, 65
MM, 19, 30, 7
MM, 20, 29, 16
MM, 22, 28, 8
MM, 23, 26, 8
MM, 23, 25, 16
MM, 23, 23, 8
MM, 24, 22, 8
MM, 24, 21, 8
MM, 25, 19, 8
MM, 26, 19, 7
MM, 26, 18, 8
MM, 26, 17, 33
MC, 1, 200
MM, 28, 16, 112
MM, 2, 20, 49
MM, 6, 14, 7
MM, 11, 8, 7
MM, 14, 2, 8
MM, 20, 0, 9
MM, 0, 30, 16
MM, 5, 25, 8
MM, 8, 21, 8
MM, 11, 19, 8
MM, 11, 17, 9
MM, 12, 16, 8
MM, 13, 15, 7
MM, 13, 14, 8
MM, 13, 13, 56
MM, 12, 12, 16
MM, 10, 12, 16
MM, 7, 11, 8
MM, 5, 10, 8
MM, 1, 10, 8
MM, 35, 10, 55
MM, 34, 10, 17
MM, 33, 10, 7
MM, 32, 10, 8
MM, 30, 11, 8
MM, 30, 12, 8
MM, 29, 12, 10
MM, 28, 12, 271
MM, 26, 13, 17
MM, 24, 13, 7
MM, 23, 13, 8
MM, 21, 14, 7
MM, 20, 14, 49
MC, 1, 239
MM, 21, 15, 40
MM, 22, 16, 9
MM, 25, 21, 7
MM, 30, 24, 9
MM, 38, 1, 32
MM, 40, 2, 8
MM, 40, 3, 8
MM, 41, 4, 8
MM, 42, 4, 8
MM, 42, 5, 16
MM, 43, 6, 41
MM, 43, 7, 14
MM, 43, 8, 16
MM, 1, 12, 97
MM, 3, 13, 7
MM, 6, 14, 8
MM, 8, 15, 8
MM, 9, 16, 8
MM, 11, 16, 8
MM, 12, 16, 8
MM, 12, 17, 8
MM, 13, 17, 24
MM, 14, 17, 8
MM, 15, 17, 185
MC, 1, 96
MM, 14, 17, 7
MM, 12, 17, 8
MM, 8, 17, 9
MM, 1, 13, 8
MM, 37, 9, 9
MM, 20, 4, 6
MM, 34, 28, 17
MM, 8, 23, 8
MM, 34, 19, 8
MM, 14, 16, 8
MC, 1, 848
MM, 32, 1, 168
MM, 30, 3, 7
MM, 27, 6, 8
MM, 24, 8, 10
MM, 22, 9, 7
MM, 20, 10, 8
MM, 18, 12, 8
MM, 16, 12, 8
MM, 14, 14, 8
MM, 12, 14, 15
MM, 11, 15, 10
MM, 10, 16, 31
MM, 10, 17, 193
MC, 1, 95
MM, 11, 17, 24
MM, 13, 18, 9
MM, 16, 18, 8
MM, 20, 19, 7
MM, 24, 21, 8
MM, 30, 24, 9
MM, 39, 28, 7
MM, 9, 2, 16
MM, 20, 10, 8
MM, 31, 18, 8
MM, 53, 2, 24
MM, 59, 7, 8
MM, 64, 12, 7
MM, 66, 14, 8
MM, 68, 15, 9
MM, 68, 16, 8
MM, 69, 17, 98
MM, 70, 19, 32
MM, 71, 19, 7
MM, 72, 19, 64
MM, 72, 20, 24
MC, 1, 104
MM, 74, 20, 7
MM, 80, 18, 9
MM, 94, 16, 7
MM, 111, 13, 8
MM, 131, 11, 8
MM, 157, 7, 7
MM, 177, 5, 8
MM, 197, 5, 10
MM, 216, 5, 7
MM, 1, 31, 136
MM, 2, 31, 15
MM, 3, 31, 17
MM, 3, 30, 8
MM, 4, 30, 7
MM, 5, 30, 8
MM, 6, 29, 9
MM, 8, 28, 8
MM, 8, 26, 7
MM, 9, 24, 8
MM, 10, 23, 9
MM, 10, 20, 8
MM, 10, 17, 8
MM, 12, 13, 8
MM, 13, 10, 8
MM, 15, 6, 8
MM, 15, 3, 7
MM, 17, 0, 8
MM, 19, 31, 370
MM, 19, 29, 111
MM, 19, 28, 8
MM, 18, 27, 9
MM, 18, 26, 8
MM, 17, 23, 8
MM, 17, 21, 15
MM, 17, 20, 16
MC, 1, 216
MM, 17, 19, 40
MM, 17, 15, 7
MM, 15, 10, 8
MM, 13, 6, 9
MM, 12, 3, 8
MM, 30, 31, 56
MM, 29, 31, 7
MM, 28, 29, 9
MM, 28, 27, 7
MM, 27, 26, 17
MM, 27, 24, 7
MM, 27, 23, 130
MM, 26, 22, 17
MM, 25, 22, 16
MM, 25, 20, 6
MM, 25, 18, 8
MM, 24, 17, 8
MM, 24, 16, 8
MM, 23, 14, 7
MC, 1, 258
MM, 22, 14, 40
MM, 21, 14, 8
MM, 17, 15, 7
MM, 10, 17, 9
MM, 26, 25, 15
MM, 9, 31, 9
MM, 22, 1, 15
MM, 13, 6, 9
MM, 6, 11, 8
MM, 2, 14, 7
MM, 42, 22, 24
MM, 41, 24, 8
MM, 40, 25, 8
MM, 38, 27, 9
MM, 37, 28, 7
MM, 35, 29, 8
MM, 30, 0, 129
MM, 30, 1, 15
MM, 30, 2, 17
MM, 30, 3, 7
MM, 31, 3, 8
MM, 31, 4, 7
MM, 31, 6, 9
MM, 32, 6, 8
MM, 32, 7, 8
MM, 33, 8, 9
MM, 33, 9, 7
MM, 33, 10, 24
MM, 33, 11, 137
MM, 29, 11, 150
MM, 20, 11, 8
MM, 7, 7, 9
MM, 18, 26, 16
MM, 28, 7, 16
MM, 16, 1, 7
MM, 33, 0, 488
MM, 31, 1, 17
MM, 29, 2, 8
MM, 27, 2, 16
MM, 27, 3, 8
MM, 26, 3, 8
MM, 26, 4, 40
MM, 25, 4, 32
MM, 24, 5, 32
MM, 24, 6, 64
MM, 28, 8, 16
MM, 32, 11, 17
MM, 36, 13, 7
MM, 43, 15, 15
MM, 0, 16, 17
MM, 3, 17, 8
MM, 7, 17, 8
MM, 10, 18, 8
MM, 13, 18, 7
MM, 17, 18, 8
MM, 19, 19, 8
MM, 22, 19, 9
MM, 24, 20, 8
MM, 25, 20, 8
MM, 26, 20, 9
MM, 27, 20, 7
MM, 28, 20, 23
MM, 29, 20, 106
MC, 1, 104
MM, 30, 20, 31
MM, 31, 20, 9
MM, 33, 20, 7
MM, 37, 20, 8
MM, 41, 21, 8
MM, 6, 25, 15
MM, 20, 30, 9
MM, 41, 0, 7
MM, 14, 11, 9
MM, 32, 21, 9
MM, 3, 28, 7
MM, 0, 25, 312
MM, 1, 24, 8
MM, 2, 23, 8
MM, 3, 23, 8
MM, 4, 22, 8
MM, 6, 21, 8
MM, 8, 20, 8
MM, 9, 19, 7
MM, 11, 19, 17
MM, 11, 18, 8
MM, 12, 18, 16
MM, 13, 18, 31
MM, 14, 18, 41
MM, 15, 18, 25
MC, 1, 127
MM, 18, 18, 224
MM, 26, 18, 8
MM, 40, 19, 9
MM, 9, 13, 23
MM, 20, 15, 8
MM, 30, 15, 8
MM, 36, 15, 9
MM, 42, 15, 7
MM, 47, 15, 10
MM, 49, 15, 6
MM, 51, 15, 8
MM, 52, 15, 7
MM, 53, 15, 8
MM, 54, 14, 49
MM, 54, 13, 232
MM, 52, 13, 25
MM, 51, 13, 7
MM, 48, 13, 8
MM, 46, 12, 8
MM, 44, 12, 7
MM, 42, 12, 8
MM, 39, 12, 8
MM, 37, 12, 10
MM, 36, 12, 7
MM, 35, 12, 9
MM, 34, 12, 71
MM, 34, 13, 15
MM, 34, 14, 58
MM, 34, 15, 39
MM, 34, 16, 58
MM, 34, 17, 23
MM, 34, 18, 32
MM, 35, 18, 39
MM, 35, 19, 17
MM, 36, 19, 6
MM, 37, 19, 66
MM, 38, 18, 16
MM, 43, 5, 23
MM, 44, 0, 7
MM, 277, 2, 2852
MM, 280, 12, 13
MM, 282, 19, 8
MM, 284, 29, 8
MM, 287, 40, 8
MM, 289, 50, 8
MM, 290, 61, 8
MM, 23, 2, 39
MM, 21, 14, 8
MM, 1, 10, 16
MM, 43, 8, 16
MM, 38, 22, 10
MM, 172, 6, 15
MM, 167, 17, 8
MM, 164, 29, 8
MM, 161, 40, 8
MM, 38, 21, 423
MM, 27, 30, 9
MM, 39, 11, 15
MM, 0, 8, 81
MM, 0, 1, 7
MM, 45, 62, 17
MM, 45, 55, 8
MM, 45, 49, 8
MM, 45, 44, 8
MM, 45, 39, 8
MM, 47, 33, 8
MM, 50, 29, 8
MM, 53, 25, 9
MM, 59, 21, 7
MM, 64, 19, 7
MM, 65, 18, 9
MM, 74, 16, 8
MM, 82, 16, 9
MM, 88, 16, 7
MM, 95, 16, 8
MM, 102, 16, 8
MM, 108, 16, 9
MM, 113, 16, 7
MM, 118, 16, 8
MM, 122, 16, 7
MM, 124, 16, 8
MM, 126, 16, 8
MM, 127, 16, 8
MM, 128, 17, 56
MM, 129, 20, 10
MM, 130, 23, 6
MM, 130, 27, 10
MM, 130, 31, 7
MM, 130, 32, 7
MM, 128, 33, 98
MM, 127, 38, 7
MM, 126, 45, 8
MM, 125, 55, 7
MM, 21, 7, 17
MM, 31, 13, 25
MM, 26, 12, 6
MM, 11, 15, 9
MM, 2, 28, 384
MM, 30, 5, 8
MM, 8, 20, 8
MM, 266, 62, 114
MM, 266, 60, 5
MM, 266, 59, 9
MM, 265, 57, 15
MM, 265, 55, 9
MM, 264, 53, 7
MM, 263, 51, 9
MM, 261, 50, 8
MM, 260, 48, 8
MM, 256, 44, 8
MM, 252, 40, 7
MM, 246, 33, 8
MM, 240, 28, 9
MM, 234, 22, 8
MM, 224, 13, 8
MM, 215, 3, 9
MM, 74, 3, 207
MM, 68, 9, 8
MM, 63, 17, 9
MM, 60, 23, 8
MM, 57, 24, 8
MM, 56, 27, 7
MM, 54, 31, 8
MM, 53, 33, 9
MM, 53, 36, 7
MM, 52, 39, 8
MM, 52, 42, 9
MM, 51, 45, 8
MM, 51, 48, 7
MM, 51, 52, 7
MM, 51, 56, 8
MM, 51, 59, 9
MM, 51, 63, 9
MM, 9, 1, 31
MM, 11, 4, 7
MM, 12, 7, 8
MM, 14, 10, 9
MM, 15, 11, 8
MM, 18, 14, 10
MM, 20, 18, 6
MM, 25, 22, 8
MM, 30, 24, 8
MM, 33, 27, 8
MM, 36, 28, 8
MM, 39, 29, 11
MM, 314, 1, 150793
MM, 310, 11, 20
MM, 308, 14, 16
MM, 307, 14, 16
MM, 308, 15, 89
MM, 310, 16, 7
MM, 314, 17, 9
MM, 322, 19, 8
MM, 331, 23, 8
MM, 338, 26, 7
MM, 349, 31, 8
MM, 358, 37, 9
MM, 365, 42, 8
MM, 372, 48, 8
MM, 378, 54, 6
MM, 381, 60, 10
MM, 7, 1, 71
MM, 10, 10, 8
MM, 12, 16, 8
MM, 14, 21, 9
MM, 14, 23, 7
MM, 15, 25, 9
MM, 15, 26, 6
MM, 15, 29, 8
MM, 40, 2, 26
MM, 42, 5, 7
MM, 42, 6, 8
MM, 43, 7, 9
MM, 45, 8, 73
MM, 46, 10, 6
MM, 36, 0, 167
MM, 39, 2, 9
MM, 40, 3, 7
MM, 41, 4, 8
MM, 42, 4, 9
MM, 43, 4, 8
MM, 44, 4, 40
MM, 45, 4, 16
MM, 46, 5, 8
MM, 48, 5, 8
MM, 49, 6, 8
MM, 52, 6, 15
MM, 54, 6, 8
MM, 54, 7, 10
MM, 56, 7, 6
MM, 56, 8, 274
