**********************************
LOGGING TIME: 20180908_212526
CLIENT IP: 192.168.56.1
USERNAME: Nikhil
OS: Windows 10
*********************Neutral database**********************************
MM, 88, 14, 1537598292057
MM, 85, 7, 16
MM, 82, 4, 8
MM, 81, 1, 9
MM, 112, 30, 440
MM, 111, 28, 9
MM, 109, 22, 15
MM, 107, 20, 8
MM, 105, 17, 8
MM, 101, 12, 16
MM, 97, 8, 16
MM, 96, 7, 8
MM, 96, 6, 7
MM, 96, 5, 60
MM, 94, 4, 16
MM, 93, 3, 12
MM, 92, 3, 8
MM, 93, 3, 105
MM, 93, 5, 6059
MM, 95, 8, 29
MM, 96, 11, 17
MM, 97, 12, 7
MM, 97, 14, 8
MM, 99, 17, 18
MM, 99, 18, 14
MM, 99, 19, 21
MC, 1, 476
MM, 106, 22, 4136
MM, 112, 25, 6
MC, 1, 874
MP, 1, 1168
MR, 1, 215
MC, 1, 0
MC, 1, 11851
MM, 269, 1, 19065
MM, 268, 1, 11
MM, 268, 2, 54
MM, 268, 3, 14
MM, 267, 4, 6
MM, 267, 5, 7
MM, 265, 9, 7
MM, 265, 10, 14
MC, 1, 438
MM, 269, 12, 1878
MM, 279, 15, 6
MM, 285, 19, 7
MM, 291, 22, 6
MM, 296, 25, 7
MM, 304, 29, 7
MM, 307, 31, 7
MM, 310, 33, 6
MM, 359, 61, 68
MM, 31, 10, 2549
MM, 25, 10, 7
MM, 18, 8, 7
MM, 14, 7, 9
MM, 7, 6, 5
MM, 0, 5, 7
MM, 34, 5, 6
MM, 26, 4, 8
MM, 27, 31, 925
MM, 22, 30, 8
MM, 15, 29, 6
MM, 10, 29, 7
MM, 8, 29, 7
MM, 6, 29, 6
MM, 3, 29, 8
MM, 0, 29, 6
MM, 43, 28, 130
MM, 39, 27, 14
MM, 29, 24, 18
MM, 27, 24, 7
MM, 22, 23, 7
MM, 21, 23, 7
MM, 19, 23, 6
MM, 16, 22, 8
MM, 13, 22, 7
MM, 2, 19, 33
MM, 43, 18, 34
MM, 42, 18, 6
MM, 41, 18, 6
MM, 40, 18, 14
MM, 39, 18, 28
MM, 37, 18, 13
MM, 36, 18, 13
MM, 34, 18, 14
MM, 33, 18, 15
MM, 32, 18, 13
MM, 31, 18, 7
MM, 30, 18, 26
MC, 1, 421
MC, 2, 215
MM, 34, 20, 736
MM, 41, 22, 5
MM, 3, 27, 16
MM, 10, 28, 5
MM, 15, 29, 6
MM, 20, 31, 7
MM, 26, 31, 7
MM, 28, 1, 149
MM, 32, 3, 7
MM, 37, 4, 8
MM, 40, 6, 6
MM, 5, 12, 19
MM, 8, 14, 8
MM, 14, 15, 7
MM, 17, 16, 6
MM, 20, 17, 7
MM, 22, 17, 7
MM, 24, 19, 8
MM, 28, 20, 7
MM, 29, 20, 5
MM, 31, 21, 7
MM, 32, 22, 9
MM, 34, 22, 5
MM, 35, 23, 8
MM, 37, 24, 5
MM, 42, 27, 7
MM, 12, 1, 35
MM, 14, 2, 5
MM, 15, 5, 7
MM, 17, 6, 8
MM, 20, 7, 6
MM, 21, 8, 7
MM, 1, 31, 440
MM, 3, 30, 6
MM, 6, 28, 7
MM, 7, 28, 15
MM, 7, 27, 6
MM, 8, 26, 75
MM, 11, 23, 13
MM, 11, 22, 6
MM, 12, 21, 8
MM, 14, 19, 19
MM, 15, 18, 15
MM, 15, 17, 14
MM, 17, 16, 12
MC, 1, 467
MM, 14, 17, 108
MM, 11, 18, 9
MM, 8, 19, 5
MM, 4, 21, 7
MM, 0, 24, 6
MM, 40, 28, 21
MM, 38, 28, 6
MM, 33, 28, 7
MM, 29, 29, 9
MM, 26, 29, 4
MM, 22, 29, 8
MM, 19, 30, 6
MM, 17, 30, 7
MM, 15, 30, 7
MM, 12, 30, 7
MM, 10, 30, 6
MM, 9, 30, 6
MM, 8, 31, 7
MM, 7, 31, 8
MM, 220, 1, 134
MM, 220, 2, 7
MM, 219, 2, 7
MM, 218, 2, 13
MM, 217, 2, 7
MM, 216, 3, 7
MM, 215, 4, 14
MM, 214, 4, 14
MM, 211, 4, 6
MM, 210, 5, 7
MM, 209, 5, 7
MM, 207, 5, 6
MM, 204, 5, 7
MM, 203, 6, 7
MM, 201, 6, 7
MM, 199, 7, 6
MM, 196, 8, 7
MM, 195, 8, 7
MM, 194, 8, 7
MC, 1, 383
MM, 190, 8, 364
MM, 189, 8, 8
MM, 188, 7, 17
MM, 187, 7, 16
MM, 185, 7, 9
MM, 185, 6, 7
MM, 184, 6, 41
MM, 184, 7, 378
MM, 186, 6, 86
MM, 190, 4, 7
MM, 195, 1, 8
MM, 30, 31, 57
MM, 31, 30, 6
MM, 31, 29, 17
MM, 32, 29, 8
MM, 32, 28, 7
MM, 33, 28, 17
MM, 33, 27, 16
MM, 35, 21, 105
MM, 34, 21, 7
MM, 28, 17, 16
MM, 22, 14, 9
MM, 15, 11, 7
MM, 12, 10, 8
MM, 6, 9, 9
MM, 3, 7, 8
MM, 0, 7, 7
MM, 43, 10, 32
MM, 40, 10, 9
MM, 40, 11, 8
MM, 39, 12, 8
MM, 39, 13, 16
MM, 38, 13, 8
MM, 38, 14, 15
MM, 36, 15, 10
MM, 35, 16, 6
MM, 33, 17, 7
MM, 31, 17, 8
MM, 26, 17, 16
MM, 24, 17, 9
MM, 19, 17, 48
MM, 18, 16, 16
MM, 9, 13, 31
MM, 6, 13, 10
MM, 3, 13, 7
MM, 2, 13, 8
MM, 1, 13, 8
MM, 0, 13, 9
MM, 42, 13, 24
MM, 36, 12, 7
MM, 33, 11, 9
MM, 31, 11, 7
MM, 31, 10, 17
MM, 30, 10, 14
MM, 29, 10, 17
MM, 28, 10, 16
MM, 26, 10, 8
MM, 25, 10, 9
MM, 24, 10, 7
MM, 22, 10, 7
MC, 1, 209
MM, 22, 9, 8
MM, 22, 8, 32
MM, 23, 7, 17
MM, 25, 7, 7
MM, 26, 7, 7
MM, 28, 6, 9
MM, 31, 5, 8
MM, 34, 4, 7
MM, 40, 3, 9
MM, 5, 31, 81
MM, 8, 30, 8
MM, 11, 29, 8
MM, 14, 28, 8
MM, 18, 27, 7
MM, 22, 25, 8
MM, 25, 24, 8
MM, 28, 24, 7
MM, 31, 24, 9
MM, 34, 23, 9
MM, 36, 22, 6
MM, 40, 22, 10
MM, 42, 21, 8
MM, 0, 18, 30
MM, 3, 17, 10
MM, 6, 16, 7
MM, 8, 15, 7
MM, 39, 14, 97
MM, 40, 14, 31
MM, 41, 14, 8
MM, 43, 15, 9
MM, 1, 18, 31
MM, 3, 18, 9
MM, 5, 18, 8
MM, 8, 18, 7
MM, 9, 18, 9
MM, 10, 19, 10
MM, 11, 19, 5
MM, 13, 19, 9
MM, 14, 19, 16
MM, 15, 19, 25
MM, 16, 19, 40
MM, 16, 20, 95
MC, 1, 113
MM, 16, 19, 15
MM, 15, 18, 32
MM, 14, 18, 24
MM, 14, 17, 8
MM, 12, 16, 9
MM, 11, 15, 8
MM, 9, 14, 7
MM, 6, 13, 8
MM, 1, 12, 9
MM, 42, 8, 15
MM, 38, 6, 8
MM, 32, 4, 8
MM, 25, 3, 9
MM, 18, 2, 8
MM, 11, 0, 8
MM, 43, 30, 80
MM, 41, 29, 7
MM, 37, 28, 9
MM, 35, 27, 7
MM, 34, 27, 9
MM, 33, 27, 8
MM, 32, 27, 15
MM, 31, 27, 32
MM, 30, 27, 25
MM, 30, 26, 96
MM, 29, 26, 15
MM, 29, 25, 17
MM, 28, 24, 7
MM, 27, 22, 8
MM, 25, 21, 9
MM, 23, 20, 8
MC, 1, 223
MM, 23, 19, 16
MM, 23, 18, 16
MM, 22, 18, 9
MM, 21, 18, 14
MM, 19, 18, 26
MM, 15, 18, 7
MM, 8, 18, 8
MM, 1, 18, 8
MM, 43, 18, 9
MM, 37, 18, 7
MM, 30, 18, 8
MM, 23, 18, 8
MM, 18, 18, 8
MM, 12, 18, 9
MM, 8, 18, 8
MM, 5, 18, 6
MM, 2, 18, 10
MM, 34, 0, 872
MM, 35, 1, 8
MM, 37, 4, 7
MM, 39, 6, 8
MM, 40, 8, 9
MM, 41, 10, 7
MM, 43, 12, 8
MM, 2, 19, 32
MM, 7, 23, 8
MM, 11, 27, 9
MM, 15, 31, 8
MM, 26, 1, 15
MM, 29, 3, 8
MM, 34, 6, 9
MM, 36, 8, 8
MM, 39, 9, 8
MM, 41, 10, 7
MM, 42, 12, 8
MM, 0, 15, 16
MM, 3, 17, 8
MM, 6, 18, 8
MM, 8, 19, 9
MM, 9, 20, 8
MM, 10, 20, 16
MM, 11, 20, 48
MM, 12, 20, 55
MM, 13, 20, 16
MM, 14, 20, 8
MM, 15, 20, 9
MM, 17, 20, 15
MM, 18, 20, 17
MM, 20, 20, 14
MM, 22, 19, 8
MM, 24, 19, 17
MM, 25, 18, 15
MM, 25, 16, 145
MM, 25, 15, 9
MM, 24, 15, 8
MM, 23, 13, 7
MM, 21, 12, 8
MM, 20, 11, 9
MM, 19, 10, 8
MM, 18, 9, 7
MM, 16, 6, 8
MM, 13, 5, 9
MM, 9, 2, 8
MM, 40, 28, 31
MM, 37, 25, 8
MM, 35, 24, 9
MM, 32, 22, 8
MM, 30, 20, 7
MM, 28, 17, 7
MM, 26, 13, 8
MM, 22, 12, 10
MM, 20, 8, 8
MM, 18, 6, 7
MM, 16, 4, 8
MM, 15, 1, 9
MC, 1, 607
MC, 1, 552
MC, 2, 201
MM, 5, 26, 71
MM, 9, 26, 8
MM, 19, 27, 9
MM, 27, 28, 7
MM, 32, 29, 8
MM, 35, 29, 9
MM, 38, 29, 7
MM, 39, 29, 17
MM, 41, 29, 7
MM, 42, 28, 8
MM, 43, 28, 8
MM, 0, 27, 65
MM, 1, 27, 7
MM, 5, 27, 8
MM, 9, 27, 9
MM, 14, 28, 8
MM, 18, 28, 8
MM, 20, 28, 7
MM, 21, 28, 10
MM, 22, 28, 22
MM, 24, 28, 16
MM, 26, 27, 9
MM, 29, 26, 7
MM, 35, 24, 9
MM, 40, 24, 7
MM, 5, 23, 16
MM, 9, 23, 8
MM, 14, 22, 9
MM, 16, 22, 8
MM, 16, 21, 39
MM, 16, 20, 34
MM, 17, 20, 7
MM, 17, 19, 7
MM, 18, 19, 8
MM, 19, 19, 17
MM, 21, 18, 7
MM, 22, 18, 8
MM, 24, 17, 9
MM, 25, 17, 7
MM, 26, 17, 7
MM, 27, 17, 9
MM, 27, 16, 49
MC, 1, 160
MM, 26, 16, 24
MM, 25, 16, 15
MM, 22, 16, 8
MM, 17, 16, 9
MM, 8, 16, 8
MM, 37, 20, 16
MM, 20, 21, 7
MM, 8, 23, 7
MM, 42, 25, 18
MM, 34, 26, 6
MM, 29, 26, 9
MM, 25, 26, 9
MM, 22, 27, 7
MM, 19, 28, 7
MM, 16, 30, 9
MM, 14, 30, 8
MM, 11, 30, 9
MM, 6, 31, 7
MC, 1, 680
MM, 1, 0, 192
MM, 0, 1, 8
MM, 43, 10, 57
MM, 42, 10, 7
MM, 42, 11, 17
MM, 42, 12, 8
MM, 41, 12, 7
MM, 40, 13, 17
MM, 38, 13, 8
MM, 36, 14, 7
MM, 34, 14, 8
MM, 33, 14, 7
MM, 30, 14, 9
MM, 28, 14, 7
MM, 26, 14, 8
MM, 24, 14, 10
MM, 22, 14, 8
MM, 21, 14, 7
MM, 19, 14, 9
MM, 18, 14, 8
MM, 17, 14, 7
MM, 16, 14, 17
MM, 16, 13, 63
MM, 18, 13, 168
MM, 19, 13, 8
MM, 19, 12, 9
MM, 20, 12, 8
MM, 21, 12, 7
MM, 22, 12, 7
MM, 23, 12, 10
MM, 24, 12, 8
MM, 25, 12, 6
MM, 27, 12, 8
MM, 29, 12, 10
MM, 32, 13, 8
MM, 35, 16, 6
MM, 40, 18, 9
MM, 1, 25, 16
MM, 7, 29, 8
MM, 22, 3, 25
MM, 28, 7, 6
MM, 34, 10, 9
MM, 39, 14, 9
MM, 0, 21, 15
MM, 5, 24, 8
MM, 7, 25, 9
MM, 11, 28, 8
MM, 69, 0, 39
MM, 73, 2, 9
MM, 76, 3, 8
MM, 78, 5, 8
MM, 80, 6, 7
MM, 82, 7, 8
MM, 83, 8, 9
MM, 85, 9, 7
MM, 85, 10, 9
MM, 86, 10, 8
MM, 87, 11, 7
MM, 88, 11, 17
MM, 88, 12, 8
MM, 89, 13, 16
MM, 90, 13, 7
MM, 90, 14, 8
MM, 92, 15, 8
MM, 92, 16, 8
MM, 94, 17, 9
MM, 95, 18, 39
MM, 95, 19, 15
MM, 96, 19, 10
MM, 97, 20, 8
MM, 98, 21, 6
MM, 99, 22, 9
MM, 98, 22, 17
MM, 97, 22, 86
MC, 1, 337
MM, 97, 21, 81
MM, 96, 20, 14
MM, 95, 18, 18
MM, 94, 17, 7
MM, 93, 16, 8
MM, 93, 14, 8
MM, 92, 13, 8
MM, 91, 11, 8
MM, 90, 7, 7
MM, 87, 5, 8
MM, 85, 3, 9
MM, 35, 30, 32
MM, 31, 27, 9
MM, 28, 24, 6
MM, 25, 21, 10
MM, 20, 16, 7
MM, 18, 12, 9
MM, 14, 7, 6
MM, 10, 4, 8
MM, 2, 31, 25
MM, 41, 21, 25
MM, 39, 19, 7
MM, 38, 18, 9
MM, 36, 15, 8
MM, 35, 14, 7
MM, 34, 13, 8
MM, 32, 12, 8
MM, 32, 11, 8
MM, 30, 10, 9
MM, 28, 8, 7
MM, 25, 5, 9
MM, 21, 2, 7
MM, 18, 0, 8
MM, 0, 29, 664
MM, 9, 29, 8
MM, 17, 29, 8
MM, 24, 29, 8
MM, 30, 30, 8
MM, 34, 30, 8
MM, 38, 30, 8
MM, 42, 30, 8
MM, 2, 28, 24
MM, 6, 28, 8
MM, 9, 28, 8
MM, 12, 28, 8
MM, 15, 28, 8
MM, 17, 28, 8
MM, 19, 28, 8
MM, 22, 28, 8
MM, 25, 28, 8
MM, 29, 28, 9
MM, 32, 28, 8
MM, 36, 28, 6
MM, 39, 28, 9
MM, 43, 27, 9
MM, 0, 26, 31
MM, 1, 25, 7
MM, 3, 25, 10
MM, 5, 25, 8
MM, 7, 25, 7
MM, 9, 25, 7
MM, 10, 25, 9
MM, 11, 24, 33
MM, 11, 23, 40
MM, 11, 22, 15
MM, 12, 22, 17
MM, 12, 21, 22
MM, 13, 21, 34
MC, 1, 120
MM, 15, 23, 47
MM, 19, 24, 8
MM, 25, 27, 9
MM, 26, 0, 15
MM, 35, 3, 9
MM, 40, 6, 8
MM, 43, 7, 7
MM, 0, 9, 65
MM, 1, 9, 31
MM, 2, 9, 7
MM, 3, 9, 9
MM, 5, 9, 8
MM, 6, 10, 8
MM, 8, 10, 8
MM, 10, 11, 8
MM, 12, 11, 7
MM, 13, 11, 82
MM, 13, 12, 22
MM, 14, 12, 32
MC, 1, 89
MC, 2, 151
MM, 13, 12, 323
MM, 12, 12, 25
MM, 11, 12, 14
MM, 7, 13, 7
MM, 0, 17, 8
MM, 31, 23, 16
MM, 15, 31, 9
MM, 41, 6, 16
MM, 31, 11, 6
MM, 26, 15, 8
MM, 22, 19, 10
MM, 22, 20, 7
MM, 20, 22, 7
MM, 19, 25, 8
MM, 18, 26, 9
MM, 17, 28, 9
MM, 16, 30, 7
MM, 201, 0, 32
MM, 200, 0, 8
MM, 199, 1, 9
MM, 199, 2, 8
MM, 199, 3, 7
MM, 198, 5, 9
MM, 197, 5, 8
MM, 195, 6, 7
MM, 192, 10, 8
MM, 188, 13, 7
MM, 185, 14, 9
MM, 181, 17, 9
MM, 179, 18, 6
MM, 176, 20, 8
MM, 172, 22, 8
MM, 171, 22, 10
MM, 169, 22, 7
MM, 168, 22, 9
MM, 167, 23, 7
MM, 166, 23, 16
MM, 167, 23, 87
MM, 167, 24, 18
MM, 168, 23, 110
MM, 168, 22, 9
MM, 168, 21, 9
MM, 168, 19, 7
MM, 168, 17, 8
MM, 168, 15, 8
MM, 168, 13, 8
MM, 169, 11, 7
MM, 169, 9, 10
MM, 169, 7, 7
MM, 169, 4, 8
MM, 170, 2, 8
MM, 30, 31, 48
MM, 30, 30, 8
MM, 30, 29, 7
MM, 30, 27, 16
MM, 30, 26, 8
MM, 30, 25, 8
MM, 30, 23, 8
MM, 30, 22, 16
MM, 30, 21, 17
MC, 1, 219
MM, 30, 20, 5
MM, 32, 18, 16
MM, 33, 17, 16
MM, 35, 15, 9
MM, 37, 13, 7
MM, 42, 9, 8
MM, 3, 2, 16
MM, 17, 28, 23
MM, 23, 24, 8
MM, 26, 21, 8
MM, 31, 16, 8
MM, 35, 13, 8
MM, 37, 10, 9
MM, 43, 7, 8
MM, 19, 31, 31
MM, 22, 28, 8
MM, 25, 24, 8
MM, 26, 22, 8
MM, 27, 21, 8
MM, 29, 19, 8
MM, 31, 19, 9
MM, 33, 19, 9
MM, 35, 18, 7
MM, 0, 16, 56
MM, 1, 16, 8
MM, 2, 15, 8
MM, 3, 15, 9
MM, 4, 15, 7
MM, 7, 15, 8
MM, 10, 15, 7
MM, 12, 14, 8
MM, 13, 14, 9
MM, 15, 13, 8
MM, 16, 13, 7
MM, 17, 13, 65
MM, 18, 13, 24
MC, 1, 128
MM, 17, 13, 8
MM, 16, 13, 23
MM, 14, 12, 8
MM, 12, 11, 9
MM, 10, 11, 8
MM, 6, 10, 8
MM, 0, 10, 7
MM, 33, 8, 8
MM, 20, 7, 9
MM, 7, 5, 8
MM, 35, 3, 16
MM, 25, 3, 8
MM, 17, 3, 16
MM, 14, 3, 16
MM, 13, 4, 16
MM, 12, 4, 8
MM, 10, 5, 8
MM, 9, 6, 8
MM, 8, 6, 8
MM, 6, 7, 8
MM, 5, 8, 8
MM, 4, 8, 8
MM, 1, 10, 9
MM, 41, 11, 23
MM, 37, 11, 9
MM, 32, 11, 7
MM, 29, 11, 9
MM, 25, 11, 8
MM, 21, 11, 6
MM, 18, 11, 8
MM, 16, 11, 8
MM, 15, 11, 8
MM, 13, 11, 8
MM, 10, 11, 8
MM, 8, 11, 8
MM, 5, 11, 9
MM, 3, 11, 7
MM, 1, 11, 8
MM, 0, 11, 8
MC, 1, 385
MM, 21, 3, 160
MM, 21, 10, 8
MM, 21, 18, 8
MM, 21, 23, 8
MM, 21, 29, 8
MM, 21, 0, 23
MM, 21, 2, 9
MM, 21, 4, 9
MM, 22, 7, 7
MM, 22, 9, 8
MM, 22, 12, 8
MM, 22, 15, 8
MM, 22, 17, 8
MM, 23, 19, 7
MM, 24, 21, 9
MM, 24, 23, 9
MM, 24, 25, 7
MM, 24, 27, 8
MM, 24, 29, 8
MM, 24, 30, 8
MM, 115, 0, 40
MM, 116, 2, 8
MM, 116, 3, 8
MM, 116, 4, 9
MM, 116, 5, 7
MM, 116, 7, 16
MM, 116, 8, 17
MM, 116, 9, 8
MM, 116, 10, 15
MM, 116, 11, 16
MM, 116, 12, 24
MM, 117, 12, 208
MC, 1, 281
MM, 117, 10, 40
MM, 115, 9, 8
MM, 114, 8, 7
MM, 114, 5, 7
MM, 112, 3, 10
MM, 112, 1, 8
MM, 17, 31, 24
MM, 16, 27, 7
MM, 15, 24, 8
MM, 14, 21, 9
MM, 13, 16, 8
MM, 13, 11, 8
MM, 12, 6, 7
MM, 11, 2, 8
MM, 9, 31, 40
MM, 8, 29, 8
MM, 8, 28, 8
MM, 7, 26, 8
MM, 7, 24, 8
MM, 6, 22, 8
MM, 4, 19, 8
MM, 4, 17, 9
MM, 3, 15, 7
MM, 1, 13, 8
MM, 1, 11, 9
MM, 0, 10, 6
MC, 1, 482
MM, 9, 22, 144
MM, 24, 23, 17
MM, 31, 24, 6
MM, 35, 24, 9
MM, 38, 24, 8
MM, 41, 24, 8
MM, 43, 23, 7
MM, 2, 23, 24
MM, 9, 22, 7
MM, 18, 22, 9
MM, 25, 22, 9
MM, 32, 23, 8
MM, 36, 24, 6
MM, 38, 24, 9
MM, 39, 24, 7
MM, 40, 24, 25
MM, 41, 24, 8
MM, 43, 23, 9
MM, 1, 21, 80
MM, 2, 21, 7
MM, 3, 21, 16
MM, 3, 20, 16
MM, 4, 20, 15
MM, 4, 19, 58
MM, 5, 19, 24
MM, 6, 19, 16
MM, 7, 19, 40
MC, 1, 120
MM, 8, 19, 47
MM, 10, 19, 8
MM, 12, 19, 9
MM, 14, 19, 8
MM, 17, 19, 7
MM, 20, 20, 8
MM, 23, 21, 9
MM, 29, 21, 8
MM, 34, 21, 7
MM, 1, 23, 16
MM, 4, 25, 8
MM, 7, 25, 9
MM, 9, 25, 7
MM, 10, 25, 8
MM, 11, 25, 8
MM, 12, 25, 9
MM, 13, 25, 8
MM, 15, 25, 8
MM, 17, 25, 7
MM, 19, 25, 8
MM, 21, 25, 9
MM, 22, 25, 7
MM, 25, 25, 8
MM, 26, 25, 8
MM, 28, 25, 8
MM, 31, 25, 7
MM, 32, 25, 9
MM, 33, 25, 8
MM, 34, 25, 8
MM, 1, 23, 120
MM, 2, 23, 8
MM, 2, 22, 16
MM, 3, 22, 31
MM, 4, 22, 16
MM, 5, 21, 8
MM, 6, 21, 32
MM, 7, 21, 32
MC, 1, 153
MM, 6, 21, 24
MM, 5, 21, 16
MM, 3, 21, 8
MM, 0, 21, 8
MM, 29, 23, 16
MM, 19, 24, 8
MM, 9, 25, 8
MM, 31, 26, 16
MM, 21, 27, 8
MM, 14, 27, 8
MM, 7, 28, 7
MM, 42, 31, 16
MM, 33, 1, 40
MM, 25, 2, 8
MM, 18, 3, 9
MM, 5, 5, 16
MM, 0, 6, 8
MM, 42, 8, 15
MM, 39, 8, 9
MM, 36, 8, 7
MM, 33, 8, 9
MM, 31, 8, 7
MM, 28, 8, 8
MM, 23, 8, 8
MM, 18, 8, 9
MM, 13, 6, 8
MM, 9, 6, 7
MM, 5, 5, 9
MM, 1, 5, 8
MM, 43, 3, 24
MM, 40, 3, 8
MM, 38, 2, 8
MM, 34, 2, 7
MM, 31, 2, 9
MM, 30, 1, 8
MM, 29, 1, 8
MM, 28, 1, 8
MM, 27, 1, 16
MM, 25, 1, 9
MM, 23, 0, 8
MC, 1, 631
MM, 1, 4, 160
MM, 7, 9, 8
MM, 12, 13, 7
MM, 16, 17, 9
MM, 21, 19, 8
MM, 25, 22, 8
MM, 28, 25, 8
MM, 29, 27, 8
MM, 33, 28, 8
MM, 36, 30, 8
MM, 3, 3, 24
MM, 9, 7, 7
MM, 18, 11, 8
MM, 26, 14, 9
MM, 34, 18, 8
MM, 41, 23, 8
MM, 0, 27, 32
MM, 2, 28, 16
MM, 5, 29, 9
MM, 8, 30, 7
MM, 167, 0, 41
MM, 168, 0, 7
MM, 169, 0, 57
MM, 32, 30, 88
MM, 32, 29, 7
MM, 32, 28, 8
MM, 32, 26, 16
MM, 32, 25, 8
MM, 30, 24, 7
MM, 30, 23, 18
MM, 30, 22, 15
MM, 29, 22, 9
MM, 29, 20, 8
MM, 27, 19, 8
MM, 27, 18, 7
MM, 26, 17, 8
MM, 24, 16, 7
MM, 23, 15, 10
MM, 22, 15, 39
MM, 22, 14, 7
MC, 1, 129
MM, 23, 14, 39
MM, 23, 15, 10
MM, 24, 18, 7
MM, 24, 21, 9
MM, 25, 26, 6
MM, 25, 30, 10
MM, 166, 0, 47
MM, 166, 1, 7
MM, 166, 2, 25
MM, 166, 3, 25
MM, 165, 4, 7
MM, 165, 6, 16
MM, 164, 7, 9
MM, 164, 9, 7
MM, 164, 10, 8
MM, 164, 11, 9
MM, 164, 12, 8
MM, 164, 13, 24
MM, 164, 14, 47
MM, 164, 12, 151
MM, 164, 11, 17
MM, 164, 9, 16
MM, 164, 7, 8
MM, 164, 5, 9
MM, 165, 3, 7
MM, 166, 1, 8
MM, 28, 31, 25
MM, 29, 27, 7
MM, 30, 24, 8
MM, 32, 18, 9
MM, 33, 13, 8
MM, 34, 8, 7
MM, 36, 4, 9
MM, 37, 31, 16
MM, 38, 28, 7
MM, 39, 24, 8
MM, 39, 21, 8
MM, 39, 18, 8
MM, 40, 13, 8
MM, 41, 11, 9
MM, 41, 9, 8
MM, 42, 7, 7
MM, 43, 4, 9
MM, 16, 31, 120
MM, 17, 31, 16
MM, 18, 31, 7
MM, 18, 30, 8
MM, 19, 30, 9
MM, 19, 29, 7
MM, 20, 29, 8
MM, 21, 29, 8
MM, 21, 28, 8
MM, 22, 28, 16
MC, 1, 192
MM, 22, 29, 57
MM, 22, 31, 8
MM, 6, 1, 55
MM, 6, 2, 9
MM, 5, 3, 7
MM, 4, 5, 8
MM, 4, 7, 8
MM, 2, 9, 9
MM, 1, 11, 7
MM, 0, 15, 8
MM, 42, 28, 49
MM, 41, 29, 7
MM, 37, 0, 25
MM, 33, 3, 7
MM, 32, 5, 9
MM, 31, 6, 7
MM, 30, 7, 8
MM, 29, 7, 8
MM, 28, 8, 8
MM, 27, 8, 16
MC, 1, 275
MM, 26, 6, 30
MM, 25, 4, 8
MM, 24, 2, 16
MM, 23, 1, 7
MM, 22, 0, 8
MM, 14, 31, 17
MM, 10, 26, 7
MM, 6, 21, 8
MM, 2, 16, 8
MM, 0, 13, 9
MM, 45, 1, 31
MM, 2, 31, 25
MM, 0, 30, 6
MM, 4, 16, 513
MM, 13, 17, 8
MM, 20, 18, 8
MM, 26, 19, 8
MM, 31, 20, 8
MM, 37, 21, 9
MM, 40, 21, 7
MM, 43, 22, 8
MM, 0, 22, 24
MM, 4, 22, 9
MM, 10, 22, 8
MM, 15, 21, 7
MM, 20, 21, 8
MM, 26, 21, 9
MM, 34, 20, 8
MM, 41, 20, 7
MM, 0, 20, 64
MM, 1, 20, 8
MM, 3, 20, 9
MM, 5, 20, 23
MM, 7, 20, 16
MM, 12, 20, 8
MM, 19, 20, 7
MM, 24, 20, 10
MM, 27, 20, 7
MM, 28, 20, 7
MC, 1, 258
MM, 29, 20, 79
MM, 29, 21, 8
MM, 30, 21, 9
MM, 30, 22, 8
MM, 32, 23, 7
MM, 34, 26, 7
MM, 33, 3, 32
MM, 36, 5, 9
MM, 37, 7, 9
MM, 38, 8, 7
MM, 40, 11, 8
MM, 0, 18, 25
MM, 1, 19, 7
MM, 3, 21, 8
MM, 4, 22, 9
MM, 5, 24, 8
MM, 7, 26, 8
MM, 9, 29, 7
MM, 10, 31, 8
MM, 21, 31, 160
MM, 22, 30, 8
MM, 23, 30, 8
MM, 25, 30, 8
MM, 26, 30, 41
MM, 27, 30, 48
MC, 1, 199
MM, 26, 30, 56
MM, 25, 30, 48
MM, 23, 30, 25
MM, 21, 31, 15
MM, 40, 1, 48
MM, 37, 2, 8
MM, 34, 5, 8
MM, 32, 6, 9
MM, 30, 9, 7
MM, 27, 11, 8
MM, 27, 15, 9
MM, 25, 17, 7
MM, 23, 20, 7
MM, 20, 22, 9
MM, 19, 23, 8
MM, 19, 26, 9
MM, 18, 27, 7
MM, 15, 29, 8
MM, 13, 31, 9
MM, 220, 11, 152
MM, 219, 12, 16
MM, 217, 12, 7
MM, 216, 13, 9
MM, 214, 14, 8
MM, 213, 14, 8
MM, 212, 15, 7
MM, 210, 16, 9
MM, 209, 16, 8
MM, 207, 16, 8
MM, 205, 17, 8
MM, 203, 18, 8
MM, 200, 18, 7
MM, 198, 19, 9
MM, 196, 19, 8
MM, 195, 19, 8
MM, 194, 19, 7
MM, 193, 19, 58
MM, 192, 19, 6
MM, 192, 20, 80
MC, 1, 97
MM, 191, 20, 15
MM, 189, 18, 17
MM, 187, 16, 8
MM, 185, 14, 7
MM, 181, 10, 7
MM, 175, 5, 9
MM, 21, 29, 17
MM, 10, 22, 7
MM, 1, 14, 8
MM, 38, 1, 16
MM, 30, 29, 16
MM, 27, 26, 8
MM, 27, 23, 9
MM, 25, 20, 8
MM, 23, 17, 8
MM, 22, 14, 7
MM, 20, 11, 9
MM, 20, 9, 8
MM, 18, 6, 7
MM, 17, 4, 8
MM, 17, 3, 9
MM, 16, 1, 8
MM, 15, 0, 7
MC, 1, 408
MM, 37, 1, 168
MM, 42, 3, 8
MM, 45, 4, 9
MM, 1, 8, 47
MM, 2, 8, 24
MM, 2, 9, 24
MM, 3, 9, 9
MM, 5, 10, 15
MM, 10, 10, 9
MM, 13, 12, 7
MM, 17, 13, 7
MM, 19, 14, 8
MM, 21, 14, 9
MM, 22, 14, 65
MC, 1, 114
MM, 21, 14, 29
MM, 20, 14, 8
MM, 18, 13, 7
MM, 17, 12, 8
MM, 14, 10, 9
MM, 9, 9, 8
MM, 4, 7, 7
MM, 46, 2, 26
MM, 42, 1, 7
MM, 1, 16, 993
MM, 2, 16, 7
MM, 4, 16, 8
MM, 5, 16, 8
MM, 7, 15, 9
MM, 10, 15, 8
MM, 14, 15, 7
MM, 20, 15, 8
MM, 25, 16, 9
MM, 31, 17, 8
MM, 35, 18, 6
MM, 38, 18, 10
MM, 39, 18, 8
MM, 40, 18, 40
MM, 41, 18, 40
MM, 42, 18, 23
MC, 1, 113
MM, 42, 19, 46
MM, 41, 19, 9
MM, 40, 20, 15
MM, 39, 20, 8
MM, 37, 22, 10
MM, 35, 23, 8
MM, 35, 24, 6
MM, 33, 26, 10
MM, 32, 28, 7
MM, 31, 30, 8
MM, 30, 31, 7
MM, 17, 1, 50
MM, 17, 4, 7
MM, 17, 7, 8
MM, 17, 10, 8
MM, 16, 13, 9
MM, 16, 18, 8
MM, 15, 23, 7
MM, 14, 29, 8
MM, 14, 1, 17
MM, 12, 7, 7
MM, 10, 12, 8
MM, 8, 18, 8
MM, 7, 23, 9
MM, 5, 28, 7
MM, 144, 0, 31
MM, 144, 1, 8
MM, 143, 2, 8
MM, 143, 3, 8
MM, 143, 4, 8
MM, 143, 5, 8
MM, 143, 6, 9
MM, 142, 8, 16
MM, 142, 9, 15
MM, 142, 10, 64
MM, 142, 11, 65
MM, 142, 12, 40
MC, 1, 119
MM, 142, 11, 56
MM, 141, 11, 8
MM, 140, 10, 18
MM, 139, 9, 6
MM, 137, 8, 8
MM, 136, 7, 9
MM, 132, 6, 7
MM, 126, 3, 9
MM, 120, 0, 8
MM, 0, 30, 32
MM, 42, 28, 8
MM, 38, 26, 8
MM, 32, 24, 8
MM, 28, 23, 8
MM, 24, 22, 7
MM, 21, 20, 9
MM, 15, 18, 8
MM, 9, 15, 8
MM, 2, 12, 8
MM, 38, 6, 16
MM, 31, 2, 8
MM, 12, 31, 32
MM, 11, 31, 8
MM, 9, 30, 8
MM, 7, 29, 8
MM, 4, 28, 8
MM, 0, 27, 9
MM, 38, 23, 17
MM, 34, 21, 6
MM, 28, 19, 8
MM, 22, 16, 9
MM, 17, 14, 8
MM, 13, 13, 7
MM, 11, 12, 8
MM, 9, 10, 9
MM, 8, 10, 7
MM, 7, 10, 7
MM, 6, 9, 9
MM, 5, 8, 9
MM, 3, 8, 7
MM, 2, 7, 7
MM, 1, 6, 9
MM, 0, 6, 8
MM, 43, 4, 40
MM, 42, 4, 8
MM, 41, 4, 8
MM, 40, 4, 9
MM, 38, 4, 8
MM, 36, 4, 16
MM, 34, 4, 8
MM, 32, 4, 8
MM, 31, 4, 32
MM, 31, 6, 23
MM, 30, 6, 7
MM, 29, 7, 8
MM, 29, 8, 9
MM, 29, 9, 23
MM, 29, 10, 34
MM, 28, 10, 24
MM, 28, 11, 7
MM, 29, 11, 184
MM, 30, 11, 17
MM, 31, 11, 7
MM, 32, 11, 32
MM, 33, 11, 25
MC, 1, 118
MM, 34, 11, 16
MM, 35, 11, 17
MM, 35, 10, 9
MM, 36, 10, 16
MM, 38, 10, 7
MM, 39, 9, 9
MM, 40, 8, 8
MM, 43, 7, 8
MM, 5, 3, 23
MM, 13, 1, 9
MM, 20, 0, 6
MC, 1, 538
MM, 39, 0, 584
MM, 41, 3, 8
MM, 0, 25, 39
MM, 2, 30, 8
MM, 6, 4, 17
MM, 8, 10, 8
MM, 11, 16, 6
MM, 14, 20, 10
MM, 15, 24, 7
MM, 19, 28, 8
MM, 67, 1, 25
MM, 69, 4, 8
MM, 71, 6, 7
MM, 72, 7, 7
MM, 73, 8, 9
MM, 74, 9, 24
MM, 74, 10, 9
MM, 75, 10, 8
MM, 77, 11, 8
MM, 79, 13, 6
MM, 80, 14, 10
MM, 82, 15, 7
MM, 84, 16, 8
MM, 85, 17, 7
MM, 87, 17, 9
MM, 88, 19, 8
MM, 89, 19, 9
MM, 91, 20, 7
MM, 93, 20, 9
MM, 94, 21, 8
MM, 95, 21, 7
MM, 96, 21, 7
MM, 97, 21, 9
MC, 1, 313
MM, 98, 20, 55
MM, 100, 19, 8
MM, 104, 19, 9
MM, 109, 19, 6
MM, 116, 19, 9
MM, 124, 19, 9
MM, 133, 18, 8
MM, 144, 16, 7
MM, 155, 15, 9
MM, 166, 13, 8
MM, 175, 11, 8
MM, 185, 8, 7
MM, 193, 5, 9
MM, 206, 1, 8
MM, 12, 21, 24
MM, 31, 15, 7
MM, 43, 10, 8
MM, 1, 20, 64
MM, 4, 16, 8
MM, 7, 15, 9
MM, 9, 12, 7
MM, 11, 11, 9
MM, 14, 9, 8
MM, 18, 8, 8
MM, 19, 7, 7
MM, 19, 6, 8
MM, 20, 6, 8
MM, 22, 5, 8
MM, 23, 5, 7
MM, 27, 4, 9
MM, 33, 3, 9
MM, 43, 1, 8
MM, 32, 14, 264
MM, 29, 14, 7
MM, 27, 14, 7
MM, 25, 14, 8
MM, 24, 14, 10
MM, 23, 14, 15
MM, 21, 15, 9
MM, 20, 15, 6
MM, 19, 16, 9
MM, 18, 17, 32
MM, 18, 18, 7
MM, 16, 18, 9
MM, 15, 19, 8
MM, 14, 19, 7
MM, 14, 20, 114
MC, 1, 96
MM, 13, 20, 56
MM, 11, 20, 8
MM, 6, 20, 6
MM, 0, 19, 8
MM, 33, 18, 9
MM, 24, 17, 8
MM, 14, 15, 8
MM, 5, 14, 8
MM, 34, 13, 16
MM, 32, 13, 8
MM, 30, 13, 8
MM, 29, 13, 41
MM, 27, 13, 15
MM, 25, 13, 8
MM, 24, 13, 17
MM, 23, 13, 73
MM, 22, 13, 16
MC, 1, 247
MM, 21, 13, 48
MM, 19, 13, 7
MM, 15, 14, 8
MM, 8, 14, 9
MM, 0, 14, 8
MM, 43, 14, 7
MM, 38, 14, 7
MM, 31, 15, 8
MM, 29, 15, 10
MM, 21, 19, 6
MM, 15, 21, 9
MM, 11, 24, 8
MM, 7, 25, 8
MM, 3, 27, 7
MM, 24, 1, 49
MM, 23, 2, 8
MM, 20, 4, 7
MM, 19, 5, 9
MM, 18, 6, 8
MM, 15, 8, 9
MM, 14, 8, 8
MM, 12, 9, 7
MM, 10, 10, 9
MM, 7, 12, 8
MM, 6, 13, 7
MM, 4, 14, 8
MM, 2, 16, 9
MM, 1, 16, 7
MM, 46, 25, 48
MM, 45, 25, 7
MM, 45, 26, 10
MM, 45, 27, 15
MM, 45, 28, 9
MM, 44, 29, 7
MM, 43, 30, 9
MM, 27, 1, 40
MM, 25, 2, 6
MM, 24, 2, 9
MM, 22, 2, 8
MM, 21, 2, 8
MM, 19, 2, 7
MM, 17, 3, 10
MM, 15, 3, 7
MM, 12, 3, 9
MM, 8, 3, 7
MM, 7, 3, 9
MM, 6, 4, 8
MM, 5, 4, 8
MM, 4, 4, 16
MM, 4, 5, 8
MM, 2, 5, 7
MM, 2, 6, 7
MM, 1, 6, 8
MM, 41, 7, 41
MM, 36, 8, 8
MM, 32, 8, 7
MM, 29, 8, 9
MM, 27, 8, 8
MM, 25, 8, 9
MM, 24, 9, 6
MM, 23, 10, 9
MM, 21, 11, 8
MM, 19, 11, 8
MM, 17, 11, 8
MM, 14, 11, 9
MM, 11, 12, 7
MM, 9, 12, 9
MM, 6, 13, 7
MM, 5, 13, 17
MM, 4, 13, 7
MM, 4, 14, 17
MM, 3, 14, 7
MM, 2, 14, 9
MM, 43, 14, 55
MM, 41, 14, 17
MM, 40, 14, 8
MM, 38, 14, 7
MM, 36, 14, 9
MM, 35, 14, 8
MM, 34, 14, 8
MM, 33, 14, 7
MM, 31, 14, 8
MM, 30, 14, 9
MM, 29, 14, 15
MM, 31, 14, 217
MM, 32, 14, 32
MM, 33, 14, 6
MM, 34, 14, 10
MM, 35, 14, 7
MM, 37, 14, 9
MM, 39, 14, 8
MM, 42, 14, 8
MM, 2, 13, 31
MM, 7, 12, 7
MM, 14, 11, 9
MM, 21, 10, 9
MM, 29, 9, 8
MM, 38, 7, 7
MM, 11, 4, 16
MM, 23, 3, 8
MM, 33, 1, 8
MM, 29, 29, 57
MM, 35, 28, 6
MM, 43, 27, 9
MM, 2, 26, 7
MM, 13, 26, 10
MM, 24, 26, 7
MM, 30, 26, 9
MM, 36, 26, 7
MM, 40, 26, 9
MM, 41, 25, 7
MM, 43, 25, 9
MM, 43, 24, 48
MM, 43, 23, 30
MM, 0, 22, 57
MM, 2, 22, 25
MM, 3, 21, 7
MM, 4, 21, 7
MM, 6, 21, 9
MM, 8, 21, 9
MM, 9, 21, 16
MM, 9, 20, 39
MC, 1, 177
MM, 7, 20, 56
MM, 5, 20, 8
MM, 36, 17, 23
MM, 27, 16, 9
MM, 18, 15, 7
MM, 9, 14, 7
MM, 0, 13, 9
MM, 41, 13, 8
MM, 32, 13, 8
MM, 25, 13, 8
MM, 19, 13, 7
MM, 11, 13, 9
MM, 2, 13, 8
MM, 39, 13, 16
MM, 30, 13, 8
MM, 21, 12, 8
MM, 15, 12, 7
MM, 8, 11, 8
MM, 2, 10, 9
MM, 39, 8, 24
MM, 37, 8, 8
MM, 36, 8, 8
MM, 34, 7, 9
MM, 32, 7, 14
MM, 31, 6, 8
MM, 28, 5, 10
MM, 24, 5, 7
MM, 22, 4, 7
MM, 20, 3, 9
MM, 19, 3, 9
MM, 18, 3, 31
MM, 17, 3, 16
MM, 14, 2, 8
MM, 12, 1, 8
MM, 9, 0, 8
MC, 1, 648
MM, 26, 0, 298
MM, 26, 1, 6
MM, 26, 2, 25
MM, 26, 3, 32
MC, 1, 432
MM, 27, 3, 1999
MM, 28, 3, 24
MM, 29, 3, 25
MM, 30, 3, 15
MM, 31, 3, 9
MM, 32, 3, 8
MM, 33, 3, 7
MM, 36, 3, 8
MM, 38, 3, 8
MM, 41, 3, 9
MM, 1, 4, 39
MM, 2, 4, 7
MM, 5, 5, 9
MM, 7, 5, 9
MM, 11, 6, 6
MM, 17, 8, 10
MM, 24, 10, 7
MM, 32, 12, 9
MM, 37, 14, 6
MM, 39, 15, 9
MM, 43, 16, 9
MM, 5, 19, 15
MM, 13, 22, 8
MM, 24, 25, 8
MM, 34, 28, 9
MM, 45, 31, 7
MM, 16, 0, 17
MM, 23, 2, 7
MM, 29, 3, 8
MM, 34, 5, 8
MM, 37, 5, 8
MM, 39, 5, 8
MM, 40, 5, 9
MM, 41, 5, 7
MM, 42, 5, 49
MM, 43, 5, 16
MM, 0, 7, 32
MM, 3, 8, 6
MM, 9, 10, 10
MM, 16, 13, 8
MM, 20, 15, 8
MM, 28, 17, 7
MM, 33, 19, 9
MM, 38, 20, 8
MM, 41, 21, 8
MM, 43, 22, 7
MM, 2, 24, 32
MM, 4, 25, 8
MM, 5, 25, 9
MM, 8, 25, 8
MM, 11, 26, 6
MM, 14, 27, 9
MM, 16, 27, 9
MM, 20, 28, 8
MM, 23, 29, 7
MM, 29, 31, 8
MM, 37, 31, 936
MM, 37, 30, 104
MM, 37, 29, 32
MM, 37, 28, 32
MM, 37, 27, 25
MM, 37, 26, 8
MM, 39, 25, 7
MM, 41, 24, 7
MM, 43, 22, 9
MM, 2, 21, 15
MM, 6, 21, 8
MM, 13, 21, 9
MM, 16, 21, 9
MM, 17, 21, 15
MM, 17, 20, 49
MM, 18, 20, 15
MM, 18, 19, 16
MM, 18, 18, 16
MC, 1, 344
MM, 18, 17, 88
MM, 19, 17, 8
MM, 20, 16, 8
MM, 22, 15, 7
MM, 26, 13, 8
MM, 33, 9, 10
MM, 40, 7, 8
MM, 270, 0, 2371
MM, 270, 1, 28
MM, 271, 1, 49
MM, 271, 2, 23
MM, 271, 3, 23
MM, 380, 2, 183713
MM, 381, 7, 4
MM, 384, 15, 7
MM, 390, 24, 6
MM, 393, 28, 7
MM, 402, 45, 7
MM, 403, 50, 6
MM, 408, 61, 7
MM, 35, 1, 388
MM, 35, 3, 12
MM, 36, 3, 21
MM, 36, 4, 7
MM, 37, 6, 15
MM, 39, 7, 13
MM, 40, 10, 6
MM, 40, 11, 8
MM, 40, 12, 7
MM, 40, 13, 13
MM, 41, 13, 5
