**********************************
LOGGING TIME: 20180908_213502
CLIENT IP: 192.168.56.1
USERNAME: Nikhil
OS: Windows 10
*********************Neutral database**********************************
MM, 49, 18, 1537598291911
MM, 34, 26, 3085
MM, 98, 3, 5560
MM, 39, 0, 770
MM, 37, 5, 5
MM, 37, 8, 7
MM, 37, 12, 6
MM, 36, 12, 7
MM, 36, 13, 7
MM, 36, 15, 15
MM, 36, 16, 28
MM, 36, 17, 32
MM, 36, 18, 14
MM, 36, 19, 13
MM, 36, 22, 6
MM, 36, 23, 16
MM, 36, 24, 13
MM, 37, 24, 48
MM, 38, 23, 82
MM, 39, 20, 13
MM, 39, 17, 20
MM, 39, 16, 8
MM, 41, 15, 18
MM, 41, 13, 14
MM, 42, 11, 22
MM, 42, 10, 19
MM, 42, 9, 14
MM, 42, 8, 34
MM, 42, 7, 61
MC, 1, 611
MM, 45, 9, 10833
MM, 58, 19, 19
MM, 92, 1, 60
MM, 93, 4, 13
MM, 95, 5, 6
MM, 95, 6, 8
MM, 97, 7, 21
MM, 101, 10, 5
MM, 110, 18, 13
MM, 116, 23, 6
MM, 121, 27, 8
MC, 1, 1213
MM, 67, 2, 29154
MM, 70, 10, 20
MM, 72, 36, 19
MM, 72, 42, 7
MM, 72, 57, 42
MM, 77, 63, 314
MM, 3, 20, 26
MM, 0, 2, 85
MM, 1, 4, 6
MM, 1, 5, 7
MM, 2, 7, 14
MM, 2, 8, 22
MM, 3, 8, 5
MM, 5, 10, 36
MM, 7, 11, 5
MM, 8, 12, 7
MM, 10, 14, 7
MM, 14, 19, 13
MM, 17, 20, 6
MM, 18, 22, 8
MM, 21, 22, 6
MM, 23, 24, 7
MM, 25, 24, 8
MM, 26, 24, 5
MM, 28, 24, 8
MM, 29, 23, 6
MM, 31, 23, 8
MM, 36, 21, 7
MM, 42, 18, 6
MM, 2, 13, 8
MM, 8, 11, 4
MM, 17, 8, 7
MM, 20, 8, 7
MM, 30, 2, 8
MM, 35, 0, 6
MM, 40, 0, 6
MM, 32, 0, 116
MM, 36, 1, 22
MM, 19, 2, 13
MM, 1, 3, 13
MM, 37, 5, 13
MM, 27, 5, 13
MM, 20, 5, 6
MM, 9, 5, 7
MM, 3, 4, 7
MM, 0, 3, 7
MM, 25, 0, 157
MM, 33, 3, 14
MM, 38, 6, 5
MM, 43, 9, 7
MM, 17, 24, 68
MM, 24, 24, 27
MM, 26, 24, 7
MM, 29, 23, 7
MM, 31, 22, 6
MM, 31, 23, 35
MM, 30, 22, 97
MM, 30, 21, 5
MM, 28, 19, 34
MM, 27, 18, 6
MM, 26, 18, 13
MM, 24, 16, 13
MM, 23, 15, 14
MM, 22, 15, 7
MM, 21, 14, 13
MM, 21, 13, 15
MM, 21, 12, 5
MM, 21, 11, 13
MM, 21, 10, 7
MM, 20, 10, 15
MC, 1, 447
MM, 29, 9, 510
MM, 8, 31, 71
MM, 20, 28, 12
MM, 39, 24, 14
MM, 11, 21, 20
MM, 26, 20, 13
MM, 29, 20, 7
MM, 30, 14, 111
MM, 28, 12, 27
MM, 24, 12, 12
MM, 24, 13, 34
MM, 24, 14, 12
MM, 23, 14, 45
MC, 1, 533
MM, 22, 14, 196
MM, 27, 17, 42
MM, 29, 0, 98
MM, 20, 2, 14
MM, 9, 4, 12
MM, 7, 5, 7
MM, 31, 9, 62
MM, 30, 10, 13
MM, 30, 11, 77
MM, 30, 13, 19
MM, 30, 12, 32
MM, 30, 10, 7
MM, 25, 5, 13
MM, 22, 3, 7
MM, 20, 2, 6
MM, 19, 2, 30
MM, 19, 3, 82
MM, 19, 4, 19
MM, 19, 5, 6
MM, 19, 6, 7
MM, 19, 7, 13
MM, 20, 28, 66
MM, 20, 27, 99
MM, 20, 26, 27
MM, 20, 25, 5
MM, 20, 24, 300
MM, 20, 26, 2112
MM, 397, 15, 608
MM, 40, 30, 117
MM, 15, 27, 7
MM, 30, 22, 41
MM, 28, 24, 75
MM, 151, 16, 31
MM, 138, 26, 14
MM, 136, 27, 8
MM, 134, 26, 40
MM, 132, 25, 9
MM, 127, 22, 6
MM, 118, 19, 9
MM, 110, 17, 7
MM, 103, 16, 9
MM, 99, 16, 8
MM, 95, 14, 7
MM, 90, 13, 8
MM, 86, 11, 7
MM, 84, 11, 10
MM, 83, 11, 7
MM, 80, 8, 16
MM, 79, 7, 24
MM, 79, 6, 9
MM, 78, 5, 7
MM, 75, 1, 9
MM, 15, 29, 23
MM, 8, 26, 8
MM, 37, 19, 25
MM, 32, 17, 7
MM, 31, 17, 57
MM, 31, 16, 9
MM, 31, 15, 23
MM, 30, 14, 15
MM, 30, 13, 8
MM, 28, 13, 17
MM, 27, 12, 8
MM, 24, 11, 8
MM, 23, 11, 16
MM, 22, 10, 57
MM, 21, 9, 24
MM, 19, 6, 16
MM, 12, 2, 14
MM, 11, 2, 348
MM, 10, 2, 39
MM, 5, 2, 16
MM, 3, 2, 38
MM, 1, 1, 41
MM, 0, 1, 15
MM, 0, 2, 8
MM, 42, 1, 22
MM, 36, 1, 9
MM, 31, 1, 7
MM, 25, 0, 8
MM, 20, 31, 81
MM, 21, 31, 9
MM, 22, 31, 8
MM, 22, 30, 7
MM, 22, 29, 16
MM, 22, 28, 16
MM, 22, 27, 16
MM, 23, 27, 16
MM, 23, 26, 8
MM, 23, 25, 8
MM, 23, 24, 66
MM, 22, 24, 63
MM, 22, 23, 17
MM, 22, 22, 24
MM, 21, 22, 42
MM, 21, 23, 7
MM, 21, 26, 37
MM, 22, 26, 9
MM, 22, 27, 41
MM, 22, 28, 23
MM, 22, 29, 8
MM, 22, 29, 120
MM, 21, 29, 8
MM, 22, 29, 130
MM, 24, 29, 14
MM, 31, 31, 16
MM, 35, 0, 4995
MM, 38, 1, 13
MM, 40, 1, 16
MM, 43, 1, 15
MM, 1, 0, 235
MM, 1, 2, 26
MM, 1, 4, 22
MM, 1, 7, 16
MP, 1, 9333
MR, 1, 80
MC, 1, 0
MM, 38, 18, 1324
MM, 39, 29, 95
MM, 4, 4, 14
MM, 1, 3, 9
MM, 16, 23, 289
MM, 0, 10, 62
MM, 1, 10, 7
MM, 2, 10, 16
MM, 2, 9, 55
MM, 1, 9, 18
MM, 7, 0, 104
MM, 38, 11, 15
MM, 28, 19, 8
MM, 22, 25, 9
MM, 19, 31, 8
MM, 12, 3, 16
MM, 11, 4, 59
MM, 10, 4, 56
MM, 11, 31, 172
MM, 20, 27, 8
MM, 27, 27, 9
MM, 32, 26, 8
MM, 37, 24, 7
MM, 43, 22, 9
MM, 4, 21, 16
MM, 9, 20, 7
MM, 17, 19, 9
MM, 25, 16, 8
MM, 31, 15, 8
MM, 34, 15, 8
MM, 39, 14, 8
MM, 41, 14, 8
MM, 43, 12, 8
MM, 44, 12, 8
MM, 46, 12, 8
MM, 0, 8, 16
MM, 3, 7, 7
MM, 10, 4, 9
MM, 19, 2, 7
MM, 23, 1, 9
MM, 26, 0, 8
MM, 12, 28, 40
MM, 21, 27, 7
MM, 32, 22, 9
MM, 43, 20, 8
MM, 3, 18, 7
MM, 5, 18, 8
MM, 6, 18, 9
MM, 7, 18, 48
MM, 7, 17, 7
MM, 8, 17, 8
MM, 12, 17, 9
MM, 18, 17, 8
MM, 23, 17, 8
MM, 27, 17, 8
MM, 30, 17, 8
MM, 31, 17, 8
MM, 34, 17, 47
MM, 2, 17, 10
MM, 14, 17, 6
MM, 28, 17, 8
MM, 2, 17, 9
MM, 18, 17, 7
MM, 32, 17, 9
MM, 34, 13, 507
MM, 31, 13, 23
MM, 30, 13, 81
MM, 27, 13, 16
MM, 24, 14, 29
MM, 22, 14, 115
MM, 3, 20, 31
MM, 4, 20, 489
MM, 5, 18, 56
MM, 11, 13, 23
MM, 14, 11, 14
MM, 15, 11, 8
MC, 1, 376
MM, 16, 12, 114
MM, 16, 14, 24
MM, 16, 17, 15
MM, 16, 24, 22
MM, 16, 26, 18
MM, 16, 27, 7
MM, 16, 28, 16
MM, 16, 29, 16
MM, 16, 30, 8
MM, 16, 31, 16
MM, 36, 2, 64
MM, 36, 5, 6
MM, 37, 8, 10
MM, 37, 10, 6
MM, 37, 13, 9
MM, 37, 15, 9
MM, 37, 16, 7
MM, 37, 17, 17
MM, 37, 19, 16
MM, 37, 20, 16
MM, 37, 22, 9
MC, 1, 383
MM, 36, 22, 32
MM, 35, 22, 16
MM, 34, 22, 8
MM, 31, 20, 7
MM, 29, 18, 9
MM, 26, 17, 9
MM, 23, 15, 7
MM, 19, 13, 8
MM, 15, 12, 9
MM, 11, 11, 6
MM, 6, 9, 10
MM, 0, 7, 7
MM, 37, 5, 16
MM, 28, 5, 7
MM, 18, 5, 8
MM, 5, 5, 9
MM, 36, 5, 8
MM, 12, 5, 7
MM, 38, 8, 9
MM, 13, 11, 7
MM, 37, 16, 8
MM, 3, 20, 8
MM, 24, 24, 9
MM, 9, 0, 32
MM, 4, 0, 7
MM, 3, 0, 8
MM, 2, 0, 49
MM, 40, 0, 16
MM, 29, 0, 7
MM, 16, 0, 8
MM, 12, 31, 41
MM, 10, 31, 8
MM, 9, 30, 219
MM, 10, 30, 265
MM, 10, 29, 61
MM, 11, 28, 89
MM, 11, 27, 16
MM, 12, 26, 64
MC, 1, 126
MM, 13, 25, 162
MM, 14, 25, 16
MM, 17, 24, 22
MM, 24, 23, 16
MM, 28, 22, 7
MM, 32, 22, 7
MM, 39, 21, 8
MM, 3, 18, 19
MM, 8, 16, 6
MM, 10, 16, 8
MM, 15, 15, 8
MM, 16, 14, 8
MM, 17, 14, 68
MM, 20, 13, 21
MM, 22, 13, 16
MM, 23, 12, 16
MM, 27, 9, 16
MM, 31, 8, 16
MM, 37, 5, 24
MM, 40, 4, 7
MM, 0, 18, 595
MM, 10, 18, 15
MM, 13, 17, 16
MM, 14, 17, 66
MM, 21, 15, 23
MM, 26, 15, 24
MM, 26, 15, 368
MM, 19, 17, 24
MM, 12, 19, 14
MM, 4, 22, 16
MM, 28, 6, 88
MM, 26, 19, 8
MM, 21, 1, 7
MM, 20, 27, 16
MM, 110, 0, 8
MM, 109, 10, 8
MM, 109, 14, 9
MM, 109, 15, 8
MM, 109, 17, 8
MM, 109, 18, 67
MM, 109, 25, 23
MM, 109, 31, 23
MM, 109, 32, 16
MM, 109, 34, 7
MM, 109, 36, 6
MM, 109, 39, 8
MM, 112, 40, 243
MM, 112, 38, 16
MM, 112, 35, 15
MM, 113, 31, 8
MM, 113, 28, 8
MM, 113, 26, 7
MM, 113, 25, 17
MM, 113, 24, 16
MM, 114, 22, 311
MM, 113, 22, 9
MM, 111, 20, 6
MM, 111, 19, 10
MM, 107, 17, 7
MM, 105, 14, 9
MM, 96, 10, 7
MM, 88, 6, 9
MM, 32, 29, 48
MM, 27, 29, 7
MM, 23, 29, 9
MM, 22, 28, 8
MM, 21, 28, 15
MM, 19, 27, 49
MM, 16, 25, 8
MM, 6, 20, 16
MM, 43, 13, 16
MM, 25, 5, 24
MM, 24, 4, 8
MM, 23, 4, 65
MM, 23, 3, 7
MM, 23, 2, 16
MM, 23, 0, 25
MM, 22, 31, 56
MM, 21, 29, 15
MM, 19, 28, 8
MM, 19, 27, 83
MM, 19, 26, 94
MM, 19, 25, 16
MM, 19, 21, 23
MM, 19, 19, 122
MM, 19, 18, 16
MC, 1, 222
MM, 19, 17, 24
MM, 19, 15, 7
MM, 19, 14, 25
MM, 19, 12, 8
MM, 20, 10, 8
MM, 20, 8, 7
MM, 21, 6, 7
MM, 25, 2, 10
MC, 1, 487
MM, 5, 1, 178
MM, 12, 6, 16
MM, 18, 9, 24
MM, 21, 10, 16
MM, 23, 11, 16
MM, 32, 15, 15
MM, 42, 18, 8
MM, 3, 20, 7
MM, 11, 23, 8
MM, 21, 25, 7
MM, 29, 29, 9
MM, 32, 29, 9
MM, 33, 29, 8
MM, 34, 30, 75
MM, 14, 0, 111
MM, 0, 12, 47
MM, 0, 13, 88
MM, 0, 14, 17
MM, 0, 19, 31
MM, 1, 21, 7
MM, 41, 20, 124
MM, 39, 20, 13
MM, 38, 20, 63
MM, 37, 20, 67
MC, 1, 181
MM, 35, 19, 15
MM, 34, 18, 9
MM, 31, 17, 8
MM, 30, 16, 8
MM, 29, 16, 7
MM, 28, 15, 9
MM, 25, 13, 7
MM, 24, 12, 7
MM, 19, 8, 10
MM, 14, 5, 8
MM, 8, 2, 8
MM, 40, 29, 24
MM, 35, 27, 7
MM, 32, 25, 9
MM, 31, 24, 7
MM, 29, 23, 8
MM, 29, 22, 8
MM, 28, 22, 9
MM, 27, 21, 16
MM, 26, 21, 16
MM, 25, 20, 8
MM, 25, 19, 7
MM, 22, 18, 9
MM, 19, 16, 8
MM, 18, 15, 8
MM, 15, 13, 8
MM, 13, 11, 8
MM, 11, 9, 7
MM, 10, 7, 8
MM, 6, 5, 9
MM, 5, 3, 8
MM, 3, 1, 8
MM, 0, 0, 9
MC, 1, 830
MC, 1, 961
MM, 40, 4, 169
MM, 1, 10, 56
MM, 3, 12, 17
MM, 9, 16, 13
MM, 16, 20, 7
MM, 25, 26, 9
MM, 34, 30, 8
MM, 1, 0, 17
MM, 7, 2, 7
MM, 9, 3, 9
MM, 10, 4, 8
MM, 11, 4, 16
MM, 13, 4, 67
MM, 14, 4, 24
MM, 16, 4, 13
MM, 17, 4, 17
MM, 19, 4, 7
MM, 22, 4, 7
MM, 27, 4, 8
MM, 39, 5, 8
MM, 1, 7, 7
MM, 12, 8, 10
MM, 25, 9, 7
MM, 32, 10, 9
MM, 36, 10, 7
MM, 39, 10, 9
MM, 42, 10, 67
MM, 5, 9, 23
MM, 13, 9, 21
MM, 13, 8, 9
MM, 11, 8, 123
MM, 6, 8, 23
MM, 4, 8, 8
MM, 3, 8, 62
MM, 1, 8, 19
MM, 43, 9, 96
MM, 25, 13, 24
MM, 43, 26, 22
MM, 34, 30, 14
MM, 33, 31, 9
MM, 34, 31, 185
MM, 36, 30, 9
MM, 37, 28, 16
MM, 39, 28, 21
MM, 40, 28, 17
MM, 41, 27, 6
MM, 43, 26, 50
MM, 43, 25, 16
MM, 1, 22, 48
MM, 2, 21, 16
MM, 3, 21, 7
MM, 4, 20, 8
MM, 6, 19, 17
MM, 7, 19, 16
MM, 9, 19, 6
MM, 10, 18, 10
MM, 11, 18, 6
MM, 12, 17, 10
MM, 13, 17, 40
MM, 14, 17, 246
MM, 13, 17, 8
MM, 13, 16, 25
MM, 11, 16, 7
MM, 7, 15, 9
MM, 5, 15, 8
MM, 37, 15, 16
MM, 22, 15, 8
MM, 4, 15, 8
MM, 32, 15, 8
MM, 19, 15, 8
MM, 3, 15, 16
MM, 0, 15, 8
MM, 40, 8, 135
MM, 34, 8, 8
MM, 31, 7, 8
MM, 30, 7, 8
MC, 1, 329
MM, 28, 5, 48
MM, 27, 3, 16
MM, 20, 26, 24
MM, 13, 14, 8
MM, 5, 3, 8
MC, 1, 1377
MM, 23, 0, 169
MM, 23, 12, 16
MM, 23, 24, 7
MM, 23, 7, 7
MM, 20, 0, 8
MM, 105, 40, 617
MM, 105, 38, 7
MM, 105, 36, 8
MM, 105, 35, 16
MM, 105, 33, 58
MM, 112, 22, 16
MM, 119, 11, 14
MM, 122, 8, 8
MM, 123, 3, 8
MM, 125, 1, 9
MM, 125, 0, 16
MM, 124, 0, 107
MM, 121, 4, 14
MM, 121, 5, 15
MM, 121, 6, 65
MM, 121, 7, 426
MM, 121, 8, 31
MM, 121, 9, 22
MM, 121, 11, 16
MM, 122, 13, 17
MM, 123, 15, 6
MM, 124, 17, 17
MM, 125, 18, 43
MM, 126, 21, 23
MM, 128, 24, 25
MM, 128, 25, 46
MM, 128, 26, 32
MM, 129, 26, 7
MM, 129, 28, 200
MM, 128, 28, 8
MM, 127, 26, 16
MM, 126, 23, 7
MM, 124, 21, 9
MM, 123, 20, 8
MM, 122, 18, 8
MM, 121, 17, 8
MM, 120, 16, 8
MM, 119, 16, 8
MM, 119, 15, 8
MM, 117, 13, 8
MM, 116, 12, 7
MM, 113, 7, 9
MM, 110, 4, 7
MM, 7, 31, 17
MM, 0, 25, 7
MM, 43, 19, 9
MM, 35, 12, 7
MM, 32, 10, 9
MM, 29, 8, 7
MM, 29, 6, 83
MM, 29, 5, 39
MM, 29, 2, 16
MM, 29, 0, 8
MM, 29, 30, 24
MM, 29, 25, 6
MM, 29, 17, 17
MM, 29, 13, 7
MM, 29, 10, 7
MM, 29, 9, 8
MM, 29, 7, 17
MM, 29, 6, 9
MM, 29, 4, 16
MM, 29, 3, 8
MM, 29, 2, 16
MM, 28, 0, 235
MC, 1, 708
MM, 2, 29, 248
MM, 4, 30, 15
MM, 5, 31, 16
MM, 0, 2, 130
MM, 1, 3, 7
MM, 3, 6, 17
MM, 4, 7, 154
MM, 5, 7, 33
MM, 7, 8, 23
MM, 8, 9, 8
MM, 10, 9, 30
MM, 10, 10, 16
MM, 12, 11, 31
MM, 12, 12, 7
MM, 13, 12, 10
MM, 14, 12, 8
MM, 15, 13, 9
MM, 16, 14, 23
MM, 16, 15, 58
MM, 17, 15, 8
MC, 1, 93
MM, 15, 15, 50
MM, 11, 15, 6
MM, 5, 15, 8
MM, 42, 13, 16
MM, 28, 12, 18
MM, 22, 12, 6
MM, 15, 12, 8
MM, 8, 12, 8
MM, 3, 12, 8
MM, 42, 14, 24
MM, 41, 15, 8
MM, 38, 15, 9
MM, 36, 15, 8
MM, 33, 17, 7
MM, 31, 17, 8
MM, 30, 17, 8
MM, 28, 17, 9
MM, 26, 17, 8
MM, 23, 17, 7
MM, 21, 17, 9
MM, 19, 17, 8
MM, 15, 16, 7
MM, 12, 15, 8
MM, 9, 15, 9
MM, 7, 14, 8
MM, 5, 14, 8
MM, 2, 14, 8
MM, 0, 13, 8
MM, 38, 13, 15
MM, 28, 13, 8
MM, 23, 13, 9
MM, 18, 13, 8
MM, 15, 13, 7
MM, 14, 13, 9
MM, 13, 13, 67
MM, 10, 13, 23
MM, 6, 13, 24
MM, 43, 13, 39
MM, 21, 11, 15
MM, 7, 10, 7
MM, 42, 8, 8
MM, 28, 6, 8
MM, 16, 6, 7
MM, 12, 6, 8
MM, 10, 6, 9
MM, 10, 7, 115
MM, 10, 9, 8
MM, 11, 10, 22
MM, 12, 11, 8
MM, 12, 12, 73
MM, 15, 14, 6
MM, 16, 14, 8
MM, 17, 15, 8
MM, 19, 15, 7
MM, 19, 16, 18
MC, 1, 191
MM, 22, 16, 66
MM, 26, 16, 16
MM, 30, 16, 24
MM, 35, 16, 15
MM, 36, 16, 7
MM, 39, 16, 8
MM, 2, 15, 33
MM, 4, 15, 7
MM, 6, 13, 8
MM, 11, 12, 16
MM, 16, 11, 8
MM, 23, 9, 8
MM, 34, 6, 8
MM, 1, 4, 9
MM, 12, 3, 7
MM, 23, 2, 9
MM, 26, 2, 7
MM, 28, 1, 8
MM, 29, 1, 57
MM, 30, 1, 16
MM, 30, 0, 24
MC, 1, 584
MM, 24, 0, 337
MM, 25, 0, 16
MM, 27, 2, 23
MM, 27, 3, 7
MM, 27, 6, 8
MM, 28, 9, 8
MM, 29, 19, 7
MM, 29, 24, 10
MM, 31, 5, 15
MM, 31, 12, 8
MM, 31, 20, 9
MM, 31, 25, 8
MM, 31, 28, 8
MM, 31, 30, 8
MM, 121, 0, 80
MM, 121, 2, 7
MM, 121, 3, 9
MM, 121, 4, 8
MM, 121, 7, 7
MM, 120, 8, 9
MM, 120, 9, 8
MM, 120, 10, 16
MM, 120, 12, 7
MM, 120, 13, 9
MM, 120, 14, 8
MM, 118, 16, 7
MM, 118, 18, 17
MM, 118, 19, 419
MC, 1, 164
MM, 118, 17, 195
MM, 121, 13, 14
MM, 123, 9, 16
MM, 127, 4, 15
MM, 128, 0, 8
MM, 43, 28, 33
MM, 2, 15, 15
MM, 9, 8, 8
MM, 16, 1, 9
MM, 25, 29, 23
MM, 27, 28, 8
MM, 27, 27, 9
MM, 28, 27, 7
MM, 29, 25, 8
MM, 31, 22, 8
MM, 32, 20, 8
MM, 34, 17, 9
MM, 36, 14, 8
MM, 38, 12, 8
MM, 40, 10, 8
MM, 41, 8, 7
MM, 42, 6, 25
MM, 0, 1, 129
MM, 1, 0, 17
MM, 2, 0, 15
MM, 34, 31, 298
MM, 34, 30, 31
MM, 35, 29, 23
MM, 38, 25, 16
MM, 41, 23, 8
MM, 0, 17, 22
MM, 1, 17, 8
MM, 2, 16, 42
MM, 3, 15, 90
MM, 4, 15, 24
MM, 6, 15, 77
MM, 8, 14, 8
MM, 14, 13, 15
MM, 16, 12, 8
MM, 17, 12, 116
MC, 1, 133
MM, 14, 12, 64
MM, 10, 12, 8
MM, 2, 12, 16
MM, 42, 13, 16
MM, 28, 14, 16
MM, 3, 19, 24
MM, 33, 24, 16
MM, 22, 27, 7
MM, 13, 30, 9
MM, 39, 0, 128
MM, 29, 4, 26
MM, 28, 4, 6
MM, 27, 4, 40
MM, 24, 5, 7
MM, 21, 7, 10
MM, 19, 7, 6
MM, 18, 8, 10
MM, 15, 9, 6
MM, 13, 9, 16
MM, 11, 10, 9
MM, 9, 11, 8
MM, 8, 11, 16
MM, 7, 11, 7
MM, 6, 11, 17
MM, 5, 11, 7
MM, 4, 11, 9
MM, 3, 11, 7
MM, 2, 11, 9
MM, 0, 11, 7
MM, 42, 11, 65
MM, 36, 12, 7
MM, 27, 12, 9
MM, 14, 12, 8
MM, 40, 12, 16
MM, 29, 12, 6
MM, 22, 12, 10
MM, 18, 12, 8
MM, 17, 15, 354
MM, 28, 28, 24
MM, 10, 28, 23
MM, 18, 13, 16
MM, 34, 34, 15
MM, 65, 40, 121
MM, 67, 39, 7
MM, 68, 39, 15
MM, 69, 39, 8
MM, 69, 38, 8
MM, 69, 37, 57
MM, 70, 37, 32
MM, 70, 36, 106
MC, 1, 62
MM, 71, 36, 55
MM, 71, 35, 9
MM, 71, 33, 8
MM, 71, 30, 15
MM, 71, 28, 16
MM, 71, 27, 17
MM, 71, 25, 16
MM, 71, 23, 15
MM, 71, 22, 9
MM, 72, 20, 7
MM, 73, 18, 8
MM, 75, 15, 9
MM, 76, 9, 8
MM, 77, 4, 7
MM, 80, 0, 8
MM, 2, 30, 202
MM, 2, 29, 7
MM, 2, 27, 16
MM, 2, 24, 15
MM, 2, 22, 7
MM, 2, 20, 9
MM, 2, 19, 9
MM, 2, 15, 7
MM, 2, 12, 9
MM, 2, 10, 16
MM, 2, 9, 7
MM, 3, 7, 9
MM, 4, 5, 7
MM, 6, 2, 8
MM, 7, 0, 8
MC, 1, 536
MM, 4, 13, 154
MM, 30, 9, 22
MM, 38, 8, 8
MM, 43, 7, 8
MM, 4, 7, 65
MM, 11, 7, 7
MM, 26, 4, 17
MM, 30, 4, 7
MM, 33, 4, 9
MM, 34, 4, 15
MM, 35, 4, 9
MM, 36, 3, 7
MM, 38, 3, 8
MM, 11, 0, 17
MM, 16, 4, 289
MM, 33, 16, 15
MM, 22, 23, 8
MM, 32, 0, 24
MM, 31, 2, 7
MM, 31, 3, 66
MM, 31, 4, 47
MM, 34, 4, 16
MM, 36, 4, 7
MM, 39, 4, 9
MM, 43, 4, 7
MM, 1, 3, 25
MM, 3, 2, 7
MM, 4, 1, 17
MM, 5, 1, 7
MM, 5, 0, 9
MM, 0, 28, 139
MM, 5, 25, 32
MM, 12, 21, 22
MM, 14, 19, 14
MC, 1, 297
MM, 11, 20, 75
MM, 10, 9, 39
MM, 35, 7, 23
MM, 22, 23, 16
MM, 14, 31, 15
MM, 195, 0, 232
MM, 187, 3, 16
MM, 177, 7, 16
MM, 171, 11, 8
MM, 160, 16, 16
MM, 158, 16, 16
MM, 158, 17, 40
MC, 1, 208
MM, 157, 17, 57
MM, 157, 16, 7
MM, 154, 13, 16
MM, 153, 10, 17
MM, 150, 6, 15
MM, 144, 0, 16
MM, 42, 28, 129
MM, 39, 25, 16
MM, 36, 21, 15
MM, 35, 21, 9
MM, 34, 20, 15
MM, 32, 18, 16
MM, 31, 16, 16
MC, 1, 240
MM, 30, 15, 40
MM, 29, 14, 16
MM, 28, 13, 8
MM, 27, 12, 8
MM, 24, 8, 8
MM, 19, 3, 8
MM, 5, 30, 16
MM, 43, 23, 7
MM, 25, 14, 8
MM, 14, 7, 9
MM, 0, 3, 7
MM, 40, 0, 9
MC, 1, 943
MM, 30, 3, 156
MM, 36, 1, 37
MM, 37, 6, 15
MM, 39, 9, 8
MM, 39, 12, 8
MM, 41, 15, 8
MM, 41, 19, 8
MM, 42, 22, 8
MM, 41, 2, 48
MM, 41, 5, 9
MM, 41, 7, 8
MM, 42, 9, 8
MM, 43, 11, 8
MM, 44, 13, 8
MM, 47, 18, 8
MM, 51, 24, 8
MM, 55, 29, 7
MM, 61, 35, 9
MM, 66, 41, 7
MM, 89, 41, 354
MM, 90, 39, 16
MM, 90, 38, 16
MM, 90, 37, 7
MM, 90, 35, 16
MM, 91, 35, 99
MM, 91, 33, 24
MM, 91, 28, 22
MM, 91, 26, 16
MM, 91, 25, 7
MC, 1, 231
MM, 91, 23, 48
MM, 91, 20, 8
MM, 91, 17, 7
MM, 91, 12, 10
MM, 86, 4, 8
MM, 41, 31, 16
MM, 39, 24, 8
MM, 35, 17, 8
MM, 34, 10, 7
MM, 34, 4, 8
MM, 34, 0, 8
MM, 33, 31, 9
MM, 32, 27, 7
MM, 31, 22, 8
MM, 31, 18, 8
MM, 30, 15, 8
MM, 27, 11, 8
MM, 27, 9, 8
MM, 27, 6, 9
MM, 26, 6, 8
MM, 26, 5, 16
MM, 26, 2, 24
MC, 1, 968
MM, 0, 9, 175
MM, 2, 9, 31
MM, 3, 9, 8
MM, 4, 9, 10
MM, 5, 9, 7
MM, 6, 9, 8
MM, 7, 9, 116
MM, 8, 9, 23
MM, 11, 11, 223
MM, 29, 19, 16
MM, 40, 23, 7
MM, 4, 26, 16
MM, 11, 29, 7
MM, 19, 30, 8
MM, 23, 30, 7
MM, 24, 30, 8
MM, 25, 30, 93
MM, 29, 30, 23
MM, 38, 28, 23
MM, 39, 28, 8
MM, 40, 28, 16
MM, 42, 28, 14
MM, 1, 25, 25
MM, 7, 24, 8
MM, 14, 21, 8
MM, 23, 20, 7
MM, 30, 18, 10
MM, 1, 15, 15
MM, 2, 14, 7
MM, 4, 14, 9
MM, 5, 13, 218
MM, 12, 10, 24
MM, 31, 5, 22
MM, 2, 5, 80
MM, 6, 5, 7
MM, 10, 5, 8
MM, 14, 5, 8
MM, 20, 5, 8
MM, 23, 5, 8
MM, 24, 5, 231
MM, 23, 7, 56
MM, 22, 8, 48
MM, 22, 9, 25
MM, 22, 11, 32
MM, 22, 12, 16
MM, 22, 14, 32
MC, 1, 97
MM, 21, 14, 56
MM, 19, 14, 24
MM, 16, 14, 8
MM, 12, 14, 8
MM, 7, 11, 8
MM, 2, 10, 7
MM, 34, 10, 8
MM, 27, 9, 8
MM, 18, 9, 8
MM, 6, 9, 9
MM, 35, 9, 8
MM, 18, 9, 7
MM, 41, 9, 9
MM, 19, 9, 6
MM, 37, 9, 9
MM, 7, 9, 7
MC, 1, 994
MM, 22, 0, 139
MM, 23, 3, 14
MM, 23, 5, 35
MM, 23, 6, 12
MM, 26, 9, 16
MM, 26, 10, 16
MM, 27, 11, 16
MM, 27, 13, 31
MM, 28, 14, 9
MM, 29, 15, 7
MC, 1, 233
MM, 30, 17, 211
MM, 8, 13, 30
MM, 17, 25, 16
MM, 19, 29, 14
MM, 20, 31, 9
MM, 61, 0, 48
MM, 61, 1, 7
MM, 61, 3, 9
MM, 61, 4, 8
MM, 62, 6, 8
MM, 64, 8, 7
MM, 64, 10, 8
MM, 64, 11, 8
MM, 64, 12, 9
MM, 64, 14, 49
MM, 67, 20, 16
MM, 73, 35, 24
MM, 74, 37, 8
MM, 75, 38, 193
MM, 76, 38, 25
MM, 77, 37, 304
MM, 77, 36, 33
MM, 77, 35, 255
MM, 77, 34, 52
MC, 1, 224
MM, 77, 31, 17
MM, 77, 27, 7
MM, 77, 26, 24
MM, 77, 25, 34
MM, 77, 24, 16
MM, 77, 23, 7
MM, 77, 21, 7
MM, 77, 20, 9
MM, 77, 17, 8
MM, 77, 16, 7
MM, 77, 13, 7
MM, 77, 10, 8
MM, 80, 5, 10
MM, 83, 0, 8
MM, 0, 30, 15
MM, 1, 29, 9
MM, 3, 26, 8
MM, 8, 21, 8
MM, 18, 15, 8
MM, 32, 4, 8
MM, 4, 25, 24
MM, 8, 21, 7
MM, 11, 19, 8
MM, 14, 18, 9
MM, 15, 15, 7
MM, 18, 13, 8
MM, 18, 12, 8
MM, 20, 9, 9
MM, 22, 4, 8
MM, 24, 2, 7
MM, 26, 0, 8
MM, 43, 31, 16
MM, 0, 25, 16
MM, 3, 22, 8
MM, 6, 20, 8
MM, 8, 18, 8
MM, 9, 17, 8
MM, 10, 17, 9
MM, 10, 16, 8
MM, 10, 15, 8
MM, 11, 15, 107
MM, 11, 16, 15
MM, 11, 17, 15
MM, 12, 17, 106
MM, 11, 18, 317
MM, 9, 18, 7
MM, 8, 18, 16
MM, 3, 16, 63
MM, 18, 2, 57
MM, 12, 5, 8
MM, 11, 5, 8
MM, 9, 6, 9
MM, 8, 7, 74
MM, 5, 9, 24
MM, 4, 10, 14
MM, 3, 10, 106
MM, 39, 14, 176
MM, 27, 17, 24
MM, 28, 17, 376
MM, 37, 15, 24
MM, 43, 13, 5
MM, 2, 11, 16
MM, 16, 8, 17
MM, 26, 7, 8
MM, 5, 20, 47
MM, 8, 19, 9
MM, 9, 19, 40
MM, 10, 19, 7
MM, 12, 18, 9
MM, 16, 15, 8
MM, 26, 12, 15
MM, 29, 10, 8
MM, 38, 6, 16
MM, 39, 6, 17
MM, 40, 5, 24
MM, 42, 5, 15
MM, 4, 4, 24
MM, 9, 4, 8
MM, 16, 4, 10
MM, 20, 4, 6
MM, 24, 4, 8
MM, 25, 4, 9
MM, 26, 4, 7
MM, 27, 4, 9
MM, 28, 4, 32
MM, 31, 4, 8
MM, 37, 4, 8
MM, 42, 4, 8
MM, 1, 4, 16
MM, 3, 4, 7
MM, 3, 5, 48
MM, 5, 6, 8
MM, 7, 7, 10
MM, 17, 12, 16
MM, 30, 13, 15
MM, 31, 15, 8
MM, 32, 15, 8
MM, 31, 15, 227
MM, 30, 15, 7
MC, 1, 174
MM, 28, 15, 16
MM, 26, 16, 7
MM, 25, 16, 7
MM, 24, 16, 24
MM, 23, 16, 8
MM, 22, 16, 8
MM, 20, 17, 9
MM, 17, 19, 8
MM, 14, 21, 9
MM, 9, 25, 6
MM, 5, 28, 10
MM, 33, 1, 16
MM, 28, 9, 7
MM, 22, 15, 8
MM, 15, 24, 8
MM, 10, 29, 9
MM, 3, 2, 24
MM, 3, 3, 16
MM, 1, 3, 40
MM, 0, 5, 7
MM, 43, 9, 452
MM, 42, 10, 40
MM, 41, 10, 22
MM, 41, 11, 15
MM, 40, 11, 7
MM, 39, 11, 33
MM, 38, 11, 23
MM, 37, 11, 17
MM, 37, 12, 7
MM, 36, 12, 25
MC, 1, 200
MM, 34, 12, 97
MM, 32, 12, 15
MM, 28, 12, 15
MM, 24, 10, 7
MM, 12, 5, 16
MM, 7, 2, 8
MM, 4, 0, 8
MM, 37, 31, 66
MM, 36, 29, 7
MM, 35, 29, 16
MM, 33, 29, 24
MM, 32, 28, 7
MM, 31, 28, 8
MM, 30, 27, 8
MM, 30, 26, 26
MM, 28, 24, 6
MM, 20, 20, 9
MM, 12, 17, 7
MM, 8, 14, 8
MM, 6, 14, 9
MM, 5, 14, 7
MC, 1, 298
MM, 5, 15, 122
MM, 5, 21, 30
MM, 88, 8, 25
MM, 87, 12, 15
MM, 87, 14, 16
MM, 87, 21, 32
MM, 88, 24, 7
MM, 90, 28, 8
MM, 92, 32, 15
MM, 92, 33, 9
MM, 93, 34, 9
MM, 93, 36, 7
MM, 94, 36, 25
MM, 94, 37, 32
MM, 94, 38, 8
MM, 94, 39, 17
MM, 95, 39, 32
MC, 1, 279
MM, 95, 37, 107
MM, 95, 33, 23
MM, 95, 31, 49
MM, 95, 30, 5
MM, 96, 28, 24
MM, 97, 25, 7
MM, 99, 21, 16
MM, 99, 19, 17
MM, 99, 17, 7
MM, 99, 16, 9
MM, 100, 13, 7
MM, 101, 11, 9
MM, 101, 8, 7
MM, 101, 5, 8
MM, 101, 2, 8
MM, 101, 0, 7
MM, 7, 30, 26
MM, 4, 26, 7
MM, 1, 24, 8
MM, 43, 19, 113
MM, 42, 19, 90
MM, 41, 18, 177
MM, 39, 17, 15
MM, 37, 16, 79
MM, 36, 16, 7
MM, 35, 15, 18
MC, 1, 213
MM, 36, 12, 124
MM, 25, 22, 39
MM, 4, 4, 22
MM, 28, 31, 89
MM, 34, 26, 14
MM, 41, 21, 16
MM, 1, 12, 20
MM, 9, 6, 13
MM, 13, 2, 16
MM, 16, 1, 16
MM, 18, 0, 7
MM, 20, 0, 15
MM, 40, 2, 212
MM, 25, 12, 42
MM, 26, 12, 127
MM, 26, 13, 24
MM, 27, 14, 13
MC, 1, 207
MM, 27, 15, 24
MM, 26, 15, 8
MM, 24, 15, 7
MM, 22, 15, 9
MM, 20, 15, 8
MM, 18, 15, 8
MM, 15, 15, 9
MM, 12, 15, 6
MM, 7, 15, 9
MM, 1, 14, 8
MM, 42, 14, 9
MM, 35, 14, 8
MM, 29, 14, 7
MM, 23, 14, 7
MM, 18, 14, 10
MM, 8, 14, 7
MM, 37, 14, 17
MM, 25, 16, 7
MM, 13, 17, 9
MM, 5, 19, 6
MC, 1, 682
MC, 1, 519
MM, 5, 19, 147
MM, 19, 19, 15
MM, 21, 19, 15
MM, 23, 19, 40
MM, 27, 19, 7
MM, 36, 18, 8
MM, 9, 16, 17
MM, 19, 16, 7
MM, 29, 14, 8
MM, 33, 13, 9
MM, 34, 13, 24
MC, 1, 336
MM, 32, 14, 16
MM, 27, 14, 7
MM, 25, 14, 8
MM, 23, 14, 8
MM, 22, 14, 7
MM, 20, 14, 8
MM, 17, 14, 8
MM, 12, 14, 10
MM, 4, 14, 8
MM, 36, 13, 16
MM, 24, 13, 8
MM, 10, 13, 6
MM, 38, 4, 236
MM, 25, 8, 23
MM, 23, 9, 14
MM, 18, 10, 48
MM, 9, 14, 8
MM, 27, 22, 17
MM, 17, 26, 7
MM, 6, 29, 7
MM, 3, 30, 9
MM, 2, 30, 123
MM, 1, 29, 16
MM, 0, 28, 79
MM, 40, 22, 42
MM, 32, 18, 22
MM, 31, 18, 7
MC, 1, 271
MM, 33, 18, 90
MM, 41, 19, 15
MM, 2, 20, 16
MM, 12, 24, 7
MM, 22, 26, 8
MM, 11, 1, 97
MM, 22, 1, 7
MM, 32, 1, 8
MM, 43, 1, 8
MM, 3, 1, 9
MM, 17, 1, 14
MM, 21, 1, 8
MM, 22, 1, 8
MM, 25, 1, 8
MM, 28, 1, 9
MM, 29, 1, 7
MM, 30, 1, 9
MM, 31, 1, 7
MM, 34, 0, 9
MM, 36, 0, 9
MM, 39, 0, 6
MM, 10, 31, 82
MM, 13, 29, 7
MM, 15, 29, 8
MM, 18, 29, 7
MM, 21, 28, 9
MM, 24, 27, 7
MM, 28, 25, 8
MM, 32, 24, 9
MM, 33, 24, 7
MM, 35, 24, 9
MM, 35, 23, 25
MM, 36, 23, 23
MM, 38, 22, 7
MM, 39, 21, 8
MM, 41, 20, 9
MM, 43, 20, 8
MM, 2, 15, 49
MM, 8, 13, 6
MM, 14, 10, 9
MM, 24, 8, 9
MM, 33, 6, 7
MM, 43, 3, 7
MM, 2, 2, 18
MM, 3, 2, 7
MM, 5, 2, 57
MM, 9, 1, 8
MM, 28, 0, 267
MM, 28, 1, 32
MM, 28, 2, 37
MM, 26, 9, 32
MM, 25, 10, 16
MM, 24, 12, 24
MM, 24, 13, 123
MM, 24, 14, 7
MM, 24, 15, 40
MC, 1, 93
MM, 23, 16, 80
MM, 21, 16, 16
MM, 16, 16, 7
MM, 8, 16, 8
MM, 0, 17, 10
MM, 43, 19, 7
MM, 37, 21, 8
MM, 28, 25, 7
MM, 17, 31, 9
MM, 4, 1, 17
MM, 37, 14, 16
MM, 30, 19, 7
MM, 22, 25, 8
MM, 16, 31, 8
MM, 190, 3, 16
MM, 184, 6, 7
MM, 181, 8, 9
MM, 176, 11, 9
MM, 174, 12, 15
MM, 172, 14, 7
MM, 170, 15, 26
MM, 169, 17, 32
MM, 167, 18, 32
MM, 167, 19, 16
MM, 167, 20, 15
MM, 166, 20, 25
MM, 166, 22, 7
MM, 166, 23, 8
MM, 164, 24, 17
MM, 164, 25, 66
MC, 1, 174
MM, 164, 22, 65
MM, 164, 16, 16
MM, 165, 12, 15
MM, 166, 9, 16
MM, 167, 7, 15
MM, 168, 4, 7
MM, 169, 3, 9
MM, 172, 0, 7
MM, 41, 29, 34
MM, 42, 27, 7
MM, 1, 11, 57
MM, 2, 10, 7
MM, 6, 8, 8
MM, 8, 8, 7
MM, 9, 6, 8
MM, 11, 6, 61
MM, 32, 0, 31
MM, 43, 31, 102
MM, 43, 30, 33
MM, 0, 25, 88
MM, 2, 20, 15
MM, 3, 18, 16
MM, 6, 16, 15
MM, 7, 14, 8
MM, 9, 12, 8
MM, 10, 11, 7
MC, 1, 249
MM, 10, 10, 75
MM, 33, 2, 32
MC, 1, 709
MM, 1, 17, 820
MM, 2, 17, 45
MM, 6, 17, 15
MM, 12, 17, 16
MM, 13, 17, 9
MM, 16, 17, 7
MC, 1, 224
MM, 17, 17, 187
MM, 13, 23, 38
MM, 12, 26, 15
MM, 11, 28, 8
MM, 45, 2, 33
MM, 44, 10, 16
MM, 43, 13, 7
MM, 43, 18, 16
MM, 41, 22, 16
MM, 41, 23, 8
MM, 41, 24, 8
MM, 41, 25, 17
MM, 41, 26, 7
MM, 40, 27, 8
MM, 40, 30, 17
MM, 40, 31, 6
MM, 37, 1, 18
MM, 37, 4, 7
MM, 37, 7, 7
MM, 37, 9, 9
MM, 37, 11, 16
MM, 36, 12, 7
MM, 35, 13, 17
MM, 35, 14, 7
MM, 34, 14, 125
MM, 33, 14, 120
MM, 31, 14, 23
MM, 31, 12, 81
MM, 0, 26, 46
MM, 40, 3, 81
MM, 12, 30, 86
MM, 11, 30, 8
MM, 8, 26, 25
MM, 7, 25, 14
MM, 4, 22, 9
MM, 3, 22, 8
MM, 3, 21, 8
MM, 2, 20, 7
MM, 2, 19, 108
MM, 3, 19, 127
MM, 4, 19, 32
MM, 8, 19, 29
MM, 9, 19, 17
MC, 1, 216
MM, 7, 17, 68
MM, 2, 17, 39
MM, 19, 27, 29
MM, 27, 9, 24
MM, 17, 17, 16
MM, 1, 20, 15
MM, 0, 20, 8
MM, 42, 21, 300
MM, 37, 22, 31
MC, 1, 406
MM, 38, 22, 139
MM, 3, 24, 38
MM, 13, 25, 15
MM, 18, 26, 15
MM, 19, 26, 8
MM, 20, 26, 41
MM, 21, 27, 16
MM, 24, 27, 7
MM, 28, 28, 7
MM, 31, 29, 18
MM, 32, 29, 7
MM, 35, 29, 8
MM, 36, 29, 25
MM, 38, 29, 16
MM, 40, 29, 7
MM, 5, 29, 25
MM, 10, 31, 7
MM, 13, 31, 8
MM, 15, 31, 8
MM, 17, 31, 7
MM, 19, 31, 9
MM, 20, 31, 92
MM, 21, 30, 31
MM, 22, 30, 39
MM, 22, 29, 15
MM, 22, 28, 75
MM, 22, 27, 15
MM, 22, 26, 81
MM, 22, 25, 31
MM, 22, 24, 22
MM, 22, 23, 74
MC, 1, 197
MM, 22, 22, 91
MM, 21, 21, 16
MM, 20, 20, 30
MM, 17, 20, 14
MM, 14, 20, 8
MM, 9, 20, 9
MM, 5, 20, 7
MM, 4, 20, 8
MM, 6, 20, 405
MM, 9, 20, 15
MM, 10, 21, 29
MM, 11, 22, 16
MM, 10, 21, 148
MM, 138, 2, 48
MM, 246, 51, 692
MM, 174, 36, 335
MM, 174, 27, 9
MM, 174, 14, 7
MM, 174, 1, 8
MM, 34, 29, 9
MM, 34, 24, 7
MM, 34, 21, 8
MM, 34, 19, 9
MM, 34, 18, 9
MM, 34, 17, 39
MM, 33, 16, 24
MM, 32, 16, 24
MM, 31, 15, 60
MM, 30, 15, 31
MM, 28, 17, 22
MM, 26, 18, 178
MM, 19, 18, 30
MM, 12, 19, 24
MM, 10, 22, 7
MM, 3, 27, 16
MM, 1, 28, 17
MM, 1, 29, 7
MM, 0, 30, 16
MM, 0, 29, 98
MM, 5, 23, 17
MM, 9, 19, 5
MM, 16, 6, 17
MM, 21, 27, 14
MM, 26, 15, 8
MM, 27, 3, 9
MM, 40, 28, 7
MM, 40, 0, 18
MM, 241, 47, 28
MM, 236, 37, 2
MM, 231, 31, 8
MM, 227, 25, 8
MM, 223, 20, 9
MM, 223, 19, 8
MM, 222, 17, 8
MM, 221, 16, 8
MM, 220, 15, 73
MM, 218, 15, 19
MM, 215, 17, 4
MM, 212, 20, 8
MM, 207, 29, 8
MM, 201, 36, 7
MM, 196, 44, 8
MM, 191, 51, 8
MM, 187, 56, 8
MM, 186, 58, 8
MM, 185, 59, 8
MM, 184, 60, 17
MM, 188, 56, 91
MM, 198, 38, 14
MM, 204, 13, 15
MM, 208, 3, 8
MM, 202, 9, 42241
MM, 201, 20, 7
MM, 201, 22, 8
MM, 201, 23, 8
MM, 199, 24, 7
MM, 199, 25, 8
MM, 197, 26, 8
MM, 196, 28, 8
MM, 195, 30, 9
MM, 194, 35, 7
MM, 191, 41, 8
MM, 189, 48, 10
MM, 188, 54, 6
MM, 188, 57, 8
MM, 188, 60, 17
MM, 187, 61, 8
MM, 43, 17, 369
MM, 42, 12, 6
MM, 42, 7, 8
MM, 83, 61, 25
MM, 81, 58, 7
MM, 79, 52, 8
MM, 78, 50, 8
MM, 75, 45, 8
MM, 73, 41, 9
MM, 71, 38, 9
MM, 70, 37, 7
MM, 70, 36, 15
MM, 70, 35, 9
MM, 70, 34, 15
MM, 70, 31, 8
MM, 70, 25, 24
MM, 70, 22, 8
MM, 70, 20, 9
MM, 72, 18, 9
MM, 74, 16, 6
MM, 78, 13, 8
MM, 80, 13, 9
MM, 83, 11, 8
MM, 86, 9, 8
MM, 92, 9, 8
MM, 97, 9, 7
MM, 105, 8, 9
MM, 116, 8, 8
MM, 129, 8, 8
MM, 149, 8, 8
MM, 179, 8, 7
MM, 192, 9, 9
MM, 208, 11, 7
MM, 222, 15, 9
MM, 231, 16, 8
MM, 236, 16, 9
MM, 237, 16, 7
MM, 238, 16, 7
MM, 239, 16, 26
MM, 240, 16, 15
MM, 241, 16, 17
MM, 242, 16, 7
MM, 244, 16, 64
MM, 246, 16, 8
MM, 249, 15, 9
MM, 250, 14, 7
MM, 251, 14, 7
MM, 252, 13, 33
MM, 252, 12, 16
MM, 253, 12, 9
MM, 254, 12, 8
MM, 255, 12, 87
MM, 257, 12, 176
MM, 266, 12, 7
MM, 275, 12, 8
MM, 287, 12, 8
MM, 300, 12, 8
MM, 313, 12, 8
MM, 327, 12, 8
MM, 339, 12, 8
MM, 347, 12, 8
MM, 352, 11, 8
MM, 353, 11, 8
MM, 355, 10, 9
MM, 355, 9, 8
MM, 353, 9, 233
MM, 352, 10, 40
MM, 1, 6, 1118
MM, 2, 6, 9
MM, 4, 6, 8
MM, 4, 7, 8
MM, 5, 7, 1233
MM, 5, 9, 15
MM, 10, 15, 8
MM, 20, 21, 8
MM, 34, 30, 9
MM, 54, 45, 7
MM, 88, 63, 8
MM, 20, 4, 11
MM, 13, 10, 45
MM, 23, 19, 8
MM, 28, 24, 8
MM, 30, 27, 9
MM, 31, 29, 6
MM, 32, 31, 9
MM, 0, 30, 72
MM, 9, 27, 8
MM, 20, 22, 8
MM, 29, 19, 7
MM, 42, 15, 8
MM, 6, 10, 8
MM, 26, 7, 9
MM, 1, 7, 7
MM, 23, 7, 9
MM, 44, 7, 8
MM, 27, 16, 1496
MM, 11, 24, 8
MM, 9, 28, 8
MM, 45, 2, 16
MM, 38, 2, 8
MM, 40, 2, 56
MM, 45, 2, 8
MM, 9, 2, 17
MM, 18, 3, 6
MM, 35, 3, 9
MM, 2, 5, 8
MM, 13, 6, 9
MM, 18, 6, 6
MM, 24, 8, 8
MM, 26, 8, 9
MM, 28, 8, 8
MM, 33, 8, 9
MM, 41, 8, 8
MM, 2, 8, 6
MM, 12, 8, 8
MM, 22, 7, 10
MM, 32, 3, 7
MM, 37, 1, 7
MM, 43, 1, 8
MM, 6, 29, 154
MM, 37, 21, 2232
MM, 206, 30, 23
MM, 195, 35, 7
MM, 187, 39, 9
MM, 179, 40, 8
MM, 1, 18, 1120
MM, 2, 11, 17
MM, 29, 29, 39
MM, 29, 20, 8
MM, 29, 14, 8
MM, 29, 9, 9
MM, 29, 6, 7
MM, 30, 1, 8
MM, 31, 1, 8
MM, 32, 5, 65
MM, 32, 13, 6
MM, 32, 28, 9
MM, 1, 0, 40
MM, 1, 8, 8
MM, 1, 13, 9
MM, 1, 16, 7
MM, 1, 20, 8
MM, 1, 22, 8
MM, 1, 25, 9
MM, 1, 26, 7
MM, 1, 27, 80
MM, 3, 28, 8
MM, 7, 28, 8
MM, 12, 27, 8
MM, 18, 26, 7
MM, 25, 24, 8
MM, 28, 24, 9
MM, 32, 23, 7
MM, 33, 23, 8
MM, 34, 23, 17
MM, 35, 23, 56
MM, 36, 23, 9
MM, 38, 22, 22
MM, 38, 21, 185
MM, 38, 20, 7
MM, 40, 19, 8
MM, 41, 19, 8
MM, 0, 16, 17
MM, 13, 15, 7
MM, 33, 14, 8
MM, 8, 14, 10
MM, 43, 14, 6
MM, 34, 14, 8
MM, 14, 14, 9
MM, 35, 14, 7
MM, 1, 11, 8
MM, 8, 10, 8
MM, 12, 9, 8
MM, 13, 9, 9
MM, 13, 8, 24
MM, 15, 7, 23
MM, 16, 6, 8
MM, 21, 4, 9
MM, 28, 2, 8
MM, 35, 0, 8
MM, 29, 31, 32
MM, 30, 30, 8
MM, 31, 30, 24
MM, 32, 30, 9
MM, 33, 29, 7
MM, 4, 26, 17
MM, 11, 23, 7
MM, 22, 20, 8
MM, 32, 17, 8
MC, 1, 681
MM, 9, 6, 79
MM, 5, 20, 8
MM, 19, 0, 8
MM, 13, 15, 8
MM, 2, 5, 16
MM, 42, 19, 17
MM, 38, 26, 7
MM, 37, 31, 8
MM, 21, 28, 273
MM, 21, 22, 15
MM, 21, 21, 8
MM, 20, 19, 8
MM, 20, 18, 17
MC, 1, 264
MM, 19, 17, 23
MM, 18, 16, 8
MM, 17, 15, 8
MM, 16, 14, 8
MM, 15, 14, 8
MM, 13, 13, 9
MM, 12, 12, 6
MM, 11, 12, 8
MM, 10, 10, 9
MM, 8, 9, 10
MM, 4, 6, 6
MM, 5, 21, 25
MM, 24, 10, 7
MM, 17, 27, 15
MM, 28, 31, 201
MM, 23, 30, 8
MM, 18, 29, 8
MM, 11, 28, 8
MM, 9, 28, 8
MM, 7, 28, 8
MM, 6, 27, 7
MM, 5, 27, 66
MM, 4, 27, 23
MM, 3, 27, 8
MM, 1, 27, 81
MM, 0, 21, 359
MM, 1, 21, 8
MM, 3, 21, 7
MM, 4, 21, 17
MM, 5, 21, 25
MM, 6, 21, 7
MM, 8, 21, 9
MM, 11, 21, 7
MM, 15, 21, 7
MM, 24, 21, 8
MM, 30, 21, 10
MM, 36, 21, 7
MM, 39, 21, 7
MM, 41, 21, 8
MM, 42, 20, 18
MM, 42, 19, 32
MM, 41, 19, 56
MM, 41, 18, 15
MM, 39, 18, 8
MM, 38, 18, 24
MM, 36, 18, 8
MM, 34, 16, 24
MM, 33, 16, 17
MM, 32, 16, 15
MM, 31, 16, 8
MM, 30, 16, 17
MC, 1, 223
MM, 31, 16, 72
MM, 32, 16, 41
MM, 33, 16, 6
MM, 34, 16, 8
MM, 35, 16, 9
MM, 36, 16, 8
MM, 38, 16, 8
MM, 42, 16, 8
MM, 8, 16, 16
MM, 18, 16, 8
MM, 33, 18, 8
MM, 17, 24, 16
MM, 41, 28, 8
MM, 1, 8, 24
MM, 26, 11, 8
MM, 16, 13, 16
MM, 29, 13, 8
MM, 43, 13, 8
MM, 1, 13, 8
MM, 8, 12, 8
MM, 12, 11, 8
MM, 18, 10, 8
MM, 21, 9, 8
MM, 23, 8, 8
MM, 25, 7, 8
MM, 27, 6, 9
MM, 29, 5, 7
MM, 32, 4, 7
MC, 1, 889
MM, 11, 6, 856
MM, 25, 8, 25
MM, 11, 30, 7
MM, 64, 6, 26
MM, 60, 16, 6
MM, 59, 19, 8
MM, 59, 21, 9
MM, 59, 22, 87
MM, 57, 22, 17
MM, 51, 22, 7
MM, 43, 22, 8
MM, 35, 22, 8
MM, 26, 22, 8
MM, 23, 22, 9
MM, 20, 22, 7
MM, 19, 22, 8
MM, 18, 22, 8
MM, 15, 21, 64
MM, 12, 21, 8
MM, 10, 21, 8
MM, 9, 20, 7
MM, 7, 19, 8
MM, 5, 19, 8
MM, 4, 19, 17
MM, 3, 18, 7
MM, 2, 18, 18
MM, 1, 15, 311
MM, 4, 16, 8
MM, 6, 16, 8
MM, 9, 17, 8
MM, 12, 17, 7
MM, 14, 17, 8
MM, 18, 17, 10
MM, 22, 18, 6
MM, 30, 19, 8
MM, 38, 19, 8
MM, 48, 19, 10
MM, 56, 19, 7
MM, 62, 19, 8
MM, 69, 20, 8
MM, 73, 20, 8
MM, 76, 20, 9
MM, 79, 20, 6
MM, 82, 20, 8
MM, 86, 20, 10
MM, 88, 20, 7
MM, 94, 20, 8
MM, 97, 20, 16
MM, 99, 20, 16
MM, 100, 20, 8
MM, 101, 20, 40
MM, 102, 20, 7
MM, 105, 19, 9
MM, 116, 18, 8
MM, 125, 17, 8
MM, 136, 16, 7
MM, 152, 16, 10
MM, 162, 14, 7
MM, 169, 13, 8
MM, 178, 12, 8
MM, 184, 11, 9
MM, 193, 9, 7
MM, 203, 9, 8
MM, 216, 8, 8
MM, 20, 31, 73
MM, 20, 30, 15
MM, 22, 28, 17
MM, 23, 26, 6
MM, 25, 23, 8
MM, 30, 18, 8
MM, 33, 14, 9
MM, 37, 8, 8
MM, 39, 4, 8
MM, 43, 28, 24
MM, 45, 23, 7
MM, 48, 19, 8
MM, 36, 5, 1155
MM, 36, 16, 23
MM, 36, 19, 15
MM, 36, 21, 8
MM, 36, 23, 15
MM, 36, 24, 8
MM, 36, 26, 17
MM, 36, 27, 49
MM, 35, 27, 7
MM, 34, 27, 48
MM, 33, 27, 9
MM, 32, 27, 7
MM, 29, 27, 16
MM, 27, 27, 8
MM, 25, 27, 8
MM, 17, 26, 8
MM, 8, 25, 8
MM, 27, 26, 24
MM, 6, 22, 8
MM, 34, 16, 8
MM, 8, 12, 9
MM, 29, 6, 7
MM, 26, 29, 24
MM, 14, 26, 8
MM, 0, 25, 9
MM, 43, 24, 7
MM, 34, 22, 8
MM, 29, 21, 8
MM, 24, 20, 7
MM, 21, 20, 9
MM, 16, 19, 8
MM, 12, 19, 8
MM, 6, 17, 8
MM, 4, 17, 8
MM, 35, 15, 17
MM, 25, 14, 7
MM, 14, 12, 8
MM, 2, 10, 8
MM, 41, 9, 9
MM, 29, 5, 7
MM, 18, 4, 7
MM, 10, 3, 8
MM, 3, 3, 9
MM, 0, 2, 9
MM, 43, 1, 71
MM, 40, 1, 8
MM, 9, 30, 640
MM, 14, 27, 7
MM, 23, 26, 16
MM, 28, 24, 8
MM, 32, 23, 8
MM, 38, 21, 8
MM, 42, 21, 8
MM, 42, 3, 459
MM, 38, 3, 23
MM, 32, 4, 15
MM, 22, 9, 16
MM, 17, 10, 8
MM, 13, 12, 8
MM, 9, 15, 8
MM, 7, 17, 16
MM, 4, 18, 9
MM, 2, 19, 7
MM, 1, 20, 8
MM, 0, 21, 16
MM, 0, 22, 16
MM, 38, 1, 145
MM, 35, 4, 7
MM, 29, 8, 7
MM, 23, 12, 8
MM, 18, 17, 9
MM, 12, 21, 8
MM, 10, 23, 7
MM, 6, 26, 11
MM, 3, 30, 6
MM, 41, 9, 121
MM, 41, 10, 7
MM, 41, 12, 7
MM, 41, 13, 8
MM, 41, 15, 8
MM, 41, 16, 8
MM, 41, 17, 33
MM, 41, 19, 8
MM, 41, 20, 9
MM, 41, 23, 7
MM, 43, 27, 7
MM, 5, 22, 553
MM, 14, 22, 8
MM, 21, 22, 8
MM, 38, 22, 15
MM, 44, 22, 8
MM, 50, 22, 10
MM, 56, 22, 6
MM, 64, 22, 8
MM, 69, 22, 10
MM, 73, 22, 7
MM, 77, 22, 7
MM, 82, 22, 8
MM, 86, 22, 9
MM, 89, 22, 9
MM, 94, 22, 6
MM, 99, 22, 9
MM, 103, 21, 8
MM, 108, 21, 9
MM, 111, 21, 6
MM, 116, 21, 8
MM, 120, 21, 10
MM, 129, 21, 7
MM, 138, 21, 8
MM, 149, 21, 7
MM, 156, 22, 9
MM, 159, 23, 9
MM, 161, 23, 6
MC, 1, 945
MM, 161, 22, 504
MM, 161, 18, 9
MM, 161, 8, 7
MM, 15, 26, 17
MM, 14, 15, 6
MM, 11, 5, 8
MM, 3, 31, 8
MM, 45, 10, 17
MM, 40, 1, 7
MM, 43, 21, 178
MM, 32, 17, 7
MM, 21, 12, 8
MM, 7, 6, 8
MM, 63, 62, 17
MM, 50, 55, 7
MM, 39, 48, 9
MM, 30, 43, 7
MM, 24, 38, 7
MM, 16, 33, 8
MM, 12, 29, 10
MM, 7, 24, 7
MM, 5, 22, 9
MM, 3, 19, 7
MM, 1, 18, 8
MM, 1, 17, 8
MM, 0, 12, 97
MM, 2, 12, 7
MM, 6, 11, 8
MM, 8, 11, 16
MM, 10, 11, 9
MM, 12, 10, 7
MM, 13, 10, 8
MM, 16, 10, 8
MM, 17, 9, 9
MM, 20, 9, 7
MM, 23, 9, 7
MM, 24, 9, 8
MM, 25, 9, 56
MM, 26, 9, 8
MM, 27, 9, 10
MM, 29, 9, 6
MM, 30, 10, 8
MM, 31, 10, 8
MM, 32, 10, 9
MM, 33, 10, 8
MM, 34, 10, 177
MC, 1, 110
MM, 34, 11, 162
MM, 34, 12, 14
MM, 34, 13, 9
MM, 36, 15, 8
MM, 36, 18, 7
MM, 37, 22, 8
MM, 39, 26, 8
MM, 42, 31, 9
MM, 43, 33, 16
MM, 44, 34, 9
MM, 47, 38, 7
MM, 52, 42, 7
MM, 55, 44, 8
MM, 59, 48, 8
MM, 64, 52, 10
MM, 68, 56, 7
MM, 69, 57, 8
MM, 71, 58, 9
MM, 75, 61, 7
MM, 1, 4, 96
MM, 3, 7, 8
MM, 7, 13, 7
MM, 9, 15, 9
MM, 10, 19, 9
MM, 11, 21, 8
MM, 11, 23, 7
MM, 11, 24, 8
MM, 11, 25, 8
MM, 11, 26, 9
MM, 11, 27, 7
MM, 11, 29, 8
MM, 11, 30, 8
MM, 35, 1, 193
MM, 36, 3, 15
MM, 37, 5, 8
MM, 36, 5, 132
MM, 33, 3, 21
MM, 35, 1, 48
MM, 22, 30, 207
MM, 25, 28, 8
MM, 28, 26, 8
MM, 28, 25, 8
MM, 29, 24, 8
MM, 30, 23, 15
MM, 32, 21, 17
MM, 35, 19, 7
MM, 1, 14, 17
MM, 5, 11, 9
MM, 8, 10, 6
MM, 11, 9, 8
MM, 12, 9, 97
MM, 13, 10, 264
MM, 14, 10, 8
MM, 14, 11, 24
MM, 14, 12, 32
MM, 14, 13, 9
MM, 14, 14, 16
MM, 15, 15, 14
MM, 15, 16, 187
MM, 15, 17, 78
MC, 1, 104
MM, 14, 17, 63
MM, 11, 17, 10
MM, 9, 17, 6
MM, 3, 17, 8
MM, 34, 18, 18
MM, 29, 18, 6
MM, 22, 20, 8
MM, 17, 20, 9
MM, 12, 20, 9
MM, 6, 21, 7
MM, 36, 25, 17
MM, 25, 26, 6
MM, 15, 27, 9
MM, 4, 28, 9
MM, 40, 30, 15
MM, 35, 30, 8
MM, 32, 30, 8
MM, 29, 30, 8
MM, 28, 30, 8
MM, 26, 30, 23
MM, 24, 30, 8
MM, 16, 29, 8
MM, 5, 28, 8
MM, 31, 1, 171
MM, 31, 2, 7
MM, 31, 3, 23
MM, 32, 6, 8
MM, 34, 7, 8
MM, 37, 9, 9
MM, 39, 11, 6
MM, 42, 13, 9
MM, 0, 18, 80
MM, 10, 18, 8
MM, 16, 18, 8
MM, 26, 18, 8
MM, 31, 18, 8
MM, 38, 18, 8
MM, 40, 18, 8
MM, 41, 18, 8
MM, 40, 18, 280
MM, 37, 17, 8
MM, 36, 17, 8
MM, 33, 16, 8
MM, 31, 16, 8
MM, 30, 15, 8
MM, 29, 15, 17
MM, 28, 15, 55
MC, 1, 281
MM, 28, 14, 104
MM, 32, 9, 16
MM, 34, 7, 8
MM, 36, 5, 6
MM, 39, 2, 8
MM, 41, 0, 8
MM, 13, 16, 193
MM, 6, 19, 17
MM, 83, 14, 15
MM, 78, 23, 8
MM, 74, 30, 8
MM, 73, 34, 8
MM, 73, 36, 7
MM, 73, 39, 8
MM, 73, 41, 8
MM, 81, 40, 233
MM, 81, 37, 9
MM, 82, 34, 6
MM, 84, 32, 8
MM, 84, 30, 8
MM, 85, 29, 8
MM, 85, 27, 8
MM, 85, 26, 8
MM, 85, 25, 24
MM, 86, 23, 16
MM, 87, 22, 18
MM, 87, 21, 15
MM, 87, 20, 8
MM, 88, 20, 9
MM, 89, 18, 7
MM, 89, 17, 8
MM, 90, 16, 8
MM, 91, 15, 16
MM, 91, 14, 48
MC, 1, 104
MM, 91, 13, 17
MM, 91, 11, 6
MM, 91, 10, 41
MM, 91, 9, 17
MM, 90, 8, 7
MM, 90, 7, 8
MM, 90, 4, 8
MM, 90, 0, 8
MM, 0, 29, 16
MM, 0, 20, 8
MM, 0, 14, 10
MM, 0, 7, 6
MM, 0, 2, 8
MM, 0, 26, 17
MM, 0, 21, 7
MM, 0, 14, 8
MM, 0, 7, 8
MM, 1, 2, 9
MC, 1, 728
MM, 43, 0, 167
MM, 43, 1, 8
MM, 45, 3, 16
MM, 1, 8, 25
MM, 3, 9, 7
MM, 5, 11, 16
MM, 7, 12, 8
MM, 8, 13, 16
MM, 9, 13, 16
MM, 10, 14, 8
MM, 12, 15, 8
MM, 15, 18, 9
MM, 16, 18, 7
MM, 17, 19, 16
MC, 1, 249
MM, 17, 18, 47
MM, 16, 17, 8
MM, 15, 16, 8
MM, 12, 15, 8
MM, 11, 14, 15
MM, 9, 13, 9
MM, 7, 11, 8
MM, 6, 11, 7
MM, 5, 10, 8
MM, 3, 10, 10
MM, 1, 9, 7
MM, 46, 7, 24
MM, 40, 3, 8
MM, 35, 2, 7
MM, 33, 1, 18
MM, 31, 0, 7
MM, 29, 0, 16
MC, 1, 2384
MM, 37, 3, 122
MM, 25, 12, 23
MM, 0, 15, 15
MM, 27, 18, 16
MM, 7, 21, 23
MM, 17, 22, 8
MM, 30, 22, 10
MM, 5, 25, 15
MM, 15, 25, 8
MM, 23, 25, 9
MM, 29, 25, 7
MM, 32, 25, 8
MM, 34, 25, 7
MM, 37, 25, 8
MM, 40, 25, 17
MM, 1, 21, 17
MM, 10, 19, 7
MM, 19, 16, 8
MM, 28, 14, 7
MM, 40, 14, 8
MM, 7, 12, 17
MM, 16, 12, 8
MM, 24, 12, 9
MM, 34, 13, 7
MM, 38, 14, 8
MM, 43, 15, 9
MM, 44, 16, 128
MM, 46, 16, 15
MM, 46, 17, 8
MM, 18, 2, 1113
MM, 1, 4, 15
MM, 39, 6, 16
MM, 22, 10, 24
MM, 16, 13, 8
MM, 10, 16, 8
MM, 8, 16, 8
MM, 6, 17, 9
MM, 3, 18, 7
MM, 42, 22, 25
MM, 41, 22, 7
MM, 39, 22, 7
MM, 39, 23, 8
MM, 38, 23, 10
MM, 36, 23, 56
MM, 34, 23, 6
MM, 31, 23, 8
MM, 29, 25, 8
MM, 28, 25, 8
MM, 25, 25, 9
MM, 23, 26, 8
MM, 21, 26, 8
MM, 20, 26, 8
MM, 18, 26, 7
MM, 17, 26, 8
MM, 16, 27, 9
MM, 14, 27, 8
MM, 11, 27, 7
MM, 9, 28, 8
MM, 3, 28, 9
MM, 43, 30, 15
MM, 38, 30, 8
MM, 33, 30, 10
MM, 26, 30, 7
MM, 146, 1, 168
MM, 145, 2, 8
MM, 145, 3, 8
MM, 145, 4, 17
MM, 144, 4, 7
MM, 144, 5, 8
MM, 142, 5, 8
MM, 141, 6, 8
MM, 140, 7, 8
MM, 139, 8, 72
MM, 138, 10, 241
MM, 137, 11, 16
MM, 137, 13, 8
MM, 136, 14, 22
MM, 136, 15, 74
MM, 135, 16, 14
MM, 134, 18, 9
MM, 134, 20, 16
MM, 134, 21, 16
MM, 134, 22, 16
MC, 1, 680
MM, 133, 22, 41
MM, 133, 21, 359
MM, 133, 19, 9
MM, 133, 16, 7
MM, 133, 11, 8
MM, 131, 3, 8
MM, 38, 23, 16
MM, 35, 15, 8
MM, 34, 9, 8
MM, 28, 26, 24
MM, 26, 21, 8
MM, 25, 17, 8
MM, 24, 13, 7
MM, 23, 8, 8
MM, 20, 4, 8
MM, 128, 58, 57
MM, 120, 48, 8
MM, 116, 42, 7
MM, 115, 39, 8
MM, 114, 38, 10
MM, 114, 36, 8
MM, 114, 33, 6
MM, 114, 28, 8
MM, 114, 25, 10
MM, 114, 19, 7
MM, 113, 15, 8
MM, 112, 12, 8
MM, 112, 10, 8
MM, 110, 8, 9
MM, 109, 6, 7
MM, 109, 5, 8
MM, 108, 4, 9
MM, 107, 4, 87
MM, 106, 4, 24
MM, 105, 4, 8
MM, 104, 4, 8
MM, 102, 6, 8
MM, 101, 7, 8
MM, 99, 9, 7
MM, 99, 10, 16
MM, 98, 11, 25
MM, 97, 12, 25
MM, 96, 13, 71
MC, 1, 145
MM, 96, 14, 159
MM, 93, 32, 8
MM, 91, 58, 8
MM, 26, 0, 202
MM, 26, 2, 70
MM, 26, 3, 25
MM, 24, 3, 16
MM, 21, 2, 7
MM, 19, 2, 8
MM, 15, 2, 7
MM, 14, 0, 8
MM, 18, 24, 554
MM, 17, 24, 15
MM, 3, 24, 25
MM, 4, 24, 6
MM, 6, 24, 8
MM, 8, 24, 9
MM, 11, 24, 8
MM, 15, 24, 8
MM, 20, 21, 8
MM, 25, 20, 8
MM, 31, 18, 9
MM, 4, 13, 23
MM, 5, 12, 8
MM, 6, 11, 8
MM, 7, 10, 16
MM, 8, 9, 17
MM, 9, 8, 40
MM, 10, 8, 24
MM, 12, 8, 41
MM, 15, 7, 15
MM, 23, 7, 16
MM, 29, 7, 22
MM, 28, 7, 81
MM, 26, 9, 9
MM, 22, 13, 17
MM, 19, 16, 14
MM, 19, 17, 9
MM, 18, 18, 287
MM, 16, 18, 8
MM, 12, 18, 10
MM, 7, 14, 5
MM, 4, 13, 8
MM, 35, 7, 18
MM, 28, 4, 7
MM, 19, 0, 9
MC, 1, 791
MM, 5, 5, 128
MM, 31, 18, 8
MM, 2, 30, 8
MM, 35, 3, 8
MM, 12, 9, 8
MM, 26, 14, 8
MM, 34, 15, 8
MM, 37, 15, 8
MM, 41, 15, 8
MM, 43, 15, 9
MM, 4, 12, 106
MM, 10, 9, 14
MM, 12, 4, 23
MM, 12, 3, 7
MM, 13, 2, 9
MM, 14, 1, 8
MM, 14, 0, 8
MM, 24, 28, 33
MM, 29, 26, 7
MM, 34, 22, 8
MM, 40, 19, 8
MM, 0, 15, 17
MM, 4, 15, 7
MM, 6, 15, 8
MM, 9, 14, 9
MM, 10, 14, 7
MM, 11, 14, 8
MM, 12, 14, 8
MM, 13, 14, 56
MM, 10, 13, 272
MM, 3, 9, 8
MM, 35, 4, 16
MM, 26, 2, 7
MM, 16, 0, 8
MM, 7, 0, 10
MM, 39, 0, 15
MM, 27, 0, 8
MM, 13, 0, 9
MM, 31, 2, 15
MM, 15, 8, 8
MM, 1, 10, 8
MM, 43, 12, 8
MM, 34, 12, 7
MM, 29, 13, 8
MM, 25, 14, 8
MM, 23, 14, 65
MM, 18, 14, 8
MM, 12, 14, 9
MM, 7, 14, 6
MM, 42, 14, 17
MM, 34, 14, 8
MM, 30, 12, 9
MM, 25, 12, 7
MM, 24, 12, 8
MM, 23, 12, 8
MM, 22, 12, 32
MM, 19, 12, 9
MM, 18, 12, 7
MM, 15, 12, 8
MM, 14, 12, 8
MM, 13, 12, 9
MM, 12, 12, 7
MM, 11, 12, 40
MM, 10, 12, 32
MM, 9, 12, 32
MM, 6, 12, 31
MM, 2, 11, 9
MM, 43, 10, 24
MM, 42, 10, 47
MM, 41, 10, 24
MM, 40, 10, 8
MM, 38, 10, 192
MM, 37, 10, 92
MC, 1, 141
MM, 34, 10, 40
MM, 30, 7, 9
MM, 19, 5, 7
MM, 10, 2, 8
MM, 38, 1, 17
MM, 26, 1, 6
MM, 22, 1, 9
MM, 21, 1, 7
MM, 20, 1, 10
MM, 19, 1, 23
MM, 19, 2, 177
MM, 20, 3, 26
MM, 21, 5, 13
MM, 22, 7, 24
MM, 22, 8, 8
MM, 23, 10, 17
MM, 23, 11, 16
MM, 23, 13, 120
MM, 24, 14, 15
MC, 1, 81
MM, 25, 14, 64
MM, 27, 14, 15
MM, 30, 14, 17
MM, 35, 14, 6
MM, 34, 19, 25
MM, 55, 3, 7
MM, 85, 27, 8
MM, 175, 39, 393
MM, 170, 30, 8
MM, 164, 20, 8
MM, 160, 17, 8
MM, 158, 15, 8
MM, 157, 15, 8
MC, 1, 296
MM, 157, 14, 89
MM, 157, 12, 18
MM, 163, 5, 13
MM, 166, 2, 8
MM, 171, 0, 8
MM, 1, 27, 23
MM, 10, 22, 9
MM, 20, 15, 7
MM, 29, 8, 8
MM, 39, 2, 10
MM, 2, 28, 40
MM, 2, 27, 7
MM, 4, 25, 25
MM, 7, 24, 7
MM, 8, 24, 8
MM, 10, 22, 9
MM, 12, 22, 8
MM, 14, 21, 6
MM, 16, 20, 8
MM, 17, 19, 10
MM, 21, 18, 8
MM, 23, 18, 15
MM, 26, 18, 9
MM, 29, 18, 8
MM, 32, 18, 7
MM, 36, 18, 8
MM, 40, 18, 9
MM, 1, 18, 15
MM, 6, 18, 8
MM, 12, 18, 9
MM, 16, 17, 8
MM, 19, 16, 6
MM, 21, 16, 8
MM, 22, 16, 9
MM, 23, 16, 103
MM, 24, 15, 9
MM, 25, 14, 16
MM, 26, 13, 32
MM, 26, 12, 8
MM, 26, 11, 9
MM, 27, 9, 8
MM, 27, 7, 7
MM, 27, 5, 8
MM, 29, 2, 9
MM, 14, 30, 32
MM, 15, 29, 7
MM, 16, 27, 8
MM, 18, 25, 15
MM, 18, 24, 10
MM, 20, 22, 7
MM, 20, 21, 8
MM, 20, 20, 24
MM, 20, 19, 8
MM, 21, 18, 8
MM, 21, 17, 9
MM, 21, 16, 16
MC, 1, 216
MM, 21, 15, 15
MM, 20, 15, 8
MM, 16, 15, 10
MM, 14, 14, 6
MM, 12, 14, 7
MM, 9, 13, 8
MM, 8, 13, 10
MM, 7, 12, 8
MM, 6, 12, 7
MM, 5, 12, 16
MM, 4, 12, 66
MM, 3, 12, 47
MM, 2, 12, 23
MM, 1, 12, 73
MM, 34, 13, 176
MM, 33, 13, 7
MM, 33, 14, 8
MM, 32, 14, 32
MM, 31, 14, 368
MM, 29, 15, 65
MM, 28, 15, 7
MM, 27, 15, 8
MM, 25, 15, 7
MM, 24, 16, 9
MM, 23, 16, 39
MC, 1, 218
MM, 24, 16, 128
MM, 25, 16, 7
MM, 26, 16, 7
MM, 27, 16, 18
MM, 28, 16, 15
MM, 29, 16, 16
MM, 33, 17, 9
MM, 1, 18, 32
MM, 2, 18, 7
MM, 4, 18, 152
MM, 5, 18, 9
MM, 8, 18, 7
MM, 11, 18, 8
MM, 13, 18, 8
MM, 14, 18, 9
MC, 1, 335
MM, 13, 18, 216
MM, 12, 18, 8
MM, 10, 18, 7
MM, 8, 18, 8
MM, 4, 18, 8
MM, 0, 18, 9
MM, 34, 18, 25
MM, 32, 18, 14
MM, 31, 18, 10
MM, 29, 18, 15
MM, 28, 18, 32
MM, 26, 18, 8
MM, 22, 19, 9
MM, 18, 19, 7
MM, 13, 19, 7
MM, 9, 19, 8
MM, 6, 19, 9
MM, 3, 19, 9
MM, 1, 19, 6
MM, 33, 19, 178
MM, 30, 19, 7
MM, 24, 19, 8
MM, 15, 19, 8
MM, 4, 19, 8
MM, 40, 19, 16
MM, 34, 19, 9
MM, 30, 19, 6
MM, 29, 19, 8
MM, 28, 19, 8
MC, 1, 321
MM, 28, 21, 96
MM, 32, 23, 8
MM, 38, 28, 8
MM, 39, 0, 16
MM, 0, 7, 25
MM, 2, 8, 7
MM, 6, 8, 8
MM, 9, 11, 7
MM, 15, 12, 8
MM, 22, 13, 8
MM, 27, 13, 8
MM, 30, 13, 8
MM, 32, 13, 9
MM, 33, 13, 16
MM, 34, 13, 129
MM, 35, 12, 47
MM, 36, 11, 8
MM, 37, 11, 33
MM, 38, 11, 7
MM, 39, 10, 16
MM, 40, 9, 9
MM, 41, 9, 8
MM, 43, 8, 15
MM, 1, 4, 41
MM, 4, 2, 7
MM, 6, 2, 7
MM, 7, 2, 8
MM, 10, 2, 9
MM, 11, 2, 7
MM, 12, 2, 26
MM, 13, 2, 23
MM, 14, 2, 9
MM, 17, 4, 7
MM, 17, 6, 8
MM, 18, 6, 8
MM, 18, 7, 160
MM, 18, 8, 24
MC, 1, 81
MM, 17, 8, 39
MM, 16, 8, 9
MM, 13, 8, 6
MM, 10, 8, 9
MM, 8, 8, 8
MM, 5, 8, 8
MM, 2, 7, 8
MM, 41, 6, 17
MM, 32, 6, 7
MM, 20, 6, 8
MM, 8, 6, 9
MM, 40, 6, 7
MM, 25, 6, 8
MM, 7, 6, 8
MM, 33, 11, 8
MM, 10, 14, 8
MM, 34, 19, 7
MM, 20, 22, 18
MM, 19, 22, 14
MM, 4, 22, 8
MM, 42, 22, 10
MM, 35, 22, 7
MM, 31, 22, 7
MM, 29, 22, 25
MM, 28, 22, 15
MM, 27, 22, 9
MM, 26, 22, 8
MM, 22, 22, 8
MM, 12, 22, 7
MM, 2, 22, 10
MM, 40, 22, 8
MM, 25, 22, 7
MM, 9, 22, 8
MM, 4, 22, 264
MM, 12, 22, 8
MM, 14, 22, 8
MM, 16, 22, 7
MM, 17, 22, 8
MM, 19, 22, 33
MM, 20, 22, 7
MM, 22, 22, 8
MM, 24, 21, 9
MM, 27, 21, 8
MC, 1, 225
MM, 28, 20, 72
MM, 30, 17, 7
MM, 31, 17, 8
MM, 34, 14, 8
MM, 39, 12, 8
MM, 6, 4, 15
MM, 18, 3, 9
MM, 31, 2, 7
MC, 1, 553
MM, 4, 15, 153
MM, 11, 15, 16
MM, 12, 15, 15
MM, 15, 15, 33
MM, 16, 15, 15
MM, 20, 15, 8
MM, 29, 15, 8
MM, 37, 15, 8
MM, 41, 15, 9
MM, 42, 15, 7
MM, 43, 14, 48
MM, 2, 13, 33
MM, 4, 13, 8
MM, 7, 13, 6
MM, 10, 12, 9
MM, 11, 12, 17
MM, 11, 11, 24
MM, 12, 11, 8
MM, 13, 11, 7
MM, 15, 11, 17
MM, 16, 11, 7
MM, 18, 11, 16
MM, 20, 11, 7
MM, 23, 10, 9
MM, 28, 10, 7
MM, 33, 9, 8
MM, 41, 8, 10
MM, 2, 7, 15
MM, 5, 7, 8
MM, 6, 7, 264
MM, 8, 7, 183
MM, 9, 7, 51
MM, 11, 7, 15
MM, 13, 8, 40
MM, 14, 8, 22
MM, 15, 9, 10
MM, 18, 9, 7
MM, 24, 12, 8
MM, 31, 13, 8
MM, 2, 17, 17
MM, 4, 17, 7
MM, 6, 17, 8
MM, 7, 17, 9
MM, 8, 17, 96
MM, 9, 17, 40
MM, 10, 17, 6
MM, 11, 17, 8
MM, 13, 17, 16
MM, 14, 16, 9
MM, 15, 16, 129
MM, 16, 16, 47
MC, 1, 297
MM, 15, 16, 143
MM, 13, 17, 7
MM, 12, 19, 9
MM, 10, 20, 7
MM, 9, 21, 8
MM, 9, 22, 57
MM, 8, 23, 7
MM, 7, 25, 8
MM, 6, 26, 8
MM, 6, 28, 9
MM, 28, 0, 15
MM, 25, 5, 8
MM, 21, 12, 8
MM, 16, 18, 8
MM, 11, 26, 8
MM, 7, 30, 8
MM, 3, 0, 25
MM, 2, 1, 32
MM, 2, 2, 48
MM, 1, 3, 16
MM, 1, 5, 8
MM, 1, 6, 8
MM, 0, 6, 16
MM, 0, 7, 25
MM, 42, 12, 137
MM, 37, 12, 15
MM, 33, 12, 15
MM, 31, 12, 56
MM, 28, 12, 8
MM, 24, 12, 9
MM, 21, 12, 7
MM, 20, 13, 8
MM, 19, 13, 8
MM, 16, 14, 9
MM, 15, 14, 14
MM, 13, 14, 74
MM, 12, 14, 7
MM, 9, 16, 7
MM, 7, 16, 17
MM, 6, 16, 7
MM, 4, 16, 89
MM, 3, 16, 32
MM, 1, 16, 25
MM, 0, 16, 24
MM, 41, 16, 31
MM, 39, 16, 7
MM, 37, 16, 9
MM, 36, 16, 8
MM, 34, 16, 8
MC, 1, 384
MM, 33, 16, 25
MM, 31, 16, 7
MM, 30, 16, 8
MM, 29, 16, 8
MM, 27, 16, 8
MM, 26, 15, 7
MM, 25, 15, 8
MM, 21, 13, 9
MM, 17, 12, 9
MM, 15, 11, 7
MM, 11, 11, 10
MM, 8, 11, 6
MM, 5, 11, 8
MM, 3, 11, 9
MM, 0, 11, 7
MM, 38, 13, 15
MM, 28, 18, 9
MM, 18, 25, 9
MM, 7, 31, 6
MM, 84, 0, 18
MM, 83, 1, 7
MM, 82, 2, 79
MM, 82, 3, 33
MM, 82, 4, 31
MM, 82, 5, 9
MM, 83, 5, 16
MM, 85, 7, 16
MM, 86, 7, 8
MM, 88, 7, 8
MM, 89, 7, 8
MM, 90, 8, 17
MM, 91, 8, 15
MM, 92, 8, 9
MM, 93, 9, 16
MM, 95, 9, 6
MM, 96, 9, 9
MM, 99, 9, 8
MM, 100, 9, 9
MM, 101, 9, 8
MM, 102, 9, 7
MM, 103, 9, 167
MC, 1, 106
MM, 105, 9, 120
MM, 108, 7, 7
MM, 110, 7, 8
MM, 112, 5, 8
MM, 117, 2, 8
MM, 9, 20, 40
MM, 25, 8, 8
MM, 41, 31, 8
MM, 3, 22, 8
MM, 12, 14, 7
MM, 17, 8, 8
MM, 19, 6, 8
MM, 21, 4, 9
MM, 21, 3, 16
MM, 22, 1, 9
MM, 39, 30, 46
MM, 40, 29, 17
MM, 40, 27, 8
MM, 41, 27, 81
MM, 41, 26, 15
MM, 43, 24, 9
MM, 0, 19, 65
MM, 1, 18, 39
MM, 1, 17, 15
MM, 2, 17, 56
MM, 3, 16, 96
MM, 4, 16, 105
MC, 1, 95
MM, 3, 16, 72
MM, 42, 16, 17
MM, 37, 16, 6
MM, 30, 16, 8
MM, 21, 16, 8
MM, 10, 16, 9
MM, 33, 22, 16
MM, 22, 26, 7
MM, 7, 30, 10
MM, 9, 2, 16
MM, 35, 6, 14
MM, 26, 10, 8
MM, 22, 10, 9
MM, 21, 11, 8
MM, 19, 11, 7
MM, 18, 12, 26
MM, 17, 12, 32
MM, 16, 13, 7
MM, 16, 14, 7
MM, 15, 14, 42
MM, 14, 14, 8
MM, 13, 14, 6
MM, 12, 15, 8
MM, 8, 17, 10
MM, 1, 19, 7
MM, 34, 23, 16
MM, 26, 25, 9
MM, 19, 25, 8
MM, 15, 27, 7
MM, 13, 27, 7
MM, 11, 27, 18
MM, 10, 27, 32
MM, 8, 27, 15
MM, 7, 29, 9
MM, 4, 31, 8
MM, 38, 30, 255
MM, 37, 29, 8
MM, 36, 28, 8
MM, 34, 26, 8
MM, 34, 25, 7
MM, 33, 23, 10
MM, 33, 21, 40
MM, 32, 21, 7
MM, 31, 20, 8
MM, 30, 19, 9
MM, 30, 17, 7
MM, 29, 15, 8
MM, 28, 13, 9
MC, 1, 231
MM, 28, 14, 113
MM, 28, 16, 8
MM, 28, 18, 9
MM, 31, 22, 7
MM, 36, 27, 7
MM, 4, 9, 24
MM, 18, 22, 7
MM, 32, 30, 9
MM, 33, 1, 9
MM, 42, 7, 8
MM, 50, 13, 7
MM, 53, 13, 8
MM, 55, 16, 9
MM, 57, 16, 8
MM, 58, 18, 7
MM, 60, 20, 17
MM, 64, 24, 8
MM, 66, 25, 15
MM, 68, 26, 9
MM, 68, 27, 8
MM, 69, 28, 39
MM, 71, 30, 8
MM, 78, 34, 9
MM, 89, 37, 8
MM, 100, 40, 7
MM, 124, 40, 329
MM, 124, 39, 24
MM, 123, 36, 7
MM, 123, 33, 7
MM, 123, 31, 8
MM, 123, 29, 9
MM, 122, 27, 8
MM, 121, 26, 8
MC, 1, 248
MM, 121, 25, 7
MM, 121, 23, 10
MM, 128, 1, 46
MM, 1, 21, 18
MM, 11, 11, 6
MM, 24, 2, 8
MM, 40, 29, 8
MM, 7, 22, 9
MM, 27, 15, 7
MM, 22, 7, 17
MM, 13, 1, 16
MM, 30, 0, 8
MM, 30, 31, 40
MM, 31, 31, 49
MM, 30, 31, 153
MM, 42, 0, 23
MM, 40, 1, 7
MM, 38, 3, 8
MM, 37, 4, 16
MM, 36, 5, 8
MM, 35, 5, 32
MM, 34, 5, 9
MM, 33, 5, 16
MM, 32, 7, 8
MM, 30, 7, 7
MM, 27, 8, 8
MM, 23, 11, 9
MM, 20, 11, 8
MM, 17, 13, 7
MM, 16, 13, 25
MM, 16, 14, 81
MC, 1, 118
MM, 14, 14, 32
MM, 12, 14, 8
MM, 10, 13, 8
MM, 9, 12, 8
MM, 2, 7, 7
MM, 36, 0, 18
MM, 20, 26, 16
MM, 16, 11, 15
MM, 38, 8, 8
MM, 9, 3, 8
MC, 1, 656
MM, 43, 0, 248
MM, 0, 7, 137
MM, 1, 8, 7
MM, 8, 12, 8
MM, 12, 14, 8
MM, 15, 16, 9
MM, 17, 16, 8
MM, 18, 17, 7
MM, 19, 17, 49
MM, 20, 18, 15
MM, 21, 19, 8
MM, 22, 19, 9
MM, 23, 19, 8
MM, 25, 20, 7
MM, 26, 21, 72
MC, 1, 96
MM, 29, 17, 40
MM, 30, 12, 8
MM, 33, 6, 8
MM, 36, 0, 8
MC, 1, 457
MM, 7, 7, 119
MM, 7, 19, 8
MM, 7, 30, 8
MM, 7, 0, 7
MM, 7, 14, 64
MM, 8, 29, 64
MM, 8, 31, 9
MM, 101, 0, 64
MM, 101, 1, 16
MM, 101, 3, 88
MM, 103, 5, 8
MM, 103, 6, 16
MM, 103, 7, 120
MM, 104, 8, 72
MM, 104, 10, 16
MM, 104, 11, 136
MM, 105, 11, 17
MM, 105, 12, 40
MC, 1, 168
MM, 105, 8, 64
MM, 105, 2, 7
MM, 17, 29, 16
MM, 20, 21, 8
MM, 0, 9, 192
MM, 2, 7, 8
MM, 33, 29, 32
MM, 34, 27, 9
MM, 35, 26, 6
MM, 36, 26, 58
MM, 36, 28, 55
MM, 36, 29, 17
MM, 21, 1, 32
MM, 21, 2, 6
MM, 21, 3, 18
MM, 21, 4, 32
MM, 21, 5, 7
MM, 20, 5, 7
MM, 20, 7, 26
MM, 20, 8, 15
MM, 20, 9, 104
MM, 20, 10, 8
MM, 20, 11, 8
MM, 20, 12, 24
MM, 20, 13, 49
MM, 17, 14, 240
MM, 2, 13, 7
MM, 46, 12, 8
MM, 43, 12, 8
MM, 42, 11, 33
MM, 39, 11, 15
MM, 38, 11, 8
MM, 36, 11, 9
MM, 34, 11, 8
MM, 29, 11, 7
MM, 22, 11, 8
MM, 13, 11, 7
MM, 6, 11, 9
MM, 43, 14, 15
MM, 37, 17, 9
MM, 33, 19, 8
MM, 30, 19, 8
MM, 25, 22, 8
MM, 21, 23, 9
MM, 18, 24, 7
MM, 15, 26, 7
MM, 11, 26, 8
MM, 4, 27, 9
MM, 43, 30, 24
MM, 41, 30, 8
MM, 36, 30, 9
MM, 27, 30, 8
MM, 20, 30, 7
MM, 9, 30, 8
MM, 0, 28, 8
MM, 38, 28, 9
MM, 28, 27, 7
MM, 22, 25, 8
MM, 18, 25, 7
MM, 14, 25, 9
MM, 12, 25, 9
MM, 10, 25, 87
MM, 9, 25, 48
MM, 8, 25, 57
MM, 7, 25, 7
MM, 6, 24, 8
MM, 5, 24, 17
MM, 4, 24, 7
MM, 1, 23, 8
MM, 41, 16, 24
MM, 37, 14, 8
MM, 35, 14, 7
MM, 34, 13, 8
MM, 33, 13, 17
MM, 32, 13, 160
MC, 1, 104
MM, 33, 13, 97
MM, 40, 15, 6
MM, 2, 20, 8
MM, 12, 25, 8
MM, 22, 7, 24
MM, 4, 16, 8
MM, 31, 22, 9
MM, 3, 27, 15
MM, 10, 27, 8
MM, 11, 27, 17
MM, 14, 27, 25
MM, 22, 27, 7
MM, 33, 27, 7
MM, 20, 27, 18
MM, 42, 27, 7
MM, 1, 27, 8
MM, 11, 27, 8
MM, 12, 27, 8
MM, 13, 27, 9
MM, 13, 26, 64
MM, 13, 25, 15
MM, 13, 24, 24
MM, 12, 23, 8
MM, 11, 22, 33
MM, 10, 21, 15
MM, 7, 20, 16
MM, 0, 18, 17
MM, 39, 14, 16
MM, 30, 12, 14
MM, 28, 11, 8
MM, 25, 11, 8
MM, 23, 11, 8
MM, 22, 11, 8
MM, 21, 11, 153
MM, 19, 11, 352
MM, 16, 7, 8
MM, 12, 4, 7
MM, 3, 2, 9
MM, 7, 31, 40
MM, 3, 31, 8
MM, 40, 31, 31
MM, 37, 31, 9
MM, 34, 31, 8
MM, 32, 31, 8
MM, 29, 31, 8
MM, 28, 30, 17
MM, 22, 30, 39
MM, 14, 30, 8
MM, 2, 27, 8
MM, 41, 26, 8
MM, 29, 26, 8
MM, 20, 26, 8
MM, 15, 25, 9
MM, 14, 25, 7
MM, 13, 23, 201
MM, 13, 22, 32
MM, 13, 20, 32
MC, 1, 159
MM, 13, 18, 48
MM, 13, 14, 8
MM, 15, 8, 9
MM, 15, 5, 7
MM, 15, 1, 8
MC, 1, 401
MM, 33, 1, 215
MM, 33, 3, 8
MM, 35, 6, 10
MM, 36, 8, 6
MM, 36, 9, 17
MM, 36, 11, 195
MM, 36, 12, 133
MC, 1, 88
MM, 38, 13, 136
MM, 39, 14, 15
MM, 42, 17, 9
MM, 2, 22, 32
MM, 10, 24, 7
MM, 20, 24, 8
MM, 29, 25, 8
MM, 42, 25, 8
MM, 15, 25, 8
MM, 43, 30, 8
MM, 36, 29, 49
MM, 48, 29, 7
MM, 269, 0, 3370
MM, 269, 1, 6
MM, 269, 2, 8
MM, 269, 3, 71
MM, 269, 6, 8
MM, 271, 8, 8
MM, 276, 12, 8
MM, 285, 17, 8
MM, 292, 20, 8
MM, 298, 22, 8
MM, 305, 26, 8
MM, 310, 27, 8
MM, 316, 30, 8
MM, 321, 31, 8
MM, 328, 34, 8
MM, 333, 36, 8
MM, 337, 37, 8
MM, 339, 39, 8
MM, 343, 39, 8
MM, 347, 39, 8
MM, 368, 44, 16
MM, 383, 47, 8
MM, 396, 53, 8
MM, 406, 56, 8
MM, 417, 58, 8
MM, 424, 62, 9
MM, 427, 62, 7
MM, 427, 63, 8
MM, 428, 63, 16
MM, 49, 3, 256
MM, 53, 9, 8
MM, 55, 14, 16
MM, 56, 15, 8
MM, 56, 17, 8
MM, 56, 18, 25
MM, 57, 20, 23
MM, 57, 21, 8
MM, 57, 23, 16
MM, 57, 24, 9
MM, 58, 25, 16
MM, 178, 29, 182687
MM, 6, 14, 313
MM, 177, 41, 87
MM, 36, 29, 24
MM, 3, 2, 18
MM, 9, 4, 7
MM, 11, 5, 8
MM, 13, 5, 8
MM, 18, 6, 9
MM, 25, 6, 6
MM, 33, 8, 8
MM, 6, 9, 17
MM, 19, 13, 8
MM, 34, 15, 7
MM, 16, 19, 17
MM, 29, 21, 8
MM, 42, 22, 7
MM, 6, 18, 42
MM, 12, 20, 6
MM, 20, 20, 8
MM, 27, 20, 8
MM, 31, 20, 8
MM, 34, 20, 8
MM, 35, 20, 8
MM, 36, 20, 121
MM, 37, 18, 40
MM, 38, 17, 8
MM, 40, 17, 8
MM, 41, 17, 16
MM, 44, 17, 8
MM, 48, 16, 7
MM, 54, 16, 8
MM, 61, 16, 8
MM, 67, 16, 10
MM, 73, 16, 6
MM, 77, 16, 8
MM, 78, 16, 8
MM, 79, 15, 9
MM, 80, 15, 281
MM, 80, 16, 231
