**********************************
LOGGING TIME: 20180908_223837
CLIENT IP: 192.168.56.1
USERNAME: Nikhil
OS: Windows 10
*********************Neutral database**********************************
MM, 160, 57, 1537598292206
MM, 156, 45, 7
MM, 152, 35, 7
MM, 148, 26, 8
MM, 143, 15, 8
MM, 140, 6, 9
MM, 178, 29, 334
MM, 174, 23, 8
MM, 173, 19, 9
MM, 170, 17, 7
MM, 168, 13, 8
MM, 166, 9, 8
MM, 163, 4, 8
MM, 138, 19, 32
MM, 132, 12, 9
MM, 126, 5, 7
MM, 109, 4, 590
MM, 116, 20, 29
MM, 116, 23, 9717
MC, 1, 6970
MM, 261, 4, 20993
MM, 270, 11, 6
MM, 275, 16, 9
MM, 278, 19, 8
MM, 279, 19, 7
MM, 280, 19, 99
MM, 39, 6, 734
MM, 0, 29, 6
MM, 5, 2, 8
MM, 9, 13, 9
MM, 13, 20, 8
MM, 16, 27, 9
MC, 1, 529
MM, 5, 3, 71
MM, 16, 29, 7
MM, 26, 19, 7
MM, 40, 6, 9
MC, 1, 825
MM, 31, 2, 40
MM, 11, 30, 16
MM, 25, 1, 7
MM, 28, 5, 8
MM, 32, 8, 10
MM, 33, 10, 6
MM, 34, 10, 25
MM, 35, 10, 15
MM, 38, 10, 10
MM, 41, 10, 8
MM, 2, 10, 175
MM, 9, 11, 7
MM, 22, 12, 9
MM, 41, 12, 8
MM, 7, 11, 7
MM, 29, 11, 10
MM, 6, 6, 6
MM, 33, 0, 8
MM, 22, 20, 801
MM, 8, 20, 7
MM, 33, 20, 9
MM, 5, 20, 7
MM, 17, 20, 9
MM, 29, 20, 7
MM, 2, 24, 16
MM, 35, 2, 33
MM, 30, 2, 7
MM, 27, 2, 7
MM, 25, 1, 42
MM, 16, 24, 49
MM, 22, 9, 264
MM, 36, 14, 7
MM, 2, 19, 16
MM, 2, 20, 8
MM, 2, 22, 23
MM, 0, 24, 9
MM, 43, 29, 41
MM, 42, 30, 16
MM, 40, 30, 31
MM, 39, 30, 17
MM, 38, 30, 7
MM, 38, 31, 8
MM, 39, 31, 104
MM, 39, 29, 7
MM, 39, 26, 9
MM, 39, 25, 8
MM, 39, 24, 7
MM, 39, 23, 8
MM, 38, 21, 31
MM, 38, 20, 16
MM, 37, 19, 9
MM, 36, 17, 9
MM, 34, 16, 7
MM, 33, 15, 15
MC, 1, 209
MM, 33, 17, 24
MM, 34, 21, 8
MM, 22, 13, 88
MM, 18, 27, 7
MM, 17, 4, 8
MM, 18, 14, 8
MM, 12, 19, 8
MM, 4, 24, 8
MM, 25, 27, 8
MM, 43, 30, 8
MM, 1, 32, 113
MM, 5, 35, 10
MM, 25, 9, 118
MM, 26, 17, 16
MM, 16, 9, 121
MM, 19, 9, 7
MM, 21, 9, 8
MM, 23, 9, 8
MM, 24, 10, 9
MM, 23, 12, 79
MM, 23, 17, 8
MM, 23, 22, 9
MM, 23, 29, 8
MM, 32, 6, 24
MM, 34, 11, 7
MM, 35, 12, 8
MM, 35, 13, 8
MM, 36, 14, 74
MM, 37, 14, 6
MM, 39, 17, 10
MM, 42, 17, 6
MM, 0, 19, 26
MM, 1, 19, 7
MM, 2, 19, 8
MM, 4, 19, 25
MM, 6, 19, 15
MM, 8, 20, 8
MM, 11, 22, 7
MM, 15, 22, 10
MM, 21, 23, 8
MM, 27, 23, 6
MM, 31, 23, 9
MM, 34, 23, 8
MM, 35, 23, 7
MC, 1, 265
MM, 33, 23, 7
MM, 29, 23, 7
MM, 20, 21, 9
MM, 10, 21, 7
MM, 1, 20, 9
MM, 42, 19, 17
MM, 36, 19, 7
MM, 28, 19, 9
MM, 6, 20, 105
MM, 0, 10, 166
MM, 13, 8, 8
MM, 23, 7, 9
MM, 35, 7, 8
MM, 44, 7, 7
MM, 54, 7, 17
MM, 56, 7, 168
MM, 58, 7, 7
MM, 61, 7, 8
MM, 63, 7, 7
MM, 65, 7, 10
MM, 66, 7, 16
MM, 66, 8, 22
MM, 68, 14, 42
MM, 69, 15, 15
MM, 69, 16, 49
MM, 70, 16, 6
MM, 71, 17, 9
MM, 72, 17, 8
MM, 74, 18, 9
MM, 77, 20, 7
MM, 78, 20, 9
MM, 82, 23, 64
MM, 83, 23, 25
MM, 84, 23, 55
MM, 77, 9, 311
MM, 30, 29, 23
MM, 30, 27, 9
MM, 30, 23, 8
MM, 27, 13, 8
MM, 27, 5, 9
MM, 27, 27, 16
MM, 27, 18, 6
MM, 27, 7, 10
MC, 1, 864
MM, 30, 3, 71
MM, 43, 16, 8
MM, 0, 26, 8
MM, 23, 0, 16
MM, 24, 0, 9
MM, 25, 0, 8
MM, 26, 0, 32
MM, 24, 31, 39
MM, 24, 30, 48
MM, 24, 29, 105
MM, 23, 28, 8
MM, 23, 27, 7
MM, 22, 27, 9
MM, 22, 26, 15
MC, 1, 193
MM, 20, 26, 17
MM, 12, 22, 6
MM, 5, 19, 8
MM, 1, 18, 9
MM, 42, 10, 24
MM, 35, 7, 8
MM, 28, 4, 7
MM, 20, 2, 7
MM, 14, 0, 9
MC, 1, 552
MM, 19, 3, 66
MM, 27, 25, 6
MM, 36, 10, 8
MM, 45, 3, 16
MM, 49, 10, 9
MM, 52, 15, 7
MM, 55, 20, 9
MM, 59, 25, 8
MM, 61, 26, 8
MM, 61, 27, 7
MM, 62, 28, 10
MM, 62, 29, 22
MM, 63, 29, 33
MM, 64, 29, 31
MM, 65, 29, 65
MM, 66, 29, 71
MM, 68, 29, 16
MM, 70, 29, 18
MM, 71, 29, 15
MC, 1, 183
MM, 66, 27, 16
MM, 57, 21, 9
MM, 13, 6, 64
MM, 6, 0, 7
MM, 0, 30, 8
MM, 39, 24, 17
MM, 38, 22, 8
MM, 37, 21, 40
MM, 36, 20, 7
MM, 34, 18, 9
MM, 31, 16, 8
MM, 22, 12, 8
MM, 16, 8, 7
MM, 14, 7, 9
MM, 12, 5, 8
MM, 11, 4, 15
MM, 11, 3, 41
MM, 11, 2, 8
MM, 14, 2, 94
MM, 16, 3, 17
MM, 17, 5, 15
MM, 20, 8, 9
MM, 23, 10, 9
MM, 25, 13, 8
MM, 30, 16, 7
MM, 34, 19, 8
MM, 37, 20, 8
MM, 37, 21, 9
MC, 1, 232
MM, 36, 22, 7
MM, 35, 21, 33
MM, 35, 20, 16
MM, 35, 17, 9
MM, 40, 13, 6
MM, 3, 2, 17
MM, 8, 29, 64
MM, 23, 27, 7
MM, 35, 25, 10
MM, 2, 25, 14
MM, 11, 25, 8
MM, 16, 24, 10
MM, 24, 24, 5
MM, 30, 24, 9
MM, 36, 24, 9
MM, 40, 24, 9
MM, 43, 24, 6
MM, 42, 24, 112
MM, 38, 26, 9
MM, 33, 30, 8
MM, 14, 0, 40
MM, 13, 0, 24
MM, 11, 0, 56
MM, 10, 0, 8
MM, 15, 27, 32
MM, 12, 24, 7
MM, 10, 22, 8
MM, 7, 18, 9
MM, 4, 14, 8
MM, 1, 14, 8
MM, 0, 14, 183
MM, 2, 16, 8
MM, 3, 16, 23
MM, 4, 16, 25
MM, 5, 16, 16
MM, 6, 17, 16
MM, 7, 17, 32
MM, 9, 18, 90
MC, 1, 86
MM, 8, 20, 40
MM, 8, 23, 8
MM, 8, 27, 9
MM, 43, 0, 24
MM, 43, 1, 9
MM, 43, 3, 6
MM, 43, 4, 8
MM, 42, 6, 9
MM, 42, 9, 8
MM, 41, 13, 8
MM, 40, 16, 6
MM, 39, 20, 10
MM, 38, 26, 7
MM, 37, 29, 9
MM, 37, 30, 6
MM, 33, 1, 107
MM, 33, 2, 8
MM, 33, 3, 14
MM, 32, 4, 10
MM, 31, 5, 6
MM, 30, 6, 9
MM, 30, 7, 9
MM, 29, 9, 6
MM, 29, 10, 8
MM, 29, 11, 9
MM, 29, 13, 9
MM, 27, 14, 6
MC, 1, 168
MM, 24, 14, 17
MM, 21, 14, 8
MM, 20, 14, 7
MM, 15, 16, 10
MM, 12, 23, 6
MM, 9, 29, 9
MM, 140, 2, 16
MM, 136, 7, 8
MM, 132, 13, 7
MM, 130, 17, 8
MM, 127, 23, 9
MM, 127, 24, 8
MM, 127, 26, 8
MM, 127, 28, 80
MM, 127, 29, 24
MC, 1, 200
MM, 128, 27, 16
MM, 128, 24, 8
MM, 126, 20, 8
MM, 125, 15, 7
MM, 121, 10, 9
MM, 119, 7, 8
MM, 116, 2, 8
MM, 20, 28, 15
MM, 13, 17, 8
MM, 5, 7, 8
MM, 39, 28, 18
MM, 34, 23, 6
MM, 33, 20, 8
MM, 31, 18, 9
MM, 31, 16, 8
MM, 31, 15, 6
MM, 30, 12, 10
MM, 30, 11, 7
MM, 30, 8, 9
MM, 28, 4, 6
MM, 1, 20, 411
MM, 14, 20, 6
MM, 27, 20, 8
MM, 7, 20, 18
MM, 22, 20, 6
MM, 35, 20, 9
MM, 43, 20, 7
MM, 1, 20, 17
MM, 2, 20, 8
MM, 3, 20, 24
MM, 4, 20, 7
MM, 4, 21, 8
MM, 6, 21, 17
MM, 6, 22, 8
MM, 8, 23, 6
MC, 1, 346
MM, 5, 23, 17
MM, 37, 22, 15
MM, 22, 21, 8
MM, 17, 21, 9
MM, 9, 21, 6
MM, 1, 20, 9
MM, 40, 19, 7
MM, 32, 17, 8
MM, 25, 16, 9
MM, 18, 16, 8
MM, 10, 16, 6
MM, 0, 16, 10
MM, 41, 1, 64
MM, 39, 2, 7
MM, 37, 2, 122
MM, 36, 2, 70
MM, 34, 2, 32
MM, 32, 2, 8
MM, 29, 2, 8
MM, 25, 2, 7
MM, 20, 2, 8
MM, 16, 2, 9
MM, 13, 2, 7
MM, 12, 2, 58
MM, 10, 2, 8
MM, 7, 3, 7
MM, 3, 4, 8
MM, 43, 6, 18
MM, 42, 7, 6
MM, 40, 7, 88
MM, 40, 8, 201
MM, 40, 9, 104
MC, 1, 120
MM, 41, 9, 16
MM, 43, 8, 6
MM, 0, 1, 49
MM, 1, 0, 8
MC, 1, 561
MM, 42, 0, 320
MM, 42, 1, 16
MM, 40, 2, 16
MM, 40, 3, 7
MM, 38, 7, 24
MM, 38, 8, 7
MM, 37, 9, 8
MM, 37, 10, 8
MM, 34, 12, 9
MM, 33, 12, 16
MM, 32, 13, 8
MC, 1, 201
MM, 32, 14, 33
MM, 32, 16, 7
MM, 32, 18, 7
MM, 35, 21, 8
MM, 38, 26, 9
MM, 42, 29, 9
MM, 8, 7, 23
MM, 18, 16, 8
MM, 30, 28, 7
MM, 35, 1, 8
MM, 52, 14, 9
MM, 61, 21, 7
MM, 68, 26, 9
MM, 70, 27, 6
MM, 72, 30, 10
MM, 74, 30, 55
MM, 77, 30, 8
MM, 82, 31, 8
MM, 84, 32, 7
MM, 89, 32, 9
MM, 92, 32, 8
MM, 93, 32, 8
MM, 96, 32, 8
MM, 96, 30, 56
MM, 97, 29, 16
MM, 99, 27, 9
MM, 100, 26, 6
MM, 102, 23, 9
MM, 103, 21, 8
MM, 104, 21, 9
MM, 105, 21, 64
MM, 106, 21, 64
MC, 1, 80
MM, 105, 21, 48
MM, 106, 21, 6
MM, 113, 16, 9
MM, 129, 5, 8
MM, 9, 26, 16
MM, 17, 18, 7
MM, 24, 12, 8
MM, 34, 5, 8
MM, 17, 28, 34
MM, 23, 27, 7
MM, 29, 26, 8
MM, 33, 25, 7
MM, 36, 24, 10
MM, 37, 23, 15
MM, 38, 23, 16
MM, 39, 22, 17
MM, 39, 21, 7
MM, 39, 18, 8
MM, 39, 17, 8
MM, 39, 14, 9
MM, 39, 10, 6
MM, 39, 9, 9
MM, 39, 7, 9
MM, 39, 6, 7
MM, 39, 4, 10
MM, 40, 2, 6
MM, 13, 30, 26
MM, 14, 29, 6
MM, 15, 27, 8
MM, 15, 25, 25
MM, 15, 24, 7
MM, 15, 23, 8
MM, 14, 21, 8
MM, 13, 21, 16
MM, 12, 20, 32
MM, 12, 19, 113
MC, 1, 168
MM, 11, 19, 7
MM, 9, 19, 8
MM, 8, 21, 8
MM, 43, 29, 17
MM, 20, 0, 8
MM, 15, 6, 7
MM, 8, 15, 8
MM, 2, 21, 7
MM, 43, 31, 17
MM, 42, 0, 8
MM, 38, 8, 8
MM, 35, 18, 9
MM, 29, 25, 7
MM, 26, 31, 9
MM, 25, 31, 263
MM, 25, 27, 8
MM, 25, 25, 8
MM, 25, 22, 8
MM, 25, 20, 7
MC, 1, 241
MM, 24, 20, 24
MM, 23, 21, 17
MM, 23, 23, 8
MM, 23, 26, 8
MM, 23, 27, 7
MM, 23, 29, 8
MM, 23, 30, 7
MM, 23, 31, 16
MM, 163, 0, 65
MM, 163, 3, 8
MM, 163, 5, 7
MM, 163, 7, 9
MM, 163, 8, 8
MM, 163, 9, 7
MM, 163, 10, 9
MM, 163, 11, 10
MC, 1, 231
MM, 162, 11, 15
MM, 159, 10, 8
MM, 155, 4, 9
MM, 41, 12, 65
MM, 41, 7, 14
MM, 40, 6, 16
MM, 40, 3, 8
MM, 40, 2, 8
MC, 1, 345
MM, 38, 0, 112
MM, 39, 3, 7
MM, 41, 6, 8
MM, 42, 7, 7
MM, 44, 10, 8
MM, 46, 13, 9
MM, 0, 19, 89
MM, 1, 19, 16
MM, 2, 19, 39
MC, 1, 145
MM, 1, 19, 15
MM, 39, 9, 16
MM, 28, 2, 8
MM, 36, 25, 73
MM, 24, 23, 7
MM, 14, 20, 8
MM, 8, 19, 8
MM, 7, 19, 7
MM, 7, 20, 113
MM, 9, 21, 8
MM, 13, 24, 8
MM, 20, 26, 9
MM, 26, 30, 7
MC, 1, 537
MM, 37, 1, 71
MM, 0, 22, 8
MM, 13, 4, 8
MM, 21, 14, 8
MM, 29, 22, 8
MM, 35, 29, 9
MM, 37, 31, 8
MM, 88, 0, 95
MM, 91, 3, 7
MM, 94, 6, 8
MM, 98, 9, 10
MM, 98, 10, 8
MM, 99, 11, 8
MM, 100, 11, 22
MM, 101, 12, 9
MM, 102, 13, 80
MC, 1, 145
MM, 101, 12, 49
MM, 96, 10, 6
MM, 94, 9, 9
MM, 92, 9, 9
MM, 92, 8, 7
MM, 91, 8, 7
MM, 90, 6, 8
MM, 89, 4, 8
MM, 88, 3, 9
MM, 87, 1, 8
MM, 86, 0, 7
MM, 2, 30, 104
MM, 2, 28, 9
MM, 1, 25, 8
MM, 38, 6, 24
MM, 23, 30, 16
MM, 12, 22, 7
MM, 3, 16, 9
MM, 43, 10, 7
MM, 32, 6, 8
MM, 30, 5, 8
MM, 29, 4, 8
MM, 30, 4, 65
MM, 31, 6, 8
MM, 32, 6, 9
MM, 32, 7, 6
MM, 33, 9, 10
MM, 34, 11, 7
MM, 35, 12, 8
MM, 36, 14, 8
MM, 37, 15, 9
MM, 37, 16, 15
MM, 38, 16, 72
MM, 38, 15, 40
MM, 38, 14, 88
MM, 38, 13, 15
MM, 37, 12, 16
MM, 34, 11, 9
MM, 30, 8, 7
MM, 21, 7, 8
MM, 14, 4, 8
MM, 10, 3, 9
MC, 1, 503
MM, 41, 1, 65
MM, 38, 8, 7
MM, 35, 17, 7
MM, 34, 22, 9
MM, 31, 28, 8
MM, 30, 31, 8
MM, 25, 31, 58
MM, 15, 26, 14
MM, 7, 23, 8
MM, 1, 19, 8
MM, 39, 15, 16
MM, 38, 15, 16
MM, 37, 14, 49
MM, 37, 13, 47
MM, 36, 11, 17
MM, 35, 11, 7
MM, 32, 8, 8
MM, 28, 7, 7
MM, 27, 7, 82
MM, 27, 8, 64
MM, 29, 8, 288
MM, 32, 8, 16
MM, 33, 8, 6
MM, 35, 8, 8
MM, 39, 10, 8
MM, 2, 14, 17
MM, 8, 15, 9
MM, 12, 16, 7
MM, 15, 17, 9
MM, 16, 17, 6
MM, 17, 17, 27
MM, 19, 18, 14
MM, 20, 19, 8
MM, 23, 21, 9
MM, 29, 23, 7
MM, 36, 25, 8
MM, 43, 26, 8
MM, 43, 25, 210
MM, 34, 22, 22
MM, 33, 22, 8
MM, 31, 21, 16
MM, 30, 20, 17
MM, 29, 19, 6
MC, 1, 217
MM, 29, 16, 17
MM, 35, 11, 8
MM, 43, 6, 6
MM, 40, 0, 1041
MM, 36, 11, 8
MM, 29, 21, 8
MM, 21, 1, 16
MM, 19, 5, 8
MM, 17, 7, 8
MM, 17, 9, 48
MM, 17, 11, 9
MM, 17, 14, 7
MM, 17, 19, 9
MM, 19, 25, 7
MM, 20, 28, 9
MM, 62, 1, 16
MM, 62, 4, 7
MM, 62, 6, 8
MM, 63, 8, 8
MM, 64, 10, 49
MM, 66, 14, 7
MM, 69, 17, 8
MM, 72, 22, 9
MM, 72, 23, 6
MM, 73, 26, 9
MM, 73, 27, 7
MM, 74, 26, 178
MC, 1, 128
MM, 70, 23, 16
MM, 66, 19, 7
MM, 58, 13, 8
MM, 49, 6, 8
MM, 38, 26, 24
MM, 34, 23, 8
MM, 32, 22, 8
MM, 32, 21, 8
MM, 31, 21, 8
MM, 31, 20, 18
MM, 29, 19, 6
MM, 28, 18, 8
MM, 27, 17, 9
MM, 23, 16, 7
MM, 19, 13, 9
MM, 11, 12, 6
MM, 3, 9, 9
MM, 38, 4, 17
MM, 30, 2, 7
MM, 1, 31, 41
MM, 0, 30, 32
MM, 0, 29, 32
MM, 0, 28, 63
MM, 42, 9, 354
MM, 41, 10, 47
MM, 41, 11, 65
MM, 41, 12, 127
MM, 41, 13, 7
MC, 1, 91
MM, 42, 13, 5
MM, 4, 16, 25
MM, 20, 25, 64
MM, 35, 28, 7
MM, 1, 31, 8
MM, 6, 1, 24
MM, 19, 2, 7
MM, 29, 5, 8
MM, 38, 5, 9
MM, 43, 6, 8
MM, 0, 6, 105
MM, 1, 6, 16
MM, 4, 6, 8
MM, 8, 6, 7
MM, 11, 6, 8
MM, 14, 6, 8
MM, 16, 6, 10
MM, 17, 6, 31
MM, 18, 6, 7
MM, 19, 6, 9
MM, 23, 7, 6
MM, 28, 10, 9
MM, 32, 11, 8
MM, 37, 11, 8
MM, 38, 11, 7
MM, 39, 11, 8
MM, 40, 11, 25
MM, 41, 11, 8
MM, 43, 11, 8
MM, 43, 11, 87
MM, 42, 11, 9
MM, 40, 11, 7
MM, 38, 11, 9
MM, 36, 11, 7
MM, 35, 11, 9
MM, 31, 14, 8
MM, 28, 15, 7
MM, 26, 15, 8
MM, 23, 17, 9
MM, 21, 18, 9
MM, 20, 18, 6
MM, 18, 18, 8
MC, 1, 209
MM, 17, 18, 25
MM, 15, 17, 7
MM, 7, 13, 8
MM, 39, 1, 15
MM, 14, 28, 18
MM, 3, 23, 6
MM, 42, 21, 9
MM, 35, 20, 7
MM, 27, 18, 9
MM, 24, 18, 8
MM, 23, 18, 8
MM, 22, 17, 72
MM, 19, 15, 144
MM, 14, 15, 9
MM, 8, 14, 8
MM, 0, 13, 9
MM, 42, 12, 6
MM, 36, 12, 8
MM, 35, 12, 8
MM, 34, 12, 16
MM, 33, 12, 81
MM, 33, 13, 15
MC, 1, 304
MM, 35, 13, 41
MM, 40, 20, 15
MM, 1, 31, 17
MM, 12, 2, 16
MM, 17, 7, 7
MM, 22, 13, 8
MM, 31, 25, 16
MM, 34, 30, 9
MM, 75, 0, 24
MM, 75, 1, 7
MM, 75, 2, 39
MM, 76, 4, 8
MM, 76, 6, 16
MM, 76, 7, 16
MM, 77, 7, 25
MM, 78, 9, 15
MM, 79, 10, 8
MM, 80, 11, 8
MM, 83, 16, 16
MM, 84, 19, 8
MM, 86, 22, 8
MM, 87, 23, 9
MC, 1, 225
MM, 76, 14, 23
MM, 3, 24, 32
MM, 43, 15, 24
MM, 25, 31, 112
MM, 21, 28, 16
MM, 20, 28, 8
MM, 16, 27, 24
MM, 14, 26, 8
MM, 13, 26, 32
MM, 12, 26, 16
MM, 10, 26, 8
MM, 5, 25, 16
MM, 37, 21, 16
MM, 32, 21, 8
MM, 24, 20, 16
MM, 23, 17, 383
MM, 24, 16, 8
MM, 29, 9, 16
MM, 33, 5, 8
MC, 1, 521
MM, 26, 0, 713
MM, 22, 1, 6
MM, 11, 4, 17
MM, 9, 5, 8
MM, 8, 5, 17
MM, 7, 5, 39
MM, 6, 5, 8
MM, 2, 5, 8
MM, 41, 5, 25
MM, 37, 5, 7
MM, 36, 5, 65
MC, 1, 369
MM, 35, 5, 39
MM, 37, 8, 6
MM, 1, 20, 18
MM, 6, 26, 7
MM, 9, 31, 8
MM, 12, 1, 32
MM, 15, 5, 8
MM, 19, 9, 9
MM, 24, 14, 8
MM, 27, 17, 7
MM, 32, 20, 9
MM, 40, 25, 8
MM, 43, 0, 32
MM, 45, 1, 8
MM, 45, 2, 8
MM, 45, 3, 15
MM, 46, 3, 9
MM, 48, 3, 16
MM, 50, 3, 7
MM, 52, 4, 9
MM, 53, 4, 7
MM, 57, 7, 9
MM, 62, 8, 7
MM, 64, 10, 8
MM, 65, 10, 9
MM, 66, 11, 72
MM, 67, 11, 7
MM, 68, 11, 8
MM, 69, 11, 55
MM, 69, 12, 8
MM, 70, 12, 9
MM, 72, 12, 256
MM, 72, 11, 10
MM, 77, 9, 8
MM, 85, 8, 7
MM, 95, 6, 6
MM, 107, 5, 10
MM, 115, 3, 8
MM, 122, 1, 8
MM, 8, 31, 71
MM, 13, 27, 8
MM, 20, 24, 9
MM, 28, 19, 8
MM, 37, 16, 7
MM, 2, 10, 33
MM, 2, 9, 56
MM, 4, 6, 8
MM, 10, 2, 8
MM, 36, 30, 38
MM, 41, 27, 8
MM, 0, 22, 18
MM, 3, 20, 6
MM, 5, 18, 9
MM, 6, 18, 16
MM, 5, 17, 65
MM, 3, 15, 16
MM, 3, 14, 80
MM, 2, 14, 8
MM, 1, 14, 15
MM, 0, 14, 9
MM, 12, 31, 65
MM, 12, 29, 7
MM, 12, 28, 7
MM, 13, 27, 7
MM, 14, 27, 18
MM, 15, 27, 7
MM, 16, 27, 17
MM, 17, 26, 8
MM, 18, 26, 32
MM, 18, 25, 15
MM, 18, 24, 17
MM, 18, 22, 8
MM, 18, 21, 7
MM, 18, 18, 8
MM, 18, 17, 9
MC, 1, 170
MM, 16, 17, 5
MM, 13, 19, 8
MM, 8, 21, 8
MM, 2, 27, 8
MM, 28, 1, 16
MM, 24, 8, 8
MM, 20, 13, 8
MM, 18, 17, 8
MM, 16, 20, 8
MM, 14, 23, 8
MM, 11, 27, 8
MM, 9, 29, 7
MM, 4, 31, 16
MM, 34, 0, 90
MM, 32, 2, 24
MM, 31, 4, 7
MM, 30, 5, 8
MM, 29, 7, 17
MM, 29, 8, 24
MM, 28, 8, 16
MM, 28, 9, 41
MC, 1, 182
MM, 27, 10, 32
MM, 25, 11, 8
MM, 23, 15, 16
MM, 19, 21, 8
MM, 15, 27, 8
MM, 149, 3, 24
MM, 148, 7, 8
MM, 148, 9, 8
MM, 148, 10, 8
MM, 148, 11, 26
MM, 148, 12, 126
MM, 149, 13, 7
MM, 149, 14, 9
MM, 150, 14, 65
MM, 150, 12, 199
MM, 150, 6, 8
MM, 149, 0, 7
MM, 3, 27, 17
MM, 1, 20, 8
MM, 40, 2, 16
MM, 29, 23, 7
MM, 22, 10, 8
MC, 1, 642
MM, 38, 1, 177
MM, 38, 2, 6
MM, 39, 3, 8
MM, 40, 4, 25
MM, 41, 5, 23
MM, 43, 6, 9
MM, 43, 7, 6
MM, 45, 8, 9
MM, 0, 13, 64
MM, 2, 14, 40
MM, 3, 14, 8
MM, 4, 15, 8
MM, 5, 16, 17
MM, 6, 16, 32
MM, 6, 17, 191
MM, 4, 17, 8
MM, 1, 17, 8
MM, 41, 13, 17
MM, 33, 10, 7
MM, 22, 7, 8
MM, 12, 2, 8
MM, 4, 1, 8
MC, 1, 649
MM, 39, 6, 72
MM, 4, 3, 24
MM, 7, 14, 8
MM, 9, 23, 6
MM, 12, 30, 9
MM, 55, 3, 17
MM, 56, 5, 7
MM, 57, 6, 17
MM, 58, 6, 7
MM, 60, 8, 7
MM, 61, 9, 9
MM, 64, 11, 8
MM, 66, 12, 8
MM, 68, 14, 7
MM, 69, 14, 9
MM, 71, 15, 8
MM, 72, 15, 8
MM, 73, 16, 7
MM, 74, 16, 9
MM, 76, 16, 105
MC, 1, 168
MM, 75, 13, 23
MM, 70, 6, 8
MM, 15, 21, 17
MM, 5, 9, 7
MM, 30, 23, 18
MM, 10, 4, 6
MM, 36, 31, 33
MM, 33, 30, 6
MM, 33, 28, 9
MM, 33, 27, 41
MM, 34, 25, 16
MM, 36, 21, 7
MM, 37, 21, 17
MM, 39, 21, 47
MM, 40, 21, 104
MM, 41, 23, 8
MC, 1, 888
MM, 39, 0, 153
MM, 38, 2, 7
MM, 37, 3, 8
MM, 35, 4, 8
MM, 35, 5, 16
MM, 34, 5, 80
MM, 33, 6, 48
MM, 32, 6, 41
MM, 32, 7, 64
MM, 39, 6, 160
MM, 43, 5, 7
MM, 3, 0, 16
MM, 6, 17, 128
MM, 14, 15, 8
MM, 16, 15, 8
MM, 18, 15, 8
MM, 20, 14, 55
MM, 21, 14, 26
MM, 22, 14, 6
MM, 25, 13, 8
MM, 28, 11, 8
MM, 31, 11, 9
MM, 34, 11, 7
MM, 36, 11, 9
MM, 37, 11, 17
MM, 38, 11, 6
MM, 39, 11, 26
MM, 40, 11, 6
MM, 3, 9, 26
MM, 7, 9, 7
MM, 9, 9, 8
MM, 8, 9, 73
MM, 6, 9, 7
MM, 2, 9, 8
MM, 41, 16, 15
MM, 38, 18, 8
MM, 30, 22, 8
MM, 21, 26, 9
MM, 17, 28, 7
MM, 11, 31, 9
MM, 10, 31, 17
MM, 8, 31, 120
MM, 8, 30, 7
MM, 8, 28, 8
MM, 8, 27, 8
MM, 8, 26, 24
MM, 8, 24, 8
MM, 11, 24, 8
MM, 17, 23, 8
MM, 23, 21, 8
MM, 26, 19, 8
MM, 28, 18, 9
MM, 31, 17, 7
MM, 31, 16, 25
MM, 30, 16, 25
MM, 28, 15, 6
MM, 26, 15, 7
MM, 20, 13, 8
MM, 15, 13, 8
MM, 8, 12, 8
MM, 1, 12, 9
MC, 1, 328
MM, 1, 26, 57
MM, 25, 2, 24
MM, 35, 5, 7
MM, 43, 7, 9
MM, 2, 11, 14
MM, 6, 13, 8
MM, 8, 14, 8
MM, 12, 15, 8
MM, 14, 16, 9
MM, 17, 17, 8
MM, 20, 17, 7
MM, 26, 19, 17
MM, 29, 20, 8
MM, 31, 20, 7
MM, 32, 22, 50
MM, 38, 23, 7
MM, 38, 26, 120
MM, 38, 27, 8
MM, 38, 28, 8
MM, 38, 30, 8
MM, 38, 1, 80
MM, 39, 2, 15
MM, 40, 4, 8
MM, 40, 5, 8
MM, 41, 6, 8
MM, 42, 6, 17
MM, 43, 6, 32
MM, 0, 5, 24
MM, 5, 5, 8
MM, 20, 5, 8
MM, 32, 8, 16
MM, 39, 9, 8
MM, 1, 18, 272
MM, 3, 18, 8
MM, 5, 18, 65
MM, 6, 18, 7
MM, 7, 17, 9
MM, 9, 17, 6
MM, 11, 17, 9
MM, 14, 16, 7
MM, 16, 15, 26
MM, 14, 15, 262
MM, 12, 15, 138
MM, 10, 13, 16
MM, 10, 12, 7
MM, 10, 11, 15
MM, 10, 10, 9
MM, 10, 9, 16
MM, 10, 8, 8
MM, 11, 7, 8
MM, 13, 7, 8
MM, 16, 7, 8
MM, 17, 6, 8
MM, 18, 6, 8
MM, 21, 5, 225
MM, 22, 5, 32
MM, 23, 4, 57
MM, 24, 4, 6
MM, 28, 4, 200
MM, 29, 3, 8
MM, 32, 2, 8
MM, 36, 2, 8
MM, 39, 2, 56
MM, 42, 2, 8
MM, 43, 2, 88
MM, 386, 4, 352634
MM, 380, 10, 6
MM, 369, 21, 16
MM, 360, 27, 16
MM, 343, 35, 16
MM, 332, 41, 9
MM, 319, 46, 7
MM, 303, 52, 8
MM, 278, 60, 16
MM, 289, 59, 201
MM, 315, 25, 7
MM, 464, 60, 496
MM, 92, 11, 592
MM, 93, 18, 8
MM, 93, 23, 17
