**********************************
LOGGING TIME: 20180923_155700
CLIENT IP: 192.168.56.1
USERNAME: Nikhil
OS: Windows 10
*********************Neutral database**********************************
MM, 64, 47, 1537598292081
MM, 60, 43, 9
MM, 57, 38, 7
MM, 54, 35, 9
MM, 49, 30, 7
MM, 45, 24, 9
MM, 41, 20, 7
MM, 38, 15, 8
MM, 34, 12, 8
MM, 32, 10, 8
MM, 31, 6, 9
MM, 29, 3, 8
MM, 28, 0, 9
MM, 77, 26, 367
MM, 76, 23, 8
MM, 75, 20, 8
MM, 74, 17, 9
MM, 73, 14, 8
MM, 72, 11, 8
MM, 71, 9, 7
MM, 70, 8, 8
MM, 69, 6, 8
MM, 69, 5, 16
MM, 68, 4, 33
MM, 68, 3, 15
MM, 68, 2, 17
MM, 68, 1, 16
MM, 70, 2, 5717
MM, 73, 3, 24
MM, 77, 3, 24
MM, 81, 5, 23
MM, 81, 6, 154
MM, 81, 7, 30
MM, 81, 8, 25
MM, 81, 9, 15
MM, 81, 13, 15
MM, 81, 15, 16
MM, 81, 16, 16
MM, 81, 17, 17
MM, 81, 18, 7
MM, 81, 20, 24
MM, 82, 23, 32
MC, 1, 456
MM, 88, 25, 3874
MM, 301, 4, 34031
MM, 276, 18, 15
MM, 265, 24, 8
MM, 249, 31, 18
MM, 245, 34, 14
MM, 245, 36, 16
MM, 245, 37, 16
MM, 245, 38, 8
MM, 245, 39, 73
MM, 247, 39, 335
MM, 247, 40, 8
MM, 248, 41, 8
MM, 249, 42, 7
MM, 250, 42, 9
MM, 262, 47, 89
MM, 271, 54, 16
MM, 281, 60, 16
MM, 7, 11, 111
MM, 13, 15, 8
MM, 22, 22, 7
MM, 29, 27, 9
MM, 34, 31, 7
MM, 25, 2, 16
MM, 28, 4, 8
MM, 34, 8, 8
MM, 38, 11, 8
MM, 43, 15, 9
MM, 31, 1, 99
MM, 35, 2, 9
MM, 37, 3, 8
MM, 41, 5, 8
MM, 46, 6, 7
MM, 50, 7, 9
MM, 56, 8, 8
MM, 61, 9, 8
MM, 64, 10, 8
MM, 70, 10, 8
MM, 74, 11, 8
MM, 77, 11, 8
MM, 81, 11, 8
MM, 85, 11, 8
MM, 85, 10, 16
MM, 85, 9, 16
MM, 87, 9, 8
MM, 90, 9, 8
MM, 93, 9, 8
MM, 99, 9, 8
MM, 103, 4, 167
MM, 103, 3, 9
MM, 101, 2, 7
MM, 99, 0, 9
MM, 48, 13, 264
MM, 46, 13, 8
MM, 44, 12, 8
MM, 43, 12, 16
MM, 43, 11, 8
MM, 42, 11, 16
MM, 41, 11, 8
MM, 40, 11, 40
MM, 40, 10, 15
MM, 39, 9, 25
MM, 36, 8, 7
MM, 36, 7, 9
MM, 34, 7, 7
MM, 33, 6, 8
MM, 29, 5, 8
MM, 14, 3, 50
MM, 11, 3, 6
MM, 8, 3, 8
MM, 5, 3, 8
MM, 2, 3, 9
MM, 42, 3, 7
MM, 37, 2, 8
MM, 30, 1, 9
MM, 24, 0, 7
MM, 3, 29, 417
MM, 1, 3, 184
MM, 2, 2, 8
MM, 4, 1, 8
MM, 5, 0, 8
MM, 5, 1, 856
MM, 8, 8, 8
MM, 11, 15, 8
MM, 16, 22, 8
MM, 20, 30, 8
MM, 14, 5, 16
MM, 17, 12, 12
MM, 21, 19, 3
MM, 23, 25, 8
MM, 35, 2, 24
MM, 38, 7, 8
MM, 38, 9, 8
MM, 41, 12, 8
MM, 42, 15, 8
MM, 3, 25, 25
MM, 6, 26, 8
MM, 10, 30, 8
MM, 13, 31, 7
MM, 35, 31, 256
MM, 34, 29, 8
MM, 31, 26, 9
MM, 30, 23, 8
MM, 28, 22, 8
MM, 25, 19, 8
MM, 24, 17, 7
MM, 22, 16, 9
MM, 21, 14, 8
MM, 21, 13, 11
MM, 20, 12, 8
MC, 1, 217
MM, 19, 12, 65
MM, 2, 19, 31
MM, 31, 24, 24
MM, 8, 28, 16
MM, 189, 0, 40
MM, 180, 3, 8
MM, 176, 4, 8
MM, 171, 6, 8
MM, 168, 8, 8
MM, 166, 10, 8
MM, 162, 12, 8
MM, 160, 14, 8
MM, 158, 15, 8
MM, 152, 18, 24
MM, 151, 20, 8
MM, 148, 21, 8
MM, 148, 22, 9
MM, 146, 24, 7
MM, 144, 25, 8
MM, 142, 26, 8
MM, 141, 28, 8
MM, 139, 29, 8
MM, 139, 30, 15
MM, 138, 30, 9
MM, 141, 28, 232
MM, 142, 28, 16
MM, 144, 28, 7
MM, 146, 28, 9
MM, 150, 28, 8
MM, 202, 7, 72
MM, 207, 2, 8
MM, 30, 30, 16
MM, 34, 27, 8
MM, 39, 21, 8
MM, 42, 16, 8
MM, 43, 13, 8
MM, 43, 8, 8
MM, 43, 4, 8
MM, 43, 2, 8
MM, 40, 30, 40
MM, 40, 29, 16
MM, 40, 27, 24
MM, 40, 26, 16
MM, 40, 25, 48
MM, 40, 24, 32
MM, 40, 23, 8
MM, 39, 23, 8
MM, 38, 20, 32
MM, 38, 18, 16
MM, 37, 17, 7
MM, 34, 13, 17
MM, 33, 12, 7
MM, 30, 8, 56
MM, 30, 7, 26
MC, 1, 167
MM, 29, 7, 48
MM, 28, 7, 16
MM, 27, 7, 16
MM, 26, 5, 16
MM, 25, 3, 8
MM, 33, 29, 24
MM, 31, 24, 8
MM, 30, 22, 8
MM, 28, 19, 8
MM, 27, 14, 8
MM, 24, 9, 8
MM, 22, 5, 8
MM, 20, 2, 7
MM, 20, 0, 9
MC, 1, 272
MM, 23, 0, 32
MM, 25, 2, 8
MM, 27, 5, 8
MM, 30, 7, 8
MM, 31, 9, 8
MM, 32, 9, 8
MM, 32, 10, 8
MM, 33, 10, 8
MM, 33, 11, 8
MM, 33, 12, 24
MM, 33, 13, 8
MM, 34, 13, 8
MM, 34, 14, 8
MM, 34, 15, 112
MM, 35, 20, 80
MM, 35, 18, 241
MM, 35, 17, 8
MM, 37, 17, 104
MM, 42, 17, 16
MM, 0, 15, 23
MM, 2, 15, 8
MM, 6, 13, 8
MM, 10, 12, 16
MM, 12, 10, 8
MM, 13, 10, 8
MM, 13, 9, 8
MM, 15, 8, 7
MM, 16, 7, 9
MM, 17, 7, 7
MM, 18, 7, 8
MM, 21, 6, 17
MM, 24, 5, 8
MM, 26, 5, 7
MM, 27, 5, 16
MM, 28, 5, 8
MM, 29, 4, 8
MM, 30, 4, 8
MM, 33, 2, 8
MM, 35, 2, 8
MM, 0, 2, 33
MM, 1, 2, 7
MM, 2, 2, 9
MM, 3, 2, 60
MM, 4, 2, 32
MM, 5, 2, 15
MM, 6, 2, 17
MM, 10, 2, 15
MM, 12, 0, 8
MM, 14, 0, 9
MM, 4, 1, 88
MM, 9, 2, 7
MM, 14, 3, 9
MM, 21, 5, 8
MM, 25, 5, 8
MM, 33, 8, 8
MM, 34, 15, 424
MM, 24, 15, 7
MM, 14, 15, 9
MM, 0, 15, 8
MM, 31, 15, 8
MM, 21, 15, 8
MM, 11, 15, 8
MM, 3, 15, 8
MM, 35, 17, 32
MM, 32, 18, 8
MM, 30, 19, 16
MM, 27, 20, 8
MM, 25, 20, 9
MM, 23, 21, 7
MM, 20, 22, 8
MM, 19, 22, 8
MM, 18, 22, 9
MM, 18, 23, 16
MM, 18, 24, 32
MM, 15, 24, 16
MM, 9, 26, 15
MM, 5, 27, 16
MM, 2, 27, 8
MM, 43, 29, 56
MM, 42, 29, 88
MM, 40, 28, 16
MM, 39, 28, 16
MM, 38, 28, 8
MM, 37, 28, 7
MM, 37, 27, 9
MM, 36, 25, 16
MM, 35, 25, 7
MM, 34, 23, 8
MM, 33, 22, 8
MM, 32, 22, 9
MM, 31, 20, 7
MM, 29, 18, 16
MM, 27, 18, 9
MM, 27, 17, 7
MM, 26, 17, 8
MM, 25, 16, 9
MM, 29, 15, 208
MM, 31, 16, 8
MM, 38, 18, 8
MM, 3, 21, 16
MM, 10, 22, 8
MM, 18, 22, 8
MM, 26, 23, 8
MM, 34, 23, 8
MM, 0, 24, 8
MM, 7, 24, 8
MM, 14, 25, 8
MM, 17, 25, 8
MM, 19, 25, 8
MM, 21, 25, 8
MM, 22, 25, 16
MM, 23, 25, 16
MM, 24, 25, 16
MM, 24, 24, 8
MM, 26, 23, 8
MM, 27, 23, 16
MM, 27, 22, 15
MM, 28, 22, 9
MM, 29, 22, 7
MM, 30, 22, 9
MM, 31, 22, 16
MM, 32, 22, 7
MM, 33, 22, 9
MM, 34, 22, 7
MM, 1, 22, 33
MM, 2, 22, 16
MM, 3, 22, 16
MM, 4, 22, 8
MM, 5, 22, 8
MM, 6, 22, 16
MM, 7, 22, 16
MM, 8, 22, 7
MM, 9, 22, 25
MM, 6, 21, 273
MM, 3, 21, 7
MM, 32, 22, 16
MM, 26, 22, 8
MM, 20, 22, 8
MM, 14, 22, 7
MM, 7, 22, 9
MM, 3, 22, 8
MM, 34, 22, 32
MM, 32, 22, 8
MM, 30, 22, 7
MM, 28, 22, 9
MM, 25, 22, 8
MM, 24, 22, 8
MM, 23, 22, 8
MM, 21, 22, 8
MM, 20, 22, 7
MM, 19, 22, 33
MM, 18, 22, 32
MM, 17, 22, 8
MM, 15, 22, 24
MM, 14, 22, 8
MM, 13, 22, 16
MM, 15, 21, 272
MM, 14, 21, 8
MM, 10, 21, 8
MM, 3, 21, 8
MM, 38, 21, 16
MM, 30, 21, 8
MM, 22, 21, 8
MM, 14, 21, 8
MM, 8, 21, 9
MM, 1, 21, 7
MM, 39, 21, 16
MM, 32, 21, 7
MM, 26, 21, 8
MM, 21, 21, 8
MM, 17, 21, 9
MM, 13, 21, 7
MM, 10, 21, 9
MM, 9, 21, 8
MM, 8, 21, 7
MM, 5, 21, 17
MM, 4, 21, 7
MM, 3, 21, 9
MM, 2, 21, 7
MM, 0, 21, 17
MM, 16, 1, 1532
MM, 17, 4, 8
MM, 18, 7, 8
MM, 19, 9, 8
MM, 20, 11, 8
MM, 21, 14, 8
MM, 22, 16, 8
MM, 23, 21, 8
MM, 24, 24, 8
MM, 25, 26, 8
MM, 27, 29, 8
MM, 33, 0, 40
MM, 34, 2, 8
MM, 36, 4, 8
MM, 38, 6, 16
MM, 39, 8, 8
MM, 40, 10, 8
MM, 41, 12, 8
MM, 42, 13, 8
MM, 43, 15, 8
MM, 43, 17, 8
MM, 43, 18, 8
MM, 43, 19, 15
MM, 92, 0, 144
MM, 92, 2, 8
MM, 93, 2, 9
MM, 94, 4, 8
MM, 94, 5, 16
MM, 95, 7, 8
MM, 96, 8, 8
MM, 96, 10, 7
MM, 97, 11, 8
MM, 97, 12, 9
MM, 98, 12, 8
MM, 99, 13, 7
MM, 99, 15, 8
MM, 99, 16, 17
MM, 100, 16, 16
MM, 100, 17, 16
MM, 100, 18, 16
MM, 101, 20, 16
MM, 101, 21, 7
MM, 101, 22, 9
MM, 102, 23, 7
MM, 102, 24, 9
MM, 104, 25, 8
MM, 104, 26, 8
MM, 104, 27, 16
MM, 104, 28, 16
MM, 105, 28, 8
MM, 105, 29, 8
MM, 105, 30, 8
MM, 105, 31, 8
MM, 105, 32, 24
MM, 106, 32, 8
MM, 110, 32, 400
MM, 111, 32, 16
MM, 113, 32, 8
MM, 115, 31, 8
MM, 116, 31, 8
MM, 120, 28, 8
MM, 122, 26, 8
MM, 124, 23, 8
MM, 128, 21, 8
MM, 131, 17, 8
MM, 134, 15, 8
MM, 139, 11, 8
MM, 141, 9, 7
MM, 146, 6, 9
MM, 149, 3, 8
MM, 27, 31, 23
MM, 33, 27, 9
MM, 38, 25, 8
MM, 2, 14, 24
MM, 7, 11, 8
MM, 13, 8, 8
MM, 16, 7, 7
MM, 21, 3, 9
MM, 34, 30, 24
MM, 39, 26, 7
MM, 43, 24, 8
MM, 2, 15, 17
MM, 5, 12, 7
MM, 7, 9, 9
MM, 10, 7, 8
MM, 11, 6, 8
MM, 13, 5, 7
MM, 14, 4, 9
MM, 15, 3, 8
MM, 16, 3, 8
MM, 16, 2, 8
MM, 16, 1, 8
MM, 32, 31, 55
MM, 33, 28, 8
MM, 33, 27, 9
MM, 33, 26, 8
MM, 33, 23, 8
MM, 33, 21, 8
MM, 33, 20, 8
MM, 33, 19, 20
MM, 33, 18, 9
MM, 33, 17, 7
MM, 33, 16, 8
MM, 33, 15, 8
MC, 1, 216
MM, 33, 16, 48
MM, 32, 16, 8
MM, 31, 17, 8
MM, 29, 19, 8
MM, 27, 19, 8
MM, 24, 20, 8
MM, 21, 22, 8
MM, 17, 22, 8
MM, 14, 22, 8
MM, 10, 23, 8
MM, 4, 24, 8
MM, 40, 26, 16
MM, 34, 28, 8
MM, 25, 29, 8
MM, 18, 31, 8
MM, 19, 1, 32
MM, 10, 1, 8
MM, 2, 2, 8
MM, 46, 2, 8
MM, 36, 4, 8
MM, 28, 4, 8
MM, 19, 5, 8
MM, 9, 5, 8
MM, 2, 6, 9
MM, 35, 8, 15
MM, 28, 8, 8
MM, 20, 9, 7
MM, 9, 10, 8
MM, 4, 11, 8
MM, 1, 11, 9
MM, 43, 12, 33
MM, 42, 12, 7
MM, 41, 12, 32
MM, 40, 12, 8
MM, 38, 12, 16
MM, 37, 12, 8
MM, 36, 12, 8
MM, 34, 12, 8
MM, 33, 12, 8
MM, 32, 12, 8
MM, 29, 12, 8
MM, 28, 12, 7
MM, 27, 12, 9
MM, 25, 12, 8
MM, 21, 12, 8
MM, 20, 12, 8
MM, 18, 12, 7
MM, 15, 12, 8
MM, 12, 12, 8
MM, 9, 12, 9
MM, 8, 12, 8
MM, 7, 12, 8
MM, 6, 12, 8
MM, 4, 13, 8
MM, 3, 13, 8
MM, 1, 14, 8
MM, 42, 16, 32
MM, 41, 16, 8
MM, 39, 16, 8
MM, 38, 16, 8
MM, 37, 17, 16
MM, 36, 18, 16
MM, 35, 18, 16
MM, 33, 18, 16
MM, 32, 18, 17
MM, 31, 18, 7
MM, 30, 18, 8
MM, 29, 18, 16
MM, 28, 18, 24
MM, 32, 18, 232
MM, 33, 18, 8
MM, 34, 20, 9
MM, 36, 20, 7
MM, 37, 23, 8
MM, 39, 25, 8
MM, 42, 26, 9
MM, 8, 2, 46
MM, 9, 3, 9
MM, 11, 5, 7
MM, 12, 6, 9
MM, 13, 8, 8
MM, 16, 11, 8
MM, 17, 12, 8
MM, 19, 14, 8
MM, 21, 16, 9
MM, 22, 17, 7
MM, 25, 19, 8
MM, 27, 21, 8
MM, 28, 22, 8
MM, 30, 23, 8
MM, 33, 26, 8
MM, 34, 27, 8
MM, 36, 27, 7
MM, 37, 28, 17
MM, 38, 29, 8
MM, 40, 30, 8
MM, 41, 31, 8
MM, 42, 0, 56
MM, 44, 1, 8
MM, 45, 3, 8
MM, 46, 3, 8
MM, 49, 4, 8
MM, 50, 6, 8
MM, 51, 6, 8
MM, 52, 7, 8
MM, 53, 9, 8
MM, 54, 9, 8
MM, 55, 11, 8
MM, 56, 12, 8
MM, 57, 13, 8
MM, 58, 13, 8
MM, 59, 14, 8
MM, 61, 15, 8
MM, 61, 16, 8
MM, 62, 17, 8
MM, 64, 18, 17
MM, 65, 18, 15
MM, 66, 18, 112
MM, 69, 18, 168
MM, 69, 17, 8
MM, 71, 15, 8
MM, 71, 14, 8
MM, 72, 11, 8
MM, 73, 8, 8
MM, 73, 6, 8
MM, 37, 29, 32
MM, 38, 25, 9
MM, 39, 20, 7
MM, 40, 17, 8
MM, 41, 13, 8
MM, 42, 10, 8
MM, 43, 7, 8
MM, 43, 2, 8
MM, 2, 22, 32
MM, 3, 20, 8
MM, 5, 18, 8
MM, 6, 15, 8
MM, 7, 14, 8
MM, 8, 13, 8
MM, 8, 11, 8
MM, 8, 10, 8
MM, 9, 9, 8
MM, 9, 7, 7
MM, 10, 5, 8
MM, 10, 4, 8
MM, 11, 2, 9
MM, 12, 1, 7
MM, 12, 0, 9
MC, 1, 392
MM, 2, 4, 315
MM, 3, 5, 16
MM, 4, 6, 9
MM, 5, 7, 8
MM, 6, 7, 16
MC, 1, 264
MM, 7, 9, 63
MM, 8, 11, 18
MM, 8, 12, 47
MM, 5, 12, 113
MM, 31, 6, 24
MM, 4, 0, 16
MM, 41, 2, 535
MM, 3, 14, 24
MM, 7, 22, 15
MM, 11, 29, 17
MM, 18, 3, 23
MM, 19, 8, 8
MM, 21, 12, 8
MM, 25, 16, 8
MM, 27, 19, 8
MM, 28, 21, 9
MM, 30, 25, 7
MM, 32, 26, 8
MM, 34, 27, 8
MM, 36, 29, 8
MM, 39, 31, 9
MM, 91, 0, 48
MM, 92, 1, 16
MM, 94, 2, 9
MM, 95, 3, 7
MM, 97, 4, 8
MM, 100, 6, 8
MM, 101, 8, 8
MM, 103, 8, 8
MM, 104, 9, 8
MM, 105, 10, 8
MM, 106, 10, 8
MM, 107, 11, 8
MM, 108, 11, 8
MM, 108, 12, 7
MM, 109, 12, 8
MM, 110, 12, 17
MM, 111, 13, 7
MM, 112, 13, 25
MM, 114, 13, 248
MM, 116, 14, 16
MM, 119, 14, 8
MM, 122, 14, 7
MM, 124, 13, 8
MM, 128, 12, 9
MM, 133, 10, 8
MM, 137, 8, 7
MM, 142, 6, 8
MM, 148, 4, 9
MM, 151, 3, 8
MM, 153, 2, 7
MM, 155, 1, 9
MM, 158, 0, 8
MM, 161, 0, 8
MM, 164, 0, 8
MM, 165, 0, 8
MM, 11, 31, 168
MM, 12, 31, 8
MM, 13, 31, 8
MM, 14, 30, 8
MM, 15, 30, 16
MM, 16, 29, 16
MM, 17, 28, 7
MM, 18, 28, 9
MM, 19, 27, 23
MM, 20, 27, 17
MM, 21, 26, 8
MM, 22, 25, 24
MM, 23, 24, 16
MM, 24, 23, 16
MM, 24, 22, 48
MM, 24, 21, 49
MM, 26, 19, 241
MM, 34, 11, 30
MM, 42, 2, 24
MM, 1, 23, 32
MM, 3, 19, 8
MM, 4, 17, 7
MM, 7, 13, 8
MM, 8, 11, 8
MM, 9, 9, 8
MM, 10, 7, 8
MM, 12, 5, 8
MM, 13, 3, 16
MM, 14, 3, 9
MM, 14, 2, 8
MM, 14, 1, 8
MM, 15, 0, 8
MM, 0, 26, 144
MM, 1, 25, 8
MM, 2, 24, 8
MM, 4, 24, 8
MM, 6, 23, 8
MM, 7, 22, 8
MM, 8, 22, 8
MM, 10, 22, 8
MM, 10, 21, 28
MM, 11, 21, 32
MC, 1, 144
MM, 7, 22, 56
MM, 2, 22, 7
MM, 28, 24, 17
MM, 10, 25, 16
MM, 24, 26, 24
MM, 2, 28, 16
MM, 42, 29, 8
MM, 23, 31, 15
MM, 3, 0, 65
MM, 37, 1, 24
MM, 31, 2, 8
MM, 24, 3, 8
MM, 17, 4, 9
MM, 10, 5, 8
MM, 4, 5, 7
MM, 39, 7, 15
MM, 32, 8, 9
MM, 26, 9, 7
MM, 22, 11, 9
MM, 17, 12, 8
MM, 13, 13, 8
MM, 9, 13, 7
MM, 6, 14, 9
MM, 4, 14, 8
MM, 3, 14, 8
MM, 2, 14, 8
MM, 0, 15, 8
MM, 43, 17, 49
MM, 41, 17, 7
MM, 39, 18, 8
MM, 37, 18, 8
MM, 34, 18, 8
MM, 33, 18, 8
MM, 31, 18, 9
MM, 30, 18, 15
MC, 1, 231
MM, 32, 18, 65
MM, 35, 17, 8
MM, 38, 15, 8
MM, 1, 11, 16
MM, 8, 9, 8
MM, 14, 9, 8
MM, 21, 7, 8
MM, 26, 5, 7
MM, 32, 4, 9
MM, 34, 3, 8
MM, 38, 3, 7
MM, 39, 3, 8
MM, 42, 2, 9
MM, 4, 1, 23
MM, 8, 1, 9
MM, 15, 0, 8
MM, 4, 2, 776
MM, 4, 5, 8
MM, 4, 9, 8
MM, 5, 13, 8
MM, 5, 16, 8
MM, 5, 19, 8
MM, 5, 24, 7
MM, 5, 27, 9
MM, 5, 1, 16
MM, 5, 4, 8
MM, 5, 9, 8
MM, 5, 13, 8
MM, 5, 16, 8
MM, 5, 19, 9
MM, 5, 22, 6
MM, 5, 24, 8
MM, 5, 25, 8
MM, 5, 29, 8
MM, 95, 1, 33
MM, 95, 2, 8
MM, 95, 4, 8
MM, 95, 5, 8
MM, 95, 6, 16
MM, 95, 7, 8
MM, 95, 8, 8
MM, 95, 9, 8
MM, 95, 10, 8
MM, 95, 11, 8
MM, 95, 12, 8
MM, 95, 13, 8
MM, 95, 14, 8
MM, 96, 15, 16
MM, 96, 16, 16
MM, 96, 17, 48
MC, 1, 176
MM, 97, 17, 65
MM, 104, 15, 24
MM, 115, 10, 24
MM, 125, 7, 15
MM, 133, 4, 16
MM, 136, 4, 8
MM, 139, 2, 8
MM, 143, 1, 8
MM, 147, 0, 8
MM, 33, 31, 48
MM, 36, 31, 8
MM, 41, 29, 8
MM, 0, 25, 31
MM, 1, 24, 8
MM, 2, 24, 8
MM, 5, 24, 9
MM, 7, 24, 8
MM, 8, 24, 8
MM, 11, 23, 7
MM, 12, 22, 9
MM, 13, 22, 8
MM, 14, 22, 8
MM, 14, 21, 8
MM, 15, 21, 16
MM, 16, 20, 8
MM, 17, 20, 8
MM, 18, 20, 16
MM, 19, 20, 8
MM, 19, 19, 7
MM, 20, 19, 9
MM, 21, 19, 8
MM, 23, 19, 8
MM, 24, 18, 16
MM, 25, 18, 77
MM, 26, 16, 151
MM, 23, 16, 8
MM, 17, 16, 8
MM, 11, 16, 8
MM, 3, 16, 7
MM, 39, 16, 8
MM, 25, 16, 9
MM, 8, 15, 8
MM, 41, 14, 7
MM, 25, 14, 8
MM, 13, 14, 9
MM, 33, 12, 16
MM, 21, 10, 8
MM, 10, 9, 8
MM, 3, 8, 10
MM, 42, 5, 14
MM, 36, 4, 8
MM, 30, 3, 8
MM, 27, 3, 7
MM, 22, 1, 8
MM, 18, 1, 9
MM, 12, 0, 8
MM, 34, 31, 64
MM, 31, 30, 7
MM, 28, 29, 8
MM, 25, 28, 9
MM, 23, 27, 8
MM, 19, 26, 7
MM, 16, 25, 9
MM, 13, 25, 7
MM, 12, 24, 8
MM, 10, 23, 9
MM, 8, 23, 8
MM, 7, 23, 8
MM, 7, 22, 8
MM, 5, 22, 8
MM, 3, 21, 16
MM, 2, 21, 16
MM, 1, 21, 16
MM, 1, 20, 8
MM, 0, 20, 24
MM, 43, 18, 32
MM, 41, 18, 8
MM, 40, 17, 8
MM, 38, 16, 8
MM, 37, 16, 16
MM, 35, 16, 16
MM, 35, 15, 7
MM, 34, 15, 9
MM, 31, 14, 8
MM, 30, 14, 8
MM, 29, 14, 16
MC, 1, 159
MM, 30, 14, 48
MM, 31, 14, 17
MM, 32, 14, 7
MM, 35, 15, 8
MM, 36, 15, 9
MM, 39, 15, 8
MM, 43, 16, 8
MM, 2, 19, 16
MM, 5, 20, 8
MM, 7, 20, 8
MM, 10, 21, 8
MM, 13, 21, 8
MM, 14, 21, 8
MM, 16, 22, 8
MM, 17, 22, 8
MM, 20, 23, 8
MM, 22, 23, 8
MM, 24, 23, 7
MM, 26, 23, 9
MM, 28, 23, 8
MM, 29, 23, 8
MM, 30, 23, 7
MM, 31, 23, 8
MM, 32, 23, 25
MC, 2, 408
MM, 35, 23, 113
MM, 1, 23, 31
MM, 9, 23, 8
MM, 29, 23, 15
MM, 40, 23, 9
MM, 2, 23, 7
MM, 12, 23, 8
MM, 22, 23, 9
MM, 33, 23, 8
MM, 4, 22, 16
MM, 13, 21, 8
MM, 22, 20, 8
MM, 30, 20, 8
MM, 39, 18, 8
MM, 45, 18, 8
MM, 6, 16, 15
MM, 12, 14, 9
MM, 19, 13, 8
MM, 24, 12, 8
MM, 30, 10, 7
MM, 36, 9, 9
MM, 40, 9, 8
MM, 1, 5, 24
MM, 5, 4, 8
MM, 9, 4, 8
MM, 13, 3, 8
MM, 19, 2, 8
MM, 22, 1, 8
MM, 5, 31, 136
MM, 6, 29, 48
MM, 7, 28, 31
MM, 7, 27, 24
MM, 8, 27, 26
MM, 8, 26, 8
MM, 8, 25, 55
MM, 7, 24, 256
MM, 38, 29, 32
MM, 31, 30, 8
MM, 39, 0, 32
MM, 33, 1, 8
MM, 28, 4, 8
MM, 22, 7, 8
MM, 17, 10, 8
MM, 12, 12, 8
MM, 6, 15, 8
MM, 2, 18, 8
MM, 43, 23, 16
MM, 34, 26, 8
MM, 29, 29, 8
MM, 23, 31, 8
MM, 41, 2, 48
MM, 40, 3, 8
MM, 35, 4, 7
MM, 31, 5, 8
MM, 28, 6, 9
MM, 23, 8, 8
MM, 20, 9, 7
MM, 17, 10, 8
MM, 11, 12, 9
MM, 8, 13, 8
MM, 5, 14, 7
MM, 2, 14, 9
MM, 1, 15, 8
MP, 1, 173
MR, 1, 111
MM, 1, 15, 98
MM, 4, 15, 23
MM, 5, 15, 38
MM, 6, 15, 9
MM, 7, 15, 7
MM, 8, 14, 16
MM, 9, 14, 8
MM, 10, 14, 17
MM, 11, 13, 8
MM, 9, 10, 416
MM, 7, 8, 7
MM, 5, 7, 8
MM, 3, 5, 8
MM, 2, 4, 8
MM, 40, 31, 48
MM, 39, 30, 9
MM, 36, 28, 7
MM, 33, 23, 16
MM, 31, 20, 8
MM, 29, 17, 9
MM, 28, 14, 7
MM, 24, 11, 9
MM, 23, 9, 8
MM, 21, 7, 7
MM, 19, 4, 8
MM, 18, 3, 8
MM, 17, 1, 8
MM, 15, 0, 8
MM, 20, 0, 569
MM, 24, 5, 16
MM, 30, 12, 16
MM, 33, 15, 8
MM, 35, 18, 7
MM, 39, 24, 9
MM, 42, 28, 8
MM, 3, 5, 16
MM, 8, 12, 8
MM, 11, 18, 8
MM, 15, 26, 7
MM, 17, 29, 8
MM, 64, 0, 74
MM, 65, 0, 7
MM, 65, 1, 16
MM, 66, 1, 7
MM, 67, 2, 9
MM, 67, 3, 24
MM, 68, 3, 16
MM, 69, 4, 8
MM, 69, 5, 8
MM, 70, 5, 8
MM, 70, 6, 8
MM, 71, 6, 8
MM, 71, 7, 7
MM, 72, 7, 8
MM, 73, 8, 9
MM, 74, 9, 8
MM, 75, 10, 8
MM, 75, 11, 8
MM, 76, 11, 8
MM, 77, 12, 16
MM, 77, 13, 15
MM, 79, 13, 9
MM, 79, 14, 8
MC, 1, 224
MM, 83, 14, 112
MM, 88, 14, 16
MM, 96, 12, 8
MM, 102, 11, 8
MM, 111, 10, 8
MM, 123, 7, 8
MM, 136, 5, 8
MM, 149, 4, 8
MM, 161, 2, 8
MM, 172, 0, 8
MM, 19, 28, 24
MM, 28, 24, 8
MM, 38, 20, 8
MM, 2, 13, 16
MM, 11, 10, 8
MM, 18, 5, 7
MM, 24, 3, 9
MM, 42, 30, 23
MM, 3, 24, 17
MM, 8, 22, 8
MM, 12, 21, 7
MM, 16, 20, 9
MM, 19, 18, 8
MM, 23, 18, 8
MM, 25, 16, 8
MM, 28, 14, 8
MM, 31, 14, 8
MM, 33, 13, 8
MM, 35, 12, 8
MM, 36, 11, 8
MM, 37, 10, 8
MM, 39, 8, 8
MM, 40, 7, 8
MM, 42, 6, 8
MM, 43, 6, 16
MM, 43, 5, 8
MM, 44, 4, 8
MM, 44, 3, 16
MM, 45, 3, 16
MM, 45, 2, 16
MM, 45, 1, 7
MM, 45, 0, 25
MM, 21, 31, 128
MM, 21, 30, 64
MM, 21, 28, 32
MM, 21, 25, 17
MM, 21, 24, 15
MM, 21, 22, 8
MM, 21, 21, 20
MM, 21, 20, 8
MM, 21, 19, 16
MC, 1, 160
MM, 20, 20, 64
MM, 19, 22, 8
MM, 18, 24, 8
MM, 16, 27, 8
MM, 15, 29, 8
MM, 31, 0, 24
MM, 30, 2, 8
MM, 30, 3, 7
MM, 29, 6, 8
MM, 29, 7, 8
MM, 29, 8, 8
MM, 29, 9, 9
MM, 29, 10, 7
MM, 28, 10, 8
MM, 28, 11, 9
MM, 28, 12, 8
MM, 28, 13, 16
MM, 28, 14, 24
MM, 28, 15, 40
MM, 28, 16, 8
MM, 28, 17, 16
MM, 27, 17, 8
MM, 27, 18, 7
MM, 27, 19, 8
MC, 1, 137
MM, 26, 19, 64
MM, 22, 19, 15
MM, 15, 19, 8
MM, 5, 17, 9
MM, 31, 14, 16
MM, 17, 13, 8
MM, 3, 11, 8
MM, 41, 10, 8
MM, 29, 10, 9
MM, 17, 10, 7
MM, 6, 10, 8
MM, 34, 10, 16
MM, 19, 10, 8
MM, 3, 10, 8
MM, 39, 11, 8
MM, 19, 12, 8
MM, 30, 17, 16
MM, 13, 20, 8
MM, 2, 22, 8
MM, 38, 24, 8
MM, 27, 27, 7
MM, 17, 30, 8
MM, 26, 1, 41
MM, 21, 2, 7
MM, 14, 3, 9
MM, 7, 4, 8
MM, 0, 5, 7
MM, 42, 6, 17
MM, 39, 6, 8
MM, 38, 6, 16
MM, 35, 6, 7
MM, 34, 6, 17
MM, 33, 6, 24
MM, 32, 6, 16
MM, 31, 6, 7
MM, 30, 6, 17
MM, 29, 6, 16
MM, 28, 6, 32
MM, 28, 5, 57
MM, 28, 0, 24
MM, 28, 31, 39
MM, 28, 30, 8
MM, 28, 28, 16
MM, 28, 27, 16
MM, 28, 26, 7
MM, 28, 25, 9
MM, 28, 24, 16
MM, 27, 24, 8
MM, 26, 24, 8
MM, 26, 23, 8
MM, 25, 22, 40
MM, 25, 21, 15
MM, 25, 20, 64
MM, 27, 18, 161
MM, 27, 19, 7
MM, 29, 20, 8
MM, 30, 22, 8
MM, 35, 24, 9
MM, 40, 26, 8
MM, 25, 0, 32
MM, 35, 1, 8
MM, 1, 4, 16
MM, 9, 5, 8
MM, 14, 6, 8
MM, 19, 7, 8
MM, 23, 8, 8
MM, 29, 9, 8
MM, 32, 9, 9
MM, 36, 9, 7
MM, 41, 10, 8
MM, 3, 11, 16
MM, 7, 11, 8
MM, 14, 11, 8
MM, 19, 11, 8
MM, 25, 11, 8
MM, 33, 12, 8
MM, 40, 13, 9
MM, 6, 14, 15
MM, 13, 15, 8
MM, 21, 15, 8
MM, 30, 15, 8
MM, 36, 15, 8
MM, 41, 15, 8
MM, 1, 15, 16
MM, 5, 15, 8
MM, 8, 15, 8
MM, 11, 15, 7
MM, 13, 15, 8
MM, 16, 15, 9
MM, 19, 15, 7
MM, 23, 15, 8
MM, 27, 15, 9
MM, 29, 15, 8
MM, 33, 15, 7
MM, 35, 15, 8
MM, 36, 15, 8
MM, 38, 15, 8
MM, 40, 15, 8
MM, 41, 15, 16
MM, 42, 15, 9
MM, 43, 15, 15
MM, 42, 15, 195
MM, 24, 15, 39
MM, 22, 15, 9
MC, 1, 254
MM, 18, 16, 96
MM, 9, 16, 8
MM, 32, 8, 16
MM, 6, 1, 16
MM, 19, 27, 32
MM, 13, 25, 8
MM, 9, 24, 8
MM, 6, 23, 8
MM, 4, 22, 8
MM, 3, 22, 16
MM, 3, 21, 8
MM, 2, 20, 8
MM, 1, 20, 8
MM, 43, 14, 32
MM, 40, 12, 8
MM, 38, 11, 8
MM, 35, 8, 8
MM, 33, 7, 8
MM, 30, 5, 8
MM, 28, 3, 8
MM, 27, 2, 8
MM, 26, 1, 8
MM, 25, 0, 7
MC, 1, 461
MC, 1, 656
MM, 7, 3, 128
MM, 10, 12, 17
MM, 16, 21, 15
MM, 17, 26, 8
MM, 18, 27, 8
MM, 20, 30, 7
MM, 23, 0, 17
MM, 24, 3, 8
MM, 25, 5, 8
MM, 25, 7, 8
MM, 26, 8, 8
MM, 26, 10, 8
MM, 26, 13, 8
MM, 27, 14, 8
MM, 27, 16, 8
MM, 27, 17, 8
MM, 27, 18, 8
MM, 27, 20, 8
MM, 28, 21, 8
MM, 28, 22, 8
MM, 28, 24, 16
MM, 28, 25, 15
MM, 29, 27, 9
MM, 29, 29, 8
MM, 30, 30, 8
MM, 122, 0, 39
MM, 122, 1, 9
MM, 122, 2, 8
MM, 122, 3, 8
MM, 123, 6, 7
MM, 123, 7, 17
MM, 123, 9, 8
MM, 124, 11, 16
MM, 124, 12, 16
MM, 125, 13, 16
MM, 125, 14, 8
MM, 125, 15, 8
MM, 125, 16, 16
MM, 125, 17, 23
MM, 125, 18, 114
MC, 1, 127
MM, 126, 17, 64
MM, 127, 16, 8
MM, 130, 14, 8
MM, 133, 12, 8
MM, 137, 10, 8
MM, 140, 7, 8
MM, 144, 3, 8
MM, 147, 1, 8
MM, 21, 28, 32
MM, 26, 25, 8
MM, 29, 21, 8
MM, 31, 18, 8
MM, 34, 14, 7
MM, 36, 11, 8
MM, 40, 8, 8
MM, 42, 6, 8
MM, 3, 30, 64
MM, 4, 27, 8
MM, 4, 26, 8
MM, 5, 25, 9
MM, 5, 24, 7
MM, 6, 24, 8
MM, 6, 22, 8
MM, 6, 21, 16
MM, 6, 20, 24
MM, 6, 19, 25
MM, 7, 18, 16
MM, 8, 17, 16
MM, 9, 16, 16
MM, 10, 16, 8
MM, 10, 15, 8
MM, 11, 14, 8
MM, 13, 13, 16
MM, 17, 12, 8
MM, 18, 12, 9
MM, 20, 10, 7
MM, 22, 9, 8
MM, 23, 8, 8
MM, 24, 7, 8
MM, 26, 4, 8
MM, 27, 3, 8
MM, 28, 2, 8
MM, 29, 1, 8
MM, 30, 1, 7
MM, 30, 0, 8
MM, 2, 31, 88
MM, 4, 30, 25
MM, 6, 29, 7
MM, 7, 29, 8
MM, 9, 29, 9
MM, 10, 29, 8
MM, 11, 27, 7
MM, 12, 27, 8
MM, 13, 26, 169
MC, 1, 452
MM, 12, 27, 88
MM, 10, 28, 8
MM, 8, 29, 8
MM, 6, 29, 8
MM, 26, 0, 56
MM, 25, 1, 8
MM, 23, 2, 7
MM, 22, 3, 8
MM, 21, 3, 8
MM, 20, 4, 8
MM, 19, 5, 8
MM, 16, 7, 8
MM, 14, 9, 9
MM, 12, 11, 7
MM, 9, 14, 8
MM, 6, 15, 8
MM, 4, 18, 8
MM, 1, 21, 9
MM, 43, 29, 24
MM, 42, 31, 8
MM, 35, 4, 24
MM, 33, 5, 8
MM, 29, 8, 8
MM, 28, 9, 8
MM, 26, 11, 8
MM, 24, 12, 8
MM, 24, 13, 8
MM, 23, 13, 8
MM, 22, 14, 16
MM, 22, 15, 8
MM, 21, 16, 8
MM, 20, 16, 9
MM, 20, 17, 39
MM, 19, 17, 16
MC, 1, 208
MM, 19, 19, 72
MM, 18, 21, 16
MM, 18, 22, 8
MM, 17, 25, 16
MM, 15, 26, 8
MM, 15, 27, 8
MM, 12, 30, 8
MM, 12, 31, 8
MM, 148, 0, 55
MM, 147, 0, 17
MM, 147, 1, 8
MM, 147, 2, 7
MM, 147, 3, 8
MM, 146, 3, 9
MM, 146, 4, 8
MM, 146, 6, 16
MM, 145, 6, 8
MM, 145, 8, 8
MM, 144, 9, 15
MM, 144, 10, 17
MM, 143, 11, 32
MM, 143, 12, 8
MM, 142, 12, 9
MM, 142, 13, 15
MC, 1, 191
MM, 144, 12, 121
MM, 148, 10, 16
MM, 154, 4, 25
MM, 159, 0, 15
MM, 29, 30, 32
MM, 34, 26, 8
MM, 38, 21, 8
MM, 40, 18, 8
MM, 0, 8, 16
MM, 5, 2, 8
MM, 12, 31, 16
MM, 17, 27, 8
MM, 20, 25, 8
MM, 22, 23, 7
MM, 27, 20, 8
MM, 30, 16, 8
MM, 33, 14, 8
MM, 35, 10, 8
MM, 37, 9, 8
MM, 37, 8, 8
MM, 39, 7, 8
MM, 41, 6, 8
MM, 42, 6, 9
MM, 43, 6, 7
MM, 0, 2, 65
MM, 1, 1, 8
MM, 2, 0, 8
MM, 4, 0, 8
MM, 27, 31, 32
MM, 29, 30, 8
MM, 31, 28, 7
MM, 33, 26, 8
MM, 34, 25, 9
MM, 35, 24, 8
MM, 0, 19, 88
MM, 0, 18, 16
MC, 1, 272
MM, 35, 19, 120
MM, 30, 19, 8
MM, 26, 19, 8
MM, 20, 20, 8
MM, 16, 21, 8
MM, 13, 21, 8
MM, 8, 22, 8
MM, 3, 22, 8
MM, 43, 22, 32
MM, 41, 22, 8
MM, 40, 22, 8
MM, 37, 22, 8
MM, 35, 22, 8
MM, 34, 21, 8
MM, 33, 21, 8
MM, 30, 20, 8
MM, 28, 20, 8
MM, 27, 19, 8
MM, 25, 18, 8
MM, 22, 18, 7
MM, 21, 17, 17
MM, 19, 17, 7
MM, 16, 15, 8
MM, 15, 15, 58
MM, 13, 14, 15
MM, 11, 13, 24
MM, 8, 12, 260
MM, 2, 13, 8
MM, 41, 13, 16
MM, 33, 13, 7
MM, 25, 14, 9
MM, 14, 14, 8
MM, 6, 14, 8
MM, 22, 1, 1016
MM, 23, 4, 8
MM, 25, 12, 16
MM, 26, 16, 7
MM, 27, 26, 8
MM, 27, 30, 8
MM, 29, 0, 16
MM, 30, 2, 8
MM, 30, 4, 9
MM, 30, 7, 7
MM, 31, 9, 8
MM, 32, 10, 8
MM, 32, 12, 8
MM, 33, 14, 8
MM, 33, 15, 8
MM, 34, 17, 8
MM, 34, 19, 8
MM, 35, 21, 8
MM, 35, 22, 8
MM, 35, 23, 8
MM, 35, 25, 8
MM, 36, 25, 8
MM, 36, 26, 8
MM, 36, 28, 8
MM, 37, 30, 16
MM, 37, 31, 17
MM, 80, 1, 80
MM, 80, 3, 8
MM, 80, 4, 89
MM, 82, 4, 462
MM, 81, 3, 8
MM, 77, 1, 8
MM, 73, 0, 8
MM, 18, 30, 41
MM, 16, 29, 7
MM, 14, 27, 9
MM, 13, 26, 7
MM, 11, 25, 9
MM, 10, 24, 8
MM, 8, 22, 8
MM, 6, 21, 7
MM, 4, 19, 9
MM, 2, 18, 8
MM, 0, 17, 8
MM, 41, 10, 39
MM, 39, 8, 8
MM, 37, 7, 16
MM, 36, 6, 8
MM, 35, 4, 8
MM, 33, 4, 8
MM, 32, 2, 8
MM, 30, 1, 9
MM, 21, 31, 88
MM, 19, 30, 16
MM, 19, 29, 8
MM, 18, 29, 8
MM, 18, 28, 8
MM, 17, 28, 7
MM, 16, 28, 8
MM, 15, 28, 8
MM, 15, 27, 16
MM, 14, 27, 8
MM, 12, 27, 16
MM, 11, 26, 9
MM, 9, 26, 15
MM, 7, 25, 9
MM, 5, 25, 15
MM, 3, 25, 9
MM, 43, 24, 31
MM, 40, 24, 9
MM, 38, 23, 8
MM, 35, 23, 7
MM, 34, 23, 17
MM, 32, 23, 8
MM, 31, 23, 8
MM, 30, 22, 8
MM, 29, 21, 8
MM, 28, 21, 16
MM, 27, 21, 8
MM, 26, 21, 8
MM, 25, 20, 8
MM, 24, 20, 8
MC, 1, 168
MM, 24, 19, 102
MM, 25, 19, 14
MM, 37, 19, 16
MM, 4, 19, 24
MM, 12, 19, 8
MM, 23, 19, 8
MM, 40, 19, 16
MM, 5, 17, 16
MM, 11, 16, 7
MM, 19, 14, 9
MM, 25, 13, 8
MM, 33, 11, 8
MM, 43, 9, 8
MM, 2, 8, 7
MM, 12, 6, 9
MM, 21, 3, 8
MM, 31, 0, 8
MM, 19, 29, 24
MM, 24, 27, 8
MM, 31, 25, 8
MM, 40, 24, 8
MM, 3, 23, 16
MM, 7, 22, 8
MM, 12, 22, 8
MM, 15, 21, 8
MM, 18, 20, 8
MM, 20, 20, 8
MM, 22, 19, 8
MM, 24, 18, 7
MM, 27, 18, 8
MM, 29, 18, 8
MM, 31, 18, 9
MM, 31, 17, 8
MM, 33, 17, 8
MM, 35, 17, 7
MM, 36, 17, 17
MM, 38, 16, 16
MM, 40, 15, 16
MM, 41, 15, 7
MM, 43, 15, 17
MM, 2, 15, 79
MM, 3, 15, 8
MM, 5, 15, 9
MM, 7, 15, 8
MM, 9, 15, 7
MM, 10, 15, 8
MM, 11, 15, 9
MM, 12, 15, 16
MM, 13, 15, 16
MM, 14, 15, 8
MM, 15, 15, 24
MM, 17, 15, 16
MM, 19, 15, 9
MM, 21, 15, 6
MM, 24, 15, 8
MM, 27, 15, 8
MM, 32, 15, 8
MM, 1, 17, 24
MM, 4, 17, 8
MM, 6, 17, 8
MM, 7, 17, 16
MM, 8, 17, 9
MM, 9, 17, 7
MM, 10, 17, 9
MM, 11, 17, 8
MM, 12, 17, 8
MM, 14, 17, 7
MM, 15, 17, 9
MM, 16, 17, 8
MM, 17, 18, 287
MM, 18, 19, 9
MM, 20, 21, 8
MM, 21, 23, 8
MM, 23, 25, 8
MM, 26, 27, 8
MM, 28, 30, 8
MM, 18, 1, 32
MM, 22, 3, 8
MM, 25, 7, 8
MM, 28, 9, 8
MM, 30, 11, 8
MM, 33, 13, 8
MM, 34, 14, 7
MM, 36, 16, 17
MM, 37, 17, 23
MM, 37, 18, 17
MM, 38, 19, 7
MM, 39, 19, 8
MM, 39, 20, 24
MM, 39, 21, 33
MM, 40, 21, 15
MM, 40, 22, 17
MM, 40, 23, 48
MM, 37, 22, 224
MM, 25, 21, 16
MM, 14, 21, 16
MM, 35, 21, 32
MM, 24, 21, 8
MM, 16, 21, 8
MM, 41, 21, 16
MM, 25, 21, 8
MM, 8, 21, 9
MM, 39, 21, 7
MM, 4, 21, 16
MM, 31, 21, 16
MM, 19, 21, 8
MM, 9, 21, 8
MM, 1, 21, 8
MM, 38, 21, 16
MM, 34, 21, 8
MM, 28, 21, 8
MM, 25, 21, 8
MM, 22, 21, 7
MM, 19, 21, 8
MM, 18, 21, 8
MM, 15, 21, 9
MM, 13, 21, 7
MM, 12, 21, 9
MM, 9, 21, 7
MM, 6, 21, 8
MM, 3, 21, 9
MM, 40, 21, 23
MM, 33, 21, 9
MM, 29, 21, 8
MM, 23, 21, 7
MM, 18, 21, 8
MM, 14, 21, 9
MM, 10, 21, 8
MM, 7, 21, 8
MM, 2, 21, 8
MM, 42, 21, 24
MM, 40, 21, 8
MM, 38, 21, 8
MM, 35, 21, 8
MM, 34, 21, 8
MM, 33, 21, 8
MM, 32, 21, 7
MM, 31, 21, 8
MM, 30, 21, 9
MM, 29, 21, 8
MM, 28, 21, 7
MM, 27, 21, 9
MM, 25, 21, 8
MM, 24, 21, 15
MM, 23, 21, 8
MM, 22, 21, 9
MM, 20, 21, 8
MM, 19, 21, 7
MM, 12, 21, 9
MM, 9, 21, 8
MM, 3, 21, 8
MM, 0, 21, 8
MM, 42, 21, 24
MM, 40, 21, 8
MM, 38, 21, 8
MM, 36, 21, 16
MM, 35, 21, 16
MM, 34, 21, 8
MM, 33, 21, 8
MM, 32, 21, 16
MM, 30, 21, 8
MM, 29, 21, 8
MM, 27, 20, 8
MM, 26, 20, 8
MM, 23, 19, 8
MM, 21, 19, 8
MM, 20, 19, 23
MM, 24, 18, 225
MM, 25, 18, 8
MM, 28, 19, 8
MM, 32, 19, 8
MM, 35, 19, 8
MM, 41, 19, 8
MM, 0, 19, 16
MM, 6, 19, 8
MM, 11, 19, 8
MM, 24, 17, 16
MM, 30, 15, 8
MM, 34, 15, 8
MM, 40, 14, 8
MM, 43, 12, 8
MM, 1, 8, 24
MM, 2, 7, 7
MM, 3, 7, 8
MM, 5, 5, 9
MM, 8, 5, 8
MM, 10, 4, 7
MM, 15, 2, 8
MM, 18, 2, 8
MM, 21, 1, 8
MM, 24, 1, 8
MM, 26, 0, 8
MC, 1, 452
MM, 24, 1, 113
MM, 24, 3, 8
MM, 26, 8, 8
MM, 27, 11, 8
MM, 30, 18, 8
MM, 32, 25, 8
MM, 34, 30, 8
MM, 37, 3, 16
MM, 37, 7, 8
MM, 37, 12, 8
MM, 37, 16, 7
MM, 37, 19, 8
MM, 37, 23, 9
MM, 37, 25, 8
MM, 37, 27, 8
MM, 37, 30, 7
MM, 77, 0, 32
MM, 77, 1, 17
MM, 77, 2, 8
MM, 77, 4, 16
MM, 77, 5, 16
MM, 77, 8, 8
MM, 77, 10, 15
MM, 77, 11, 8
MM, 77, 12, 9
MM, 77, 14, 8
MM, 77, 15, 8
MM, 77, 18, 8
MM, 77, 19, 16
MM, 77, 21, 8
MM, 77, 22, 8
MM, 77, 23, 16
MM, 77, 24, 8
MM, 77, 25, 8
MM, 77, 26, 15
MM, 77, 27, 17
MM, 77, 28, 7
MC, 1, 177
MM, 76, 26, 82
MM, 64, 16, 23
MM, 47, 5, 24
MM, 32, 30, 31
MM, 29, 28, 8
MM, 24, 26, 8
MM, 22, 25, 8
MM, 19, 22, 8
MM, 15, 20, 8
MM, 12, 17, 8
MM, 7, 14, 8
MM, 4, 12, 8
MM, 0, 9, 8
MM, 41, 4, 23
MM, 38, 2, 8
MM, 37, 0, 8
MM, 34, 0, 8
MM, 28, 31, 81
MM, 28, 30, 8
MM, 27, 29, 15
MM, 26, 29, 9
MM, 26, 28, 7
MM, 26, 27, 16
MM, 26, 26, 8
MM, 26, 25, 8
MM, 26, 24, 16
MM, 26, 23, 33
MM, 26, 22, 16
MM, 26, 21, 24
MM, 25, 20, 7
MM, 25, 19, 9
MM, 25, 18, 16
MM, 24, 17, 16
MC, 1, 183
MM, 25, 17, 16
MM, 28, 17, 17
MM, 36, 19, 8
MM, 2, 20, 15
MM, 11, 21, 8
MM, 22, 22, 9
MM, 34, 22, 8
MM, 43, 22, 8
MM, 3, 22, 8
MM, 15, 21, 8
MM, 23, 19, 8
MM, 35, 17, 8
MM, 8, 11, 16
MM, 19, 8, 7
MM, 28, 6, 8
MM, 36, 3, 8
MM, 40, 1, 9
MM, 10, 31, 23
MM, 13, 29, 9
MM, 15, 27, 7
MM, 18, 26, 9
MM, 20, 24, 7
MM, 23, 24, 9
MM, 25, 22, 7
MM, 28, 21, 9
MM, 29, 21, 8
MM, 30, 20, 8
MM, 31, 19, 8
MM, 30, 19, 224
MM, 29, 19, 8
MM, 28, 18, 8
MM, 26, 17, 16
MM, 25, 17, 17
MC, 1, 95
MM, 24, 17, 32
MM, 23, 18, 16
MM, 22, 18, 8
MM, 20, 20, 8
MM, 15, 20, 9
MM, 8, 21, 7
MM, 2, 21, 8
MM, 7, 0, 184
MM, 5, 1, 16
MM, 2, 2, 8
MM, 43, 4, 17
MM, 37, 6, 7
MM, 33, 7, 8
MM, 27, 9, 9
MM, 19, 11, 7
MM, 16, 12, 24
MM, 15, 12, 7
MM, 14, 12, 8
MM, 13, 14, 9
MM, 12, 14, 16
MM, 11, 14, 8
MM, 10, 15, 15
MM, 8, 15, 9
MM, 9, 15, 130
MM, 11, 15, 185
MM, 12, 15, 17
MM, 13, 15, 16
MM, 14, 15, 16
MM, 15, 15, 8
MM, 19, 14, 16
MM, 21, 14, 8
MM, 25, 14, 16
MM, 28, 13, 8
MM, 31, 13, 8
MM, 41, 11, 8
MM, 6, 10, 24
MM, 14, 9, 8
MM, 26, 6, 16
MM, 36, 4, 8
MM, 39, 3, 8
MC, 1, 1064
MM, 13, 1, 264
MM, 17, 2, 8
MM, 22, 4, 8
MM, 26, 5, 8
MM, 32, 8, 8
MM, 39, 10, 8
MM, 44, 12, 8
MM, 0, 15, 16
MM, 2, 16, 8
MM, 5, 17, 7
MM, 7, 18, 8
MM, 8, 18, 8
MM, 11, 18, 8
MM, 12, 19, 9
MM, 13, 20, 8
MM, 17, 21, 7
MM, 18, 22, 8
MM, 20, 23, 9
MM, 23, 24, 8
MM, 25, 24, 7
MM, 27, 24, 8
MM, 31, 25, 9
MM, 32, 25, 8
MM, 33, 26, 7
MM, 34, 26, 8
MM, 36, 26, 9
MM, 37, 26, 8
MM, 39, 26, 7
MM, 40, 26, 8
MM, 43, 26, 9
MM, 2, 27, 24
MM, 5, 29, 8
MM, 9, 30, 8
MM, 12, 31, 8
MM, 16, 31, 8
MM, 35, 0, 16
MM, 2, 3, 16
MM, 9, 5, 8
MM, 15, 6, 8
MM, 20, 8, 8
MM, 23, 8, 8
MM, 25, 8, 8
MM, 26, 8, 40
MM, 27, 8, 32
MM, 28, 8, 8
MM, 29, 9, 8
MM, 30, 9, 7
MM, 31, 9, 9
MM, 33, 9, 8
MM, 34, 10, 7
MM, 35, 10, 8
MM, 35, 11, 9
MM, 36, 11, 8
MM, 37, 11, 8
MM, 38, 11, 7
MM, 41, 11, 8
MM, 42, 11, 9
MM, 43, 11, 7
MM, 41, 14, 195
MM, 24, 16, 30
MM, 11, 16, 16
MM, 40, 17, 32
MM, 36, 17, 8
MM, 34, 17, 16
MM, 33, 17, 56
MM, 32, 17, 32
MM, 30, 17, 16
MM, 29, 17, 8
MM, 28, 17, 16
MM, 27, 16, 8
MM, 26, 16, 7
MM, 24, 16, 106
MM, 23, 16, 113
MM, 23, 15, 16
MC, 1, 274
MM, 29, 15, 257
MM, 39, 15, 23
MM, 41, 15, 16
MM, 43, 15, 9
MM, 0, 14, 31
MM, 2, 14, 8
MM, 5, 14, 7
MM, 8, 14, 8
MM, 12, 14, 9
MM, 16, 14, 8
MM, 19, 14, 8
MM, 23, 14, 8
MM, 25, 14, 8
MM, 27, 14, 7
MM, 30, 14, 8
MM, 32, 14, 17
MM, 34, 14, 8
MM, 35, 14, 8
MM, 36, 14, 8
MM, 39, 14, 8
MM, 41, 14, 8
MM, 42, 14, 8
MM, 43, 14, 8
MM, 1, 15, 80
MM, 4, 16, 8
MM, 12, 17, 16
MM, 15, 17, 16
MM, 16, 17, 8
MM, 19, 16, 315
MM, 23, 14, 22
MM, 30, 10, 23
MM, 35, 8, 8
MM, 39, 6, 16
MM, 43, 5, 8
MM, 281, 3, 3084
MM, 281, 5, 8
MM, 284, 9, 7
MM, 287, 14, 8
MM, 293, 20, 8
MM, 297, 27, 9
MM, 301, 32, 7
MM, 304, 35, 8
MM, 306, 37, 9
MM, 309, 40, 8
MM, 310, 42, 8
MM, 312, 43, 8
MM, 313, 46, 8
MM, 315, 49, 8
MM, 317, 52, 8
MM, 320, 57, 8
MM, 324, 63, 8
MM, 2, 2, 63
MM, 7, 7, 8
MM, 12, 12, 8
MM, 14, 14, 8
MM, 15, 15, 8
MM, 17, 16, 8
MM, 18, 17, 8
MM, 19, 17, 8
MM, 20, 17, 8
MM, 21, 18, 8
MM, 23, 19, 8
MM, 24, 21, 16
MM, 26, 22, 8
MM, 27, 24, 8
MM, 31, 27, 9
MM, 32, 29, 8
MM, 34, 31, 7
MM, 22, 3, 17
MM, 27, 8, 7
MM, 31, 11, 9
MM, 34, 15, 7
MM, 41, 21, 8
MM, 47, 26, 8
MM, 6, 0, 47
MM, 6, 1, 10
MM, 7, 1, 8
MM, 8, 2, 8
MM, 9, 3, 8
MM, 11, 7, 8
MM, 14, 10, 8
MM, 18, 15, 8
MM, 21, 18, 8
MM, 23, 22, 8
MM, 24, 24, 8
MM, 25, 25, 7
MM, 25, 27, 8
MM, 26, 27, 8
MM, 26, 28, 9
MM, 26, 27, 72
MM, 27, 27, 8
MM, 27, 25, 8
MM, 27, 23, 8
MM, 28, 22, 16
MM, 28, 21, 7
MM, 28, 20, 8
MM, 29, 20, 17
MM, 29, 21, 257
MM, 29, 22, 627
MM, 28, 24, 16
MM, 28, 25, 23
MM, 28, 24, 216
MM, 28, 23, 9
MM, 28, 22, 15
MM, 28, 23, 80
MM, 28, 24, 9
MM, 28, 25, 7
MM, 27, 26, 17
MM, 179, 24, 255626
MM, 179, 23, 209
MM, 179, 22, 32
MM, 179, 21, 16
MM, 179, 20, 8
MM, 179, 19, 9
MM, 179, 18, 7
MM, 179, 16, 16
MM, 179, 15, 16
MM, 180, 12, 8
MM, 180, 11, 8
MM, 181, 10, 8
MM, 181, 8, 8
MM, 183, 6, 9
MM, 183, 4, 8
MM, 186, 2, 8
MM, 11, 29, 47
MM, 16, 27, 8
MM, 19, 26, 9
MM, 23, 24, 7
MM, 28, 24, 8
MM, 32, 22, 8
MM, 37, 20, 9
MM, 42, 18, 7
MM, 0, 14, 16
MM, 5, 13, 8
MM, 9, 12, 9
MM, 15, 9, 7
MM, 19, 9, 8
MM, 22, 8, 8
MM, 26, 8, 9
MM, 29, 7, 8
MM, 31, 7, 7
MM, 34, 7, 8
MM, 37, 7, 8
MM, 40, 7, 16
MM, 42, 7, 8
MM, 3, 7, 24
MM, 8, 7, 8
MM, 13, 7, 8
MM, 20, 8, 8
MM, 26, 9, 8
MM, 35, 11, 8
MM, 42, 12, 8
MM, 0, 5, 50
MM, 2, 5, 6
MM, 4, 6, 8
MM, 6, 6, 8
MM, 9, 7, 8
MM, 12, 7, 8
MM, 14, 8, 8
MM, 17, 8, 7
MM, 20, 9, 9
MM, 21, 9, 8
MM, 22, 9, 8
MM, 24, 11, 7
MM, 24, 12, 9
MM, 26, 13, 8
MM, 28, 14, 8
MM, 29, 14, 8
MM, 29, 15, 8
MM, 30, 15, 8
MM, 30, 16, 8
MM, 31, 16, 8
MM, 31, 17, 16
MM, 32, 18, 16
MM, 33, 18, 8
MM, 34, 19, 40
MM, 35, 19, 73
MM, 36, 19, 24
MM, 37, 19, 8
