**********************************
LOGGING TIME: 20180908_192329
CLIENT IP: 192.168.56.1
USERNAME: Nikhil
OS: Windows 10
*********************Neutral database**********************************
MM, 141, 57, 1537598299011
MM, 116, 23, 28
MM, 106, 9, 6
MM, 269, 17, 15314
MM, 20, 29, 43034
MM, 21, 28, 7
MM, 22, 27, 7
MM, 23, 26, 33
MM, 24, 25, 14
MM, 25, 24, 7
MM, 25, 23, 6
MM, 26, 22, 7
MM, 28, 20, 7
MM, 29, 20, 7
MM, 31, 18, 7
MM, 31, 17, 7
MM, 32, 16, 13
MM, 33, 15, 41
MC, 1, 427
MM, 33, 16, 244
MM, 33, 17, 16
MM, 34, 18, 8
MM, 34, 20, 8
MM, 34, 21, 8
MM, 35, 22, 8
MM, 37, 26, 17
MM, 38, 28, 7
MM, 57, 30, 2984
MM, 57, 29, 8
MM, 57, 28, 16
MM, 57, 27, 208
MM, 57, 26, 128
MM, 57, 25, 40
MM, 56, 25, 48
MM, 56, 24, 8
MM, 56, 23, 64
MM, 56, 22, 160
MM, 56, 21, 33
MM, 56, 20, 168
MM, 55, 20, 64
MM, 56, 20, 663
MM, 56, 21, 24
MM, 57, 22, 8
MM, 57, 23, 8
MM, 58, 24, 16
MM, 58, 25, 16
MM, 59, 25, 8
MM, 59, 26, 143
MM, 59, 28, 9
MM, 61, 29, 7
MM, 85, 0, 2307
MM, 85, 2, 6
MM, 85, 3, 7
MM, 85, 4, 14
MM, 85, 5, 6
MM, 85, 6, 7
MM, 85, 7, 21
MM, 85, 8, 40
MM, 85, 9, 7
MM, 85, 10, 14
MM, 85, 11, 7
MM, 85, 12, 6
MM, 85, 13, 21
MM, 85, 15, 13
MM, 85, 16, 7
MM, 85, 18, 7
MM, 86, 20, 13
MM, 86, 21, 7
MM, 87, 23, 13
MM, 87, 24, 7
MM, 87, 25, 6
MM, 88, 27, 7
MM, 88, 28, 7
MM, 89, 30, 7
MM, 89, 31, 6
MM, 89, 32, 7
MM, 89, 33, 14
MM, 89, 34, 209
MM, 90, 34, 32
MM, 90, 35, 8
MM, 90, 36, 17
MM, 91, 37, 7
MM, 91, 41, 8
MM, 98, 63, 3043
MM, 98, 61, 23
MM, 98, 58, 25
MM, 99, 58, 54
MM, 100, 59, 16
MM, 101, 59, 8
MM, 102, 60, 15
MM, 105, 61, 24
MM, 106, 61, 8
MM, 107, 61, 17
MM, 116, 61, 112
MM, 118, 63, 32
MM, 29, 0, 49
MM, 30, 2, 16
MM, 30, 3, 48
MM, 31, 3, 16
MM, 32, 4, 24
MM, 32, 6, 22
MM, 32, 10, 16
MM, 32, 12, 8
MM, 32, 16, 16
MM, 16, 4, 161
MM, 43, 24, 65
MM, 35, 30, 31
MM, 33, 31, 8
MM, 33, 1, 177
MM, 38, 3, 32
MM, 43, 5, 24
MM, 0, 6, 15
MM, 16, 15, 80
MM, 17, 15, 8
MM, 17, 16, 15
MM, 18, 16, 24
MM, 28, 18, 98
MM, 30, 18, 24
MM, 31, 18, 32
MM, 32, 17, 23
MM, 35, 16, 25
MM, 39, 14, 23
MM, 39, 13, 10
MM, 39, 12, 151
MM, 39, 11, 24
MM, 39, 10, 39
MM, 39, 9, 24
MM, 38, 9, 16
MM, 38, 7, 7
MM, 37, 5, 24
MM, 37, 4, 8
MM, 37, 2, 25
MM, 37, 1, 8
MM, 37, 0, 8
MM, 32, 30, 80
MM, 31, 29, 16
MM, 31, 28, 15
MM, 30, 27, 17
MM, 28, 26, 15
MM, 28, 25, 8
MM, 27, 25, 16
MM, 27, 24, 8
MM, 26, 24, 362
MM, 25, 24, 119
MM, 20, 24, 24
MM, 37, 3, 32
MM, 40, 5, 440
MM, 35, 4, 17
MM, 36, 4, 23
MM, 38, 7, 24
MM, 38, 10, 25
MM, 38, 12, 23
MM, 37, 13, 33
MM, 2, 14, 32
MM, 25, 25, 23
MM, 255, 57, 112
MM, 265, 48, 7
MM, 277, 38, 17
MM, 280, 35, 15
MM, 280, 36, 138
MM, 276, 41, 25
MM, 257, 57, 23
MM, 251, 61, 8
MM, 6, 5, 672
MM, 5, 19, 24
MM, 4, 20, 40
MM, 4, 23, 15
MM, 4, 22, 24
MM, 0, 16, 137
MM, 43, 2, 192
MM, 42, 1, 15
MM, 41, 1, 25
MM, 40, 1, 24
MM, 39, 1, 31
MM, 38, 1, 16
MM, 38, 2, 16
MM, 37, 2, 7
MM, 36, 2, 8
MM, 35, 2, 16
MM, 34, 2, 8
MM, 33, 3, 8
MM, 32, 3, 24
MM, 31, 3, 24
MM, 30, 3, 8
MM, 29, 3, 8
MM, 27, 3, 8
MM, 26, 3, 8
MM, 25, 3, 16
MM, 24, 3, 8
MM, 23, 3, 57
MM, 23, 4, 47
MM, 23, 5, 16
MM, 23, 6, 97
MM, 23, 7, 88
MM, 22, 7, 88
MM, 23, 8, 345
MM, 25, 10, 24
MM, 29, 13, 24
MM, 38, 18, 24
MM, 5, 25, 31
MM, 22, 30, 24
MM, 1, 1, 71
MM, 34, 12, 64
MM, 40, 14, 8
MM, 2, 18, 24
MM, 3, 18, 8
MM, 5, 19, 8
MM, 7, 19, 8
MM, 8, 19, 8
MM, 9, 19, 8
MM, 11, 19, 8
MM, 13, 19, 8
MM, 15, 19, 8
MM, 18, 19, 8
MM, 22, 18, 8
MM, 26, 18, 8
MM, 31, 17, 8
MM, 36, 16, 8
MM, 41, 15, 8
MM, 3, 12, 24
MM, 5, 11, 8
MM, 8, 10, 16
MM, 10, 8, 8
MM, 11, 6, 9
MM, 27, 28, 40
MM, 10, 13, 24
MM, 32, 1, 16
MM, 17, 31, 24
MM, 19, 27, 16
MM, 20, 23, 16
MM, 20, 22, 8
MM, 21, 19, 16
MM, 22, 18, 8
MM, 22, 17, 8
MM, 22, 16, 15
MM, 21, 16, 98
MM, 8, 18, 32
MM, 34, 20, 32
MM, 31, 20, 24
MM, 31, 19, 142
MM, 30, 18, 32
MM, 30, 17, 48
MM, 29, 17, 8
MM, 29, 16, 40
MM, 28, 17, 401
MM, 27, 17, 7
MM, 25, 18, 8
MM, 19, 18, 24
MM, 17, 18, 8
MM, 14, 18, 8
MM, 10, 16, 8
MM, 7, 16, 8
MM, 1, 14, 7
MM, 43, 12, 17
MM, 39, 11, 8
MM, 35, 11, 8
MM, 31, 10, 8
MM, 26, 9, 8
MM, 22, 9, 8
MM, 17, 9, 8
MM, 13, 9, 8
MM, 7, 9, 8
MM, 1, 10, 8
MM, 39, 11, 16
MM, 33, 12, 8
MM, 27, 13, 8
MM, 20, 14, 8
MM, 14, 14, 8
MM, 10, 14, 8
MM, 5, 14, 8
MM, 1, 14, 8
MM, 38, 0, 840
MM, 37, 0, 8
MM, 36, 0, 8
MM, 35, 1, 8
MM, 34, 2, 8
MM, 32, 2, 8
MM, 31, 2, 16
MM, 31, 3, 8
MM, 30, 3, 24
MM, 29, 3, 80
MM, 28, 3, 24
MM, 28, 4, 56
MM, 27, 4, 104
MM, 27, 5, 24
MM, 26, 5, 89
MM, 26, 6, 24
MM, 25, 6, 39
MM, 25, 7, 8
MM, 24, 8, 16
MM, 24, 9, 8
MM, 24, 10, 16
MM, 24, 11, 24
MM, 24, 12, 97
MM, 24, 13, 15
MM, 23, 13, 8
MM, 23, 14, 18
MC, 1, 142
MM, 24, 15, 169
MM, 25, 17, 16
MM, 27, 19, 16
MM, 32, 25, 16
MM, 39, 30, 15
MM, 3, 1, 25
MM, 11, 5, 15
MM, 27, 13, 24
MM, 42, 19, 17
MM, 8, 27, 15
MM, 20, 30, 17
MM, 27, 25, 16
MM, 30, 21, 144
MM, 30, 20, 8
MM, 31, 19, 8
MM, 34, 19, 24
MM, 38, 18, 16
MM, 24, 26, 16
MM, 12, 27, 8
MM, 14, 25, 24
MM, 19, 21, 25
MM, 19, 19, 7
MM, 19, 15, 24
MM, 20, 10, 24
MM, 20, 5, 16
MM, 20, 3, 7
MM, 33, 31, 40
MM, 41, 29, 8
MM, 10, 26, 16
MM, 24, 24, 16
MM, 37, 23, 16
MM, 44, 23, 8
MM, 10, 25, 16
MM, 32, 28, 17
MM, 36, 2, 32
MM, 9, 9, 15
MM, 22, 13, 17
MM, 22, 2, 7
MM, 22, 1, 217
MM, 22, 0, 16
MM, 16, 30, 32
MM, 16, 28, 7
MM, 16, 26, 8
MM, 16, 23, 8
MM, 16, 19, 16
MM, 16, 17, 8
MM, 17, 15, 9
MM, 18, 12, 8
MM, 18, 10, 8
MM, 20, 7, 8
MM, 24, 0, 16
MM, 2, 29, 16
MM, 8, 22, 7
MM, 14, 16, 9
MM, 26, 10, 7
MM, 18, 0, 376
MM, 18, 1, 16
MM, 18, 2, 137
MM, 19, 3, 16
MM, 21, 4, 8
MM, 22, 6, 8
MM, 24, 8, 15
MM, 24, 9, 8
MM, 24, 10, 8
MM, 24, 11, 16
MM, 24, 12, 24
MM, 24, 13, 152
MC, 1, 208
MM, 24, 14, 24
MM, 22, 14, 16
MM, 22, 16, 8
MM, 20, 16, 8
MM, 19, 18, 8
MM, 17, 19, 8
MM, 15, 21, 8
MM, 13, 22, 8
MM, 11, 24, 8
MM, 9, 25, 8
MM, 7, 27, 8
MM, 5, 28, 8
MM, 3, 30, 8
MM, 1, 31, 8
MM, 12, 0, 96
MM, 13, 0, 192
MM, 15, 1, 16
MM, 16, 1, 8
MM, 17, 2, 16
MM, 18, 2, 48
MM, 18, 3, 16
MM, 18, 4, 24
MM, 19, 5, 9
MM, 20, 6, 7
MM, 21, 7, 8
MM, 22, 8, 8
MM, 22, 9, 16
MM, 23, 9, 40
MM, 23, 10, 96
MC, 1, 160
MM, 22, 10, 8
MM, 21, 10, 8
MM, 20, 10, 16
MM, 18, 10, 16
MM, 18, 9, 8
MM, 17, 9, 8
MM, 16, 9, 16
MM, 13, 7, 8
MM, 10, 6, 8
MM, 6, 5, 8
MM, 1, 3, 8
MM, 30, 31, 40
MM, 22, 28, 8
MM, 15, 26, 8
MM, 5, 24, 8
MM, 39, 19, 16
MM, 31, 18, 8
MM, 23, 17, 8
MM, 16, 16, 8
MM, 10, 16, 8
MM, 2, 15, 8
MM, 40, 13, 16
MM, 34, 13, 8
MM, 26, 12, 16
MM, 20, 12, 8
MM, 15, 12, 8
MM, 9, 12, 8
MM, 3, 12, 8
MM, 38, 28, 176
MM, 27, 25, 8
MM, 16, 22, 8
MM, 6, 21, 8
MM, 41, 20, 16
MM, 35, 20, 8
MM, 33, 20, 8
MM, 32, 20, 8
MM, 31, 20, 8
MM, 30, 21, 8
MM, 29, 21, 8
MM, 28, 22, 8
MM, 28, 23, 8
MM, 28, 24, 9
MM, 28, 27, 8
MM, 27, 28, 8
MM, 26, 28, 8
MM, 26, 30, 8
MM, 25, 31, 8
MM, 30, 0, 472
MM, 29, 0, 8
MM, 28, 2, 23
MM, 27, 3, 24
MM, 27, 4, 144
MM, 26, 4, 128
MC, 1, 201
MM, 27, 5, 184
MM, 28, 6, 8
MM, 29, 7, 15
MM, 34, 10, 25
MM, 42, 13, 15
MM, 1, 17, 17
MM, 11, 21, 23
MM, 14, 22, 8
MM, 18, 22, 8
MM, 27, 24, 16
MM, 31, 24, 8
MM, 37, 25, 8
MM, 6, 26, 24
MM, 17, 27, 16
MM, 24, 28, 8
MM, 36, 31, 16
MM, 33, 31, 144
MM, 33, 30, 8
MM, 36, 29, 8
MM, 37, 28, 8
MM, 39, 28, 8
MM, 42, 27, 8
MM, 3, 26, 24
MM, 6, 26, 8
MM, 9, 26, 8
MM, 11, 25, 8
MM, 13, 25, 8
MM, 14, 24, 8
MM, 16, 24, 8
MM, 18, 23, 8
MM, 19, 22, 16
MM, 20, 21, 16
MM, 20, 20, 16
MM, 20, 19, 8
MM, 22, 18, 8
MM, 24, 17, 8
MM, 25, 16, 8
MM, 27, 15, 8
MM, 29, 15, 8
MM, 30, 15, 8
MM, 30, 14, 9
MM, 30, 13, 7
MM, 31, 13, 8
MM, 31, 12, 8
MM, 32, 11, 8
MM, 32, 9, 16
MM, 34, 7, 8
MM, 35, 6, 8
MM, 37, 5, 8
MM, 39, 3, 8
MM, 40, 3, 8
MM, 43, 2, 8
MM, 44, 1, 8
MM, 46, 1, 8
MM, 16, 31, 64
MM, 17, 30, 8
MM, 18, 29, 8
MM, 18, 28, 8
MM, 20, 28, 8
MM, 20, 27, 8
MM, 21, 26, 8
MM, 22, 25, 8
MM, 23, 24, 8
MM, 24, 23, 8
MM, 25, 22, 8
MM, 26, 21, 8
MM, 27, 21, 8
MM, 28, 20, 16
MM, 29, 20, 8
MM, 30, 20, 168
MM, 31, 21, 40
MM, 32, 21, 9
MM, 33, 22, 192
MM, 32, 24, 8
MM, 31, 25, 8
MM, 28, 30, 16
MM, 6, 0, 31
MM, 2, 3, 8
MM, 44, 14, 32
MM, 37, 21, 16
MM, 35, 23, 8
MM, 29, 29, 16
MM, 23, 2, 40
MM, 22, 8, 16
MM, 21, 12, 8
MM, 18, 21, 16
MM, 16, 24, 9
MM, 99, 0, 40
MM, 99, 1, 8
MM, 99, 3, 16
MM, 98, 5, 16
MM, 98, 6, 8
MM, 98, 7, 16
MM, 98, 9, 199
MM, 100, 9, 8
MM, 101, 11, 17
MM, 102, 12, 15
MM, 103, 12, 16
MM, 103, 14, 8
MM, 103, 15, 192
MM, 101, 15, 184
MM, 100, 15, 24
MM, 99, 15, 32
MM, 98, 15, 24
MM, 98, 14, 104
MM, 98, 13, 32
MM, 98, 12, 41
MM, 98, 11, 16
MM, 98, 9, 16
MM, 99, 8, 16
MM, 99, 6, 8
MM, 99, 5, 16
MM, 99, 4, 24
MM, 99, 2, 16
MM, 99, 0, 16
MM, 9, 31, 40
MM, 9, 29, 16
MM, 9, 26, 15
MM, 9, 24, 17
MM, 9, 21, 15
MM, 8, 17, 25
MM, 8, 13, 15
MM, 6, 11, 16
MM, 5, 6, 17
MM, 3, 2, 16
MM, 4, 31, 56
MM, 4, 30, 8
MM, 5, 27, 24
MM, 5, 23, 25
MM, 5, 21, 15
MM, 5, 17, 16
MM, 4, 14, 16
MM, 3, 11, 24
MM, 3, 9, 8
MM, 2, 8, 8
MM, 2, 3, 16
MM, 1, 0, 8
MM, 4, 0, 704
MM, 2, 1, 15
MM, 1, 1, 8
MM, 43, 3, 144
MM, 42, 3, 16
MM, 41, 3, 24
MM, 39, 3, 16
MM, 38, 3, 16
MM, 37, 3, 16
MM, 35, 3, 16
MM, 33, 3, 16
MM, 32, 4, 8
MM, 31, 4, 16
MM, 31, 5, 24
MM, 30, 5, 8
MM, 29, 5, 8
MM, 28, 5, 32
MM, 28, 6, 64
MM, 28, 7, 48
MM, 27, 7, 8
MM, 26, 7, 56
MM, 26, 7, 321
MM, 27, 7, 24
MM, 28, 7, 24
MM, 29, 7, 8
MM, 30, 6, 16
MM, 33, 5, 16
MM, 35, 4, 16
MM, 39, 3, 16
MM, 43, 1, 24
MC, 1, 687
MM, 32, 2, 136
MM, 37, 6, 8
MM, 42, 9, 8
MM, 1, 17, 16
MM, 7, 20, 8
MM, 12, 22, 8
MM, 15, 25, 8
MM, 18, 27, 8
MM, 20, 28, 8
MM, 21, 29, 8
MM, 22, 31, 8
MM, 35, 2, 32
MM, 38, 6, 8
MM, 41, 7, 8
MM, 0, 18, 41
MM, 1, 20, 7
MM, 1, 21, 8
MM, 3, 24, 8
MM, 5, 27, 8
MM, 8, 29, 8
MM, 113, 2, 32
MM, 115, 4, 8
MM, 116, 5, 8
MM, 117, 5, 8
MM, 118, 7, 8
MM, 119, 7, 16
MM, 119, 5, 64
MM, 121, 3, 16
MM, 122, 2, 16
MM, 123, 2, 16
MM, 125, 1, 16
MM, 126, 1, 16
MM, 126, 0, 8
MM, 42, 31, 96
MM, 43, 30, 16
MM, 0, 26, 113
MM, 0, 25, 8
MM, 1, 25, 15
MM, 2, 25, 17
MM, 3, 25, 16
MM, 4, 25, 16
MM, 5, 25, 16
MM, 6, 25, 8
MM, 7, 25, 8
MM, 8, 25, 16
MM, 9, 25, 8
MM, 11, 25, 16
MM, 12, 25, 8
MM, 14, 25, 8
MM, 15, 25, 31
MM, 16, 25, 32
MM, 17, 25, 40
MM, 18, 25, 8
MM, 19, 25, 32
MM, 19, 24, 16
MM, 20, 24, 24
MM, 21, 24, 80
MM, 22, 24, 8
MM, 23, 24, 16
MC, 1, 136
MM, 22, 24, 145
MM, 22, 23, 23
MM, 22, 22, 16
MM, 21, 21, 16
MM, 20, 19, 8
MM, 20, 18, 8
MM, 19, 16, 8
MM, 19, 14, 8
MM, 17, 9, 8
MM, 14, 6, 8
MM, 13, 3, 8
MM, 5, 31, 16
MM, 3, 27, 9
MM, 1, 22, 7
MM, 45, 1, 57
MM, 1, 31, 15
MM, 0, 2, 2313
MM, 4, 7, 16
MM, 8, 10, 15
MM, 12, 15, 24
MM, 12, 16, 8
MM, 14, 17, 8
MM, 15, 19, 8
MM, 16, 19, 8
MM, 17, 21, 8
MM, 18, 21, 8
MM, 19, 22, 8
MM, 20, 23, 8
MM, 25, 25, 16
MM, 27, 27, 8
MM, 30, 29, 8
MM, 32, 29, 8
MM, 36, 31, 8
MM, 4, 0, 57
MM, 6, 1, 7
MM, 8, 1, 8
MM, 10, 1, 8
MM, 13, 2, 8
MM, 15, 2, 8
MM, 17, 3, 17
MM, 18, 3, 32
MM, 20, 3, 8
MM, 21, 3, 8
MM, 22, 4, 8
MM, 25, 5, 8
MM, 28, 5, 8
MM, 30, 6, 7
MM, 32, 7, 16
MM, 33, 8, 8
MM, 34, 9, 8
MM, 36, 10, 8
MM, 38, 10, 8
MM, 40, 12, 8
MM, 41, 12, 8
MM, 42, 12, 8
MM, 43, 13, 8
MM, 43, 14, 25
MM, 1, 18, 80
MM, 3, 19, 16
MM, 4, 20, 16
MM, 5, 20, 16
MM, 6, 21, 8
MM, 7, 21, 73
MM, 8, 21, 151
MM, 9, 22, 55
MM, 10, 22, 9
MM, 8, 22, 159
MM, 7, 22, 32
MM, 5, 21, 24
MM, 4, 20, 16
MM, 2, 20, 16
MM, 0, 20, 8
MM, 42, 19, 33
MM, 36, 19, 16
MM, 30, 19, 16
MM, 23, 19, 16
MM, 21, 19, 7
MM, 17, 18, 16
MM, 14, 18, 17
MM, 9, 18, 15
MM, 5, 18, 17
MM, 2, 18, 16
MM, 0, 18, 8
MM, 43, 18, 48
MM, 40, 18, 16
MM, 37, 18, 16
MM, 35, 18, 16
MM, 33, 18, 24
MM, 31, 18, 16
MM, 29, 18, 16
MM, 26, 18, 16
MM, 24, 18, 8
MM, 22, 18, 15
MM, 21, 18, 8
MM, 20, 18, 41
MM, 19, 18, 24
MM, 18, 18, 81
MM, 15, 16, 15
MM, 9, 13, 16
MM, 4, 11, 16
MM, 2, 9, 8
MM, 42, 5, 48
MM, 41, 4, 8
MM, 39, 4, 24
MM, 38, 3, 16
MM, 37, 3, 25
MM, 36, 3, 31
MM, 35, 3, 24
MM, 34, 3, 7
MM, 33, 3, 17
MM, 32, 3, 65
MM, 32, 4, 39
MM, 30, 4, 8
MM, 31, 7, 31
MM, 31, 8, 16
MM, 32, 9, 8
MM, 32, 10, 161
MM, 32, 10, 167
MM, 31, 10, 16
MM, 30, 10, 8
MM, 30, 9, 8
MM, 29, 9, 8
MM, 29, 8, 8
MM, 29, 7, 24
MM, 29, 6, 16
MM, 29, 5, 8
MM, 29, 3, 8
MM, 29, 2, 8
MM, 29, 1, 8
MM, 24, 31, 32
MM, 22, 29, 8
MM, 20, 28, 8
MM, 20, 26, 8
MM, 20, 24, 8
MM, 19, 23, 8
MM, 18, 22, 8
MM, 18, 19, 8
MM, 18, 18, 8
MM, 18, 16, 8
MM, 18, 14, 8
MM, 18, 12, 8
MM, 18, 11, 8
MM, 19, 10, 8
MM, 19, 8, 8
MM, 19, 7, 16
MM, 19, 6, 8
MM, 19, 5, 16
MM, 19, 4, 16
MM, 19, 3, 16
MM, 19, 2, 8
MM, 18, 1, 8
MC, 1, 593
MM, 23, 1, 257
MM, 29, 14, 32
MM, 34, 25, 24
MM, 39, 1, 41
MM, 43, 11, 31
MM, 0, 27, 64
MM, 48, 0, 49
MM, 51, 6, 23
MM, 56, 14, 33
MM, 60, 20, 23
MM, 63, 25, 23
MM, 64, 26, 25
MM, 65, 28, 24
MM, 68, 30, 24
MM, 70, 31, 16
MM, 71, 32, 23
MM, 72, 33, 49
MM, 73, 34, 25
MM, 74, 35, 6
MM, 75, 35, 25
MM, 75, 36, 17
MM, 74, 36, 231
MM, 74, 35, 16
MM, 72, 34, 328
MM, 71, 34, 56
MM, 71, 33, 24
MM, 70, 33, 32
MM, 70, 32, 40
MM, 70, 30, 32
MM, 72, 26, 24
MM, 74, 22, 16
MM, 76, 15, 16
MM, 79, 11, 7
MM, 83, 3, 16
MM, 0, 29, 24
MM, 3, 20, 16
MM, 6, 14, 16
MM, 8, 7, 16
MM, 9, 4, 8
MM, 12, 30, 40
MM, 12, 26, 16
MM, 12, 22, 16
MM, 12, 21, 8
MM, 12, 19, 16
MM, 13, 17, 8
MM, 13, 14, 24
MM, 14, 11, 16
MM, 14, 7, 17
MM, 15, 6, 6
MM, 15, 4, 16
MM, 15, 3, 9
MM, 15, 2, 16
MM, 15, 1, 25
MM, 33, 0, 656
MM, 36, 4, 24
MM, 46, 11, 32
MM, 1, 15, 25
MM, 3, 16, 14
MM, 3, 17, 32
MM, 4, 18, 40
MM, 6, 19, 24
MM, 7, 20, 15
MM, 8, 21, 17
MM, 9, 22, 7
MM, 10, 23, 16
MM, 11, 23, 16
MM, 11, 24, 8
MM, 13, 25, 8
MM, 14, 26, 16
MM, 16, 26, 9
MM, 17, 27, 15
MM, 18, 27, 8
MM, 18, 28, 8
MM, 19, 28, 145
MM, 17, 27, 184
MM, 16, 26, 24
MM, 15, 26, 40
MM, 14, 26, 49
MM, 11, 25, 24
MM, 8, 24, 15
MM, 1, 23, 24
MM, 43, 21, 25
MM, 18, 18, 32
MM, 40, 14, 33
MM, 7, 9, 41
MM, 42, 7, 44
MM, 41, 7, 8
MM, 38, 7, 8
MM, 35, 6, 8
MM, 32, 6, 7
MM, 30, 6, 9
MM, 29, 6, 8
MM, 27, 6, 8
MM, 26, 6, 8
MM, 24, 6, 8
MM, 23, 6, 8
MM, 20, 6, 8
MM, 14, 6, 17
MM, 12, 6, 7
MM, 7, 6, 16
MM, 3, 6, 17
MM, 2, 6, 15
MM, 1, 6, 25
MM, 0, 6, 8
MM, 43, 6, 97
MM, 40, 6, 24
MM, 35, 6, 24
MM, 28, 6, 32
MM, 23, 6, 24
MM, 18, 6, 24
MM, 16, 7, 23
MM, 14, 8, 24
MM, 13, 8, 8
MM, 12, 8, 24
MM, 11, 8, 24
MM, 11, 9, 24
MM, 10, 9, 16
MM, 9, 9, 16
MM, 8, 9, 8
MM, 6, 10, 16
MM, 5, 11, 16
MM, 4, 11, 17
MM, 2, 11, 15
MM, 1, 11, 8
MM, 43, 12, 48
MM, 40, 12, 18
MM, 37, 12, 15
MM, 36, 12, 17
MM, 35, 12, 25
MM, 35, 13, 78
MM, 35, 14, 16
MM, 35, 16, 232
MM, 37, 16, 16
MM, 42, 17, 15
MM, 8, 18, 24
MM, 36, 22, 25
MM, 9, 22, 15
MM, 4, 22, 32
MM, 41, 22, 24
MM, 10, 22, 15
MM, 31, 25, 33
MM, 34, 26, 16
MM, 34, 25, 82
MM, 36, 24, 23
MM, 38, 22, 24
MM, 39, 20, 15
MM, 39, 16, 15
MM, 39, 14, 16
MM, 38, 11, 8
MM, 37, 10, 8
MM, 36, 8, 8
MM, 34, 6, 8
MM, 34, 5, 8
MM, 32, 4, 8
MM, 31, 2, 8
MM, 29, 1, 8
MM, 29, 0, 8
MM, 18, 0, 506
MM, 15, 18, 24
MM, 10, 29, 16
MM, 5, 4, 24
MM, 2, 15, 23
MM, 1, 24, 24
MM, 92, 0, 88
MM, 93, 0, 41
MM, 93, 1, 55
MM, 96, 3, 25
MM, 97, 5, 24
MM, 98, 6, 40
MM, 99, 6, 32
MM, 101, 9, 24
MM, 102, 10, 23
MM, 103, 12, 24
MM, 105, 15, 24
MM, 106, 16, 16
MM, 107, 16, 17
MM, 107, 17, 105
MM, 106, 18, 149
MM, 105, 17, 24
MM, 104, 17, 17
MM, 103, 16, 16
MM, 102, 16, 41
MM, 102, 15, 16
MM, 102, 14, 24
MM, 105, 12, 32
MM, 108, 9, 24
MM, 113, 4, 23
MM, 2, 26, 49
MM, 24, 16, 23
MM, 1, 5, 41
MM, 7, 31, 48
MM, 10, 26, 24
MM, 14, 22, 24
MM, 16, 19, 24
MM, 17, 16, 33
MM, 18, 14, 23
MM, 18, 13, 16
MM, 18, 12, 16
MM, 18, 11, 17
MM, 18, 10, 21
MM, 18, 9, 25
MM, 18, 8, 16
MM, 18, 7, 8
MM, 18, 3, 15
MM, 30, 31, 33
MM, 30, 28, 16
MM, 30, 26, 16
MM, 30, 25, 8
MM, 30, 23, 16
MM, 30, 22, 24
MM, 31, 22, 17
MM, 32, 22, 6
MM, 35, 22, 17
MM, 39, 22, 16
MM, 0, 23, 40
MM, 2, 23, 16
MM, 4, 23, 16
MM, 5, 23, 15
MM, 6, 23, 9
MM, 7, 23, 16
MM, 8, 23, 73
MM, 9, 23, 15
MM, 11, 23, 16
MM, 12, 24, 16
MM, 13, 24, 9
MM, 14, 24, 23
MM, 15, 24, 40
MM, 16, 24, 33
MM, 18, 25, 15
MM, 20, 26, 16
MM, 22, 27, 16
MM, 23, 27, 8
MM, 24, 28, 17
MM, 24, 28, 127
MM, 23, 28, 57
MM, 21, 28, 14
MM, 16, 28, 17
MM, 10, 28, 16
MM, 41, 31, 32
MM, 41, 0, 49
MM, 23, 3, 24
MM, 45, 8, 23
MM, 9, 13, 24
MM, 41, 15, 16
MM, 25, 17, 16
MM, 7, 17, 16
MM, 38, 17, 16
MM, 27, 17, 16
MM, 22, 17, 16
MM, 19, 17, 7
MM, 13, 17, 16
MM, 10, 17, 17
MM, 9, 17, 7
MM, 5, 17, 17
MM, 2, 15, 8
MM, 43, 15, 265
MM, 42, 15, 15
MM, 39, 15, 24
MM, 36, 15, 40
MM, 36, 16, 23
MM, 35, 16, 8
MM, 35, 17, 138
MM, 34, 17, 15
MC, 1, 151
MM, 33, 18, 65
MM, 33, 21, 17
MM, 34, 30, 33
MM, 37, 1, 30
MM, 40, 7, 25
MM, 1, 23, 56
MM, 8, 30, 24
MM, 8, 1, 57
MM, 19, 10, 23
MM, 30, 18, 24
MM, 36, 24, 24
MM, 37, 25, 16
MM, 37, 26, 15
MM, 36, 26, 113
MM, 36, 25, 32
MM, 35, 23, 24
MM, 35, 22, 25
MM, 35, 21, 47
MM, 36, 21, 25
MM, 37, 19, 23
MM, 38, 19, 16
MM, 39, 18, 23
MM, 40, 18, 8
MM, 40, 17, 47
MM, 41, 17, 26
MM, 42, 17, 32
MM, 43, 16, 240
MM, 43, 15, 8
MM, 45, 14, 31
MM, 48, 12, 16
MM, 54, 10, 16
MM, 64, 7, 15
MM, 78, 3, 17
MM, 86, 0, 7
MM, 24, 26, 26
MM, 41, 18, 15
MM, 3, 10, 16
MM, 10, 2, 17
MM, 8, 30, 31
MM, 7, 26, 16
MM, 6, 21, 16
MM, 6, 19, 8
MM, 6, 16, 16
MM, 6, 13, 16
MM, 6, 12, 16
MM, 6, 11, 7
MM, 6, 9, 16
MM, 6, 8, 25
MM, 6, 7, 18
MM, 6, 5, 15
MM, 6, 4, 23
MM, 7, 3, 16
MM, 19, 29, 58
MM, 17, 24, 23
MM, 17, 22, 23
MM, 14, 20, 25
MM, 9, 18, 32
MM, 1, 17, 23
MM, 0, 28, 681
MM, 23, 1, 48
MM, 40, 7, 24
MM, 12, 11, 24
MM, 39, 15, 32
MM, 5, 16, 24
MM, 26, 18, 79
MM, 30, 17, 32
MM, 35, 14, 24
MM, 39, 12, 25
MM, 0, 4, 72
MM, 1, 2, 16
MM, 18, 31, 169
MM, 10, 28, 24
MM, 6, 25, 22
MM, 5, 25, 8
MM, 5, 24, 89
MM, 6, 24, 120
MM, 7, 24, 42
MM, 8, 27, 198
MM, 26, 1, 48
MM, 9, 10, 24
MM, 39, 19, 24
MM, 20, 31, 32
MM, 8, 3, 24
MM, 38, 12, 31
MM, 22, 20, 33
MM, 12, 24, 32
MM, 7, 26, 25
MM, 4, 27, 23
MM, 2, 28, 15
MM, 127, 0, 329
MM, 127, 1, 25
MM, 126, 2, 23
MM, 126, 4, 24
MM, 126, 5, 32
MM, 126, 6, 25
MM, 126, 7, 7
MM, 126, 8, 24
MM, 126, 9, 24
MM, 126, 10, 79
MM, 127, 11, 33
MM, 128, 11, 16
MM, 129, 12, 23
MC, 1, 176
MM, 128, 12, 7
MM, 127, 12, 16
MM, 126, 11, 24
MM, 125, 10, 16
MM, 124, 9, 9
MM, 121, 7, 16
MM, 117, 3, 16
MM, 114, 0, 8
MM, 16, 30, 40
MM, 16, 29, 16
MM, 16, 28, 24
MM, 15, 28, 8
MM, 15, 26, 16
MM, 14, 25, 16
MM, 14, 24, 24
MM, 14, 23, 48
MM, 14, 22, 9
MM, 14, 21, 32
MM, 15, 21, 56
MM, 15, 20, 8
MM, 16, 20, 17
MM, 18, 20, 39
MM, 19, 19, 7
MM, 20, 19, 24
MM, 21, 19, 24
MM, 22, 19, 57
MM, 23, 19, 8
MM, 24, 19, 17
MC, 1, 118
MM, 24, 18, 31
MM, 23, 18, 16
MM, 22, 17, 25
MM, 22, 16, 16
MM, 21, 14, 8
MM, 20, 13, 8
MM, 18, 8, 16
MM, 17, 6, 8
MM, 14, 0, 16
MM, 8, 31, 16
MM, 1, 21, 16
MM, 43, 14, 16
MM, 41, 10, 7
MM, 37, 4, 16
MM, 34, 0, 8
MC, 1, 1273
MM, 43, 0, 320
MM, 0, 11, 48
MM, 6, 19, 25
MM, 13, 27, 24
MM, 21, 2, 57
MM, 23, 5, 23
MM, 24, 7, 16
MM, 27, 11, 32
MM, 28, 13, 16
MM, 30, 15, 24
MM, 32, 18, 23
MM, 35, 20, 24
MM, 37, 23, 25
MM, 38, 24, 23
MM, 38, 25, 16
MM, 38, 26, 17
MM, 40, 27, 31
MM, 41, 28, 25
MM, 43, 30, 24
MM, 91, 0, 96
MM, 93, 3, 24
MM, 98, 9, 24
MM, 100, 13, 24
MM, 102, 15, 16
MM, 102, 16, 40
MM, 102, 17, 32
MM, 103, 17, 32
MM, 103, 18, 24
MM, 103, 19, 32
MM, 104, 19, 7
MM, 105, 20, 15
MM, 105, 21, 8
MM, 106, 22, 217
MM, 106, 23, 64
MM, 107, 23, 7
MM, 108, 24, 40
MM, 108, 25, 362
MC, 1, 150
MM, 107, 24, 8
MM, 106, 24, 16
MM, 105, 24, 25
MM, 104, 23, 8
MM, 103, 22, 15
MM, 102, 21, 17
MM, 102, 20, 8
MM, 101, 19, 8
MM, 99, 17, 6
MM, 98, 15, 10
MM, 96, 12, 7
MM, 95, 8, 8
MM, 94, 6, 8
MM, 93, 3, 8
MM, 93, 1, 8
MM, 3, 29, 32
MM, 4, 26, 9
MM, 5, 24, 7
MM, 6, 22, 8
MM, 7, 20, 9
MM, 7, 17, 7
MM, 9, 15, 8
MM, 10, 13, 9
MM, 11, 10, 8
MM, 12, 7, 8
MM, 14, 3, 7
MM, 20, 29, 24
MM, 22, 26, 8
MM, 23, 21, 8
MM, 25, 19, 9
MM, 26, 16, 8
MM, 27, 14, 7
MM, 28, 12, 10
MM, 29, 11, 7
MM, 29, 9, 8
MM, 29, 8, 16
MM, 29, 7, 15
MM, 30, 5, 17
MM, 30, 4, 15
MM, 31, 3, 8
MM, 31, 2, 8
MM, 32, 1, 16
MM, 32, 0, 25
MC, 1, 808
MM, 1, 24, 305
MM, 2, 25, 17
MM, 7, 25, 31
MM, 12, 26, 24
MM, 15, 26, 16
MM, 16, 26, 40
MM, 17, 26, 23
MM, 19, 26, 24
MM, 20, 26, 40
MM, 21, 26, 97
MM, 22, 26, 16
MM, 23, 26, 33
MC, 1, 141
MM, 23, 27, 50
MM, 24, 27, 64
MM, 26, 28, 16
MM, 35, 31, 31
MM, 2, 2, 57
MM, 21, 5, 24
MM, 4, 9, 39
MM, 13, 11, 15
MM, 21, 12, 16
MM, 26, 13, 8
MM, 30, 14, 8
MM, 33, 14, 9
MM, 37, 15, 8
MM, 40, 15, 8
MM, 43, 15, 8
MM, 0, 15, 39
MM, 1, 15, 18
MM, 3, 15, 16
MM, 4, 14, 16
MM, 6, 12, 40
MM, 7, 9, 23
MM, 9, 5, 25
MM, 11, 3, 16
MM, 13, 1, 15
MM, 0, 23, 273
MM, 1, 23, 16
MM, 2, 23, 24
MM, 3, 23, 80
MM, 4, 23, 31
MM, 5, 23, 7
MM, 4, 24, 241
MM, 32, 22, 41
MM, 15, 21, 24
MM, 3, 21, 15
MM, 30, 21, 16
MM, 14, 21, 17
MM, 37, 21, 24
MM, 21, 21, 15
MM, 4, 21, 16
MM, 34, 21, 16
MM, 12, 18, 16
MC, 1, 888
MM, 34, 0, 241
MM, 35, 2, 16
MM, 36, 5, 32
MM, 36, 7, 16
MM, 37, 8, 33
MM, 37, 9, 103
MM, 38, 9, 40
MM, 38, 10, 8
MM, 38, 11, 128
MC, 1, 166
MM, 37, 11, 40
MM, 37, 12, 216
MM, 36, 12, 8
MM, 36, 13, 8
MM, 36, 15, 16
MM, 35, 15, 8
MM, 35, 16, 8
MM, 35, 17, 8
MM, 35, 19, 16
MM, 35, 20, 16
MM, 35, 21, 8
MM, 35, 22, 8
MM, 35, 23, 16
MM, 35, 24, 8
MM, 35, 25, 8
MM, 35, 27, 8
MM, 35, 28, 8
MM, 35, 29, 8
MM, 35, 31, 8
MM, 37, 0, 24
MM, 38, 1, 8
MM, 39, 4, 8
MM, 39, 7, 8
MM, 40, 9, 8
MM, 40, 11, 8
MM, 41, 14, 8
MM, 42, 15, 8
MM, 42, 18, 8
MM, 43, 20, 8
MM, 43, 22, 8
MM, 39, 0, 104
MM, 41, 1, 9
MM, 41, 2, 7
MM, 41, 3, 10
MM, 43, 7, 40
MM, 45, 10, 24
MM, 46, 11, 16
MM, 48, 14, 24
MM, 51, 17, 23
MM, 55, 21, 25
MM, 58, 24, 24
MM, 59, 26, 15
MM, 60, 27, 24
MM, 61, 29, 25
MM, 63, 30, 15
MM, 65, 32, 32
MM, 65, 33, 41
MM, 64, 32, 422
MM, 63, 32, 16
MM, 63, 31, 10
MM, 62, 31, 15
MM, 62, 30, 15
MM, 61, 30, 8
MM, 61, 28, 8
MM, 61, 27, 9
MM, 61, 26, 7
MM, 61, 25, 8
MM, 62, 22, 8
MM, 64, 21, 8
MM, 66, 19, 8
MM, 70, 17, 8
MM, 72, 15, 9
MM, 75, 13, 8
MM, 79, 10, 7
MM, 83, 8, 8
MM, 89, 6, 8
MM, 96, 2, 8
MM, 6, 25, 41
MM, 21, 22, 7
MM, 33, 18, 8
MM, 8, 12, 16
MM, 25, 7, 17
MM, 31, 4, 7
MM, 34, 2, 8
MM, 36, 0, 8
MM, 38, 30, 24
MM, 38, 28, 8
MM, 39, 27, 8
MM, 39, 25, 8
MM, 39, 24, 24
MM, 39, 23, 32
MM, 39, 22, 16
MM, 38, 21, 27
MM, 37, 20, 23
MM, 32, 16, 23
MM, 29, 13, 26
MM, 25, 8, 23
MM, 18, 2, 24
MM, 21, 31, 96
MM, 21, 28, 15
MM, 21, 26, 25
MM, 21, 25, 64
MM, 21, 24, 8
MM, 21, 23, 32
MM, 22, 23, 24
MM, 23, 23, 64
MM, 24, 23, 26
MM, 24, 24, 229
MM, 20, 25, 16
MM, 11, 26, 16
MM, 36, 26, 24
MM, 4, 26, 24
MM, 33, 1, 145
MM, 25, 2, 15
MM, 10, 2, 24
MM, 2, 2, 16
MM, 43, 3, 113
MM, 43, 4, 15
MM, 43, 5, 57
MM, 42, 5, 16
MM, 41, 7, 23
MM, 41, 8, 17
MM, 40, 10, 32
MM, 37, 12, 23
MM, 35, 14, 25
MM, 34, 14, 15
MM, 33, 14, 16
MM, 33, 15, 121
MC, 1, 159
MM, 32, 15, 48
MM, 33, 15, 64
MM, 43, 15, 25
MM, 18, 15, 23
MM, 11, 22, 32
MM, 4, 28, 32
MM, 35, 29, 33
MM, 2, 29, 24
MM, 29, 29, 32
MM, 2, 29, 39
MM, 9, 29, 16
MM, 18, 29, 16
MM, 22, 29, 7
MM, 25, 29, 8
MM, 31, 29, 16
MM, 33, 28, 8
MM, 34, 27, 9
MM, 36, 27, 7
MM, 37, 26, 17
MM, 37, 25, 7
MM, 37, 24, 17
MM, 38, 24, 7
MM, 39, 22, 24
MM, 39, 20, 17
MM, 39, 18, 15
MM, 40, 15, 17
MM, 40, 13, 15
MM, 40, 12, 17
MM, 40, 11, 17
MM, 38, 9, 15
MM, 38, 7, 8
MM, 37, 5, 16
MM, 37, 1, 16
MM, 6, 31, 72
MM, 7, 31, 7
MM, 9, 30, 25
MM, 10, 30, 8
MM, 13, 28, 16
MM, 14, 28, 16
MM, 17, 26, 15
MM, 19, 26, 16
MM, 20, 25, 8
MM, 22, 24, 16
MM, 23, 23, 16
MM, 24, 23, 17
MM, 24, 22, 16
MM, 25, 22, 81
MM, 26, 22, 40
MC, 1, 143
MM, 26, 23, 47
MM, 26, 24, 24
MM, 25, 25, 8
MM, 25, 27, 8
MM, 24, 28, 16
MM, 24, 29, 8
MM, 23, 31, 8
MM, 3, 0, 33
MM, 2, 2, 7
MM, 42, 14, 40
MM, 42, 16, 8
MM, 41, 19, 9
MM, 39, 20, 7
MM, 39, 22, 9
MM, 37, 24, 7
MM, 36, 26, 8
MM, 34, 27, 8
MM, 32, 30, 9
MM, 30, 31, 7
MM, 27, 0, 40
MM, 25, 1, 9
MM, 22, 2, 16
MM, 21, 3, 16
MM, 19, 4, 8
MM, 14, 4, 16
MM, 9, 5, 16
MM, 6, 6, 7
MM, 1, 7, 16
MM, 43, 7, 25
MM, 41, 7, 8
MM, 38, 7, 16
MM, 37, 7, 8
MM, 36, 7, 113
MM, 35, 7, 16
MM, 34, 7, 16
MM, 33, 7, 24
MM, 33, 8, 80
MC, 1, 175
MM, 32, 8, 48
MM, 31, 8, 26
MM, 30, 7, 31
MM, 28, 5, 24
MM, 25, 2, 15
MM, 10, 30, 73
MM, 1, 25, 24
MM, 46, 20, 48
MM, 44, 20, 25
MM, 44, 19, 7
MM, 43, 18, 49
MM, 42, 18, 23
MM, 40, 17, 16
MM, 39, 17, 15
MM, 38, 17, 33
MC, 1, 278
MM, 38, 18, 97
MM, 38, 20, 25
MM, 37, 23, 24
MM, 36, 27, 25
MM, 36, 30, 23
MM, 33, 0, 31
MM, 33, 7, 24
MM, 32, 12, 25
MM, 32, 20, 24
MM, 31, 26, 23
MM, 120, 1, 73
MM, 119, 4, 25
MM, 119, 8, 22
MM, 119, 11, 25
MM, 118, 15, 23
MM, 117, 18, 25
MM, 117, 22, 24
MM, 116, 25, 24
MM, 116, 27, 25
MM, 115, 27, 6
MM, 113, 27, 936
MM, 113, 26, 24
MM, 112, 26, 8
MM, 112, 25, 33
MM, 111, 24, 24
MM, 110, 20, 24
MM, 108, 16, 25
MM, 108, 14, 15
MM, 108, 11, 23
MM, 108, 8, 16
MM, 108, 4, 15
MM, 109, 2, 17
MM, 109, 1, 7
MM, 19, 31, 89
MM, 19, 30, 25
MM, 20, 29, 15
MM, 20, 28, 16
MM, 20, 25, 33
MM, 20, 24, 15
MM, 19, 23, 17
MM, 18, 22, 31
MM, 16, 21, 33
MM, 10, 20, 25
MM, 4, 18, 23
MM, 1, 17, 24
MM, 41, 16, 64
MM, 37, 15, 25
MM, 36, 15, 31
MM, 35, 15, 25
MM, 31, 13, 23
MC, 1, 366
MM, 32, 13, 65
MM, 33, 12, 8
MM, 34, 12, 8
MM, 39, 10, 32
MM, 41, 9, 8
MM, 0, 5, 24
MM, 6, 3, 16
MM, 12, 3, 16
MM, 21, 0, 16
MM, 46, 30, 31
MM, 4, 26, 17
MM, 13, 22, 16
MM, 24, 17, 16
MM, 35, 11, 16
MM, 0, 6, 24
MM, 6, 5, 16
MM, 10, 3, 17
MM, 13, 1, 15
MM, 14, 1, 8
MM, 17, 0, 16
MM, 43, 31, 144
MM, 0, 28, 114
MM, 2, 28, 23
MM, 9, 27, 32
MM, 14, 26, 24
MM, 17, 26, 25
MM, 18, 26, 23
MM, 18, 25, 16
MM, 19, 25, 89
MM, 20, 25, 14
MM, 20, 26, 9
MM, 21, 27, 31
MM, 21, 27, 240
MM, 16, 28, 24
MM, 6, 30, 24
MM, 43, 31, 25
MM, 38, 31, 65
MM, 11, 28, 22
MC, 1, 776
MM, 1, 27, 1009
MM, 10, 28, 33
MM, 22, 29, 31
MM, 29, 29, 24
MM, 34, 29, 23
MM, 37, 29, 25
MM, 39, 29, 15
MM, 41, 29, 25
MM, 42, 28, 24
MM, 43, 27, 24
MM, 0, 25, 48
MM, 3, 23, 24
MM, 4, 22, 23
MM, 6, 20, 25
MM, 9, 19, 23
MM, 11, 18, 8
MM, 15, 16, 24
MM, 16, 16, 8
MM, 17, 16, 16
MM, 18, 16, 119
MM, 19, 16, 9
MM, 20, 17, 16
MM, 22, 18, 24
MC, 1, 151
MM, 21, 18, 57
MM, 18, 20, 16
MM, 13, 22, 16
MM, 8, 26, 16
MM, 40, 31, 40
MM, 37, 31, 8
MM, 5, 0, 40
MM, 40, 3, 24
MM, 33, 4, 8
MM, 18, 6, 16
MM, 12, 7, 8
MM, 5, 8, 7
MM, 41, 10, 16
MM, 30, 12, 16
MM, 27, 12, 9
MM, 22, 12, 16
MM, 19, 13, 8
MM, 17, 13, 8
MM, 9, 13, 16
MM, 6, 13, 8
MM, 1, 13, 16
MM, 41, 13, 32
MM, 39, 13, 8
MM, 34, 13, 16
MM, 32, 13, 7
MM, 30, 13, 8
MM, 24, 12, 16
MM, 22, 11, 17
MM, 20, 11, 8
MM, 19, 10, 16
MM, 18, 10, 7
MM, 17, 10, 8
MM, 14, 9, 16
MM, 12, 9, 8
MM, 8, 7, 16
MM, 5, 7, 8
MM, 41, 2, 25
MM, 36, 1, 8
MM, 31, 0, 16
MM, 12, 0, 145
MM, 5, 1, 25
MM, 43, 6, 47
MM, 39, 8, 31
MM, 38, 8, 15
MM, 38, 9, 9
MM, 37, 10, 15
MM, 35, 10, 24
MM, 35, 11, 16
MM, 34, 11, 8
MM, 33, 11, 41
MM, 32, 12, 361
MM, 33, 12, 48
MM, 39, 12, 15
MM, 2, 15, 16
MM, 3, 30, 40
MM, 37, 1, 24
MM, 28, 8, 24
MM, 14, 18, 25
MM, 197, 1, 40
MM, 12, 31, 448
MM, 13, 27, 25
MM, 15, 22, 23
MM, 18, 18, 24
MM, 20, 16, 23
MM, 21, 16, 16
MM, 21, 15, 8
MM, 23, 13, 15
MM, 27, 11, 16
MM, 31, 9, 16
MM, 33, 6, 16
MM, 36, 5, 16
MM, 38, 4, 9
MM, 41, 2, 15
MM, 46, 31, 121
MM, 46, 30, 8
MM, 46, 29, 81
MM, 45, 29, 24
MM, 45, 28, 15
MM, 42, 26, 33
MM, 41, 25, 15
MM, 39, 23, 25
MM, 37, 22, 24
MM, 36, 20, 16
MM, 35, 18, 32
MM, 35, 19, 127
MC, 1, 287
MM, 35, 20, 65
MM, 33, 20, 17
MM, 27, 24, 24
MM, 22, 29, 23
MM, 5, 1, 41
MM, 37, 9, 24
MM, 4, 19, 32
MM, 29, 28, 24
MM, 167, 0, 72
MM, 156, 3, 24
MM, 140, 5, 31
MM, 134, 6, 25
MM, 131, 6, 24
MM, 131, 7, 256
MM, 132, 7, 31
MM, 132, 8, 33
MM, 133, 8, 8
MM, 135, 11, 32
MM, 136, 14, 24
MM, 136, 17, 24
MM, 137, 19, 24
MM, 138, 19, 120
MM, 136, 19, 182
MM, 135, 19, 48
MM, 135, 18, 18
MM, 134, 17, 24
MM, 134, 15, 24
MM, 140, 10, 24
MM, 149, 6, 24
MM, 155, 3, 24
MM, 165, 0, 24
MM, 0, 28, 40
MM, 17, 20, 24
MM, 26, 15, 24
MM, 35, 12, 23
MM, 42, 9, 25
MM, 0, 2, 96
MM, 4, 1, 24
MM, 9, 31, 296
MM, 10, 31, 160
MM, 11, 31, 16
MM, 11, 31, 247
MM, 10, 31, 57
MM, 4, 30, 24
MM, 36, 27, 23
MM, 40, 18, 41
MM, 20, 15, 24
MM, 11, 15, 24
MM, 3, 13, 24
MM, 41, 11, 40
MM, 30, 9, 24
MM, 17, 8, 24
MM, 3, 3, 24
MC, 1, 958
MM, 0, 30, 522
MM, 7, 30, 25
MM, 10, 30, 22
MM, 11, 30, 41
MM, 12, 29, 15
MM, 12, 28, 24
MM, 13, 27, 8
MM, 13, 26, 41
MM, 13, 25, 15
MM, 14, 24, 25
MM, 14, 23, 9
MM, 14, 22, 29
MM, 15, 22, 130
MM, 16, 22, 24
MM, 17, 22, 41
MC, 1, 125
MM, 18, 22, 82
MM, 21, 22, 23
MM, 29, 22, 25
MM, 37, 23, 23
MM, 5, 26, 26
MM, 33, 30, 31
MM, 0, 30, 592
MM, 7, 29, 25
MM, 12, 27, 23
MM, 16, 26, 24
MM, 17, 24, 23
MM, 18, 23, 25
MM, 19, 21, 23
MM, 21, 20, 24
MM, 21, 19, 8
MM, 22, 19, 201
MM, 22, 20, 25
MM, 22, 20, 263
MM, 21, 20, 16
MM, 18, 22, 24
MM, 8, 25, 24
MM, 30, 28, 24
MM, 25, 29, 39
MM, 37, 29, 24
MM, 40, 29, 32
MM, 3, 29, 34
MM, 27, 0, 374
MM, 26, 0, 16
MM, 24, 0, 8
MM, 20, 1, 16
MM, 16, 2, 16
MM, 12, 2, 15
MM, 9, 3, 17
MM, 8, 3, 7
MM, 6, 4, 17
MM, 4, 4, 15
MM, 2, 5, 16
MM, 1, 6, 17
MM, 0, 7, 7
MM, 43, 10, 73
MM, 42, 10, 17
MM, 41, 10, 23
MM, 40, 11, 17
MM, 39, 11, 16
MM, 38, 11, 32
MM, 36, 12, 24
MM, 35, 12, 16
MM, 35, 13, 144
MC, 1, 207
MM, 34, 13, 24
MM, 34, 14, 24
MM, 35, 14, 40
MM, 38, 15, 16
MM, 2, 17, 34
MM, 11, 19, 22
MM, 21, 21, 16
MM, 33, 25, 16
MM, 0, 27, 24
MM, 10, 29, 24
MM, 14, 29, 24
MM, 15, 29, 49
MM, 15, 27, 15
MM, 16, 27, 16
MM, 16, 26, 16
MM, 17, 25, 24
MM, 19, 24, 32
MM, 20, 23, 16
MM, 20, 22, 16
MC, 1, 359
MM, 22, 22, 66
MM, 25, 22, 15
MM, 31, 22, 17
MM, 38, 22, 23
MM, 43, 22, 16
MM, 1, 22, 33
MM, 6, 23, 15
MM, 12, 25, 25
MM, 22, 26, 24
MM, 40, 31, 23
MM, 26, 1, 34
MM, 5, 6, 23
MM, 31, 9, 23
MM, 1, 12, 25
MM, 15, 14, 23
MM, 28, 16, 17
MM, 0, 18, 23
MM, 19, 22, 24
MM, 28, 22, 16
MM, 2, 24, 40
MM, 11, 24, 16
MM, 20, 24, 24
MM, 27, 24, 26
MM, 33, 21, 14
MM, 42, 18, 24
MM, 32, 13, 609
MM, 20, 4, 24
MM, 408, 56, 81
MM, 412, 19, 22
MM, 412, 8, 9
MM, 242, 2, 16801
MM, 257, 26, 30
MM, 267, 37, 16
MM, 278, 48, 15
MM, 282, 52, 8
MM, 288, 57, 8
MM, 295, 62, 8
MP, 1, 982
MR, 1, 131
MC, 1, 0
MM, 451, 63, 328
MM, 433, 58, 16
MM, 403, 47, 24
MM, 386, 38, 16
MM, 367, 29, 16
MM, 348, 24, 16
MM, 339, 21, 7
MM, 329, 18, 8
MM, 319, 15, 8
MM, 311, 13, 8
MM, 297, 9, 16
MM, 291, 7, 8
MM, 287, 5, 8
MM, 281, 4, 8
MM, 277, 3, 9
MM, 272, 1, 7
MM, 227, 0, 131
MM, 221, 4, 14
MM, 206, 11, 24
MM, 192, 18, 25
MM, 185, 22, 24
MM, 183, 24, 23
MM, 183, 25, 16
MM, 182, 25, 88
MM, 182, 26, 144
MM, 182, 27, 72
MC, 1, 143
MM, 181, 27, 1809
MM, 181, 26, 424
MM, 180, 26, 656
MM, 180, 25, 16
MM, 180, 24, 104
MM, 179, 24, 7
MM, 179, 23, 8
MM, 179, 22, 24
MM, 178, 22, 24
MM, 178, 21, 16
MM, 177, 21, 33
MM, 177, 20, 15
MM, 177, 19, 65
MM, 177, 20, 1992
MM, 177, 21, 24
MM, 177, 22, 24
MM, 176, 24, 23
MM, 175, 24, 16
MM, 173, 24, 24
MM, 172, 25, 16
MM, 171, 25, 17
MM, 169, 25, 16
MM, 168, 25, 8
MM, 167, 25, 9
MM, 166, 23, 23
MM, 165, 23, 8
MM, 158, 19, 15
MM, 152, 17, 8
MM, 148, 14, 9
MM, 134, 10, 15
MM, 126, 10, 8
MM, 108, 9, 16
MM, 99, 9, 8
MM, 82, 13, 16
MM, 74, 16, 8
MM, 68, 18, 8
MM, 54, 22, 16
MM, 47, 25, 8
MM, 37, 33, 16
MM, 32, 38, 8
MM, 27, 43, 8
MM, 21, 51, 16
MM, 17, 56, 8
MM, 15, 62, 16
MM, 18, 0, 56
MM, 18, 2, 8
MM, 18, 4, 16
MM, 18, 5, 8
MM, 18, 6, 24
MM, 18, 7, 8
MM, 18, 8, 8
MM, 18, 9, 16
MM, 19, 10, 8
MM, 19, 11, 16
MM, 19, 12, 24
MM, 20, 14, 16
MM, 21, 14, 8
MM, 21, 16, 8
MM, 21, 17, 8
MM, 22, 17, 9
MM, 22, 18, 8
MM, 21, 18, 80
MC, 1, 295
MM, 20, 18, 33
MM, 21, 18, 567
MM, 22, 18, 17
MM, 24, 18, 24
MM, 26, 18, 16
MM, 28, 18, 24
MM, 33, 18, 16
MM, 39, 18, 16
MM, 1, 18, 39
MM, 4, 18, 8
MM, 7, 19, 9
MM, 15, 20, 16
MM, 20, 21, 8
MM, 31, 22, 16
MM, 35, 23, 8
MM, 39, 23, 8
MM, 1, 25, 16
MM, 7, 26, 7
MM, 24, 28, 16
MM, 33, 29, 8
MM, 13, 5, 64
MM, 25, 7, 9
MM, 0, 7, 15
MM, 25, 7, 16
MM, 7, 7, 24
MM, 15, 7, 9
MM, 26, 5, 16
MM, 31, 4, 8
MM, 34, 2, 16
MM, 370, 62, 233
MM, 371, 57, 7
MM, 372, 49, 15
MM, 372, 45, 8
MM, 372, 42, 7
MM, 372, 39, 8
MM, 373, 37, 9
MM, 373, 35, 8
MM, 374, 34, 8
MM, 374, 32, 8
MM, 374, 31, 8
MM, 375, 29, 16
MM, 376, 29, 112
MC, 1, 208
MM, 375, 29, 1689
MM, 375, 30, 7
MM, 376, 29, 112
MM, 378, 28, 16
MM, 382, 26, 16
MM, 385, 24, 17
MM, 387, 24, 7
MM, 391, 24, 16
MM, 392, 23, 8
MM, 394, 23, 8
MM, 398, 22, 8
MM, 401, 22, 8
MM, 405, 21, 8
MM, 409, 21, 8
MM, 414, 21, 8
MM, 418, 21, 8
MM, 421, 21, 8
MM, 426, 22, 8
MM, 430, 22, 8
MM, 435, 23, 8
MM, 442, 24, 8
MM, 449, 25, 8
MM, 458, 28, 8
MM, 467, 31, 8
MM, 478, 33, 8
MM, 488, 38, 8
MM, 368, 62, 5857
MM, 358, 59, 13
MM, 348, 53, 20
MM, 344, 52, 14
MM, 342, 52, 13
MM, 341, 52, 61
MM, 341, 51, 14
MM, 339, 49, 7
MM, 333, 46, 7
MM, 327, 42, 12
MM, 325, 39, 7
MM, 323, 38, 7
MM, 321, 37, 13
MM, 320, 37, 7
MM, 319, 37, 88
MM, 319, 35, 7
MM, 318, 28, 13
MM, 318, 27, 7
MM, 318, 23, 13
MM, 317, 21, 7
MM, 315, 18, 14
MM, 315, 17, 7
MM, 314, 15, 13
MM, 313, 15, 8
MM, 312, 13, 6
MM, 312, 12, 27
MM, 312, 11, 21
MM, 312, 10, 14
MM, 312, 9, 55
MM, 312, 8, 27
MC, 1, 430
MM, 313, 9, 1151
MM, 315, 11, 8
MM, 319, 15, 8
MM, 322, 19, 9
MM, 325, 22, 7
MM, 328, 27, 8
MM, 330, 30, 8
MM, 333, 35, 8
MM, 336, 38, 9
MM, 338, 42, 7
MM, 341, 45, 8
MM, 344, 49, 8
MM, 349, 54, 8
MM, 353, 59, 8
MM, 357, 61, 8
MM, 29, 0, 88
MP, 1, 2764
MR, 1, 76
MM, 34, 9, 25
MP, 1, 81
MR, 1, 95
MM, 31, 9, 64
MM, 32, 10, 24
MM, 30, 9, 231
MM, 31, 9, 88
MM, 32, 9, 10
MM, 32, 10, 118
MM, 31, 10, 8
MM, 31, 9, 264
MM, 32, 8, 9
MM, 33, 7, 24
MM, 34, 4, 1240
MM, 33, 3, 7
MM, 32, 2, 16
MM, 34, 4, 24
MM, 31, 3, 12433
MM, 241, 63, 216
MM, 231, 59, 15
MM, 216, 54, 16
MM, 200, 50, 16
MM, 192, 48, 17
MM, 185, 46, 24
MM, 182, 44, 8
MM, 172, 42, 24
MM, 169, 42, 8
MM, 162, 42, 16
MM, 156, 42, 15
MM, 153, 42, 8
MM, 148, 42, 8
MM, 137, 44, 16
MM, 130, 45, 8
MM, 122, 46, 8
MM, 115, 47, 8
MM, 108, 47, 8
MM, 97, 50, 17
MM, 93, 51, 8
MM, 89, 52, 7
MM, 86, 53, 9
MM, 81, 55, 8
MM, 75, 56, 8
MM, 70, 58, 8
MM, 60, 62, 16
MM, 56, 63, 7
MM, 11, 0, 161
MM, 11, 1, 24
MM, 10, 2, 8
MM, 9, 4, 32
MM, 9, 6, 8
MM, 9, 7, 24
MM, 9, 8, 24
MM, 9, 9, 32
MM, 9, 10, 15
MM, 10, 11, 9
MM, 10, 12, 7
MM, 11, 14, 16
MM, 12, 16, 17
MM, 12, 17, 24
MM, 13, 17, 8
MM, 13, 18, 32
MM, 14, 19, 8
MM, 15, 19, 8
MM, 15, 20, 8
MM, 15, 21, 64
MM, 15, 22, 24
MM, 16, 22, 24
MC, 1, 127
MM, 15, 22, 56
MM, 15, 21, 88
MM, 16, 21, 41
MM, 18, 21, 16
MM, 23, 21, 16
MM, 27, 21, 8
MM, 31, 21, 8
MM, 36, 22, 8
MM, 41, 23, 8
MM, 5, 25, 16
MM, 13, 26, 8
MM, 20, 27, 8
MM, 35, 29, 16
MM, 42, 30, 8
MM, 7, 10, 112
MM, 33, 14, 16
MM, 3, 15, 24
MM, 13, 15, 23
MM, 14, 15, 8
MM, 15, 15, 8
MM, 15, 14, 32
MM, 14, 14, 24
MM, 14, 13, 8
MM, 13, 12, 24
MM, 13, 11, 16
MM, 12, 11, 40
MM, 12, 10, 8
MM, 12, 9, 16
MM, 12, 8, 8
MM, 11, 7, 8
MM, 10, 5, 8
MM, 9, 3, 16
MM, 9, 0, 8
MC, 1, 904
MM, 17, 0, 224
MM, 21, 6, 16
MM, 23, 12, 17
MM, 25, 16, 16
MM, 27, 20, 16
MM, 28, 23, 16
MM, 30, 28, 16
MM, 23, 0, 32
MM, 25, 3, 7
MM, 30, 10, 16
MM, 32, 12, 8
MM, 35, 18, 16
MM, 37, 21, 8
MM, 38, 23, 8
MM, 40, 25, 8
MM, 4, 1, 40
MM, 5, 3, 8
MM, 9, 6, 16
MM, 10, 7, 8
MM, 12, 8, 16
MM, 13, 10, 8
MM, 14, 11, 8
MM, 16, 13, 8
MM, 18, 14, 9
MM, 21, 16, 7
MM, 26, 18, 8
MM, 29, 20, 10
MM, 35, 23, 7
MM, 40, 27, 7
MM, 2, 31, 361
MM, 3, 30, 8
MM, 4, 30, 8
MM, 6, 28, 16
MM, 7, 28, 8
MM, 8, 27, 16
MM, 9, 26, 8
MM, 10, 26, 8
MM, 11, 25, 16
MM, 11, 24, 16
MM, 12, 24, 16
MM, 13, 24, 111
MM, 14, 24, 57
MM, 15, 24, 31
MC, 1, 161
MM, 13, 25, 199
MM, 12, 26, 17
MM, 11, 26, 8
MM, 9, 26, 7
MM, 7, 27, 9
MM, 5, 28, 8
MM, 2, 29, 8
MM, 43, 31, 23
MM, 219, 4, 145
MM, 213, 6, 23
MM, 211, 6, 17
MM, 210, 6, 15
MM, 209, 7, 8
MM, 208, 7, 8
MM, 207, 8, 8
MM, 206, 8, 8
MM, 205, 8, 8
MM, 204, 8, 16
MM, 203, 8, 81
MM, 202, 8, 25
MM, 201, 8, 23
MM, 201, 9, 16
MM, 201, 9, 407
MM, 200, 9, 9
MM, 198, 7, 24
MM, 195, 3, 16
MM, 39, 27, 39
MM, 34, 22, 8
MM, 29, 17, 8
MM, 19, 8, 16
MM, 16, 3, 8
MM, 0, 28, 16
MM, 41, 16, 16
MM, 32, 8, 8
MM, 14, 0, 848
MM, 7, 4, 17
MM, 3, 7, 16
MM, 0, 8, 16
MM, 0, 13, 256
MM, 2, 14, 16
MM, 3, 15, 23
MM, 4, 15, 24
MM, 5, 15, 105
MM, 6, 15, 96
MM, 7, 15, 121
MC, 1, 158
MM, 7, 16, 73
MM, 7, 17, 64
MM, 8, 18, 16
MM, 8, 19, 16
MM, 10, 22, 24
MM, 12, 26, 24
MM, 15, 29, 16
MM, 17, 31, 15
MM, 24, 0, 49
MM, 25, 1, 8
MM, 27, 3, 15
MM, 29, 5, 16
MM, 30, 6, 8
MM, 33, 9, 16
MM, 35, 10, 8
MM, 38, 12, 16
MM, 40, 15, 17
MM, 41, 16, 16
MM, 42, 16, 23
MM, 42, 17, 18
MM, 43, 17, 54
MM, 43, 18, 8
MM, 0, 20, 112
MM, 1, 20, 16
MM, 2, 19, 25
MM, 3, 18, 16
MM, 4, 17, 24
MM, 5, 17, 144
MM, 6, 17, 32
MM, 7, 17, 24
MM, 8, 17, 17
MC, 1, 127
MM, 9, 17, 136
MM, 15, 18, 24
MM, 20, 19, 24
MM, 26, 20, 16
MM, 35, 21, 16
MM, 42, 22, 16
MM, 7, 23, 24
MM, 22, 23, 16
MM, 37, 22, 16
MM, 7, 18, 24
MM, 20, 17, 16
MM, 28, 14, 7
MM, 39, 13, 17
MM, 0, 12, 15
MM, 3, 12, 8
MM, 10, 11, 8
MM, 14, 10, 8
MM, 19, 9, 8
MM, 32, 7, 16
MM, 39, 7, 8
MM, 4, 5, 18
MM, 14, 3, 15
MM, 17, 2, 7
MM, 19, 2, 9
MM, 21, 1, 7
MM, 22, 1, 8
MM, 23, 0, 8
MM, 31, 30, 56
MM, 32, 28, 8
MM, 34, 26, 8
MM, 35, 23, 17
MM, 36, 20, 7
MM, 37, 17, 16
MM, 37, 16, 8
MM, 39, 13, 8
MM, 39, 12, 8
MM, 40, 9, 8
MM, 41, 7, 8
MM, 42, 4, 8
MM, 43, 2, 8
MM, 9, 30, 32
MM, 9, 28, 8
MM, 10, 26, 9
MM, 11, 24, 8
MM, 12, 23, 8
MM, 13, 21, 8
MM, 16, 18, 16
MM, 17, 18, 8
MM, 18, 16, 8
MM, 20, 16, 8
MM, 21, 15, 55
MM, 22, 15, 137
MM, 22, 16, 7
MM, 23, 16, 8
MM, 24, 16, 17
MM, 24, 17, 8
MC, 1, 175
MM, 23, 16, 89
MM, 20, 16, 7
MM, 9, 15, 17
MM, 2, 14, 8
MM, 34, 11, 15
MM, 16, 8, 17
MM, 6, 7, 8
MM, 35, 4, 16
MM, 18, 2, 16
MM, 4, 0, 16
MM, 41, 30, 168
MM, 38, 30, 8
MM, 35, 30, 15
MM, 33, 30, 8
MM, 31, 31, 16
MC, 1, 736
MM, 1, 10, 280
MM, 6, 13, 8
MM, 12, 20, 16
MM, 14, 22, 8
MM, 22, 29, 16
MM, 32, 1, 25
MM, 40, 9, 15
MM, 43, 11, 8
MM, 2, 17, 16
MM, 11, 21, 24
MM, 13, 22, 8
MM, 16, 24, 16
MM, 18, 25, 16
MM, 19, 25, 8
MM, 20, 25, 24
MM, 21, 25, 17
MM, 22, 25, 8
MM, 24, 25, 8
MM, 25, 25, 7
MM, 27, 26, 16
MM, 28, 26, 8
MM, 29, 26, 8
MM, 30, 26, 8
MM, 32, 26, 8
MM, 33, 26, 8
MM, 35, 26, 8
MM, 37, 26, 8
MM, 39, 26, 8
MM, 40, 26, 8
MM, 41, 26, 16
MM, 42, 26, 10
MM, 43, 25, 14
MM, 0, 22, 80
MM, 1, 22, 17
MM, 3, 22, 23
MM, 4, 21, 32
MM, 6, 20, 17
MM, 8, 20, 7
MM, 9, 19, 17
MM, 10, 19, 7
MM, 11, 18, 8
MM, 13, 18, 25
MM, 14, 18, 80
MM, 15, 18, 24
MM, 16, 18, 16
MM, 17, 18, 16
MM, 17, 19, 7
MM, 19, 19, 9
MC, 1, 159
MM, 18, 18, 56
MM, 18, 17, 16
MM, 17, 16, 16
MM, 16, 14, 8
MM, 15, 12, 9
MM, 14, 8, 7
MM, 12, 5, 8
MM, 10, 1, 9
MM, 2, 29, 16
MM, 1, 25, 7
MM, 45, 9, 33
MM, 43, 4, 8
MM, 41, 2, 7
MM, 1, 19, 881
MM, 10, 22, 24
MM, 20, 23, 32
MM, 26, 23, 24
MM, 31, 23, 15
MM, 34, 23, 16
MM, 37, 23, 16
MM, 38, 23, 8
MM, 39, 23, 16
MM, 42, 23, 17
MM, 1, 23, 24
MM, 4, 23, 8
MM, 10, 23, 16
MM, 13, 23, 8
MM, 17, 23, 16
MM, 21, 23, 8
MM, 27, 23, 16
MM, 31, 23, 17
MM, 33, 22, 6
MM, 35, 22, 16
MM, 36, 22, 17
MM, 37, 22, 15
MM, 38, 22, 8
MM, 41, 22, 16
MM, 43, 22, 17
MM, 0, 20, 104
MM, 4, 18, 25
MM, 5, 18, 7
MM, 8, 17, 16
MM, 9, 17, 8
MM, 10, 17, 16
MM, 10, 16, 16
MM, 11, 15, 17
MM, 12, 15, 94
MM, 13, 15, 16
MM, 13, 16, 17
MM, 14, 16, 7
MM, 15, 16, 25
MC, 1, 143
MM, 15, 17, 88
MM, 14, 17, 8
MM, 14, 18, 8
MM, 12, 19, 9
MM, 9, 20, 7
MM, 6, 21, 9
MM, 2, 23, 7
MM, 42, 26, 17
MM, 35, 28, 7
MM, 28, 29, 8
MM, 19, 30, 8
MM, 10, 31, 8
MM, 40, 0, 121
MM, 37, 1, 7
MM, 36, 1, 8
MM, 35, 2, 8
MM, 34, 2, 16
MM, 33, 3, 16
MM, 32, 4, 16
MM, 31, 5, 8
MM, 30, 5, 8
MM, 29, 5, 9
MM, 27, 6, 7
MM, 25, 6, 8
MM, 22, 6, 8
MM, 18, 6, 8
MM, 13, 6, 8
MM, 8, 6, 8
MM, 3, 6, 8
MM, 42, 6, 25
MM, 39, 6, 7
MM, 36, 6, 9
MM, 33, 6, 8
MM, 31, 6, 8
MM, 26, 5, 15
MM, 25, 5, 8
MM, 24, 5, 8
MM, 21, 5, 8
MM, 20, 4, 16
MM, 19, 4, 8
MM, 18, 4, 8
MM, 16, 4, 16
MM, 15, 4, 8
MM, 13, 4, 8
MM, 10, 4, 8
MM, 6, 4, 16
MM, 4, 4, 8
MM, 1, 4, 16
MM, 0, 4, 8
MM, 43, 5, 80
MM, 42, 6, 23
MM, 41, 7, 10
MM, 40, 8, 32
MM, 39, 9, 24
MM, 38, 10, 16
MM, 37, 11, 16
MM, 37, 12, 16
MM, 36, 12, 23
MM, 36, 13, 16
MM, 36, 14, 33
MM, 36, 15, 16
MM, 36, 16, 73
MC, 1, 494
MM, 37, 16, 194
MM, 41, 14, 33
MM, 2, 10, 47
MM, 21, 7, 32
MM, 30, 5, 22
MM, 34, 4, 16
MM, 38, 3, 16
MM, 39, 2, 8
MM, 40, 1, 16
MM, 41, 0, 17
MC, 1, 1039
MM, 43, 1, 265
MM, 38, 3, 16
MM, 33, 5, 16
MM, 28, 8, 16
MM, 23, 11, 16
MM, 18, 12, 8
MM, 15, 14, 7
MM, 12, 15, 8
MM, 6, 16, 16
MM, 3, 17, 8
MM, 0, 18, 8
MM, 42, 20, 24
MM, 39, 21, 8
MM, 37, 22, 8
MM, 34, 22, 8
MM, 29, 22, 17
MM, 26, 23, 7
MM, 25, 23, 17
MM, 25, 24, 7
MM, 24, 24, 8
MM, 23, 24, 33
MM, 22, 24, 7
MM, 21, 24, 8
MM, 19, 24, 8
MM, 42, 12, 114
MM, 39, 10, 31
MM, 37, 8, 16
MM, 33, 7, 16
MM, 31, 7, 16
MM, 30, 7, 7
MM, 29, 7, 16
MM, 29, 6, 8
MM, 28, 6, 8
MC, 1, 336
MM, 28, 7, 48
MM, 28, 8, 41
MM, 28, 9, 17
MM, 30, 14, 31
MM, 35, 23, 33
MM, 40, 29, 15
MM, 0, 8, 31
MM, 3, 12, 9
MM, 6, 16, 8
MM, 13, 22, 16
MM, 18, 26, 7
MM, 23, 31, 8
MM, 21, 0, 16
MM, 25, 5, 8
MM, 30, 8, 8
MM, 37, 15, 16
MM, 39, 18, 8
MM, 42, 20, 8
MM, 44, 24, 16
MM, 47, 25, 8
MM, 48, 26, 8
MM, 50, 28, 8
MM, 51, 29, 8
MM, 52, 30, 8
MM, 53, 31, 16
MM, 53, 32, 17
MM, 54, 32, 8
MM, 54, 33, 16
MM, 55, 33, 8
MM, 56, 33, 73
MM, 58, 34, 23
MM, 60, 34, 24
MM, 61, 34, 96
MM, 62, 35, 24
MM, 63, 35, 16
MC, 1, 128
MM, 63, 34, 39
MM, 62, 34, 9
MM, 62, 33, 15
MM, 62, 32, 8
MM, 62, 30, 8
MM, 63, 29, 8
MM, 64, 26, 9
MM, 65, 24, 7
MM, 66, 21, 8
MM, 67, 19, 8
MM, 70, 15, 8
MM, 72, 12, 8
MM, 75, 9, 9
MM, 78, 5, 7
MM, 83, 1, 8
MM, 10, 30, 25
MM, 15, 28, 8
MM, 19, 26, 7
MM, 25, 23, 8
MM, 28, 20, 8
MM, 32, 18, 9
MM, 36, 14, 7
MM, 38, 12, 9
MM, 41, 8, 8
MM, 6, 30, 47
MM, 7, 29, 8
MM, 9, 28, 9
MM, 10, 27, 7
MM, 11, 27, 8
MM, 11, 26, 9
MM, 12, 26, 7
MM, 13, 25, 9
MM, 14, 25, 8
MM, 15, 24, 8
MM, 16, 24, 7
MM, 18, 24, 8
MM, 18, 23, 9
MM, 19, 23, 8
MM, 19, 22, 7
MM, 20, 22, 16
MM, 21, 21, 96
MM, 22, 21, 58
MM, 23, 21, 40
MC, 1, 198
MM, 22, 21, 88
MM, 21, 21, 9
MM, 18, 21, 8
MM, 15, 20, 8
MM, 9, 19, 7
MM, 3, 18, 9
MM, 43, 15, 15
MM, 34, 14, 8
MM, 10, 11, 16
MM, 39, 8, 16
MM, 28, 6, 8
MM, 20, 5, 9
MM, 10, 4, 7
MM, 2, 2, 8
MM, 37, 0, 16
MM, 17, 2, 385
MM, 18, 8, 17
MM, 22, 17, 31
MM, 23, 22, 24
MM, 27, 28, 24
MM, 28, 30, 272
MM, 26, 28, 16
MM, 26, 25, 15
MM, 24, 24, 8
MM, 24, 22, 8
MM, 23, 20, 17
MM, 22, 20, 7
MM, 22, 19, 8
MM, 22, 19, 505
MM, 24, 20, 16
MM, 28, 22, 16
MM, 5, 29, 33
MM, 38, 2, 33
MM, 9, 8, 23
MM, 29, 13, 39
MM, 36, 15, 24
MM, 40, 16, 15
MM, 1, 19, 40
MM, 6, 21, 16
MM, 12, 22, 16
MM, 17, 24, 16
MM, 19, 25, 8
MM, 20, 25, 8
MM, 21, 25, 8
MM, 22, 25, 16
MM, 22, 24, 145
MM, 21, 24, 16
MM, 21, 23, 17
MM, 21, 23, 350
MM, 21, 22, 8
MM, 20, 21, 8
MM, 19, 20, 8
MM, 18, 18, 8
MM, 17, 17, 8
MM, 15, 14, 8
MM, 13, 11, 9
MM, 11, 9, 8
MM, 9, 7, 8
MM, 7, 5, 7
MM, 6, 4, 8
MM, 5, 3, 8
MM, 4, 1, 9
MM, 42, 20, 64
MM, 41, 17, 7
MM, 38, 13, 9
MM, 36, 11, 8
MM, 33, 5, 16
MM, 32, 2, 8
MM, 23, 0, 777
MM, 30, 13, 31
MM, 34, 22, 15
MM, 1, 15, 49
MM, 5, 20, 8
MM, 8, 24, 8
MM, 10, 29, 7
MM, 56, 2, 25
MM, 59, 6, 8
MM, 60, 10, 7
MM, 64, 17, 16
MM, 65, 20, 9
MM, 67, 24, 8
MM, 69, 29, 16
MM, 71, 31, 8
MM, 72, 33, 7
MM, 72, 34, 8
MM, 72, 35, 9
MM, 73, 36, 7
MM, 73, 37, 7
MM, 73, 38, 17
MM, 73, 41, 8
MM, 77, 41, 361
MM, 77, 40, 8
MM, 77, 39, 7
MM, 77, 38, 8
MM, 77, 37, 8
MM, 77, 36, 8
MM, 77, 35, 16
MM, 77, 34, 16
MM, 77, 33, 8
MM, 77, 32, 8
MM, 76, 31, 8
MM, 75, 30, 8
MM, 75, 29, 8
MM, 75, 27, 16
MM, 75, 26, 24
MM, 76, 26, 105
MM, 77, 26, 16
MM, 77, 27, 16
MC, 1, 127
MM, 77, 26, 48
MM, 77, 25, 16
MM, 76, 24, 8
MM, 76, 23, 8
MM, 75, 21, 8
MM, 75, 18, 9
MM, 75, 16, 8
MM, 75, 13, 7
MM, 75, 10, 8
MM, 75, 7, 8
MM, 75, 4, 8
MM, 75, 1, 8
MM, 35, 31, 17
MM, 34, 26, 7
MM, 34, 21, 8
MM, 33, 15, 9
MM, 32, 10, 8
MM, 31, 5, 8
MM, 31, 1, 7
MM, 31, 31, 17
MM, 31, 28, 7
MM, 31, 25, 8
MM, 31, 23, 8
MM, 31, 20, 8
MM, 31, 17, 8
MM, 33, 14, 8
MM, 33, 12, 8
MM, 35, 9, 8
MM, 35, 7, 9
MM, 36, 5, 7
MM, 37, 2, 8
MM, 38, 1, 9
MM, 38, 0, 7
MC, 1, 1384
MM, 0, 0, 321
MM, 42, 4, 47
MM, 41, 5, 9
MM, 39, 5, 8
MM, 36, 7, 8
MM, 34, 8, 7
MM, 32, 8, 9
MM, 29, 8, 8
MM, 28, 8, 7
MM, 26, 8, 8
MM, 24, 9, 8
MM, 23, 9, 8
MM, 22, 9, 9
MM, 19, 10, 8
MM, 18, 10, 7
MM, 17, 10, 7
MM, 15, 11, 9
MM, 12, 11, 8
MM, 10, 11, 9
MM, 7, 11, 7
MM, 4, 11, 9
MM, 2, 11, 8
MM, 41, 10, 39
MM, 40, 10, 8
MM, 39, 10, 8
MM, 38, 10, 16
MM, 37, 10, 8
MM, 37, 9, 17
MC, 1, 391
MM, 37, 10, 120
MM, 37, 11, 25
MM, 37, 12, 16
MM, 37, 13, 7
MM, 37, 14, 9
MM, 39, 15, 7
MM, 40, 17, 9
MM, 42, 19, 6
MM, 1, 26, 25
MM, 4, 28, 8
MM, 6, 30, 8
MM, 26, 4, 32
MM, 33, 7, 8
MM, 6, 17, 24
MM, 14, 20, 8
MM, 21, 22, 8
MM, 27, 23, 8
MM, 31, 24, 8
MM, 34, 25, 8
MM, 35, 25, 8
MM, 36, 25, 8
MM, 37, 24, 80
MM, 37, 23, 16
MM, 37, 22, 106
MM, 36, 21, 24
MM, 35, 20, 23
MM, 35, 19, 8
MM, 34, 18, 32
MM, 35, 18, 135
MC, 1, 160
MM, 36, 19, 138
MM, 5, 20, 31
MM, 27, 23, 24
MM, 43, 24, 16
MM, 1, 25, 8
MM, 9, 26, 7
MM, 16, 26, 9
MM, 21, 26, 8
MM, 27, 26, 6
MM, 31, 26, 9
MM, 35, 26, 8
MM, 40, 26, 9
MM, 43, 26, 7
MM, 1, 24, 16
MM, 5, 24, 8
MM, 10, 23, 8
MM, 13, 22, 8
MM, 17, 21, 8
MM, 19, 21, 8
MM, 22, 21, 8
MM, 25, 20, 8
MM, 30, 19, 8
MM, 34, 18, 8
MM, 41, 17, 8
MM, 3, 16, 16
MM, 9, 15, 8
MM, 16, 14, 9
MM, 21, 13, 8
MM, 24, 12, 7
MM, 26, 12, 8
MM, 28, 12, 9
MM, 28, 11, 8
MM, 29, 11, 7
MM, 30, 11, 9
MM, 30, 10, 8
MM, 31, 9, 8
MM, 32, 9, 7
MM, 32, 8, 9
MM, 33, 8, 7
MM, 34, 7, 8
MM, 35, 5, 16
MM, 36, 5, 9
MM, 37, 4, 7
MM, 38, 4, 8
MM, 38, 2, 9
MM, 39, 2, 8
MM, 40, 1, 8
MM, 40, 0, 16
MM, 42, 31, 103
MM, 0, 23, 137
MM, 0, 22, 8
MM, 1, 22, 96
MM, 2, 22, 122
MM, 3, 22, 31
MC, 1, 134
MM, 3, 21, 88
MM, 2, 21, 8
MM, 0, 20, 17
MM, 43, 17, 16
MM, 11, 8, 39
MM, 4, 7, 8
MM, 40, 3, 16
MM, 30, 0, 16
MC, 1, 841
MM, 21, 0, 247
MM, 21, 3, 8
MM, 21, 4, 8
MM, 21, 5, 8
MM, 21, 6, 8
MM, 21, 7, 8
MM, 21, 8, 8
MM, 21, 9, 8
MM, 22, 9, 8
MM, 22, 10, 24
MM, 23, 11, 209
MC, 1, 167
MM, 23, 12, 9
MM, 23, 13, 136
MM, 23, 15, 25
MM, 26, 22, 32
MM, 31, 31, 23
MM, 38, 8, 33
MM, 0, 29, 47
MM, 46, 0, 24
MM, 49, 5, 16
MM, 51, 9, 16
MM, 53, 13, 24
MM, 53, 14, 7
MM, 55, 17, 16
MM, 55, 19, 9
MM, 56, 19, 7
MM, 57, 21, 8
MM, 57, 22, 8
MM, 58, 23, 8
MM, 59, 25, 8
MM, 59, 26, 8
MM, 60, 27, 9
MM, 60, 28, 8
MM, 61, 30, 8
MM, 62, 31, 7
MM, 62, 32, 9
MM, 62, 33, 7
MM, 63, 34, 9
MM, 64, 35, 7
MM, 64, 36, 9
MM, 65, 37, 16
MM, 65, 38, 16
MM, 66, 39, 7
MM, 66, 40, 16
MM, 67, 40, 16
MM, 67, 41, 8
MM, 68, 41, 16
MP, 1, 282
MR, 1, 110
MC, 1, 0
MM, 69, 41, 56
MM, 68, 41, 16
MM, 67, 41, 41
MM, 67, 40, 8
MM, 67, 39, 39
MM, 68, 38, 8
MM, 68, 37, 9
MM, 68, 36, 16
MM, 69, 35, 16
MM, 69, 34, 8
MM, 70, 33, 16
MM, 71, 32, 31
MM, 72, 32, 8
MM, 73, 30, 8
MM, 75, 28, 17
MM, 76, 27, 15
MM, 77, 26, 9
MM, 79, 24, 7
MM, 79, 23, 9
MM, 81, 20, 16
MM, 84, 17, 16
MM, 88, 12, 23
MM, 92, 10, 16
MM, 95, 7, 16
MM, 98, 5, 8
MM, 101, 2, 16
MM, 20, 31, 122
MM, 23, 25, 63
MM, 23, 24, 16
MM, 23, 23, 31
MM, 24, 23, 65
MM, 25, 23, 7
MC, 1, 153
MM, 25, 22, 119
MM, 25, 21, 8
MM, 25, 20, 16
MM, 25, 19, 16
MM, 25, 18, 8
MM, 26, 17, 8
MM, 26, 15, 8
MM, 28, 13, 16
MM, 29, 9, 16
MM, 30, 8, 8
MM, 31, 6, 8
MM, 32, 4, 16
MM, 44, 31, 72
MM, 0, 20, 64
MM, 2, 17, 16
MM, 4, 15, 16
MM, 6, 14, 8
MM, 8, 12, 8
MM, 9, 11, 8
MM, 14, 9, 24
MM, 16, 7, 16
MM, 17, 7, 16
MM, 18, 7, 130
MM, 23, 15, 47
MM, 34, 18, 39
MM, 42, 18, 24
MM, 1, 18, 33
MM, 6, 18, 7
MM, 11, 17, 8
MM, 17, 17, 8
MM, 25, 15, 8
MM, 32, 14, 8
MM, 4, 9, 24
MM, 12, 7, 8
MM, 21, 3, 8
MM, 28, 1, 8
MM, 41, 0, 1298
MM, 14, 12, 40
MM, 38, 19, 31
MM, 22, 24, 24
MM, 14, 27, 24
MM, 3, 31, 32
MM, 203, 0, 208
MM, 200, 1, 23
MM, 196, 2, 24
MM, 194, 3, 8
MM, 194, 4, 113
MC, 1, 175
MM, 193, 4, 200
MM, 192, 3, 24
MM, 191, 3, 8
MM, 191, 2, 8
MM, 190, 2, 8
MM, 187, 0, 16
MM, 30, 31, 57
MM, 27, 30, 7
MM, 24, 28, 8
MM, 20, 27, 8
MM, 15, 24, 16
MM, 12, 23, 8
MM, 10, 22, 8
MM, 4, 20, 16
MM, 0, 18, 8
MM, 42, 14, 24
MM, 38, 12, 8
MM, 36, 12, 7
MM, 30, 10, 16
MM, 27, 9, 9
MM, 22, 8, 16
MM, 19, 7, 8
MM, 18, 6, 7
MM, 16, 6, 17
MM, 15, 6, 8
MM, 14, 6, 8
MM, 13, 6, 8
MM, 12, 6, 24
MM, 10, 6, 25
MM, 9, 6, 15
MM, 8, 6, 8
MM, 4, 6, 16
MM, 2, 6, 8
MM, 1, 5, 8
MM, 0, 4, 8
MM, 0, 5, 161
MM, 6, 10, 56
MM, 7, 12, 23
MM, 7, 13, 8
MM, 8, 14, 32
MM, 8, 15, 24
MM, 8, 16, 41
MM, 9, 17, 25
MM, 12, 19, 47
MM, 13, 19, 56
MM, 14, 19, 48
MM, 14, 20, 8
MC, 1, 167
MM, 13, 20, 256
MM, 12, 18, 41
MM, 9, 9, 49
MM, 9, 1, 38
MM, 10, 31, 41
MM, 11, 23, 24
MM, 12, 18, 16
MM, 15, 10, 24
MM, 15, 7, 16
MM, 17, 4, 24
MM, 0, 24, 120
MM, 5, 21, 16
MM, 12, 19, 24
MM, 23, 18, 24
MM, 32, 18, 16
MM, 0, 18, 32
MM, 10, 20, 23
MM, 13, 21, 16
MM, 17, 22, 24
MM, 17, 23, 8
MM, 18, 23, 32
MM, 19, 23, 162
MM, 21, 25, 32
MC, 1, 151
MM, 19, 25, 122
MM, 43, 25, 62
MM, 32, 26, 15
MM, 22, 26, 16
MM, 13, 26, 16
MM, 4, 26, 17
MC, 1, 487
MC, 2, 304
MP, 1, 768
MR, 1, 144
MC, 1, 0
MC, 1, 1312
MC, 1, 824
MM, 23, 0, 737
MM, 30, 5, 16
MM, 35, 10, 24
MM, 36, 12, 16
MM, 37, 14, 16
MM, 38, 17, 32
MM, 38, 18, 24
MM, 39, 18, 15
MM, 39, 21, 24
MM, 39, 22, 24
MM, 39, 21, 89
MM, 38, 20, 15
MM, 35, 17, 24
MM, 33, 15, 16
MM, 31, 13, 16
MM, 29, 12, 16
MM, 28, 12, 8
MM, 27, 12, 8
MM, 28, 13, 423
MM, 29, 13, 17
MM, 29, 14, 8
MM, 31, 14, 8
MM, 35, 16, 16
MM, 38, 17, 8
MM, 42, 19, 8
MM, 7, 25, 16
MM, 14, 29, 8
MM, 23, 31, 8
MM, 7, 3, 24
MM, 21, 8, 8
MM, 35, 12, 8
MM, 0, 17, 8
MM, 12, 20, 8
MM, 23, 23, 8
MM, 33, 24, 8
MM, 43, 25, 8
MM, 0, 25, 8
MM, 7, 25, 16
MM, 8, 25, 8
MM, 10, 25, 8
MM, 11, 25, 17
MM, 12, 24, 23
MM, 13, 24, 24
MM, 15, 23, 8
MM, 21, 22, 16
MM, 32, 21, 16
MM, 38, 21, 8
MM, 1, 19, 24
MM, 3, 19, 8
MM, 6, 17, 16
MM, 7, 17, 8
MM, 9, 17, 16
MM, 9, 16, 8
MM, 11, 15, 16
MM, 12, 14, 8
MM, 12, 13, 16
MM, 14, 12, 8
MM, 14, 11, 8
MM, 15, 9, 16
MM, 17, 8, 17
MM, 18, 7, 15
MM, 18, 6, 16
MM, 19, 5, 8
MM, 19, 4, 16
MM, 19, 3, 16
MM, 19, 2, 8
MM, 19, 1, 8
MM, 20, 0, 16
MM, 20, 31, 41
MM, 21, 27, 26
MM, 22, 24, 22
MM, 24, 22, 23
MM, 24, 20, 8
MM, 25, 19, 24
MM, 25, 18, 9
MM, 26, 18, 96
MM, 27, 18, 25
MC, 1, 183
MM, 27, 17, 63
MM, 27, 16, 8
MM, 21, 8, 49
MM, 28, 31, 72
MM, 25, 28, 15
MM, 22, 25, 17
MM, 20, 22, 23
MM, 18, 19, 25
MM, 16, 15, 24
MM, 14, 14, 16
MM, 13, 14, 15
MM, 12, 12, 16
MM, 11, 12, 16
MM, 10, 11, 8
MM, 9, 10, 16
MM, 6, 10, 16
MM, 6, 9, 8
MM, 5, 8, 16
MM, 3, 8, 17
MM, 1, 8, 15
MM, 35, 7, 48
MM, 34, 7, 58
MM, 32, 8, 40
MM, 31, 9, 15
MM, 29, 10, 47
MM, 29, 11, 33
MM, 29, 12, 31
MM, 29, 13, 32
MM, 29, 14, 90
MC, 1, 127
MM, 29, 13, 71
MM, 29, 12, 24
MM, 31, 12, 16
MM, 34, 12, 8
MM, 4, 14, 16
MM, 11, 16, 8
MM, 9, 18, 241
MM, 6, 17, 47
MM, 28, 4, 41
MM, 14, 0, 271
MM, 3, 11, 40
MC, 1, 648
MM, 30, 0, 473
MM, 29, 0, 40
MM, 29, 1, 23
MM, 28, 3, 40
MM, 28, 5, 17
MM, 27, 8, 32
MM, 27, 13, 32
MM, 27, 14, 16
MM, 27, 15, 136
MC, 1, 191
MM, 27, 16, 193
MM, 28, 17, 23
MM, 32, 21, 25
MM, 39, 27, 24
MM, 3, 4, 32
MM, 24, 22, 32
MM, 33, 3, 32
MM, 45, 17, 31
MM, 48, 22, 17
MM, 52, 25, 15
MM, 54, 27, 8
MM, 56, 30, 16
MM, 58, 32, 16
MM, 60, 35, 17
MM, 63, 38, 16
MM, 66, 41, 15
MM, 68, 41, 176
MM, 68, 39, 25
MM, 68, 34, 23
MM, 68, 32, 16
MM, 69, 29, 24
MM, 69, 27, 16
MM, 70, 25, 24
MM, 71, 23, 24
MM, 71, 22, 16
MM, 71, 21, 8
MM, 72, 21, 16
MM, 72, 20, 16
MM, 73, 20, 121
MM, 74, 20, 24
MC, 1, 151
MM, 75, 20, 121
MM, 82, 16, 40
MM, 88, 13, 23
MM, 93, 11, 16
MM, 97, 8, 16
MM, 99, 6, 8
MM, 104, 1, 16
MM, 21, 30, 49
MM, 23, 26, 15
MM, 27, 20, 16
MM, 30, 17, 8
MM, 36, 10, 16
MM, 39, 6, 8
MM, 40, 4, 8
MM, 43, 0, 16
MM, 0, 16, 105
MM, 4, 11, 40
MM, 4, 9, 23
MM, 4, 8, 9
MM, 4, 7, 23
MM, 4, 6, 8
MM, 4, 4, 16
MM, 4, 2, 16
MM, 12, 31, 58
MM, 5, 18, 48
MC, 1, 614
MM, 39, 0, 305
MM, 40, 1, 7
MM, 41, 2, 8
MM, 42, 2, 8
MM, 43, 3, 16
MM, 43, 4, 16
MM, 45, 4, 8
MM, 45, 5, 33
MM, 46, 5, 7
MM, 0, 9, 97
MM, 3, 10, 32
MM, 6, 11, 56
MM, 7, 11, 31
MM, 8, 12, 16
MM, 10, 12, 8
MM, 11, 13, 16
MM, 12, 14, 16
MM, 13, 14, 8
MM, 14, 14, 16
MM, 14, 15, 16
MM, 15, 15, 17
MM, 16, 15, 24
MM, 16, 16, 8
MM, 17, 16, 16
MC, 1, 176
MM, 16, 16, 81
MM, 9, 16, 30
MM, 43, 16, 33
MM, 30, 16, 15
MM, 10, 13, 25
MM, 38, 11, 24
MM, 31, 11, 7
MM, 7, 8, 25
MM, 40, 5, 16
MM, 21, 2, 24
MM, 10, 0, 16
MM, 22, 1, 312
MM, 27, 7, 32
MM, 28, 9, 15
MM, 29, 11, 16
MM, 30, 13, 24
MM, 31, 15, 16
MM, 32, 16, 17
MM, 32, 17, 120
MM, 33, 18, 23
MC, 1, 160
MM, 34, 18, 89
MM, 35, 18, 7
MM, 37, 18, 16
MM, 38, 18, 8
MM, 42, 18, 17
MM, 3, 17, 23
MM, 9, 16, 8
MM, 22, 16, 16
MM, 29, 16, 8
MM, 2, 16, 24
MM, 8, 16, 8
MM, 21, 16, 16
MM, 27, 16, 8
MM, 40, 16, 16
MM, 2, 15, 16
MM, 7, 14, 8
MM, 13, 13, 8
MM, 19, 12, 16
MM, 21, 12, 8
MM, 24, 10, 8
MM, 27, 9, 16
MM, 28, 9, 8
MM, 31, 8, 8
MM, 35, 7, 16
MM, 36, 7, 8
MM, 39, 5, 16
MM, 41, 4, 16
MM, 41, 3, 8
MM, 43, 3, 16
MC, 1, 536
MM, 12, 2, 233
MM, 12, 13, 32
MM, 14, 29, 39
MM, 15, 3, 24
MM, 15, 6, 8
MM, 15, 13, 16
MM, 15, 15, 8
MM, 13, 20, 16
MM, 13, 23, 8
MM, 13, 29, 16
MM, 103, 1, 41
MM, 103, 5, 24
MM, 103, 9, 24
MM, 103, 10, 15
MM, 103, 13, 32
MM, 103, 14, 32
MM, 103, 15, 41
MM, 103, 16, 81
MM, 103, 17, 55
MC, 1, 503
MM, 103, 16, 80
MM, 103, 15, 18
MM, 102, 14, 23
MM, 102, 6, 39
MM, 12, 29, 49
MM, 12, 20, 24
MM, 12, 15, 16
MM, 12, 9, 16
MM, 12, 2, 24
MM, 17, 31, 31
MM, 19, 27, 16
MM, 22, 20, 24
MM, 23, 17, 16
MM, 24, 13, 16
MM, 24, 11, 16
MM, 24, 6, 16
MM, 27, 2, 24
MC, 1, 568
MC, 1, 664
MM, 8, 0, 521
MM, 1, 3, 48
MM, 43, 14, 471
MM, 41, 14, 8
MM, 40, 14, 16
MM, 39, 15, 8
MM, 37, 15, 16
MM, 36, 15, 8
MM, 35, 15, 8
MM, 34, 15, 8
MM, 33, 15, 16
MM, 32, 15, 8
MC, 1, 392
MM, 32, 16, 114
MM, 33, 17, 39
MM, 36, 19, 31
MM, 41, 21, 25
MM, 1, 26, 23
MM, 7, 29, 8
MM, 29, 1, 33
MM, 4, 13, 39
MM, 20, 19, 25
MM, 29, 23, 16
MM, 38, 27, 24
MM, 43, 28, 24
MM, 18, 31, 256
MM, 16, 27, 32
MM, 16, 22, 23
MM, 16, 20, 16
MM, 16, 19, 8
MM, 16, 18, 24
MM, 16, 17, 8
MM, 16, 16, 17
MM, 16, 15, 15
MM, 16, 14, 24
MM, 17, 14, 137
MC, 1, 135
MM, 16, 13, 32
MM, 16, 12, 24
MM, 16, 10, 24
MM, 15, 10, 8
MM, 15, 9, 8
MM, 14, 7, 8
MM, 13, 4, 16
MM, 11, 1, 8
MM, 2, 29, 32
MM, 42, 20, 32
MM, 31, 7, 72
MM, 30, 5, 8
MM, 30, 3, 8
MC, 1, 520
MM, 45, 2, 240
MM, 28, 7, 24
MM, 8, 11, 24
MM, 26, 16, 24
MM, 34, 18, 17
MM, 40, 19, 23
MM, 1, 21, 49
MM, 7, 22, 16
MM, 14, 23, 24
MM, 18, 23, 16
MM, 22, 24, 24
MM, 23, 24, 15
MM, 25, 24, 17
MM, 28, 24, 23
MM, 30, 24, 16
MM, 33, 24, 24
MM, 36, 24, 16
MM, 40, 24, 24
MM, 43, 24, 16
MM, 1, 25, 33
MM, 6, 26, 15
MM, 13, 26, 17
MM, 23, 26, 24
MM, 29, 26, 24
MM, 30, 26, 8
MM, 31, 26, 56
MM, 32, 26, 160
MC, 1, 144
MM, 32, 27, 160
MM, 25, 31, 56
MM, 7, 1, 47
MM, 38, 11, 32
MM, 11, 23, 40
MM, 217, 0, 81
MM, 206, 3, 32
MM, 197, 6, 23
MM, 189, 9, 24
MM, 179, 10, 32
MM, 175, 11, 24
MM, 173, 11, 16
MM, 172, 13, 16
MM, 170, 13, 8
MM, 169, 14, 8
MM, 168, 14, 8
MM, 165, 15, 16
MM, 164, 15, 8
MM, 161, 16, 8
MM, 160, 17, 16
MM, 159, 17, 25
MM, 159, 18, 23
MM, 158, 18, 33
MM, 158, 19, 24
MM, 157, 19, 8
MM, 157, 20, 24
MM, 157, 21, 47
MM, 156, 22, 16
MM, 156, 23, 585
MC, 1, 144
MM, 156, 22, 113
MM, 155, 21, 15
MM, 159, 16, 32
MM, 163, 13, 16
MM, 168, 9, 8
MM, 177, 3, 16
MM, 4, 30, 23
MM, 9, 26, 8
MM, 15, 21, 8
MM, 25, 13, 16
MM, 28, 8, 8
MM, 33, 3, 8
MM, 37, 0, 8
MM, 1, 23, 32
MM, 3, 20, 8
MM, 5, 18, 8
MM, 8, 14, 16
MM, 9, 12, 8
MM, 13, 9, 16
MM, 15, 7, 8
MM, 17, 6, 8
MM, 21, 3, 17
MM, 22, 2, 7
MM, 23, 1, 9
MM, 23, 0, 24
MM, 1, 26, 144
MM, 3, 25, 32
MM, 4, 24, 24
MM, 4, 23, 16
MM, 5, 23, 48
MM, 6, 23, 127
MM, 5, 25, 241
MM, 4, 25, 7
MM, 2, 27, 8
MM, 0, 28, 8
MM, 8, 0, 72
MM, 6, 2, 8
MM, 3, 3, 8
MM, 42, 8, 24
MM, 38, 10, 8
MM, 34, 12, 8
MM, 31, 13, 8
MM, 27, 15, 8
MM, 23, 17, 8
MM, 19, 18, 8
MM, 15, 19, 9
MM, 12, 20, 7
MM, 8, 21, 8
MM, 2, 23, 8
MM, 43, 25, 17
MM, 39, 26, 7
MM, 36, 26, 8
MM, 33, 26, 8
MM, 31, 26, 8
MM, 28, 27, 8
MM, 26, 28, 8
MM, 24, 28, 9
MM, 22, 29, 7
MM, 20, 30, 8
MM, 17, 31, 8
MM, 14, 31, 8
MM, 11, 31, 8
MM, 34, 0, 545
MM, 33, 0, 32
MM, 33, 1, 7
MM, 32, 2, 33
MM, 30, 3, 23
MM, 30, 4, 9
MM, 29, 5, 23
MM, 29, 7, 32
MM, 28, 7, 8
MM, 28, 8, 9
MM, 28, 9, 48
MM, 28, 10, 32
MC, 1, 207
MM, 27, 10, 16
MM, 26, 9, 48
MM, 26, 8, 16
MM, 25, 7, 9
MM, 24, 5, 7
MM, 24, 4, 8
MM, 23, 2, 8
MM, 21, 0, 8
MM, 17, 30, 24
MM, 15, 27, 8
MM, 13, 24, 8
MM, 9, 21, 8
MM, 7, 18, 8
MM, 5, 16, 8
MM, 3, 14, 8
MM, 2, 12, 8
MM, 1, 11, 8
MM, 0, 10, 8
MM, 43, 0, 64
MC, 1, 528
MC, 1, 776
MM, 25, 2, 274
MM, 31, 13, 32
MM, 40, 27, 31
MM, 1, 8, 72
MM, 3, 13, 15
MM, 9, 22, 24
MM, 12, 28, 16
MM, 108, 2, 41
MM, 110, 6, 16
MM, 112, 11, 16
MM, 114, 14, 15
MM, 115, 16, 8
MM, 116, 18, 8
MM, 117, 19, 17
MM, 118, 20, 16
MM, 118, 21, 39
MM, 119, 21, 32
MM, 119, 22, 32
MM, 120, 22, 82
MM, 120, 23, 16
MM, 121, 24, 47
MM, 121, 25, 7
MM, 122, 25, 32
MM, 122, 26, 16
MM, 122, 27, 40
MM, 123, 27, 192
MM, 123, 27, 208
MM, 123, 26, 8
MM, 123, 24, 16
MM, 122, 23, 8
MM, 122, 22, 8
MM, 121, 20, 8
MM, 121, 17, 8
MM, 120, 16, 8
MM, 119, 13, 8
MM, 118, 10, 8
MM, 118, 8, 8
MM, 117, 5, 8
MM, 117, 2, 8
MM, 27, 31, 24
MM, 27, 27, 8
MM, 26, 21, 8
MM, 25, 18, 8
MM, 23, 14, 8
MM, 22, 9, 8
MM, 21, 6, 8
MM, 20, 2, 8
MM, 17, 31, 16
MM, 14, 26, 8
MM, 12, 22, 8
MM, 11, 17, 8
MM, 9, 14, 8
MM, 7, 11, 8
MM, 6, 8, 8
MM, 4, 6, 8
MM, 3, 3, 8
MM, 2, 1, 8
MM, 43, 14, 305
MM, 43, 13, 8
MM, 42, 14, 32
MM, 41, 14, 23
MM, 41, 15, 16
MM, 40, 16, 129
MM, 39, 16, 31
MM, 40, 16, 232
MM, 40, 17, 9
MM, 40, 19, 408
MM, 41, 20, 16
MM, 22, 1, 151
MM, 31, 7, 16
MM, 46, 15, 24
MM, 5, 21, 16
MM, 14, 26, 16
MM, 24, 31, 25
MM, 0, 1, 47
MM, 4, 1, 16
MM, 8, 2, 17
MM, 10, 3, 16
MM, 13, 3, 16
MM, 19, 5, 24
MM, 25, 6, 16
MM, 29, 8, 16
MM, 32, 9, 15
MM, 34, 9, 16
MM, 36, 11, 24
MM, 37, 12, 8
MM, 40, 13, 17
MM, 41, 13, 8
MM, 43, 14, 15
MM, 0, 18, 58
MM, 0, 19, 23
MM, 1, 19, 16
MM, 1, 20, 32
MM, 3, 20, 15
MM, 5, 20, 16
MM, 6, 21, 8
MM, 7, 21, 8
MM, 8, 21, 7
MM, 9, 21, 57
MM, 10, 20, 25
MM, 11, 20, 39
MM, 12, 20, 106
MC, 1, 158
MM, 12, 19, 32
MM, 13, 18, 16
MM, 15, 17, 8
MM, 17, 15, 8
MM, 18, 14, 8
MM, 20, 12, 8
MM, 21, 11, 8
MM, 23, 8, 8
MM, 25, 6, 8
MM, 28, 2, 8
MM, 30, 0, 8
MM, 34, 30, 24
MM, 37, 26, 8
MM, 41, 22, 8
MM, 0, 17, 16
MM, 5, 15, 8
MM, 10, 12, 8
MM, 14, 10, 8
MM, 19, 8, 8
MM, 23, 6, 7
MM, 27, 4, 9
MM, 31, 1, 8
MM, 33, 0, 8
MM, 22, 31, 24
MM, 24, 30, 8
MM, 27, 28, 8
MM, 30, 27, 8
MC, 1, 1097
MC, 2, 359
MC, 3, 296
MM, 34, 5, 322
MM, 8, 19, 31
MM, 31, 27, 23
MM, 35, 2, 32
MM, 31, 5, 8
MM, 22, 11, 16
MM, 19, 13, 8
MM, 12, 17, 16
MM, 5, 22, 16
MM, 3, 23, 8
MM, 43, 29, 32
MM, 26, 0, 49
MM, 23, 0, 8
MM, 17, 2, 15
MM, 11, 4, 16
MM, 9, 5, 8
MM, 5, 7, 17
MM, 2, 9, 16
MM, 43, 13, 47
MM, 41, 14, 16
MM, 39, 15, 16
MM, 36, 16, 16
MM, 34, 17, 8
MM, 31, 17, 16
MM, 28, 18, 16
MM, 27, 19, 8
MM, 26, 20, 16
MM, 24, 20, 16
MM, 23, 21, 16
MM, 22, 22, 8
MM, 20, 23, 16
MM, 18, 23, 8
MM, 17, 24, 9
MM, 15, 25, 23
MM, 14, 26, 9
MM, 14, 27, 16
MM, 13, 28, 16
MM, 12, 29, 16
MM, 12, 30, 8
MM, 11, 31, 8
MM, 151, 0, 208
MM, 151, 4, 16
MM, 151, 8, 40
MM, 151, 9, 16
MM, 151, 10, 24
MM, 151, 11, 15
MM, 151, 12, 17
MM, 151, 13, 23
MC, 1, 320
MM, 150, 13, 16
MM, 149, 13, 56
MM, 149, 12, 17
MM, 149, 11, 40
MM, 149, 10, 40
MM, 149, 9, 8
MM, 149, 8, 24
MM, 151, 7, 16
MM, 154, 6, 15
MM, 160, 5, 16
MM, 170, 4, 16
MM, 180, 2, 16
MM, 191, 2, 16
MM, 201, 2, 16
MM, 208, 2, 16
MM, 212, 2, 8
MM, 214, 2, 8
MM, 219, 2, 16
MM, 30, 31, 402
MM, 29, 29, 31
MM, 28, 27, 23
MM, 25, 23, 16
MM, 20, 18, 24
MM, 13, 14, 16
MM, 6, 11, 16
MM, 0, 7, 16
MM, 43, 5, 40
MM, 43, 4, 8
MM, 42, 5, 81
MM, 41, 5, 8
MM, 40, 5, 16
MM, 37, 6, 31
MM, 36, 6, 16
MM, 36, 7, 16
MM, 34, 8, 24
MM, 33, 9, 8
MM, 32, 10, 24
MM, 30, 12, 16
MM, 30, 13, 32
MM, 29, 13, 1072
MM, 29, 12, 25
MM, 27, 9, 24
MM, 28, 1, 24
MM, 26, 29, 24
MM, 31, 15, 32
MM, 36, 6, 23
MM, 39, 1, 16
MM, 9, 30, 25
MM, 14, 25, 16
MM, 16, 23, 7
MM, 19, 19, 16
MM, 20, 17, 16
MM, 22, 15, 16
MM, 22, 14, 16
MM, 23, 13, 32
MM, 23, 12, 32
MM, 23, 11, 8
MM, 24, 11, 25
MM, 24, 10, 16
MM, 25, 10, 80
MC, 1, 143
MM, 26, 11, 72
MM, 26, 12, 8
MM, 27, 13, 8
MM, 28, 14, 8
MM, 29, 16, 8
MM, 30, 17, 8
MM, 31, 20, 16
MM, 32, 21, 8
MM, 32, 23, 8
MM, 34, 25, 8
MM, 34, 27, 8
MM, 32, 0, 64
MM, 36, 4, 25
MM, 41, 6, 23
MM, 1, 11, 73
MM, 4, 12, 16
MM, 5, 13, 8
MM, 10, 15, 32
MM, 12, 16, 16
MM, 13, 16, 80
MM, 13, 16, 240
MM, 11, 16, 7
MM, 9, 15, 8
MM, 6, 13, 8
MM, 43, 10, 16
MM, 36, 8, 8
MM, 29, 6, 8
MM, 23, 5, 8
MM, 14, 2, 8
MM, 6, 1, 8
MM, 29, 31, 40
MM, 21, 30, 8
MM, 14, 30, 8
MM, 7, 29, 8
MM, 1, 28, 8
MM, 40, 27, 24
MM, 36, 27, 8
MM, 30, 27, 8
MM, 25, 26, 8
MM, 19, 25, 8
MM, 7, 24, 16
MM, 1, 23, 8
MC, 1, 840
MM, 5, 0, 280
MM, 4, 0, 8
MM, 3, 2, 8
MM, 2, 3, 33
MM, 1, 4, 15
MM, 0, 4, 16
MM, 43, 5, 129
MM, 42, 5, 24
MM, 41, 5, 7
MM, 40, 5, 17
MM, 39, 5, 15
MM, 38, 5, 16
MM, 37, 5, 8
MM, 36, 5, 16
MM, 34, 5, 17
MM, 33, 5, 15
MM, 32, 5, 17
MM, 31, 5, 24
MM, 29, 5, 16
MM, 27, 5, 15
MM, 25, 5, 16
MM, 24, 5, 8
MC, 1, 360
MM, 25, 5, 217
MM, 29, 7, 24
MM, 37, 11, 24
MM, 2, 18, 24
MM, 16, 26, 15
MM, 0, 5, 33
MM, 10, 9, 7
MM, 31, 20, 16
MM, 0, 29, 16
MM, 121, 3, 25
MM, 133, 8, 7
MM, 149, 15, 17
MM, 161, 18, 16
MM, 172, 21, 15
MM, 180, 23, 16
MM, 182, 24, 8
MM, 188, 24, 16
MM, 191, 24, 16
MM, 194, 24, 24
MM, 197, 24, 16
MM, 199, 24, 16
MM, 200, 24, 16
MM, 202, 24, 40
MM, 203, 22, 16
MM, 204, 19, 24
MM, 207, 15, 16
MM, 210, 9, 24
MM, 212, 5, 16
MM, 214, 3, 16
MM, 4, 29, 97
MM, 23, 26, 24
MM, 32, 26, 23
MM, 37, 26, 24
MM, 38, 26, 25
MM, 39, 26, 73
MM, 43, 27, 23
MM, 0, 27, 81
MM, 5, 27, 23
MM, 13, 27, 32
MM, 15, 26, 24
MM, 15, 25, 80
MM, 15, 24, 23
MM, 15, 23, 17
MM, 15, 22, 39
MM, 15, 21, 97
MC, 1, 216
MM, 16, 21, 263
MM, 17, 21, 16
MM, 18, 21, 8
MM, 19, 21, 16
MM, 20, 21, 16
MM, 21, 21, 16
MM, 23, 21, 16
MM, 24, 21, 8
MM, 26, 21, 24
MM, 27, 21, 16
MM, 28, 21, 16
MM, 29, 21, 8
MM, 34, 20, 24
MM, 38, 18, 18
MM, 42, 17, 14
MM, 313, 10, 187827
MM, 377, 59, 41
MM, 406, 5, 13931
MM, 421, 59, 41
MM, 51, 2, 492
MM, 51, 4, 13
MM, 53, 8, 20
MM, 55, 12, 14
MM, 59, 18, 20
MM, 61, 22, 14
MM, 61, 24, 13
