**********************************
LOGGING TIME: 20180908_194208
CLIENT IP: 192.168.56.1
USERNAME: Nikhil
OS: Windows 10
*********************Neutral database**********************************
MM, 128, 4, 1537598292088
MM, 175, 16, 474
MM, 135, 24, 32
MM, 129, 18, 23
MM, 130, 19, 233
MM, 133, 24, 25
MM, 136, 27, 23
MM, 136, 28, 8
MM, 138, 28, 225
MM, 138, 0, 123915
MM, 138, 7, 27
MM, 136, 17, 28
MM, 135, 20, 13
MM, 135, 22, 27
MC, 1, 616
MM, 137, 22, 5754
MM, 0, 18, 21
MM, 55, 16, 34
MC, 1, 12389
MM, 115, 9, 549
MM, 115, 19, 9
MM, 115, 29, 7
MM, 115, 38, 8
MM, 115, 48, 8
MM, 114, 58, 8
MM, 20, 31, 232
MM, 19, 28, 8
MM, 18, 25, 8
MM, 18, 22, 8
MM, 16, 19, 8
MM, 16, 17, 8
MM, 16, 10, 41
MC, 1, 295
MM, 15, 10, 16
MM, 14, 10, 8
MM, 12, 9, 9
MM, 11, 9, 8
MM, 10, 9, 7
MM, 10, 8, 8
MM, 30, 10, 113
MM, 27, 10, 7
MM, 26, 10, 8
MM, 25, 10, 16
MM, 24, 10, 16
MM, 23, 10, 8
MM, 22, 10, 24
MM, 21, 10, 137
MM, 20, 10, 16
MM, 19, 10, 16
MM, 17, 10, 56
MM, 17, 9, 16
MM, 16, 9, 8
MM, 15, 9, 39
MC, 1, 185
MM, 16, 9, 15
MM, 17, 9, 17
MM, 20, 9, 7
MM, 23, 10, 8
MM, 26, 10, 8
MM, 30, 11, 8
MM, 36, 13, 8
MM, 43, 15, 8
MM, 4, 18, 9
MM, 19, 23, 8
MM, 24, 4, 31
MM, 35, 10, 8
MM, 15, 31, 16
MM, 34, 7, 9
MM, 3, 21, 16
MM, 7, 25, 8
MM, 8, 26, 7
MM, 9, 27, 8
MM, 9, 28, 49
MM, 10, 28, 15
MM, 10, 29, 8
MM, 11, 29, 8
MM, 12, 29, 16
MM, 13, 29, 8
MM, 14, 29, 8
MM, 19, 28, 28
MM, 21, 26, 4
MM, 23, 25, 8
MM, 26, 23, 9
MM, 5, 11, 95
MM, 6, 11, 8
MM, 7, 10, 32
MM, 8, 10, 8
MM, 9, 10, 8
MM, 10, 10, 8
MM, 15, 11, 16
MM, 17, 11, 8
MM, 23, 13, 17
MM, 28, 14, 7
MM, 37, 18, 17
MM, 43, 21, 8
MM, 2, 25, 15
MM, 5, 27, 9
MM, 8, 27, 7
MM, 10, 29, 8
MM, 13, 30, 9
MM, 14, 31, 15
MM, 15, 31, 16
MM, 16, 31, 16
MM, 25, 31, 353
MM, 24, 31, 7
MM, 24, 30, 8
MM, 23, 30, 8
MM, 21, 29, 17
MM, 27, 27, 8
MM, 27, 25, 16
MM, 27, 24, 8
MM, 26, 23, 16
MM, 26, 22, 40
MM, 25, 22, 56
MC, 1, 119
MM, 24, 22, 8
MM, 23, 22, 33
MM, 21, 21, 8
MM, 19, 19, 8
MM, 14, 17, 7
MM, 10, 14, 7
MM, 5, 10, 10
MM, 0, 7, 7
MM, 43, 2, 8
MM, 21, 28, 16
MM, 10, 21, 8
MM, 38, 3, 15
MM, 35, 31, 9
MM, 17, 19, 8
MM, 1, 12, 8
MM, 31, 1, 8
MM, 33, 31, 306
MM, 21, 25, 24
MM, 11, 21, 32
MM, 8, 25, 135
MM, 8, 29, 16
MC, 1, 520
MM, 40, 0, 184
MM, 40, 1, 8
MM, 39, 1, 16
MM, 39, 2, 8
MM, 38, 3, 9
MM, 38, 4, 6
MM, 37, 6, 8
MM, 37, 7, 8
MM, 36, 8, 24
MM, 36, 9, 25
MM, 35, 11, 23
MM, 32, 13, 9
MM, 31, 14, 7
MM, 30, 15, 8
MC, 1, 177
MM, 33, 16, 7
MM, 41, 17, 8
MM, 1, 17, 9
MM, 14, 17, 7
MM, 28, 17, 8
MM, 11, 17, 16
MM, 20, 17, 8
MM, 39, 18, 8
MM, 10, 23, 8
MM, 33, 25, 8
MM, 6, 30, 8
MM, 21, 0, 24
MM, 39, 3, 8
MM, 7, 4, 8
MM, 16, 5, 8
MM, 26, 6, 8
MM, 29, 7, 8
MM, 31, 7, 8
MM, 2, 4, 106
MM, 4, 2, 31
MM, 4, 0, 32
MM, 0, 31, 71
MM, 41, 26, 16
MM, 36, 24, 8
MM, 30, 21, 8
MM, 26, 19, 8
MM, 23, 19, 8
MM, 18, 18, 17
MM, 17, 17, 8
MM, 16, 17, 8
MM, 14, 17, 8
MM, 11, 16, 8
MM, 10, 16, 8
MM, 9, 16, 7
MM, 7, 16, 16
MM, 6, 16, 42
MM, 7, 16, 807
MM, 8, 16, 15
MM, 11, 16, 8
MM, 19, 16, 66
MM, 20, 17, 113
MC, 1, 77
MM, 20, 14, 24
MM, 20, 9, 8
MM, 20, 6, 8
MM, 18, 2, 9
MM, 28, 31, 23
MM, 28, 30, 8
MM, 27, 30, 8
MM, 27, 28, 138
MM, 26, 24, 24
MM, 25, 19, 31
MM, 25, 18, 15
MM, 24, 17, 16
MM, 24, 16, 8
MM, 24, 15, 8
MM, 23, 15, 8
MM, 23, 14, 8
MM, 23, 13, 8
MC, 1, 176
MM, 23, 14, 32
MM, 23, 15, 8
MM, 21, 17, 8
MM, 20, 20, 8
MM, 17, 24, 8
MM, 14, 27, 8
MM, 12, 31, 8
MM, 29, 17, 40
MM, 24, 22, 8
MM, 20, 26, 8
MM, 18, 28, 8
MM, 16, 30, 8
MM, 15, 0, 194
MM, 16, 3, 23
MM, 17, 4, 33
MM, 19, 6, 24
MM, 20, 7, 23
MC, 1, 103
MM, 22, 7, 17
MM, 24, 3, 7
MM, 30, 29, 16
MM, 33, 27, 8
MM, 37, 22, 8
MM, 42, 17, 9
MM, 1, 9, 15
MM, 14, 25, 97
MM, 15, 25, 7
MM, 17, 25, 17
MM, 18, 25, 7
MM, 19, 25, 8
MM, 21, 25, 8
MM, 24, 25, 8
MM, 27, 23, 16
MM, 28, 22, 16
MM, 29, 21, 16
MM, 29, 20, 17
MM, 28, 20, 95
MM, 27, 20, 16
MM, 25, 20, 8
MM, 24, 20, 8
MM, 22, 20, 8
MM, 20, 20, 8
MM, 17, 19, 8
MM, 16, 19, 8
MM, 15, 19, 9
MM, 14, 19, 16
MM, 13, 19, 48
MC, 1, 167
MM, 12, 18, 16
MM, 10, 16, 8
MM, 8, 14, 8
MM, 4, 12, 8
MM, 26, 2, 16
MM, 43, 23, 265
MM, 43, 26, 15
MM, 43, 28, 8
MM, 42, 30, 8
MM, 41, 31, 16
MM, 21, 2, 561
MM, 20, 3, 7
MM, 18, 5, 8
MM, 18, 6, 16
MM, 18, 7, 16
MM, 17, 7, 26
MM, 17, 9, 24
MM, 17, 14, 23
MM, 17, 17, 25
MM, 18, 17, 8
MM, 18, 18, 126
MC, 1, 112
MM, 19, 17, 144
MM, 19, 16, 24
MM, 19, 15, 16
MM, 19, 14, 24
MM, 19, 13, 32
MM, 20, 13, 193
MM, 29, 13, 112
MM, 32, 13, 7
MM, 43, 13, 7
MM, 5, 16, 6
MM, 34, 2, 15
MM, 8, 17, 7
MM, 82, 31, 13
MM, 10, 26, 61
MM, 208, 9, 20
MM, 6, 22, 14
MM, 21, 9, 13
MM, 33, 28, 27
MM, 10, 23, 27
MM, 29, 29, 439
MM, 22, 25, 32
MM, 19, 13, 7
MM, 17, 1, 8
MM, 31, 19, 16
MM, 26, 9, 8
MM, 23, 2, 8
MM, 364, 62, 73
MM, 364, 61, 7
MM, 362, 58, 8
MM, 362, 57, 16
MM, 361, 56, 8
MM, 361, 54, 8
MM, 359, 51, 8
MM, 358, 49, 8
MM, 358, 47, 8
MM, 356, 46, 8
MM, 356, 44, 8
MM, 355, 42, 17
MM, 356, 42, 15
MM, 355, 40, 9
MM, 354, 40, 24
MM, 353, 40, 8
MM, 351, 39, 15
MM, 350, 38, 8
MM, 348, 38, 8
MM, 345, 38, 8
MM, 341, 38, 8
MM, 339, 38, 8
MM, 336, 38, 8
MM, 334, 38, 8
MM, 331, 38, 8
MM, 328, 38, 8
MM, 324, 38, 8
MM, 318, 38, 16
MM, 314, 37, 8
MM, 307, 36, 8
MM, 301, 35, 8
MM, 297, 34, 8
MM, 294, 33, 8
MM, 292, 33, 8
MM, 290, 32, 8
MM, 285, 31, 8
MM, 279, 29, 17
MM, 275, 27, 7
MM, 270, 25, 8
MM, 267, 23, 9
MM, 263, 21, 7
MM, 260, 20, 9
MM, 258, 18, 8
MM, 253, 16, 8
MM, 247, 14, 8
MM, 243, 11, 7
MM, 237, 9, 9
MM, 232, 6, 7
MM, 225, 3, 16
MM, 221, 1, 8
MM, 220, 0, 8
MM, 219, 0, 105
MM, 218, 0, 32
MM, 216, 0, 8
MM, 211, 0, 8
MM, 123, 0, 376
MM, 122, 2, 15
MM, 122, 3, 8
MM, 122, 4, 16
MM, 122, 6, 8
MM, 121, 8, 8
MM, 121, 11, 8
MM, 120, 13, 8
MM, 120, 16, 8
MM, 120, 18, 8
MM, 120, 19, 9
MM, 120, 20, 319
MC, 1, 89
MM, 120, 21, 127
MM, 123, 22, 8
MM, 127, 25, 8
MM, 135, 30, 8
MM, 142, 35, 8
MM, 148, 42, 9
MM, 154, 51, 7
MM, 159, 60, 9
MM, 37, 3, 103
MM, 37, 9, 8
MM, 34, 17, 9
MM, 32, 25, 7
MM, 26, 4, 17
MM, 24, 10, 8
MM, 23, 13, 7
MM, 22, 15, 8
MM, 21, 17, 8
MM, 21, 18, 8
MM, 21, 19, 16
MM, 21, 21, 9
MM, 21, 23, 8
MM, 21, 27, 8
MM, 61, 1, 23
MM, 61, 4, 8
MM, 61, 5, 16
MM, 61, 6, 25
MM, 61, 7, 15
MM, 61, 8, 8
MM, 61, 9, 24
MM, 62, 9, 9
MM, 63, 9, 32
MM, 64, 10, 15
MM, 65, 10, 16
MM, 66, 10, 8
MM, 67, 10, 8
MM, 68, 10, 8
MM, 69, 10, 8
MM, 71, 10, 8
MM, 73, 10, 8
MM, 75, 10, 8
MM, 77, 9, 9
MM, 80, 8, 7
MM, 83, 8, 8
MM, 86, 6, 9
MM, 89, 5, 7
MM, 90, 5, 8
MM, 91, 3, 8
MM, 93, 2, 8
MM, 94, 2, 16
MM, 95, 1, 8
MM, 96, 1, 24
MM, 96, 0, 8
MM, 97, 0, 16
MM, 97, 0, 209
MM, 95, 1, 8
MM, 95, 3, 15
MM, 94, 5, 24
MM, 94, 7, 16
MM, 93, 8, 9
MM, 92, 8, 7
MM, 92, 9, 8
MM, 92, 10, 8
MM, 92, 11, 24
MM, 92, 12, 24
MM, 92, 14, 24
MM, 92, 15, 16
MM, 92, 16, 16
MM, 92, 17, 16
MM, 92, 18, 24
MM, 92, 19, 121
MM, 92, 20, 24
MM, 94, 20, 103
MM, 99, 17, 9
MM, 104, 12, 8
MM, 107, 7, 7
MM, 111, 3, 8
MM, 35, 27, 25
MM, 39, 22, 7
MM, 43, 17, 9
MM, 0, 8, 32
MM, 1, 6, 7
MM, 2, 6, 9
MM, 2, 5, 7
MM, 2, 3, 9
MM, 3, 3, 7
MM, 4, 1, 8
MM, 11, 30, 33
MM, 12, 28, 7
MM, 15, 25, 8
MM, 16, 21, 8
MM, 18, 19, 9
MM, 18, 17, 8
MM, 20, 14, 8
MM, 21, 12, 7
MM, 21, 11, 8
MM, 21, 10, 8
MM, 22, 9, 9
MM, 23, 8, 7
MM, 23, 6, 8
MM, 24, 5, 17
MM, 24, 4, 24
MM, 24, 5, 88
MC, 1, 111
MM, 24, 6, 64
MM, 24, 7, 24
MM, 24, 8, 24
MM, 23, 8, 8
MM, 22, 9, 8
MM, 21, 9, 8
MM, 20, 9, 8
MM, 18, 9, 8
MM, 15, 9, 9
MM, 9, 9, 8
MM, 41, 9, 15
MM, 27, 7, 9
MM, 6, 4, 8
MM, 36, 2, 7
MM, 21, 1, 8
MM, 11, 1, 8
MM, 34, 1, 16
MM, 27, 3, 8
MM, 20, 6, 8
MM, 15, 7, 8
MM, 13, 8, 9
MM, 11, 9, 7
MM, 9, 10, 8
MM, 7, 11, 8
MM, 6, 11, 8
MM, 5, 12, 72
MM, 4, 12, 32
MM, 2, 12, 8
MM, 0, 14, 8
MM, 43, 14, 9
MM, 35, 15, 8
MM, 27, 16, 7
MM, 20, 17, 8
MM, 17, 17, 8
MM, 14, 18, 8
MM, 11, 18, 8
MM, 7, 18, 8
MM, 3, 18, 8
MM, 2, 16, 8
MM, 1, 14, 8
MM, 0, 13, 8
MM, 43, 10, 32
MM, 42, 10, 8
MM, 41, 10, 9
MM, 40, 10, 47
MM, 39, 10, 32
MM, 38, 10, 24
MM, 37, 10, 8
MM, 36, 10, 8
MM, 35, 10, 16
MM, 34, 10, 8
MM, 34, 11, 8
MM, 33, 11, 8
MM, 32, 11, 9
MM, 31, 11, 7
MM, 29, 12, 8
MM, 29, 13, 8
MM, 28, 13, 8
MM, 26, 13, 8
MM, 25, 14, 17
MM, 24, 14, 31
MM, 24, 15, 41
MC, 1, 87
MM, 25, 15, 16
MM, 26, 15, 8
MM, 29, 16, 8
MM, 35, 17, 9
MM, 42, 18, 7
MM, 0, 19, 8
MM, 8, 19, 8
MM, 16, 20, 8
MM, 24, 20, 8
MM, 30, 22, 8
MM, 35, 22, 8
MM, 42, 24, 8
MM, 5, 27, 16
MM, 9, 28, 8
MM, 14, 29, 8
MM, 16, 30, 8
MM, 18, 31, 8
MM, 19, 31, 8
MM, 35, 1, 40
MM, 40, 4, 8
MM, 2, 9, 24
MM, 4, 9, 8
MM, 5, 9, 56
MM, 6, 9, 8
MM, 8, 10, 8
MM, 9, 10, 8
MM, 10, 10, 112
MC, 1, 105
MM, 8, 8, 15
MM, 2, 2, 8
MM, 38, 26, 16
MM, 32, 21, 8
MM, 27, 16, 8
MM, 23, 11, 9
MM, 20, 8, 7
MM, 18, 6, 9
MM, 17, 5, 7
MM, 17, 4, 8
MM, 16, 4, 8
MM, 16, 3, 9
MM, 15, 2, 7
MM, 14, 0, 9
MC, 1, 599
MM, 0, 0, 139
MM, 19, 24, 22
MM, 35, 1, 33
MM, 43, 10, 24
MM, 89, 1, 142
MM, 90, 4, 8
MM, 91, 6, 8
MM, 91, 8, 8
MM, 93, 10, 8
MM, 94, 12, 8
MM, 96, 15, 8
MM, 97, 17, 8
MM, 98, 18, 8
MM, 99, 20, 8
MM, 100, 20, 33
MM, 101, 20, 143
MM, 102, 20, 25
MM, 103, 20, 8
MM, 103, 19, 8
MM, 103, 20, 152
MC, 1, 103
MM, 103, 19, 24
MM, 102, 18, 8
MM, 99, 12, 8
MM, 96, 6, 9
MM, 92, 0, 8
MM, 42, 21, 23
MM, 40, 16, 8
MM, 37, 11, 8
MM, 35, 6, 8
MM, 34, 2, 8
MM, 34, 0, 8
MM, 34, 31, 16
MM, 34, 29, 8
MM, 34, 26, 9
MM, 34, 24, 7
MM, 34, 21, 9
MM, 34, 19, 8
MM, 34, 17, 16
MM, 34, 16, 15
MM, 35, 16, 8
MM, 35, 15, 8
MM, 36, 14, 9
MM, 37, 13, 7
MM, 37, 12, 16
MM, 38, 12, 113
MM, 39, 12, 15
MM, 40, 12, 9
MM, 42, 12, 7
MM, 43, 13, 8
MM, 40, 12, 129
MM, 34, 11, 8
MM, 24, 10, 16
MM, 21, 9, 8
MM, 18, 9, 16
MM, 17, 9, 8
MM, 15, 9, 8
MM, 14, 9, 16
MM, 11, 9, 8
MM, 6, 10, 16
MM, 4, 10, 7
MM, 3, 11, 8
MM, 0, 11, 88
MM, 2, 11, 8
MM, 5, 11, 8
MM, 17, 11, 16
MM, 25, 11, 8
MM, 41, 11, 16
MM, 0, 11, 8
MM, 7, 11, 8
MM, 15, 11, 8
MM, 21, 11, 8
MM, 29, 10, 8
MM, 36, 9, 8
MM, 40, 8, 8
MM, 44, 7, 8
MM, 0, 6, 137
MM, 2, 6, 56
MM, 3, 6, 7
MM, 6, 5, 16
MM, 9, 5, 8
MM, 10, 5, 8
MM, 12, 5, 8
MM, 14, 5, 16
MM, 15, 5, 24
MM, 16, 5, 16
MC, 1, 272
MM, 17, 4, 128
MM, 11, 30, 32
MM, 22, 27, 8
MM, 36, 22, 8
MM, 15, 14, 17
MM, 2, 4, 16
MM, 14, 1, 15
MM, 19, 1, 8
MM, 20, 0, 8
MM, 13, 0, 281
MM, 12, 1, 7
MM, 11, 1, 8
MM, 10, 1, 8
MM, 9, 2, 8
MM, 8, 2, 8
MM, 7, 3, 9
MM, 6, 3, 8
MM, 5, 3, 7
MM, 4, 4, 8
MM, 3, 4, 16
MM, 2, 5, 8
MM, 2, 6, 24
MM, 1, 6, 8
MM, 0, 7, 8
MM, 43, 14, 96
MM, 41, 14, 8
MM, 39, 15, 9
MM, 37, 16, 7
MM, 34, 17, 8
MM, 32, 18, 8
MM, 30, 18, 9
MM, 29, 19, 7
MM, 28, 19, 8
MM, 27, 19, 24
MM, 27, 21, 184
MM, 26, 23, 8
MM, 24, 26, 9
MM, 22, 28, 8
MM, 21, 30, 7
MM, 3, 3, 24
MM, 3, 6, 8
MM, 2, 9, 8
MM, 0, 14, 8
MM, 0, 16, 9
MM, 0, 17, 7
MM, 0, 19, 8
MM, 38, 1, 184
MM, 37, 1, 8
MM, 36, 2, 8
MM, 35, 2, 8
MM, 34, 3, 9
MM, 33, 3, 15
MM, 31, 4, 8
MM, 29, 5, 9
MM, 26, 6, 16
MM, 25, 7, 7
MM, 23, 8, 8
MM, 22, 9, 17
MM, 22, 10, 8
MM, 21, 10, 8
MM, 21, 11, 16
MM, 21, 12, 72
MM, 21, 13, 40
MC, 1, 95
MM, 19, 11, 17
MM, 12, 6, 7
MM, 4, 2, 8
MM, 25, 28, 16
MM, 9, 23, 8
MM, 36, 18, 16
MM, 29, 17, 8
MM, 26, 17, 9
MM, 25, 17, 7
MM, 24, 17, 56
MM, 21, 17, 8
MM, 18, 17, 8
MM, 15, 17, 9
MM, 14, 17, 8
MM, 12, 17, 7
MM, 8, 17, 8
MM, 7, 17, 9
MM, 6, 17, 7
MM, 5, 17, 48
MM, 2, 17, 17
MM, 38, 17, 24
MM, 32, 19, 16
MM, 30, 19, 8
MM, 30, 20, 151
MC, 1, 112
MM, 30, 19, 16
MM, 30, 15, 9
MM, 30, 9, 8
MM, 30, 6, 7
MM, 31, 2, 8
MC, 1, 608
MM, 13, 1, 668
MM, 13, 2, 13
MM, 13, 4, 24
MM, 13, 5, 73
MM, 19, 5, 39
MM, 24, 5, 15
MM, 29, 5, 16
MM, 29, 4, 8
MM, 30, 4, 16
MM, 29, 4, 208
MM, 29, 5, 24
MM, 25, 6, 128
MM, 22, 6, 8
MM, 19, 6, 8
MM, 17, 6, 9
MM, 16, 6, 7
MM, 14, 6, 9
MM, 13, 6, 8
MM, 11, 6, 7
MM, 10, 6, 25
MM, 7, 6, 8
MM, 2, 8, 7
MM, 0, 8, 9
MM, 43, 8, 87
MM, 42, 8, 8
MM, 40, 8, 8
MM, 34, 8, 8
MM, 30, 8, 9
MM, 29, 8, 8
MM, 28, 8, 24
MM, 27, 8, 7
MM, 26, 8, 25
MM, 26, 9, 137
MC, 1, 94
MM, 28, 9, 40
MM, 29, 10, 8
MM, 33, 12, 8
MM, 39, 13, 8
MM, 7, 21, 16
MM, 18, 24, 8
MM, 30, 28, 8
MM, 23, 1, 24
MM, 35, 7, 8
MM, 1, 13, 17
MM, 4, 15, 8
MM, 10, 17, 16
MM, 10, 18, 7
MM, 12, 19, 17
MM, 13, 19, 8
MM, 16, 22, 7
MM, 17, 23, 8
MM, 18, 24, 8
MM, 19, 26, 8
MM, 21, 27, 8
MM, 22, 28, 8
MM, 23, 29, 8
MM, 24, 31, 8
MM, 121, 1, 40
MM, 122, 3, 8
MM, 124, 4, 8
MM, 126, 6, 8
MM, 128, 8, 8
MM, 130, 10, 8
MM, 133, 12, 8
MM, 135, 12, 8
MM, 136, 14, 8
MM, 138, 15, 8
MM, 139, 15, 8
MM, 141, 17, 9
MM, 142, 18, 15
MM, 143, 19, 24
MM, 143, 20, 8
MM, 144, 20, 8
MM, 145, 21, 8
MM, 145, 22, 9
MM, 145, 23, 16
MM, 146, 23, 7
MM, 146, 24, 33
MC, 1, 215
MM, 145, 24, 24
MM, 144, 22, 8
MM, 143, 19, 8
MM, 142, 16, 8
MM, 141, 10, 8
MM, 140, 5, 9
MM, 2, 12, 32
MM, 7, 5, 8
MM, 19, 28, 15
MM, 29, 21, 8
MM, 40, 15, 9
MM, 0, 10, 7
MM, 11, 6, 8
MM, 23, 0, 8
MM, 5, 30, 16
MM, 15, 24, 8
MM, 21, 21, 8
MM, 27, 18, 9
MM, 31, 16, 7
MM, 33, 14, 8
MM, 35, 12, 9
MM, 0, 13, 343
MM, 1, 14, 22
MM, 2, 15, 11
MM, 3, 15, 199
MC, 1, 128
MM, 2, 15, 8
MM, 30, 15, 16
MM, 15, 15, 8
MM, 32, 13, 16
MM, 15, 13, 8
MM, 3, 13, 8
MM, 42, 15, 8
MM, 34, 17, 8
MM, 29, 19, 8
MM, 26, 20, 9
MM, 23, 20, 7
MM, 20, 22, 7
MM, 17, 24, 9
MM, 12, 27, 9
MM, 7, 28, 8
MM, 4, 30, 8
MM, 31, 0, 55
MM, 28, 2, 8
MM, 26, 4, 9
MM, 23, 6, 8
MM, 23, 7, 7
MM, 22, 8, 9
MM, 21, 9, 48
MM, 21, 10, 16
MM, 21, 11, 63
MM, 18, 12, 8
MM, 13, 15, 8
MM, 11, 16, 8
MM, 10, 17, 8
MM, 8, 17, 24
MM, 4, 17, 16
MM, 43, 17, 41
MM, 42, 17, 24
MM, 41, 17, 32
MM, 40, 17, 71
MM, 39, 17, 34
MM, 38, 17, 39
MM, 37, 17, 65
MM, 36, 18, 94
MM, 33, 21, 9
MM, 31, 24, 7
MM, 31, 27, 8
MM, 33, 1, 24
MM, 34, 5, 9
MM, 36, 9, 7
MM, 39, 13, 8
MM, 41, 15, 9
MM, 42, 18, 7
MM, 43, 20, 8
MM, 95, 0, 176
MM, 96, 1, 8
MM, 96, 2, 16
MM, 97, 2, 8
MM, 97, 4, 16
MM, 98, 4, 8
MM, 98, 5, 8
MM, 99, 5, 8
MM, 99, 7, 8
MM, 100, 7, 8
MM, 100, 8, 8
MM, 100, 9, 88
MM, 101, 9, 9
MM, 101, 10, 16
MM, 102, 11, 10
MM, 102, 12, 22
MM, 96, 6, 103
MM, 39, 29, 16
MM, 31, 18, 8
MM, 21, 9, 8
MM, 2, 28, 16
MM, 40, 14, 16
MM, 37, 10, 8
MM, 34, 7, 8
MM, 32, 4, 9
MM, 31, 1, 7
MM, 43, 31, 113
MM, 39, 27, 24
MM, 38, 27, 8
MM, 37, 27, 33
MM, 35, 27, 47
MM, 34, 27, 7
MM, 32, 28, 8
MM, 30, 30, 16
MM, 29, 30, 9
MC, 1, 791
MM, 4, 31, 544
MM, 12, 29, 9
MM, 19, 28, 7
MM, 26, 27, 8
MM, 33, 26, 8
MM, 2, 25, 16
MM, 6, 25, 8
MM, 9, 24, 8
MM, 12, 24, 8
MM, 13, 24, 8
MM, 14, 24, 8
MM, 15, 24, 24
MM, 16, 24, 32
MM, 17, 24, 8
MM, 18, 24, 8
MM, 19, 24, 8
MM, 22, 24, 8
MM, 23, 24, 16
MM, 21, 24, 136
MM, 20, 23, 8
MM, 18, 23, 8
MM, 16, 22, 8
MM, 14, 22, 8
MM, 12, 22, 16
MM, 10, 22, 8
MM, 9, 22, 8
MM, 8, 21, 8
MM, 7, 21, 8
MM, 6, 21, 8
MM, 5, 21, 8
MM, 4, 21, 16
MM, 3, 21, 16
MM, 1, 21, 16
MM, 0, 21, 8
MM, 32, 21, 32
MM, 31, 21, 8
MM, 30, 21, 8
MM, 28, 21, 8
MM, 27, 21, 8
MM, 25, 21, 16
MM, 23, 21, 8
MM, 20, 21, 8
MM, 17, 21, 8
MM, 16, 21, 8
MC, 1, 232
MM, 15, 21, 24
MM, 14, 21, 8
MM, 11, 21, 8
MM, 29, 18, 16
MM, 18, 16, 8
MM, 8, 15, 8
MM, 41, 13, 16
MM, 34, 13, 8
MM, 30, 13, 8
MM, 26, 13, 8
MM, 24, 13, 8
MM, 21, 14, 8
MM, 18, 14, 9
MM, 15, 15, 7
MM, 10, 15, 8
MM, 4, 16, 8
MM, 40, 17, 16
MM, 33, 18, 9
MM, 27, 19, 7
MM, 24, 19, 8
MM, 23, 19, 8
MM, 22, 19, 40
MM, 21, 19, 8
MM, 17, 19, 8
MM, 9, 19, 8
MM, 2, 19, 8
MM, 43, 7, 857
MM, 42, 7, 8
MM, 42, 8, 32
MM, 41, 9, 31
MM, 40, 12, 32
MM, 31, 18, 16
MM, 30, 18, 8
MM, 29, 18, 16
MC, 1, 240
MM, 31, 18, 16
MM, 34, 18, 9
MM, 39, 18, 7
MM, 43, 17, 9
MM, 2, 17, 15
MM, 7, 16, 8
MM, 14, 15, 8
MM, 21, 14, 8
MM, 28, 12, 9
MM, 35, 11, 7
MM, 4, 9, 17
MM, 12, 8, 7
MM, 20, 7, 8
MM, 27, 6, 9
MM, 33, 5, 7
MM, 37, 4, 9
MM, 40, 4, 7
MM, 41, 4, 9
MM, 42, 3, 8
MM, 43, 3, 39
MM, 44, 3, 8
MM, 46, 3, 9
MM, 4, 3, 23
MM, 8, 3, 8
MM, 12, 3, 8
MM, 15, 3, 8
MM, 17, 3, 8
MM, 20, 3, 9
MM, 21, 3, 8
MM, 24, 3, 7
MM, 28, 3, 8
MM, 31, 3, 8
MM, 37, 3, 8
MM, 42, 4, 8
MM, 1, 6, 17
MM, 3, 6, 7
MM, 4, 7, 8
MM, 5, 7, 17
MM, 6, 7, 7
MM, 7, 7, 9
MM, 8, 8, 7
MM, 10, 9, 9
MM, 13, 9, 7
MM, 16, 10, 8
MM, 19, 11, 9
MM, 21, 12, 7
MM, 22, 12, 8
MM, 24, 12, 9
MM, 24, 13, 7
MM, 25, 13, 9
MM, 28, 15, 7
MM, 30, 16, 8
MM, 33, 18, 9
MM, 35, 19, 8
MM, 38, 20, 7
MM, 39, 21, 8
MM, 40, 22, 8
MM, 39, 22, 130
MM, 19, 18, 31
MM, 6, 17, 15
MM, 43, 16, 24
MM, 39, 16, 8
MM, 32, 16, 8
MM, 24, 16, 8
MM, 17, 16, 8
MM, 13, 16, 8
MM, 6, 16, 8
MM, 1, 16, 8
MM, 40, 16, 16
MM, 36, 16, 8
MM, 33, 16, 8
MM, 32, 16, 9
MM, 30, 16, 7
MM, 29, 16, 8
MM, 26, 16, 8
MM, 22, 17, 8
MM, 18, 17, 8
MM, 15, 18, 8
MM, 14, 18, 8
MM, 13, 18, 9
MM, 12, 18, 72
MM, 11, 19, 80
MM, 10, 20, 56
MM, 9, 22, 8
MM, 7, 24, 16
MM, 4, 27, 15
MM, 2, 27, 8
MM, 2, 28, 8
MM, 1, 29, 8
MM, 0, 30, 16
MM, 43, 0, 72
MM, 42, 1, 17
MM, 41, 1, 23
MM, 41, 2, 16
MM, 41, 1, 224
MM, 41, 0, 8
MM, 4, 31, 73
MM, 7, 27, 24
MM, 10, 25, 23
MM, 12, 24, 16
MM, 14, 21, 8
MM, 15, 21, 8
MM, 17, 19, 8
MM, 20, 18, 8
MM, 21, 17, 8
MM, 23, 16, 8
MM, 25, 16, 8
MM, 25, 15, 9
MM, 26, 14, 7
MM, 27, 14, 8
MM, 28, 14, 8
MM, 28, 13, 9
MM, 29, 13, 7
MM, 30, 12, 15
MM, 30, 11, 9
MM, 32, 11, 8
MM, 32, 10, 8
MM, 34, 10, 8
MM, 34, 9, 8
MM, 35, 8, 8
MM, 36, 8, 8
MM, 37, 7, 8
MM, 38, 7, 8
MM, 39, 7, 16
MM, 40, 6, 8
MM, 42, 5, 8
MM, 43, 5, 8
MM, 44, 5, 8
MM, 45, 4, 8
MM, 46, 4, 8
MM, 0, 2, 72
MM, 1, 2, 8
MM, 3, 2, 8
MM, 5, 2, 8
MM, 6, 1, 8
MM, 8, 1, 8
MM, 9, 1, 8
MM, 11, 1, 8
MM, 12, 1, 8
MM, 13, 1, 9
MM, 14, 1, 7
MM, 16, 1, 16
MM, 17, 1, 8
MM, 18, 1, 17
MM, 19, 1, 8
MM, 21, 1, 32
MM, 22, 1, 9
MM, 23, 1, 103
MM, 24, 1, 97
MM, 24, 0, 15
MM, 25, 0, 7
MM, 26, 0, 32
MM, 34, 0, 425
MM, 33, 0, 8
MM, 32, 0, 24
MM, 31, 0, 16
MM, 30, 0, 16
MM, 30, 1, 16
MM, 29, 1, 7
MM, 28, 1, 25
MM, 27, 1, 8
MM, 26, 1, 8
MM, 25, 1, 15
MM, 24, 1, 17
MM, 23, 1, 7
MM, 22, 1, 24
MM, 21, 1, 16
MM, 19, 1, 17
MM, 17, 1, 7
MM, 15, 1, 8
MM, 11, 1, 8
MM, 7, 0, 8
MM, 43, 0, 97
MM, 33, 2, 16
MM, 28, 3, 8
MM, 21, 4, 15
MM, 21, 5, 8
MM, 19, 5, 8
MM, 18, 6, 8
MM, 16, 6, 8
MM, 15, 6, 24
MM, 13, 7, 8
MM, 11, 7, 17
MM, 11, 8, 24
MM, 10, 9, 47
MM, 10, 10, 96
MM, 10, 11, 25
MM, 8, 12, 7
MM, 5, 14, 8
MM, 1, 15, 8
MM, 42, 17, 25
MM, 39, 18, 7
MM, 36, 18, 8
MM, 34, 19, 8
MM, 33, 19, 8
MM, 32, 19, 17
MM, 31, 19, 7
MM, 30, 19, 8
MM, 28, 19, 8
MM, 22, 19, 16
MM, 19, 19, 8
MM, 13, 19, 9
MM, 10, 19, 8
MM, 9, 19, 16
MM, 8, 19, 7
MM, 6, 20, 9
MM, 5, 20, 8
MM, 4, 20, 15
MM, 3, 20, 8
MM, 1, 21, 8
MM, 40, 23, 17
MM, 35, 25, 7
MM, 28, 27, 8
MM, 19, 28, 8
MM, 21, 31, 272
MM, 20, 30, 8
MM, 20, 29, 8
MM, 19, 27, 8
MM, 18, 26, 8
MM, 18, 25, 8
MM, 18, 23, 8
MM, 18, 21, 9
MM, 19, 21, 7
MC, 1, 264
MM, 20, 21, 47
MM, 21, 21, 10
MM, 23, 21, 16
MM, 26, 21, 7
MM, 29, 21, 9
MM, 33, 22, 8
MM, 38, 23, 7
MM, 43, 24, 8
MM, 0, 26, 8
MM, 9, 30, 8
MM, 34, 0, 24
MM, 42, 3, 9
MM, 5, 9, 15
MM, 10, 13, 8
MM, 16, 16, 8
MM, 21, 19, 8
MM, 27, 23, 8
MM, 29, 26, 8
MM, 33, 29, 8
MM, 81, 1, 41
MM, 82, 2, 8
MM, 85, 9, 18
MM, 91, 19, 13
MM, 92, 21, 8
MM, 95, 24, 8
MM, 96, 27, 8
MM, 99, 30, 16
MM, 100, 30, 8
MM, 100, 31, 8
MM, 101, 31, 24
MM, 102, 30, 155
MC, 1, 189
MM, 102, 29, 24
MM, 102, 27, 8
MM, 102, 24, 9
MM, 102, 22, 8
MM, 102, 20, 7
MM, 102, 16, 8
MM, 102, 14, 8
MM, 103, 10, 8
MM, 105, 6, 8
MM, 107, 3, 8
MM, 30, 30, 24
MM, 36, 24, 8
MM, 41, 20, 8
MM, 2, 7, 16
MM, 7, 2, 9
MM, 14, 28, 24
MM, 18, 24, 8
MM, 20, 20, 7
MM, 22, 17, 8
MM, 24, 14, 9
MM, 26, 12, 8
MM, 27, 10, 7
MM, 29, 8, 9
MM, 30, 5, 7
MM, 32, 3, 8
MM, 32, 2, 8
MM, 33, 1, 17
MM, 33, 0, 8
MM, 43, 31, 79
MM, 42, 31, 24
MM, 42, 30, 8
MM, 40, 30, 9
MM, 36, 30, 8
MM, 32, 30, 7
MM, 26, 30, 9
MM, 20, 31, 7
MM, 26, 0, 40
MM, 21, 1, 8
MM, 18, 2, 8
MM, 15, 2, 8
MM, 13, 3, 8
MM, 11, 5, 8
MM, 8, 5, 8
MM, 5, 7, 8
MM, 4, 8, 8
MM, 4, 9, 240
MM, 2, 10, 9
MM, 37, 18, 24
MM, 29, 21, 16
MM, 24, 23, 15
MM, 22, 24, 16
MM, 22, 25, 8
MM, 21, 25, 42
MM, 20, 26, 79
MM, 23, 26, 135
MM, 27, 26, 8
MM, 32, 26, 9
MM, 38, 24, 8
MM, 6, 19, 16
MM, 18, 16, 8
MM, 32, 12, 7
MM, 43, 9, 8
MM, 3, 6, 8
MM, 19, 0, 8
MM, 14, 31, 16
MM, 29, 29, 8
MM, 42, 28, 9
MM, 4, 26, 7
MM, 15, 25, 8
MM, 21, 25, 8
MM, 25, 25, 8
MM, 26, 24, 8
MM, 27, 24, 8
MM, 28, 24, 40
MM, 30, 23, 8
MM, 31, 23, 8
MM, 33, 23, 8
MM, 34, 23, 8
MM, 0, 22, 136
MM, 1, 22, 40
MM, 1, 21, 48
MM, 2, 21, 83
MM, 3, 21, 22
MM, 4, 21, 16
MM, 5, 21, 24
MC, 1, 199
MM, 4, 21, 16
MM, 1, 21, 9
MM, 28, 21, 15
MM, 20, 20, 8
MM, 11, 20, 8
MM, 0, 20, 9
MM, 39, 20, 7
MM, 27, 21, 8
MM, 18, 22, 8
MM, 6, 24, 8
MM, 39, 27, 15
MM, 32, 28, 9
MM, 25, 30, 8
MM, 21, 0, 56
MM, 16, 1, 8
MM, 14, 1, 8
MM, 12, 1, 8
MM, 9, 2, 8
MM, 8, 2, 9
MM, 7, 2, 39
MM, 6, 2, 24
MM, 5, 2, 25
MM, 4, 2, 16
MM, 3, 2, 31
MM, 3, 1, 16
MM, 1, 0, 8
MM, 0, 0, 16
MC, 1, 640
MM, 0, 5, 257
MM, 3, 14, 23
MM, 5, 21, 16
MM, 7, 4, 25
MM, 7, 17, 16
MM, 7, 23, 8
MM, 95, 0, 24
MM, 95, 4, 8
MM, 95, 13, 16
MM, 95, 16, 16
MM, 95, 17, 8
MM, 95, 18, 15
MM, 95, 19, 16
MM, 96, 19, 160
MM, 97, 18, 8
MM, 98, 16, 9
MM, 100, 15, 7
MM, 102, 12, 8
MM, 103, 10, 9
MM, 106, 8, 7
MM, 108, 6, 8
MM, 111, 3, 8
MM, 41, 30, 33
MM, 2, 25, 16
MM, 11, 20, 16
MM, 19, 16, 16
MM, 21, 15, 8
MM, 23, 14, 7
MM, 23, 15, 96
MM, 23, 16, 8
MM, 23, 19, 8
MM, 23, 21, 8
MM, 23, 22, 8
MM, 23, 24, 8
MM, 23, 26, 8
MM, 23, 28, 8
MM, 23, 30, 8
MM, 163, 0, 57
MM, 163, 1, 15
MM, 163, 2, 8
MM, 163, 3, 8
MM, 163, 4, 8
MM, 163, 5, 8
MM, 163, 6, 8
MM, 163, 7, 8
MM, 162, 8, 16
MM, 162, 9, 25
MM, 162, 10, 7
MM, 162, 11, 25
MM, 162, 12, 16
MM, 161, 13, 7
MM, 160, 15, 18
MM, 160, 17, 16
MM, 159, 19, 23
MM, 159, 21, 15
MM, 158, 21, 8
MM, 157, 21, 8
MM, 156, 21, 8
MM, 155, 22, 8
MM, 155, 23, 8
MM, 154, 23, 16
MM, 154, 24, 8
MM, 154, 25, 8
MM, 154, 26, 8
MM, 153, 26, 8
MM, 152, 26, 193
MM, 152, 24, 8
MM, 151, 23, 8
MM, 151, 22, 8
MM, 150, 20, 8
MM, 149, 18, 23
MM, 149, 19, 184
MM, 149, 20, 16
MM, 149, 21, 32
MM, 149, 22, 24
MM, 149, 23, 17
MM, 149, 24, 144
MC, 1, 223
MM, 148, 24, 16
MM, 148, 22, 8
MM, 146, 20, 8
MM, 145, 18, 8
MM, 141, 15, 8
MM, 139, 13, 9
MM, 137, 11, 7
MM, 133, 8, 8
MM, 131, 6, 8
MM, 127, 2, 9
MM, 26, 30, 23
MM, 22, 26, 8
MM, 17, 23, 8
MM, 12, 20, 9
MM, 11, 18, 7
MM, 7, 15, 9
MM, 5, 13, 7
MM, 2, 10, 8
MM, 0, 9, 8
MM, 28, 31, 170
MM, 21, 27, 15
MM, 13, 23, 16
MM, 6, 20, 23
MM, 42, 15, 41
MM, 40, 13, 16
MM, 38, 12, 24
MM, 36, 12, 15
MM, 35, 12, 8
MM, 34, 12, 16
MM, 33, 12, 8
MM, 32, 12, 16
MM, 31, 12, 8
MM, 29, 13, 16
MM, 27, 14, 8
MM, 26, 15, 8
MM, 25, 15, 16
MM, 25, 16, 9
MM, 24, 16, 8
MM, 23, 16, 7
MM, 22, 17, 17
MM, 21, 17, 15
MM, 20, 17, 8
MM, 17, 19, 9
MM, 12, 20, 8
MM, 11, 20, 15
MM, 10, 20, 24
MM, 9, 21, 16
MM, 8, 21, 8
MM, 7, 21, 17
MM, 6, 21, 15
MM, 5, 21, 9
MM, 4, 21, 7
MM, 3, 21, 16
MM, 2, 22, 8
MM, 43, 22, 41
MM, 41, 22, 7
MM, 39, 22, 8
MM, 37, 22, 8
MM, 36, 22, 16
MM, 35, 23, 81
MC, 1, 231
MM, 36, 24, 24
MM, 40, 24, 9
MM, 1, 27, 16
MM, 10, 30, 7
MM, 35, 0, 24
MM, 43, 4, 8
MM, 0, 7, 8
MM, 6, 9, 8
MM, 11, 12, 8
MM, 15, 14, 8
MM, 21, 15, 8
MM, 24, 16, 8
MM, 27, 16, 8
MM, 31, 19, 8
MM, 35, 20, 8
MM, 37, 21, 9
MM, 38, 21, 7
MM, 40, 21, 8
MM, 41, 21, 17
MM, 42, 21, 7
MM, 43, 21, 9
MM, 1, 20, 79
MM, 8, 19, 18
MM, 19, 18, 15
MM, 36, 12, 24
MM, 2, 6, 25
MM, 10, 4, 23
MM, 16, 2, 24
MM, 20, 2, 16
MC, 1, 295
MM, 21, 1, 65
MM, 23, 0, 8
MM, 30, 30, 23
MM, 35, 26, 8
MM, 43, 21, 8
MM, 2, 14, 8
MM, 9, 11, 9
MM, 16, 7, 7
MM, 25, 3, 8
MM, 32, 0, 8
MM, 9, 31, 16
MM, 18, 27, 8
MM, 24, 24, 8
MM, 30, 21, 8
MM, 34, 20, 8
MM, 0, 15, 32
MM, 2, 14, 9
MM, 3, 13, 7
MM, 5, 12, 8
MM, 8, 10, 8
MM, 10, 9, 8
MM, 12, 9, 8
MM, 13, 8, 9
MM, 15, 7, 7
MM, 15, 6, 40
MM, 16, 6, 17
MM, 17, 6, 111
MM, 18, 6, 8
MM, 20, 6, 8
MM, 23, 6, 8
MM, 26, 6, 8
MM, 28, 6, 8
MM, 28, 7, 66
MM, 28, 8, 32
MM, 25, 10, 15
MM, 16, 15, 24
MM, 11, 16, 16
MM, 9, 17, 8
MM, 8, 17, 39
MM, 7, 17, 16
MM, 7, 18, 49
MC, 1, 128
MM, 6, 18, 63
MM, 5, 18, 17
MM, 3, 18, 8
MM, 33, 17, 24
MM, 30, 16, 7
MM, 27, 16, 9
MM, 24, 15, 7
MM, 20, 15, 9
MM, 18, 14, 8
MM, 15, 14, 7
MM, 11, 14, 8
MM, 6, 13, 8
MM, 1, 12, 9
MM, 38, 10, 15
MM, 32, 10, 8
MM, 25, 9, 8
MM, 18, 9, 9
MM, 14, 9, 7
MM, 10, 9, 8
MM, 4, 9, 8
MM, 0, 9, 9
MM, 42, 9, 23
MM, 39, 9, 8
MM, 36, 9, 8
MM, 33, 9, 8
MM, 30, 9, 9
MM, 26, 8, 8
MM, 23, 8, 7
MM, 20, 8, 8
MM, 17, 8, 8
MM, 15, 8, 8
MM, 12, 8, 8
MM, 9, 8, 8
MM, 7, 7, 8
MM, 4, 7, 8
MM, 1, 7, 8
MC, 1, 2320
MM, 10, 2, 273
MM, 20, 11, 15
MM, 27, 20, 16
MM, 34, 25, 16
MM, 41, 31, 24
MM, 0, 10, 48
MM, 3, 14, 8
MM, 6, 18, 8
MM, 9, 23, 9
MM, 13, 29, 8
MM, 114, 1, 23
MM, 117, 3, 8
MM, 120, 7, 8
MM, 123, 9, 8
MM, 124, 11, 16
MM, 125, 11, 9
MM, 126, 13, 8
MM, 127, 14, 15
MM, 127, 15, 16
MM, 128, 15, 8
MM, 128, 16, 9
MM, 129, 17, 7
MM, 129, 18, 33
MM, 129, 19, 24
MM, 129, 20, 24
MM, 129, 21, 8
MM, 129, 22, 16
MM, 129, 23, 16
MM, 129, 24, 16
MM, 129, 25, 56
MM, 128, 25, 31
MC, 1, 272
MM, 128, 24, 114
MM, 128, 23, 24
MM, 128, 22, 15
MM, 128, 21, 32
MM, 128, 20, 24
MM, 128, 19, 111
MM, 128, 18, 8
MM, 127, 16, 16
MM, 127, 14, 8
MM, 127, 13, 8
MM, 126, 12, 9
MM, 126, 10, 8
MM, 125, 10, 7
MM, 125, 9, 8
MM, 125, 7, 9
MM, 124, 6, 7
MM, 124, 5, 8
MM, 123, 4, 8
MM, 123, 3, 8
MM, 123, 2, 8
MM, 122, 0, 17
MM, 31, 31, 48
MM, 31, 27, 16
MM, 31, 25, 8
MM, 31, 24, 15
MM, 32, 22, 16
MM, 32, 21, 16
MM, 32, 20, 8
MM, 32, 19, 8
MM, 33, 18, 16
MM, 34, 16, 16
MM, 35, 16, 8
MM, 35, 15, 8
MM, 36, 15, 89
MM, 36, 16, 15
MM, 38, 17, 8
MM, 39, 21, 16
MM, 40, 23, 16
MM, 41, 23, 8
MM, 43, 23, 16
MM, 43, 20, 202
MM, 41, 20, 15
MM, 39, 20, 8
MM, 38, 20, 15
MM, 37, 20, 16
MM, 36, 20, 8
MM, 35, 20, 8
MM, 33, 20, 16
MM, 32, 20, 8
MM, 31, 20, 8
MM, 30, 20, 8
MM, 30, 19, 16
MM, 29, 19, 75
MC, 1, 93
MM, 29, 16, 24
MM, 29, 10, 9
MM, 29, 4, 8
MM, 38, 27, 15
MM, 3, 8, 16
MM, 6, 3, 8
MM, 24, 31, 48
MM, 27, 30, 8
MM, 32, 27, 9
MM, 35, 25, 7
MM, 38, 24, 8
MM, 42, 22, 8
MM, 6, 15, 16
MM, 12, 12, 8
MM, 17, 10, 8
MM, 21, 8, 8
MM, 24, 8, 8
MM, 27, 8, 7
MM, 28, 8, 9
MM, 29, 8, 113
MM, 30, 8, 8
MM, 31, 8, 32
MM, 31, 9, 40
MM, 31, 11, 39
MM, 32, 11, 8
MM, 31, 12, 128
MM, 28, 12, 8
MM, 25, 11, 9
MM, 22, 11, 7
MM, 18, 11, 8
MM, 15, 10, 8
MM, 12, 10, 8
MM, 8, 9, 8
MM, 1, 8, 8
MM, 43, 8, 16
MM, 40, 8, 9
MM, 38, 8, 7
MM, 35, 9, 8
MM, 32, 9, 8
MM, 28, 11, 8
MM, 23, 12, 8
MM, 19, 13, 8
MM, 12, 14, 8
MM, 8, 15, 9
MM, 4, 15, 7
MM, 1, 15, 9
MC, 1, 552
MM, 0, 29, 200
MM, 0, 9, 24
MM, 5, 24, 24
MM, 13, 1, 23
MM, 15, 5, 8
MM, 16, 11, 8
MM, 19, 20, 16
MM, 19, 22, 8
MM, 19, 25, 8
MM, 20, 27, 8
MM, 20, 29, 8
MM, 163, 1, 33
MM, 164, 1, 7
MM, 164, 2, 8
MM, 164, 3, 8
MM, 164, 4, 8
MM, 164, 5, 16
MM, 164, 6, 32
MM, 164, 7, 25
MM, 164, 8, 8
MM, 164, 11, 16
MM, 164, 13, 8
MM, 163, 17, 16
MM, 163, 19, 8
MM, 160, 22, 16
MM, 160, 23, 8
MM, 159, 25, 8
MM, 156, 24, 8
MM, 155, 24, 39
MM, 154, 24, 98
MM, 153, 23, 24
MM, 152, 23, 16
MM, 151, 22, 16
MM, 151, 20, 31
MM, 150, 20, 8
MM, 150, 19, 16
MM, 149, 19, 16
MM, 149, 18, 32
MM, 149, 17, 24
MM, 149, 16, 16
MM, 148, 16, 56
MC, 1, 167
MM, 147, 15, 24
MM, 146, 12, 9
MM, 145, 8, 7
MM, 144, 5, 8
MM, 143, 2, 8
MM, 1, 30, 32
MM, 1, 28, 8
MM, 2, 27, 8
MM, 3, 25, 8
MM, 3, 24, 8
MM, 4, 23, 9
MM, 5, 22, 7
MM, 6, 21, 8
MM, 8, 20, 25
MM, 8, 19, 8
MM, 9, 18, 7
MM, 10, 17, 8
MM, 11, 16, 9
MM, 12, 16, 7
MM, 12, 15, 16
MM, 13, 15, 49
MC, 1, 407
MM, 14, 14, 160
MM, 14, 12, 16
MM, 16, 10, 9
MM, 16, 8, 8
MM, 19, 6, 7
MM, 20, 4, 8
MM, 23, 2, 8
MM, 40, 28, 24
MM, 5, 20, 17
MM, 21, 13, 16
MM, 28, 10, 8
MM, 31, 29, 40
MM, 35, 27, 17
MM, 35, 26, 7
MM, 0, 18, 88
MM, 1, 18, 8
MM, 1, 17, 8
MM, 2, 16, 16
MM, 2, 15, 7
MM, 2, 14, 16
MM, 1, 13, 105
MM, 2, 13, 73
MM, 3, 13, 23
MC, 1, 255
MM, 1, 13, 41
MM, 0, 14, 7
MM, 34, 20, 24
MM, 31, 23, 8
MM, 26, 28, 9
MM, 1, 2, 23
MM, 42, 11, 17
MM, 35, 19, 16
MM, 32, 23, 8
MM, 28, 26, 15
MM, 25, 30, 17
MM, 22, 0, 40
MM, 21, 1, 8
MM, 19, 3, 16
MM, 16, 7, 16
MM, 14, 10, 16
MM, 13, 12, 8
MM, 10, 14, 16
MM, 9, 15, 8
MM, 6, 18, 8
MM, 5, 18, 103
MM, 4, 18, 8
MM, 0, 18, 8
MM, 43, 18, 8
MM, 35, 18, 8
MM, 24, 17, 32
MM, 23, 17, 24
MM, 23, 16, 16
MM, 22, 16, 33
MM, 20, 16, 215
MM, 18, 16, 8
MM, 14, 14, 8
MM, 8, 12, 8
MM, 39, 5, 16
MM, 29, 1, 8
MM, 14, 31, 16
MM, 9, 29, 8
MM, 4, 27, 8
MM, 2, 25, 8
MM, 0, 24, 9
MM, 43, 19, 23
MM, 40, 18, 8
MM, 37, 16, 8
MM, 35, 15, 8
MM, 33, 14, 16
MM, 30, 13, 8
MM, 27, 12, 9
MM, 27, 11, 7
MM, 26, 11, 8
MM, 24, 10, 8
MM, 21, 8, 8
MM, 19, 8, 8
MM, 18, 7, 8
MM, 18, 6, 8
MM, 17, 6, 8
MM, 16, 5, 8
MM, 15, 5, 9
MM, 14, 3, 7
MM, 12, 1, 9
MC, 1, 720
MM, 1, 0, 159
MM, 8, 5, 9
MM, 13, 10, 8
MM, 19, 14, 8
MM, 26, 25, 16
MM, 42, 6, 24
MM, 1, 25, 23
MM, 99, 3, 24
MM, 102, 10, 16
MM, 104, 17, 16
MM, 105, 22, 16
MM, 105, 24, 8
MM, 106, 27, 16
MM, 106, 28, 16
MM, 107, 29, 8
MM, 108, 31, 8
MM, 108, 33, 8
MM, 108, 34, 8
MM, 108, 35, 8
MM, 108, 36, 8
MM, 109, 37, 24
MM, 109, 38, 8
MM, 108, 37, 144
MM, 108, 35, 8
MM, 107, 34, 8
MM, 107, 33, 8
MM, 106, 32, 8
MM, 106, 31, 17
MC, 1, 632
MM, 105, 30, 7
MM, 104, 29, 8
MM, 103, 27, 8
MM, 102, 25, 9
MM, 101, 23, 7
MM, 101, 20, 8
MM, 100, 16, 8
MM, 99, 12, 8
MM, 98, 9, 9
MM, 97, 6, 7
MM, 96, 3, 8
MM, 96, 0, 8
MM, 5, 31, 16
MM, 5, 27, 7
MM, 6, 23, 9
MM, 6, 19, 8
MM, 10, 11, 8
MM, 12, 6, 8
MM, 16, 0, 8
MM, 18, 31, 16
MM, 19, 30, 8
MM, 20, 28, 8
MM, 20, 26, 8
MM, 20, 25, 8
MM, 20, 24, 8
MM, 20, 22, 8
MM, 20, 21, 8
MM, 20, 20, 24
MM, 20, 19, 8
MM, 20, 18, 56
MM, 19, 18, 7
MM, 18, 18, 17
MM, 17, 17, 8
MM, 16, 17, 8
MM, 15, 17, 8
MM, 14, 17, 8
MM, 13, 17, 8
MM, 12, 17, 8
MM, 10, 17, 8
MM, 8, 17, 9
MM, 7, 17, 7
MM, 6, 17, 8
MM, 4, 17, 8
MM, 2, 17, 8
MM, 1, 17, 8
MM, 0, 17, 8
MM, 43, 18, 32
MM, 41, 19, 9
MM, 39, 20, 8
MM, 35, 21, 16
MM, 34, 21, 8
MM, 33, 22, 56
MM, 32, 22, 42
MM, 31, 22, 70
MM, 31, 23, 40
MC, 1, 79
MM, 32, 23, 8
MM, 33, 23, 17
MM, 34, 23, 31
MM, 35, 23, 25
MM, 37, 23, 8
MM, 38, 22, 8
MM, 42, 21, 7
MM, 5, 15, 17
MM, 17, 9, 8
MM, 29, 3, 8
MM, 20, 27, 23
MM, 28, 24, 8
MM, 35, 21, 8
MM, 42, 19, 8
MM, 0, 16, 8
MM, 4, 15, 8
MM, 10, 13, 8
MM, 14, 12, 8
MM, 19, 10, 8
MM, 22, 9, 9
MM, 25, 8, 7
MM, 27, 8, 8
MM, 30, 7, 9
MM, 31, 6, 8
MM, 33, 6, 8
MM, 34, 6, 7
MM, 36, 5, 9
MM, 38, 5, 8
MM, 40, 5, 8
MM, 42, 5, 7
MM, 2, 3, 32
MM, 6, 3, 8
MM, 16, 3, 16
MM, 19, 3, 16
MM, 20, 3, 8
MM, 21, 3, 32
MM, 22, 3, 8
MM, 23, 4, 16
MM, 24, 4, 9
MM, 25, 4, 7
MM, 27, 6, 8
MM, 28, 7, 8
MM, 29, 7, 8
MM, 30, 7, 17
MM, 30, 8, 15
MM, 31, 8, 9
MM, 32, 8, 15
MM, 32, 9, 8
MM, 33, 9, 8
MM, 34, 9, 8
MM, 35, 9, 8
MM, 0, 13, 104
MM, 1, 13, 9
MM, 2, 14, 8
MM, 4, 14, 15
MM, 5, 14, 24
MM, 6, 14, 48
MM, 6, 15, 66
MM, 7, 15, 40
MM, 8, 15, 8
MM, 9, 15, 110
MC, 1, 96
MM, 7, 15, 16
MM, 6, 15, 8
MM, 3, 15, 8
MM, 30, 13, 16
MM, 22, 11, 9
MM, 11, 11, 7
MM, 2, 10, 9
MM, 43, 10, 7
MM, 37, 10, 8
MM, 29, 10, 8
MM, 22, 10, 8
MM, 14, 10, 8
MM, 5, 10, 8
MM, 34, 13, 17
MM, 24, 14, 7
MM, 13, 16, 8
MM, 3, 17, 9
MC, 1, 640
MM, 28, 2, 79
MM, 32, 9, 8
MM, 35, 16, 8
MM, 39, 25, 8
MM, 0, 30, 48
MM, 94, 0, 40
MM, 95, 1, 8
MM, 95, 2, 8
MM, 95, 3, 8
MM, 96, 3, 16
MM, 96, 4, 16
MM, 96, 5, 217
MM, 97, 5, 8
MM, 97, 6, 24
MM, 97, 7, 66
MM, 99, 9, 23
MM, 100, 10, 23
MM, 100, 11, 16
MM, 101, 11, 120
MC, 1, 72
MM, 101, 10, 15
MM, 103, 6, 8
MM, 106, 1, 8
MM, 22, 27, 17
MM, 27, 20, 7
MM, 31, 11, 8
MM, 37, 4, 8
MM, 39, 30, 24
MM, 39, 28, 8
MM, 39, 27, 8
MM, 39, 25, 9
MM, 39, 24, 15
MM, 40, 23, 40
MM, 41, 22, 32
MM, 42, 22, 24
MM, 43, 22, 16
MM, 43, 21, 9
MM, 45, 21, 7
MM, 2, 18, 16
MM, 10, 17, 8
MM, 19, 15, 9
MM, 29, 14, 7
MM, 38, 13, 8
MM, 0, 10, 16
MM, 1, 10, 89
MM, 1, 11, 144
MM, 0, 11, 7
MM, 42, 12, 56
MM, 40, 12, 7
MM, 38, 12, 10
MM, 36, 12, 7
MM, 34, 12, 8
MM, 32, 13, 8
MM, 31, 13, 16
MM, 28, 14, 8
MM, 26, 14, 8
MM, 23, 15, 8
MM, 21, 15, 8
MM, 19, 15, 8
MM, 18, 15, 9
MM, 18, 16, 40
MM, 14, 16, 135
MM, 8, 13, 9
MM, 2, 10, 7
MM, 44, 8, 9
MM, 35, 4, 7
MM, 25, 2, 9
MM, 18, 0, 7
MM, 7, 3, 1956
MM, 30, 10, 30
MM, 36, 13, 24
MM, 41, 15, 23
MM, 0, 18, 39
MM, 2, 18, 8
MM, 8, 18, 16
MM, 12, 18, 8
MM, 16, 18, 8
MM, 21, 18, 8
MM, 23, 18, 8
MM, 27, 18, 8
MM, 30, 18, 16
MM, 32, 18, 8
MM, 35, 18, 8
MM, 38, 18, 8
MM, 42, 18, 8
MM, 1, 21, 24
MM, 5, 21, 8
MM, 11, 21, 8
MM, 16, 21, 8
MM, 20, 21, 8
MM, 24, 21, 8
MM, 27, 21, 8
MM, 28, 21, 8
MM, 29, 21, 89
MM, 31, 20, 24
MM, 33, 19, 16
MM, 39, 18, 15
MM, 1, 18, 17
MM, 9, 18, 15
MM, 10, 18, 8
MM, 11, 18, 59
MM, 12, 18, 23
MC, 1, 198
MC, 2, 321
MM, 12, 17, 40
MM, 11, 17, 15
MM, 10, 16, 17
MM, 9, 16, 8
MM, 9, 15, 7
MM, 8, 14, 8
MM, 7, 13, 8
MM, 6, 12, 8
MM, 5, 10, 8
MM, 3, 9, 8
MM, 2, 7, 9
MM, 1, 5, 8
MM, 0, 3, 7
MM, 13, 30, 49
MM, 11, 26, 16
MM, 8, 22, 16
MM, 6, 17, 16
MM, 5, 16, 7
MM, 5, 14, 8
MM, 5, 13, 8
MM, 4, 11, 8
MM, 4, 10, 16
MM, 3, 10, 8
MM, 3, 9, 24
MM, 3, 8, 24
MM, 3, 7, 16
MM, 3, 6, 16
MC, 1, 296
MM, 2, 4, 281
MM, 1, 1, 8
MM, 305, 60, 96
MM, 301, 57, 7
MM, 295, 53, 9
MM, 286, 48, 8
MM, 276, 42, 8
MM, 266, 38, 8
MM, 250, 32, 16
MM, 241, 30, 7
MM, 233, 28, 8
MM, 226, 27, 8
MM, 221, 26, 8
MM, 212, 22, 8
MM, 204, 21, 8
MM, 200, 21, 8
MM, 197, 21, 8
MM, 196, 21, 8
MM, 194, 21, 16
MM, 193, 21, 8
MM, 191, 21, 8
MM, 187, 21, 8
MM, 184, 22, 8
MM, 179, 23, 8
MM, 164, 28, 16
MM, 154, 30, 8
MM, 147, 31, 8
MM, 144, 31, 8
MM, 140, 32, 8
MM, 136, 33, 8
MM, 125, 35, 16
MM, 118, 36, 8
MM, 114, 36, 8
MM, 107, 36, 8
MM, 91, 36, 16
MM, 86, 36, 9
MM, 80, 36, 7
MM, 76, 36, 8
MM, 73, 37, 8
MM, 70, 37, 16
MM, 71, 37, 257
MM, 72, 36, 8
MM, 72, 35, 16
MM, 73, 35, 8
MM, 75, 34, 16
MM, 77, 33, 8
MM, 82, 31, 16
MM, 87, 30, 16
MM, 93, 28, 15
MM, 97, 27, 9
MM, 99, 27, 8
MM, 101, 27, 7
MM, 103, 27, 8
MM, 105, 27, 8
MM, 106, 27, 8
MM, 107, 26, 8
MM, 108, 26, 16
MM, 109, 25, 241
MM, 110, 25, 25
MM, 112, 25, 24
MM, 113, 25, 15
MM, 115, 25, 47
MM, 117, 25, 8
MM, 119, 25, 8
MM, 121, 25, 8
MM, 124, 25, 8
MM, 125, 25, 8
MM, 128, 25, 8
MM, 129, 25, 16
MM, 130, 25, 50
MM, 134, 24, 23
MM, 147, 25, 31
MM, 150, 25, 16
MM, 151, 25, 56
MM, 152, 25, 8
MM, 154, 25, 8
MM, 157, 25, 8
MM, 159, 25, 8
MM, 161, 26, 8
MM, 164, 26, 8
MM, 165, 27, 8
MM, 166, 27, 8
MM, 167, 27, 8
MM, 169, 27, 73
MM, 170, 27, 8
MM, 173, 27, 16
MM, 175, 27, 8
MM, 176, 27, 16
MM, 177, 28, 7
MM, 180, 28, 17
MM, 182, 29, 8
MM, 186, 29, 16
MM, 194, 30, 16
MM, 197, 31, 8
MM, 207, 33, 16
MM, 212, 34, 7
MM, 215, 34, 8
MM, 219, 34, 8
MM, 222, 35, 8
MM, 225, 35, 8
MM, 227, 35, 8
MM, 229, 36, 8
MM, 231, 36, 8
MM, 232, 36, 16
MM, 233, 37, 64
MM, 234, 37, 8
MM, 239, 37, 17
MM, 248, 38, 24
MM, 255, 40, 16
MM, 259, 40, 16
MM, 260, 40, 8
MM, 261, 40, 15
MM, 262, 40, 8
MM, 263, 40, 8
MM, 264, 40, 8
MM, 266, 41, 8
MM, 268, 42, 8
MM, 274, 42, 17
MM, 279, 42, 7
MM, 283, 43, 8
MM, 288, 43, 9
MM, 293, 43, 16
MM, 294, 43, 57
MM, 297, 43, 25
MM, 300, 43, 22
MM, 302, 43, 15
MM, 304, 43, 16
MM, 306, 43, 16
MM, 307, 43, 32
MM, 308, 43, 16
MM, 310, 43, 8
MM, 311, 43, 8
MM, 312, 43, 8
MM, 314, 43, 8
MM, 316, 43, 8
MM, 317, 43, 8
MM, 318, 43, 8
MM, 319, 43, 33
MM, 322, 43, 25
MM, 329, 43, 32
MM, 331, 43, 15
MM, 333, 43, 16
MM, 335, 43, 8
MM, 338, 42, 15
MM, 339, 42, 8
MM, 341, 42, 16
MM, 342, 42, 16
MM, 343, 42, 16
MM, 344, 42, 8
MM, 345, 42, 8
MM, 347, 42, 8
MM, 348, 42, 8
MM, 349, 42, 16
MM, 351, 41, 8
MM, 352, 41, 7
MM, 353, 41, 9
MM, 354, 41, 16
MM, 355, 41, 24
MM, 356, 41, 8
MM, 357, 40, 16
MM, 358, 40, 8
MM, 359, 40, 25
MM, 360, 40, 16
MM, 362, 40, 16
MM, 363, 40, 8
MM, 364, 40, 15
MM, 365, 40, 40
MM, 366, 40, 24
MM, 367, 39, 8
MM, 368, 39, 16
MM, 369, 39, 8
MM, 370, 39, 40
MM, 371, 39, 17
MM, 373, 39, 16
MM, 376, 38, 24
MM, 380, 38, 24
MM, 383, 38, 16
MM, 384, 38, 7
MM, 385, 38, 16
MM, 384, 38, 344
MM, 383, 38, 24
MM, 382, 38, 25
MM, 381, 38, 63
MM, 380, 38, 16
MM, 378, 38, 17
MM, 375, 40, 7
MM, 371, 46, 8
MM, 367, 54, 8
MM, 33, 4, 48
MM, 33, 10, 8
MM, 32, 17, 8
MM, 32, 22, 8
MM, 33, 25, 8
MM, 34, 29, 16
MM, 34, 30, 8
MM, 35, 30, 8
MM, 35, 31, 8
MM, 26, 2, 65
MM, 29, 5, 7
MM, 31, 8, 8
MM, 34, 11, 8
MM, 39, 16, 17
MM, 42, 20, 7
MM, 43, 22, 8
MM, 3, 0, 73
MM, 3, 2, 7
MM, 3, 3, 8
MM, 3, 4, 8
MM, 3, 5, 8
MM, 3, 6, 16
MM, 2, 7, 8
MM, 2, 8, 16
MM, 2, 9, 8
MM, 2, 10, 8
MM, 2, 11, 113
MM, 3, 11, 89
MM, 3, 12, 78
MM, 22, 25, 200
MM, 10, 17, 8
MM, 0, 11, 9
MM, 43, 4, 7
MM, 40, 26, 16
MM, 35, 21, 8
MM, 31, 16, 8
MM, 26, 11, 8
MM, 22, 5, 9
MM, 236, 63, 48
MM, 227, 53, 7
MM, 220, 43, 8
MM, 215, 34, 8
MM, 211, 26, 8
MM, 207, 19, 8
MM, 204, 13, 8
MM, 203, 6, 8
MC, 1, 600
MM, 342, 0, 25537
MM, 360, 16, 16
MM, 375, 31, 15
MM, 380, 41, 8
MM, 386, 49, 8
MM, 390, 55, 8
MM, 24, 0, 88
MM, 27, 6, 8
MM, 28, 10, 8
MM, 33, 18, 16
MM, 34, 20, 8
MM, 34, 21, 8
MM, 248, 1, 2673
MM, 239, 16, 16
MM, 236, 23, 8
MM, 229, 40, 16
MM, 221, 56, 16
MM, 219, 63, 8
MM, 216, 63, 655
MM, 216, 62, 8
MM, 217, 61, 16
MM, 217, 60, 8
MM, 218, 58, 8
MM, 218, 56, 8
MM, 219, 55, 8
MM, 220, 54, 8
MM, 221, 51, 8
MM, 222, 51, 8
MM, 222, 50, 8
MM, 224, 48, 16
MM, 227, 46, 8
MM, 229, 45, 8
MM, 231, 44, 8
MM, 233, 43, 8
MM, 235, 42, 8
MM, 239, 41, 8
MM, 240, 41, 8
MM, 242, 40, 8
MM, 243, 40, 8
MM, 244, 39, 8
MM, 245, 39, 8
MM, 246, 39, 8
MM, 247, 38, 8
MM, 247, 40, 176
MM, 247, 42, 8
MM, 246, 46, 8
MM, 245, 50, 8
MM, 241, 56, 8
MM, 12, 0, 105
MM, 3, 19, 24
MM, 0, 22, 7
MM, 43, 1, 24
MM, 41, 6, 8
MM, 39, 10, 8
MM, 38, 13, 8
MM, 37, 16, 8
MM, 37, 17, 9
MM, 37, 18, 7
MM, 37, 20, 8
MM, 39, 20, 152
MM, 40, 19, 8
MM, 42, 18, 8
MM, 1, 12, 33
MM, 4, 11, 7
MM, 6, 9, 8
MM, 9, 7, 8
MM, 12, 5, 8
MM, 22, 0, 16
MM, 39, 31, 49
MM, 41, 30, 8
MM, 43, 29, 8
MM, 45, 29, 7
MM, 2, 26, 25
MM, 4, 26, 8
MM, 6, 25, 7
MM, 9, 23, 7
MM, 11, 23, 9
MM, 14, 22, 8
MM, 14, 21, 8
MM, 15, 21, 8
MM, 17, 20, 8
MM, 18, 19, 8
MM, 19, 19, 8
MM, 21, 19, 8
MM, 22, 18, 8
MM, 23, 17, 8
MM, 24, 17, 8
MM, 26, 16, 16
MM, 26, 15, 8
MM, 31, 19, 146424
MM, 34, 12, 8
MM, 37, 6, 8
MM, 43, 0, 8
MM, 179, 18, 344
MM, 194, 37, 8
MM, 23, 18, 32
MM, 43, 8, 16
MM, 5, 0, 24
MM, 18, 6, 8
MM, 33, 10, 8
MM, 3, 9, 24
MM, 9, 9, 8
MM, 12, 9, 8
MM, 13, 9, 16
MM, 15, 8, 32
MM, 17, 7, 8
MM, 19, 7, 9
MM, 21, 6, 7
MM, 22, 5, 8
MM, 23, 5, 42
MM, 26, 5, 23
MM, 28, 5, 9
MM, 29, 5, 39
MM, 29, 6, 57
MM, 30, 6, 7
MM, 32, 8, 32
MM, 33, 9, 16
MM, 34, 11, 8
MM, 34, 12, 16
MM, 35, 12, 39
MM, 35, 13, 24
MM, 36, 13, 8
MM, 37, 13, 16
MM, 38, 15, 16
MM, 39, 15, 8
MM, 39, 16, 16
MM, 40, 16, 17
