**********************************
LOGGING TIME: 20161102_184413
CLIENT IP: 10.112.55.34
USERNAME: Ramola
OS: Windows 8.1
*********************Neutral database**********************************
MM, 161, 29, 1477468750717
MM, 151, 21, 12
MM, 146, 18, 13
MM, 145, 17, 12
MM, 144, 16, 256
MM, 143, 15, 12
MM, 143, 14, 12
MM, 143, 12, 12
MM, 143, 11, 12
MM, 143, 10, 37
MM, 148, 7, -3
MM, 159, 1, 27
MM, 11, 15, 36
MM, 19, 9, 12
MM, 24, 6, 12
MM, 26, 6, 13
MM, 27, 5, 13
MM, 28, 4, 24
MM, 26, 3, 73
MM, 25, 3, 13
MM, 23, 3, 12
MM, 20, 2, 12
MM, 18, 1, 12
MM, 15, 1, 12
MM, 48, 17, 195
MM, 44, 17, 12
MM, 41, 16, 12
MM, 39, 16, 12
MM, 38, 15, 12
MM, 35, 15, 232
MM, 32, 15, 13
MM, 28, 15, 12
MM, 27, 15, 12
MM, 25, 15, 12
MM, 24, 15, 12
MM, 23, 15, 12
MM, 22, 15, 25
MM, 21, 15, 24
MM, 20, 15, 36
MM, 19, 15, 12
MM, 18, 15, 12
MM, 16, 15, 12
MM, 15, 15, 26
MC, 1, 415
MM, 16, 15, 206
MM, 21, 15, 12
MM, 132, 11, 37
MM, 8, 13, 25
MM, 198, 30, 389
MM, 207, 61, 12
MM, 4, 16, 37
MM, 3, 16, 281
MM, 1, 16, 12
MM, 0, 16, 12
MC, 1, 768
MM, 16, 3, 182
MM, 5, 6, 13
MM, 33, 9, 25
MM, 26, 10, 12
MM, 19, 12, 12
MM, 15, 12, 12
MM, 12, 13, 12
MM, 8, 13, 12
MM, 6, 13, 12
MM, 4, 13, 13
MM, 2, 13, 12
MM, 6, 13, 340
MM, 14, 13, -1
MM, 19, 13, 28
MM, 24, 13, 12
MM, 26, 13, 12
MM, 27, 13, 12
MC, 1, 365
MM, 34, 13, 97
MM, 16, 16, 25
MM, 43, 20, 13
MM, 17, 22, 12
MM, 10, 29, 13
MM, 0, 4, 11
MM, 34, 13, 12
MM, 14, 20, 12
MM, 43, 24, 12
MM, 2, 27, 13
MM, 24, 1, 12
MM, 31, 1, 13
MM, 36, 1, 11
MM, 39, 1, 12
MM, 42, 1, 12
MM, 43, 1, 12
MM, 44, 1, 12
MM, 45, 1, 12
MM, 46, 1, 26
MM, 47, 1, 36
MM, 47, 0, 61
MM, 36, 27, 60
MM, 36, 26, 12
MM, 36, 25, 12
MM, 36, 24, 13
MM, 36, 23, 12
MM, 35, 22, 37
MM, 34, 20, 12
MM, 34, 19, 12
MM, 33, 18, 12
MM, 32, 17, 12
MM, 31, 16, 13
MM, 30, 16, 24
MM, 30, 15, 24
MC, 1, 342
MM, 33, 9, 110
MM, 27, 14, 24
MM, 8, 24, 24
MM, 13, 16, 13
MM, 14, 11, 13
MM, 16, 8, 12
MM, 16, 7, 12
MM, 16, 6, 12
MM, 17, 6, 12
MM, 18, 6, 86
MC, 1, 438
MM, 18, 7, 85
MM, 19, 10, 13
MM, 20, 15, 12
MM, 22, 20, 12
MM, 24, 24, 12
MM, 25, 27, 12
MM, 26, 29, 12
MM, 23, 0, 49
MM, 23, 3, 24
MM, 23, 4, 13
MM, 23, 5, 85
MC, 1, 390
MM, 14, 5, 123
MM, 43, 5, 11
MM, 26, 6, 13
MM, 10, 16, 37
MM, 42, 16, 12
MM, 6, 18, 12
MM, 33, 18, 12
MM, 18, 21, 13
MM, 8, 24, 11
MM, 22, 2, 49
MM, 13, 5, 13
MM, 2, 7, 12
MM, 43, 8, 12
MM, 36, 10, 13
MM, 31, 10, 12
MM, 28, 10, 12
MM, 23, 11, 12
MM, 20, 11, 12
MM, 16, 11, 12
MM, 13, 11, 12
MM, 11, 11, 12
MM, 10, 10, 12
MM, 9, 10, 12
MM, 8, 10, 12
MM, 6, 9, 13
MM, 4, 9, 12
MM, 2, 8, 12
MM, 42, 2, 37
MM, 42, 30, 37
MM, 41, 26, 12
MM, 39, 24, 12
MM, 37, 22, 12
MM, 37, 21, 12
MM, 35, 20, 12
MM, 34, 19, 12
MM, 33, 18, 25
MM, 32, 18, 12
MM, 31, 17, 12
MM, 31, 16, 24
MM, 30, 16, 13
MC, 1, 390
MM, 32, 16, 280
MM, 37, 16, 13
MM, 12, 14, 25
MM, 29, 14, 12
MM, 42, 14, 12
MM, 5, 18, 12
MM, 31, 26, 13
MM, 34, 5, 8
MM, 8, 9, 28
MM, 41, 14, 12
MM, 13, 15, 12
MM, 26, 17, 12
MM, 32, 17, 12
MM, 36, 18, 12
MM, 38, 19, 12
MM, 40, 19, 12
MM, 41, 19, -2
MM, 41, 20, 27
MM, 43, 22, 24
MM, 2, 25, 86
MM, 8, 25, 12
MM, 13, 26, 12
MM, 20, 26, 12
MM, 23, 26, 12
MM, 28, 26, 12
MM, 30, 27, 13
MM, 32, 27, 25
MM, 33, 27, 12
MM, 36, 27, 12
MM, 39, 27, 12
MM, 1, 26, 10
MM, 6, 23, 27
MM, 13, 20, 12
MM, 21, 14, 12
MM, 33, 6, 12
MM, 26, 27, 24
MM, 40, 17, 12
MM, 4, 25, 61
MM, 10, 20, 12
MC, 1, 732
MM, 8, 18, 415
MM, 20, 7, 24
MM, 276, 56, 49
MM, 251, 42, 12
MM, 233, 33, 12
MM, 216, 27, 13
MM, 207, 26, 12
MM, 202, 26, 12
MM, 200, 26, 12
MM, 198, 27, 244
MM, 194, 32, 12
MM, 188, 37, 12
MM, 184, 40, 12
MM, 179, 44, 12
MM, 175, 47, 12
MM, 172, 48, 12
MM, 170, 49, 12
MM, 167, 50, 13
MM, 165, 51, 12
MM, 162, 53, 13
MM, 158, 55, 12
MM, 152, 56, 12
MM, 145, 58, 12
MM, 135, 61, 12
MM, 130, 62, 13
MM, 127, 63, 12
MM, 0, 4, 72
MM, 41, 5, 12
MM, 36, 8, 13
MM, 32, 8, 12
MM, 30, 9, 12
MM, 27, 9, 13
MM, 23, 10, 12
MM, 21, 11, 12
MM, 19, 13, 12
MM, 15, 14, 12
MM, 13, 14, 12
MM, 11, 14, 12
MM, 9, 14, 13
MM, 6, 15, 12
MM, 2, 16, 13
MM, 41, 17, 24
MM, 38, 17, 12
MM, 35, 17, 12
MM, 33, 18, 12
MM, 32, 18, 13
MM, 31, 18, 13
MM, 31, 19, 12
MM, 30, 19, 24
MM, 29, 19, 36
MM, 29, 20, 13
MC, 1, 341
MM, 30, 20, 110
MM, 32, 20, 11
MM, 35, 20, 12
MM, 39, 20, 14
MM, 42, 20, 12
MM, 8, 23, 24
MM, 14, 23, 12
MM, 21, 24, 12
MM, 25, 26, 12
MM, 28, 26, 13
MM, 30, 26, 12
MM, 31, 26, 12
MM, 33, 26, 12
MM, 35, 26, 12
MM, 37, 25, 12
MM, 41, 24, 12
MM, 43, 24, 13
MM, 0, 22, 24
MM, 2, 21, 12
MM, 5, 21, 12
MM, 8, 20, 12
MM, 11, 17, 12
MM, 13, 16, 13
MM, 17, 15, 13
MM, 20, 13, 12
MM, 24, 9, 12
MM, 26, 9, 12
MM, 28, 9, 12
MM, 30, 8, 12
MM, 31, 8, 12
MM, 33, 7, 13
MM, 34, 7, 24
MM, 35, 7, 12
MC, 1, 328
MM, 34, 7, 185
MM, 32, 8, 12
MM, 30, 10, 12
MM, 25, 13, 12
MM, 16, 16, 12
MM, 2, 23, 12
MM, 41, 27, 12
MC, 1, 634
MM, 12, 4, 194
MM, 14, 15, 14
MM, 16, 30, 12
MM, 9, 7, 12
MM, 11, 18, 11
MM, 12, 23, 12
MM, 13, 28, 12
MM, 13, 30, 13
MM, 14, 31, 12
MM, 14, 30, 232
MM, 14, 29, 12
MM, 14, 27, 12
MM, 14, 25, 12
MM, 14, 23, 12
MM, 14, 22, 13
MM, 14, 21, 12
MM, 14, 20, 13
MM, 14, 19, 73
MM, 14, 18, 25
MC, 1, 365
MM, 18, 6, 145
MM, 35, 26, 14
MM, 43, 1, 12
MM, 12, 30, 12
MM, 19, 0, 12
MM, 117, 60, 24
MM, 117, 55, 12
MM, 117, 54, 12
MM, 118, 54, 99
MM, 118, 55, 108
MM, 118, 56, 25
MM, 118, 58, 12
MM, 118, 60, 12
MM, 24, 0, 219
MM, 24, 1, 12
MM, 24, 2, 12
MM, 25, 2, 13
MM, 25, 3, 12
MC, 1, 378
MM, 28, 3, 86
MM, 34, 4, 12
MM, 39, 5, 13
MM, 43, 6, 12
MC, 1, 694
MC, 1, 1024
MC, 2, 353
MC, 1, 1098
MM, 10, 5, 255
MM, 20, 10, 13
MM, 27, 16, 13
MM, 6, 24, 24
MM, 15, 27, 12
MM, 20, 30, 12
MM, 24, 31, 12
MM, 31, 1, 61
MM, 33, 5, 12
MM, 38, 6, 12
MM, 43, 7, 12
MM, 28, 13, 854
MM, 358, 43, 36
MM, 338, 23, 12
MM, 324, 9, 12
MM, 310, 12, 696
MM, 325, 30, 12
MM, 341, 44, 12
MM, 368, 59, 12
MM, 30, 5, 452
MM, 30, 10, 12
MM, 31, 14, 13
MM, 33, 17, 11
MM, 33, 21, 12
MM, 34, 23, 12
MM, 34, 25, 12
MM, 35, 27, 13
MC, 1, 767
MM, 20, 19, 209
MM, 405, 30, 36
MM, 395, 6, 12
MC, 1, 1035
MM, 204, 3, 24456
MM, 200, 10, 12
MM, 199, 15, 13
MM, 196, 19, 12
MM, 194, 22, 12
MM, 194, 26, 12
MM, 193, 28, 12
MM, 193, 33, 12
MM, 193, 38, 12
MC, 1, 293
MM, 193, 40, 61
MM, 190, 43, 12
MM, 187, 47, 12
MM, 179, 53, 12
MM, 170, 58, 12
MM, 40, 15, 62
MM, 37, 17, 12
MM, 33, 18, 12
MM, 31, 21, 12
MM, 27, 22, 12
MM, 24, 24, 12
MM, 19, 27, 13
MM, 11, 30, 12
MM, 6, 31, 12
MM, 30, 0, 280
MM, 27, 3, 13
MM, 25, 5, 12
MM, 23, 6, 12
MM, 19, 7, 12
MM, 18, 8, 12
MM, 16, 9, 12
MM, 15, 10, 12
MM, 14, 11, 38
MC, 1, 353
MM, 16, 11, 73
MM, 22, 11, 13
MM, 31, 12, 12
MM, 38, 14, 12
MM, 43, 15, 12
MM, 2, 21, 36
MM, 3, 23, 12
MM, 6, 27, 13
MM, 7, 1, 36
MM, 9, 5, 13
MM, 13, 7, 13
MM, 13, 8, 11
MM, 15, 8, 12
MM, 16, 9, 12
MM, 17, 10, 13
MM, 18, 10, 24
MM, 18, 11, 24
MM, 19, 11, 24
MM, 20, 12, 12
MM, 21, 13, 12
MC, 1, 378
MM, 22, 13, 62
MM, 31, 11, 12
MM, 26, 30, 24
MM, 21, 9, 12
MM, 8, 22, 24
MM, 20, 17, 12
MM, 29, 13, 12
MM, 34, 11, 12
MM, 41, 10, 14
MM, 0, 10, 12
MM, 9, 8, 12
MM, 18, 5, 12
MM, 25, 5, 12
MM, 32, 4, 12
MM, 36, 4, 12
MM, 39, 3, 13
MM, 40, 3, 13
MM, 41, 3, 12
MM, 42, 3, 12
MM, 1, 3, 98
MM, 4, 3, 12
MM, 7, 3, 12
MM, 11, 4, 12
MM, 14, 5, 12
MM, 16, 6, 12
MM, 17, 7, 12
MM, 18, 7, 13
MM, 19, 8, 12
MM, 19, 9, 12
MM, 19, 10, 24
MM, 20, 10, 12
MC, 1, 341
MM, 19, 10, 98
MM, 16, 10, 12
MM, 13, 10, 12
MM, 6, 10, 13
MM, 33, 7, 24
MM, 24, 5, 12
MM, 15, 4, 12
MM, 6, 4, 12
MM, 31, 4, 25
MM, 20, 4, 12
MM, 11, 4, 13
MM, 5, 4, 12
MM, 0, 4, 12
MC, 1, 756
MM, 17, 9, 195
MM, 34, 16, 12
MM, 31, 1, 61
MM, 7, 10, 37
MM, 12, 13, 12
MM, 16, 14, 12
MM, 19, 17, 12
MM, 22, 18, 12
MM, 24, 19, 12
MM, 25, 20, 13
MM, 26, 20, 24
MM, 26, 21, 60
MM, 27, 21, 74
MM, 27, 20, 158
MM, 27, 19, 25
MC, 1, 341
MM, 29, 19, 220
MM, 32, 18, 12
MM, 36, 18, 13
MM, 8, 12, 24
MM, 19, 9, 12
MM, 32, 4, 12
MM, 30, 31, 36
MM, 42, 27, 12
MM, 34, 27, 719
MM, 33, 27, 49
MM, 18, 14, 98
MM, 102, 7, 12
MM, 83, 23, 13
MM, 10, 24, 280
MM, 0, 19, 12
MM, 178, 1, 24
MM, 163, 1, 13
MM, 152, 0, 12
MM, 9, 30, 61
MM, 0, 27, 12
MM, 39, 26, 12
MM, 25, 22, 13
MM, 12, 21, 12
MM, 2, 21, 12
MM, 43, 19, 12
MM, 38, 18, 12
MM, 36, 17, 12
MM, 35, 16, 12
MM, 38, 12, 195
MM, 16, 17, 26
MM, 28, 28, 36
MM, 36, 14, 12
MM, 43, 2, 12
MC, 1, 927
MM, 3, 13, 191
MM, 9, 13, 28
MM, 16, 13, 12
MM, 18, 13, 12
MM, 21, 13, 12
MM, 24, 13, 12
MM, 26, 13, 24
MM, 27, 13, 13
MM, 29, 13, 13
MM, 30, 13, 12
MM, 31, 13, 12
MM, 32, 13, 24
MM, 33, 13, 12
MM, 34, 13, 12
MM, 37, 13, 13
MM, 39, 13, 12
MM, 42, 13, 12
MM, 1, 13, 37
MM, 3, 13, 12
MM, 5, 13, 12
MM, 6, 13, 12
MM, 8, 13, 13
MM, 10, 13, 12
MM, 11, 13, 12
MM, 13, 13, 12
MM, 15, 13, 12
MM, 18, 13, 12
MM, 23, 13, 12
MM, 28, 13, 12
MM, 33, 13, 12
MM, 35, 13, 12
MM, 38, 13, 14
MM, 39, 13, 12
MM, 41, 13, 12
MM, 43, 13, 12
MM, 1, 13, 73
MM, 6, 13, 12
MC, 1, 365
MM, 5, 13, 98
MM, 0, 13, 12
MM, 36, 13, 13
MM, 13, 13, 12
MM, 16, 14, 24
MM, 6, 0, 342
MM, 2, 3, 12
MM, 0, 4, 12
MM, 43, 9, 37
MM, 41, 12, 12
MM, 39, 14, 12
MM, 36, 15, 12
MM, 34, 16, 12
MM, 33, 17, 12
MM, 32, 17, 13
MM, 32, 18, 13
MM, 31, 18, 24
MM, 31, 19, 24
MC, 1, 304
MM, 33, 19, 61
MM, 37, 19, 13
MM, 42, 19, 12
MM, 10, 13, 12
MM, 31, 10, 12
MC, 1, 719
MM, 22, 1, 476
MM, 21, 5, 12
MM, 19, 7, 13
MM, 18, 9, 12
MM, 17, 12, 12
MM, 16, 12, 12
MM, 15, 13, 12
MM, 15, 14, 12
MM, 15, 15, 12
MC, 1, 379
MM, 17, 18, 108
MM, 18, 21, 12
MM, 21, 24, 12
MM, 29, 29, 13
MM, 40, 0, 25
MM, 0, 5, 24
MM, 6, 10, 12
MM, 9, 11, 12
MM, 13, 14, 12
MM, 18, 17, -2
MM, 24, 20, 27
MM, 29, 22, 13
MM, 34, 25, 12
MM, 38, 26, 12
MM, 41, 29, 12
MM, 43, 30, 12
MM, 70, 0, 208
MM, 70, 1, 24
MM, 71, 2, 13
MM, 71, 3, 12
MM, 72, 4, 24
MM, 72, 5, 12
MM, 73, 5, 12
MM, 74, 6, 24
MM, 75, 6, 62
MC, 1, 340
MM, 75, 4, 86
MM, 15, 18, 24
MM, 22, 4, 12
MM, 35, 27, 13
MM, 40, 13, 12
MM, 43, 0, 12
MC, 1, 829
MC, 1, 998
MM, 12, 0, 137
MM, 5, 2, 12
MM, 3, 5, 12
MM, 0, 6, 12
MM, 43, 17, 61
MM, 43, 18, 36
MM, 42, 19, 25
MM, 40, 20, 12
MM, 39, 20, 12
MM, 36, 23, 12
MM, 34, 24, 13
MM, 32, 25, 11
MM, 28, 25, 13
MM, 27, 25, 12
MM, 26, 25, 12
MM, 23, 25, 13
MM, 22, 25, 12
MM, 20, 25, 12
MM, 19, 25, 12
MM, 19, 24, 85
MM, 19, 23, 24
MM, 19, 22, 24
MM, 19, 21, 25
MM, 19, 20, 13
MM, 19, 19, 36
MC, 1, 317
MM, 20, 19, 97
MM, 24, 20, 13
MM, 28, 23, 12
MM, 37, 30, 12
MM, 11, 13, 24
MM, 25, 21, 12
MM, 32, 26, 12
MM, 28, 0, 50
MM, 37, 2, 12
MM, 46, 3, 12
MM, 51, 4, 12
MM, 55, 4, 12
MM, 56, 5, 12
MM, 57, 5, 12
MM, 57, 4, 147
MM, 57, 3, 12
MM, 57, 1, 13
MM, 40, 31, 97
MM, 39, 29, 14
MM, 38, 28, 11
MM, 37, 27, 12
MM, 36, 26, 12
MM, 35, 25, 13
MM, 35, 24, 12
MM, 34, 24, 12
MM, 33, 23, 12
MM, 33, 22, 12
MM, 33, 21, 24
MC, 1, 341
MM, 34, 21, 97
MM, 39, 19, 14
MM, 12, 9, 8
MM, 18, 23, 40
MM, 38, 14, 12
MM, 7, 6, 12
MM, 37, 0, 13
MM, 0, 31, 194
MM, 2, 31, 12
MM, 4, 31, 12
MM, 5, 31, 12
MM, 6, 31, 13
MM, 7, 31, 12
MM, 8, 31, -4
MM, 9, 31, 41
MM, 12, 1, 73
MM, 12, 3, 12
MM, 12, 5, 12
MM, 12, 7, 13
MM, 12, 8, 24
MC, 1, 354
MM, 10, 8, 110
MM, 5, 5, 12
MM, 35, 23, 25
MM, 19, 15, 12
MM, 30, 2, 24
MM, 42, 26, 170
MM, 40, 26, 13
MM, 36, 26, 12
MM, 33, 26, 12
MM, 30, 26, 12
MM, 25, 26, 12
MM, 18, 28, 12
MM, 11, 29, 12
MC, 1, 646
MM, 27, 1, 171
MM, 27, 2, 26
MM, 27, 3, 24
MM, 27, 4, 84
MC, 1, 354
MM, 27, 6, 109
MM, 28, 10, 12
MM, 29, 12, 13
MM, 30, 15, 12
MM, 32, 18, 12
MM, 33, 21, 13
MM, 36, 25, 12
MM, 37, 30, 12
MM, 33, 6, 24
MM, 35, 11, 13
MM, 36, 14, 12
MM, 37, 16, 12
MM, 39, 18, 12
MM, 40, 20, 12
MM, 41, 21, 12
MM, 43, 22, 12
MM, 0, 25, 62
MM, 1, 25, 24
MM, 2, 25, 12
MM, 3, 25, 12
MM, 4, 26, 13
MM, 5, 26, 12
MM, 6, 26, 24
MM, 7, 26, 24
MM, 7, 27, 12
MM, 8, 27, 12
MM, 8, 28, 12
MM, 9, 28, 12
MM, 10, 29, 14
MM, 10, 30, 12
MM, 11, 30, 12
MM, 12, 31, 12
MM, 80, 4, 439
MM, 82, 7, 12
MM, 84, 11, 12
MM, 85, 13, 13
MM, 89, 13, 304
MM, 89, 12, 12
MM, 89, 11, 12
MM, 89, 10, 37
MM, 89, 9, 24
MC, 1, 439
MM, 91, 6, 695
MM, 0, 21, 25
MM, 20, 3, 12
MM, 2, 18, 24
MM, 11, 11, 12
MM, 22, 8, 12
MM, 33, 8, 12
MM, 40, 7, 13
MM, 43, 10, 158
MM, 41, 11, 12
MM, 38, 13, 12
MM, 36, 16, 12
MM, 35, 18, 13
MM, 33, 20, 12
MM, 32, 22, 12
MM, 29, 26, 13
MM, 28, 28, 12
MM, 27, 30, 12
MM, 25, 31, 12
MM, 13, 1, 86
MM, 11, 2, 12
MM, 9, 3, 12
MM, 7, 3, 12
MM, 5, 3, 13
MM, 3, 4, 12
MM, 2, 4, 12
MM, 1, 5, 12
MM, 43, 7, 73
MM, 42, 7, 12
MM, 41, 7, 36
MC, 1, 366
MM, 42, 6, 159
MM, 8, 26, 37
MM, 16, 18, 12
MM, 28, 9, 12
MM, 43, 4, 12
MM, 15, 30, 37
MM, 17, 29, 13
MM, 18, 28, 12
MM, 19, 28, 36
MM, 19, 27, 12
MM, 20, 26, 244
MM, 20, 25, 24
MM, 20, 24, 24
MM, 20, 23, 13
MM, 20, 22, 24
MM, 20, 21, 13
MM, 21, 20, 24
MM, 21, 19, 61
MC, 1, 304
MM, 19, 19, 159
MM, 15, 19, 12
MM, 8, 19, 12
MM, 3, 19, 12
MM, 43, 18, 24
MM, 39, 17, 13
MM, 34, 16, 11
MM, 29, 15, 13
MM, 24, 15, 13
MM, 20, 13, 12
MM, 17, 13, 12
MM, 12, 13, 12
MM, 10, 12, 12
MM, 8, 12, 12
MM, 7, 11, 12
MM, 6, 11, 12
MM, 4, 11, 12
MM, 3, 11, 12
MM, 1, 11, 13
MM, 0, 11, 12
MC, 1, 891
MC, 2, 365
MC, 1, 781
MC, 1, 630
MM, 27, 1, 212
MM, 27, 2, 12
MM, 27, 3, -4
MM, 27, 4, 52
MC, 1, 317
MM, 34, 4, 131
MM, 0, 7, 28
MM, 13, 9, 12
MM, 30, 11, 12
MM, 4, 15, 12
MM, 31, 15, 13
MM, 9, 19, 11
MM, 42, 23, 12
MM, 16, 25, 14
MM, 32, 29, 12
MM, 43, 30, 12
MM, 2, 31, 24
MM, 7, 31, 16
MM, 9, 31, 8
MM, 11, 31, 12
MM, 12, 31, 12
MM, 14, 31, 13
MM, 15, 31, 12
MM, 17, 31, 12
MM, 41, 31, 122
MM, 41, 30, 36
MM, 41, 29, 25
MM, 41, 28, 37
MM, 41, 26, 12
MM, 41, 25, 12
MM, 41, 24, 24
MM, 41, 23, 13
MM, 41, 22, 12
MM, 41, 21, 12
MM, 39, 19, 12
MM, 37, 18, 12
MM, 35, 17, 12
MM, 32, 16, 12
MM, 30, 16, 12
MM, 29, 15, 12
MM, 28, 15, 13
MM, 27, 15, 12
MM, 26, 15, 12
MC, 1, 343
MM, 23, 15, 48
MM, 21, 15, 12
MM, 17, 14, 12
MM, 15, 11, 13
MM, 13, 8, 12
MM, 9, 4, 13
MM, 5, 2, 12
MM, 34, 28, 73
MM, 32, 26, 12
MM, 30, 25, 12
MM, 28, 23, 12
MM, 27, 23, 12
MM, 25, 23, 12
MM, 24, 22, 12
MM, 23, 21, 12
MM, 22, 20, 13
MM, 21, 20, 12
MM, 21, 19, 13
MM, 20, 19, 12
MC, 1, 427
MM, 18, 19, 60
MM, 15, 19, 12
MM, 6, 16, 12
MM, 40, 13, 12
MM, 17, 11, 12
MM, 21, 5, 26
MC, 1, 951
MM, 40, 1, 401
MM, 38, 4, 12
MM, 38, 5, 12
MM, 38, 6, 13
MM, 36, 9, 12
MM, 36, 10, 13
MM, 35, 12, 12
MM, 34, 12, 12
MM, 33, 13, 12
MM, 32, 14, 13
MM, 31, 16, 11
MM, 30, 17, 12
MM, 29, 18, 13
MM, 27, 18, -2
MM, 27, 19, 27
MM, 26, 19, 12
MC, 1, 341
MM, 28, 19, 244
MM, 33, 22, 12
MM, 6, 3, 37
MM, 16, 8, 12
MM, 29, 15, 12
MM, 8, 25, 24
MM, 17, 28, -3
MM, 22, 29, 28
MM, 103, 1, 48
MM, 105, 4, 12
MM, 106, 5, 12
MM, 107, 7, 13
MM, 109, 8, -3
MM, 110, 9, 27
MM, 112, 11, 12
MM, 114, 13, 12
MM, 138, 14, 622
MM, 138, 13, 12
MM, 138, 12, 61
MM, 138, 11, 135
MM, 138, 10, 12
MC, 1, 390
MM, 138, 6, 98
MM, 23, 28, 24
MM, 23, 22, 12
MM, 26, 13, 13
MM, 26, 6, 12
MM, 37, 24, 24
MM, 39, 17, 12
MM, 39, 14, 12
MM, 40, 10, 12
MM, 40, 7, 12
MM, 40, 5, 12
MM, 40, 4, 13
MM, 40, 3, 12
MM, 40, 2, 12
MM, 40, 1, 13
MM, 40, 0, 12
MC, 1, 658
MM, 0, 31, 245
MM, 1, 31, 12
MM, 6, 0, 121
MM, 7, 1, 12
MM, 8, 2, 13
MM, 9, 3, 24
MM, 10, 5, 12
MM, 11, 7, 12
MM, 12, 9, 13
MM, 13, 12, 12
MM, 15, 13, 12
MM, 17, 15, 12
MC, 1, 353
MM, 16, 15, 49
MM, 11, 15, 12
MM, 4, 15, 12
MM, 31, 11, 25
MM, 12, 11, 12
MM, 41, 11, 12
MM, 1, 14, 12
MM, 18, 18, 12
MM, 38, 20, 25
MM, 29, 22, 12
MM, 24, 22, 12
MM, 22, 22, 12
MM, 20, 22, 13
MM, 19, 22, 12
MM, 17, 22, 24
MM, 16, 22, 12
MM, 15, 22, 13
MM, 14, 22, 12
MM, 11, 22, 12
MM, 7, 22, 12
MM, 4, 22, 13
MM, 0, 22, 12
MM, 43, 20, 36
MM, 41, 19, 12
MM, 38, 18, 12
MM, 36, 16, 12
MM, 34, 15, 12
MM, 33, 14, 12
MM, 31, 13, 13
MM, 29, 13, 13
MM, 27, 13, 12
MM, 25, 13, 12
MM, 23, 11, 12
MM, 20, 10, 12
MM, 20, 9, 37
MM, 20, 8, 13
MC, 1, 292
MM, 25, 8, 61
MM, 36, 8, 12
MM, 1, 6, 13
MM, 34, 2, 12
MM, 16, 0, 12
MM, 2, 20, 145
MM, 5, 18, 13
MM, 9, 15, 12
MM, 11, 14, 12
MM, 13, 12, 13
MM, 14, 10, 12
MM, 15, 9, 12
MM, 16, 8, 12
MM, 16, 7, 37
MM, 16, 6, 24
MM, 16, 5, 12
MM, 15, 5, 13
MM, 13, 5, 12
MM, 11, 5, 12
MM, 9, 5, 12
MM, 6, 5, 12
MM, 4, 5, 13
MM, 0, 5, -4
MC, 1, 515
MM, 28, 3, 135
MM, 28, 8, 13
MM, 28, 14, 11
MM, 28, 19, 13
MM, 28, 24, 12
MM, 28, 26, 12
MM, 28, 28, 12
MM, 28, 30, 12
MM, 20, 1, 46
MM, 20, 2, 28
MM, 20, 4, 12
MM, 20, 5, 12
MM, 20, 7, 12
MM, 20, 8, 12
MM, 20, 9, 25
MM, 20, 10, 12
MM, 20, 11, 12
MM, 20, 12, 12
MM, 20, 14, 12
MM, 20, 15, 12
MM, 21, 17, 12
MM, 21, 19, 13
MM, 22, 21, 12
MM, 22, 23, 13
MM, 22, 24, 12
MM, 23, 25, -4
MM, 23, 27, 28
MM, 24, 27, 12
MM, 24, 28, 12
MM, 25, 29, 12
MM, 25, 30, 12
MM, 25, 31, 25
MM, 145, 0, 182
MM, 146, 1, 13
MM, 147, 2, 24
MM, 148, 3, 13
MM, 149, 4, 24
MM, 149, 6, 12
MM, 150, 6, 12
MM, 150, 7, 12
MM, 150, 8, 12
MM, 151, 8, 12
MM, 151, 9, 12
MC, 1, 403
MM, 151, 7, 158
MM, 31, 30, 26
MM, 28, 21, 12
MM, 23, 12, 12
MM, 20, 0, 12
MM, 25, 25, 12
MM, 23, 18, 13
MM, 22, 11, 12
MM, 21, 8, 12
MM, 20, 6, 13
MM, 19, 3, 12
MM, 18, 2, 12
MM, 17, 2, 12
MM, 16, 1, 12
MM, 15, 1, 12
MM, 14, 0, 12
MC, 1, 719
MC, 1, 805
MM, 36, 0, 244
MM, 33, 2, 12
MM, 28, 2, 12
MM, 24, 3, 12
MM, 21, 4, 13
MM, 17, 4, 12
MM, 15, 5, 12
MM, 12, 6, 12
MM, 8, 6, 12
MM, 6, 7, 12
MM, 4, 7, 12
MM, 1, 8, 13
MM, 42, 11, 25
MM, 39, 12, 12
MM, 35, 13, 12
MM, 33, 13, 12
MM, 31, 14, 12
MM, 30, 14, 12
MM, 29, 14, 24
MM, 28, 14, 12
MM, 27, 14, 9
MM, 26, 14, 52
MC, 1, 329
MM, 30, 14, 98
MM, 41, 15, 12
MM, 5, 18, 12
MM, 20, 20, 12
MM, 37, 23, 12
MM, 12, 29, 12
MM, 36, 2, 38
MM, 39, 3, 12
MM, 41, 4, 13
MM, 0, 8, 170
MM, 3, 8, 61
MM, 7, 10, 12
MM, 11, 11, 13
MM, 15, 12, 12
MM, 17, 12, 12
MM, 18, 13, 13
MM, 19, 13, 12
MM, 21, 13, 12
MC, 1, 328
MM, 20, 13, 110
MM, 15, 11, 12
MM, 8, 2, 13
MM, 11, 28, 12
MM, 3, 18, 12
MM, 41, 7, 24
MM, 38, 4, 12
MM, 32, 0, 13
MC, 1, 622
MM, 43, 7, 244
MM, 8, 17, 12
MM, 25, 20, 13
MM, 40, 25, 11
MM, 8, 29, 12
MM, 33, 31, 292
MM, 35, 30, 12
MM, 37, 30, 14
MM, 38, 29, 12
MM, 42, 29, 24
MM, 1, 27, 48
MM, 3, 27, 12
MM, 7, 27, 12
MM, 9, 27, 13
MM, 11, 27, 13
MM, 12, 27, 12
MM, 13, 27, 12
MM, 14, 25, 24
MC, 1, 341
MM, 10, 25, 159
MM, 0, 25, 12
MM, 39, 25, 12
MM, 31, 25, 13
MM, 22, 25, 12
MM, 11, 26, 12
MM, 43, 27, 12
MM, 25, 31, 13
MM, 43, 4, 36
MM, 29, 7, 12
MM, 20, 10, 13
MM, 11, 14, 12
MM, 6, 16, 12
MM, 2, 19, 12
MM, 43, 25, 49
MM, 42, 27, 12
MM, 41, 29, 12
MM, 40, 30, 24
MM, 39, 31, 12
MM, 150, 0, 171
MM, 150, 1, 86
MM, 150, 2, 207
MC, 1, 450
MM, 35, 30, 233
MM, 34, 25, 13
MM, 33, 18, 12
MM, 32, 13, -4
MM, 30, 4, 28
MM, 35, 29, 12
MM, 31, 16, 12
MM, 28, 3, 12
MM, 43, 13, 231
MM, 39, 11, 13
MM, 35, 11, 12
MM, 32, 10, 12
MM, 31, 10, 12
MM, 29, 10, 12
MM, 28, 10, 24
MM, 27, 10, 13
MC, 1, 378
MM, 28, 10, 97
MM, 33, 10, 12
MM, 41, 10, 12
MC, 1, 781
MC, 2, 232
MC, 3, 243
MM, 11, 2, 244
MM, 32, 14, 13
MM, 18, 24, 12
MM, 0, 2, 23
MM, 41, 7, -2
MM, 32, 12, 28
MM, 22, 16, 12
MM, 13, 19, 12
MM, 6, 24, 12
MM, 43, 28, 24
MM, 41, 29, 12
MM, 38, 31, 12
MM, 33, 0, 85
MM, 32, 1, 13
MM, 31, 2, 12
MM, 31, 3, 13
MM, 29, 6, 84
MM, 27, 9, 12
MM, 25, 12, 12
MM, 21, 15, 14
MM, 17, 19, 12
MM, 14, 22, 12
MM, 11, 23, 13
MM, 8, 25, 12
MM, 7, 27, 12
MM, 4, 29, 12
MM, 3, 30, 13
MM, 3, 31, 12
MM, 17, 31, 195
MM, 26, 28, 12
MM, 34, 25, 12
MM, 41, 22, 12
MM, 0, 21, 73
MM, 1, 21, 12
MM, 2, 21, 25
MM, 3, 21, 12
MM, 4, 21, 24
MM, 5, 21, 12
MM, 6, 21, 12
MM, 7, 21, 98
MM, 8, 21, 37
MM, 10, 21, 12
MM, 11, 20, -3
MM, 12, 19, 39
MM, 13, 18, 36
MM, 13, 17, 24
MM, 14, 16, 13
MC, 1, 317
MM, 18, 13, 71
MM, 42, 24, 39
MM, 2, 10, 12
MM, 6, 0, 12
MM, 10, 31, 12
MM, 12, 26, 12
MM, 13, 24, 12
MM, 15, 21, 12
MM, 15, 20, 12
MM, 15, 19, 25
MC, 1, 525
MM, 17, 19, 49
MM, 19, 19, 12
MM, 22, 21, 12
MM, 24, 22, 12
MM, 27, 24, 12
MM, 30, 28, 13
MM, 12, 0, 48
MM, 19, 2, 12
MM, 23, 3, 13
MM, 26, 4, 12
MM, 28, 6, 12
MM, 29, 7, 12
MM, 31, 8, 12
MM, 32, 9, 13
MM, 33, 9, 12
MM, 34, 10, 12
MC, 1, 390
MM, 32, 10, 85
MM, 25, 8, 12
MM, 12, 5, 12
MM, 35, 27, 25
MM, 14, 18, 12
MC, 1, 841
MM, 42, 1, 256
MM, 41, 2, 12
MM, 39, 3, 12
MM, 38, 3, 13
MM, 38, 4, 12
MM, 37, 5, 13
MM, 36, 6, 12
MM, 35, 7, 12
MM, 34, 8, 12
MM, 33, 9, 12
MC, 1, 403
MM, 42, 9, 158
MM, 5, 11, 12
MM, 20, 11, 13
MM, 22, 13, 24
MM, 35, 10, 25
MM, 23, 2, 12
MM, 40, 29, 24
MM, 23, 22, 12
MM, 2, 20, 12
MM, 17, 17, 12
MM, 24, 17, 13
MM, 31, 15, 12
MM, 34, 15, 12
MM, 2, 14, 37
MM, 7, 14, 13
MM, 10, 13, 11
MM, 16, 13, 12
MM, 20, 12, 12
MM, 24, 11, 12
MM, 26, 11, 13
MM, 29, 11, 12
MM, 31, 11, 12
MM, 32, 10, 12
MM, 34, 10, 12
MM, 35, 9, 12
MM, 0, 9, 49
MM, 2, 9, 13
MM, 4, 9, 12
MM, 6, 9, 12
MM, 9, 9, 12
MM, 11, 9, 12
MM, 15, 9, 12
MM, 18, 9, 13
MM, 19, 9, 12
MM, 20, 9, 12
MM, 21, 9, 12
MM, 22, 9, 12
MM, 23, 9, 36
MM, 23, 10, 50
MM, 22, 10, 12
MM, 13, 11, 12
MM, 0, 13, 12
MM, 23, 15, 12
MM, 26, 21, 13
MM, 10, 27, 12
MM, 8, 12, 24
MM, 31, 27, 12
MM, 21, 6, 12
MM, 408, 23, 2244
MM, 391, 60, 12
MM, 8, 23, 48
MM, 43, 29, 74
MM, 43, 31, 13
MM, 29, 1, 60
MM, 29, 4, 12
MM, 28, 5, 12
MM, 28, 7, 12
MM, 28, 8, 12
MM, 27, 12, 50
MM, 26, 16, 12
MM, 24, 20, 12
MM, 23, 20, 12
MM, 23, 21, 12
MM, 22, 23, 12
MM, 22, 24, 12
MM, 20, 25, 12
MM, 78, 1, 12
MM, 76, 2, 13
MM, 75, 3, 12
MM, 74, 3, 12
MM, 74, 4, 24
MM, 74, 5, 12
MM, 74, 6, 12
MM, 74, 7, 12
MM, 74, 8, 13
MM, 74, 9, 12
MM, 73, 9, 13
