********************************************************************************
LOGGING TIME: 20161106_193631
CLIENT IP: 10.112.55.34
USERNAME: Ramola
OS: Windows 8.1
**********************************Emotional database********************************************************************************
MM, 644, 678, 1477468751930
MM, 652, 648, 12
MM, 21, 17, 12
MM, 34, 3, 12
MM, 34, 2, 12
MM, 0, 5, 13
MM, 430, 79, 12
MM, 436, 59, 12
MM, 443, 45, 12
MM, 449, 38, 12
MM, 462, 31, 12
MM, 478, 26, 12
MM, 480, 23, 355
MM, 484, 15, 12
MM, 758, 349, 12
MM, 771, 321, 12
MM, 522, 67, -2
MM, 555, 37, 27
MM, 848, 225, 12
MM, 869, 195, 12
MM, 881, 179, 12
MM, 891, 169, 12
MM, 899, 164, 12
MM, 910, 159, 12
MM, 910, 156, 183
MM, 910, 149, 13
MM, 910, 143, 12
MM, 910, 136, 12
MM, 910, 123, 12
MM, 910, 100, 12
MM, 910, 79, 12
MM, 908, 66, 12
MM, 905, 55, 12
MM, 901, 49, 13
MM, 895, 45, 12
MM, 890, 44, 12
MM, 885, 41, 12
MM, 880, 41, 13
MM, 877, 41, 12
MM, 876, 41, 12
MM, 874, 41, 12
MM, 873, 41, 13
MM, 872, 41, 24
MM, 871, 41, 85
MM, 870, 40, 10
MM, 870, 37, 28
MM, 869, 33, 12
MM, 678, 629, 261209
MM, 678, 628, 297
MM, 677, 626, 28
MM, 674, 619, 12
MM, 670, 611, 12
MM, 16, 25, 13
MM, 4, 15, 12
MM, 29, 1, 12
MM, 23, 15, 12
MM, 3, 28, 12
MM, 36, 10, -3
MM, 589, 496, 28
MM, 15, 15, 12
MM, 562, 462, 12
MM, 285, 87, 12
MM, 277, 71, 12
MM, 272, 60, 12
MM, 267, 50, 12
MM, 264, 45, 12
MM, 263, 41, -2
MM, 262, 39, 27
MM, 262, 37, 207
MM, 261, 32, 12
MM, 259, 25, 13
MM, 257, 18, 12
MM, 252, 11, 12
MM, 248, 5, 12
MM, 506, 354, 12
MM, 500, 347, 12
MM, 495, 337, 12
MM, 490, 328, 13
MM, 487, 320, 13
MM, 484, 313, 11
MM, 219, 80, 13
MM, 217, 75, 12
MM, 215, 72, 12
MM, 214, 68, 12
MM, 213, 64, 13
MM, 212, 61, 12
MM, 211, 59, 12
MM, 211, 57, 12
MM, 210, 55, 13
MM, 210, 52, 12
MM, 209, 52, 12
MM, 209, 49, 12
MM, 208, 45, 12
MM, 208, 42, 12
MM, 206, 39, 12
MM, 206, 36, 12
MM, 206, 35, 12
MM, 205, 34, 14
MM, 205, 33, 12
MM, 205, 32, 12
MC, 1, 609
MM, 205, 33, 317
MM, 205, 34, 12
MM, 204, 34, 123
MM, 203, 34, 24
MM, 202, 34, 24
MM, 202, 33, 12
MM, 201, 33, 37
MM, 202, 34, 39659
MM, 206, 37, 12
MM, 208, 42, 13
MM, 213, 53, 12
MM, 218, 69, 13
MM, 488, 318, 21
MM, 489, 321, 27
MM, 489, 325, 12
MM, 490, 330, 13
MM, 490, 334, 12
MM, 492, 344, -3
MM, 492, 355, 28
MM, 229, 7, 12
MM, 229, 12, 12
MM, 229, 17, 12
MM, 229, 20, 12
MM, 229, 21, 12
MM, 229, 23, 13
MM, 229, 24, 12
MM, 229, 25, -3
MM, 229, 27, 27
MM, 229, 28, 12
MM, 229, 30, 13
MM, 229, 31, 24
MC, 1, 352
MM, 228, 31, 379
MM, 223, 34, 12
MM, 208, 39, 13
MM, 194, 44, 11
MM, 185, 51, 13
MM, 179, 55, 11
MM, 175, 58, 12
MM, 172, 62, 12
MM, 169, 67, 13
MM, 166, 77, 12
MM, 427, 447, 12
MM, 424, 458, 12
MM, 31, 2, 12
MM, 27, 8, 156
MM, 20, 17, 28
MM, 18, 25, 12
MM, 13, 30, 13
MM, 400, 501, 12
MM, 0, 7, 24
MM, 392, 515, 13
MM, 391, 520, 12
MM, 38, 21, -4
MM, 37, 23, 28
MM, 36, 24, 12
MM, 35, 24, 134
MM, 35, 25, 13
MM, 34, 27, 12
MM, 34, 29, 12
MM, 385, 535, 12
MM, 383, 538, 13
MM, 380, 542, 12
MM, 34, 5, 11
MM, 31, 9, 12
MM, 28, 11, 13
MM, 26, 12, 12
MM, 25, 13, 12
MM, 24, 13, 12
MM, 25, 13, 281
MM, 27, 13, 12
MM, 29, 13, -3
MM, 31, 13, 27
MM, 33, 13, 12
MM, 380, 552, 12
MM, 382, 552, 12
MM, 384, 552, 13
MM, 2, 13, 12
MM, 4, 13, 12
MM, 5, 13, 9
MC, 1, 357
MM, 10, 13, 85
MM, 19, 13, 13
MM, 32, 13, 12
MM, 8, 11, 12
MM, 467, 548, 12
MM, 18, 0, 8
MM, 569, 537, 28
MM, 592, 537, 12
MM, 608, 535, 12
MM, 616, 535, 12
MM, 621, 535, 13
MM, 624, 535, 12
MM, 628, 535, 12
MM, 629, 535, 13
MM, 630, 535, 12
MM, 631, 535, 24
MM, 632, 535, 50
MM, 633, 534, 12
MM, 634, 534, 12
MM, 636, 533, 12
MM, 638, 531, 12
MM, 642, 530, 12
MM, 0, 25, 14
MM, 2, 24, 12
MM, 3, 24, -4
MM, 3, 23, 28
MM, 4, 23, 12
MM, 5, 22, 12
MM, 6, 21, 12
MM, 7, 19, 12
MM, 8, 18, 12
MM, 8, 17, 13
MM, 9, 17, 12
MM, 9, 16, 12
MM, 10, 15, 24
MC, 1, 354
MM, 8, 15, 134
MM, 1, 15, 12
MM, 638, 522, 12
MM, 21, 30, 12
MM, 16, 9, 12
MM, 0, 25, 13
MM, 8, 3, 12
MM, 25, 18, 13
MM, 9, 26, -4
MM, 515, 611, 27
MM, 119, 2, 13
MM, 113, 8, 11
MM, 110, 9, 12
MM, 106, 13, 13
MM, 104, 13, 12
MM, 103, 14, 12
MM, 102, 16, 12
MM, 101, 16, 12
MM, 100, 17, 13
MM, 99, 17, 25
MM, 98, 18, 12
MM, 97, 19, 12
MM, 95, 20, 12
MM, 92, 23, 12
MM, 90, 25, 12
MM, 89, 25, 12
MM, 88, 25, 12
MC, 1, 427
MM, 88, 24, 147
MM, 88, 19, 12
MM, 88, 13, 12
MM, 88, 6, 12
MM, 88, 1, 12
MM, 477, 611, 13
MM, 477, 607, 12
MM, 1, 29, 12
MM, 1, 27, 12
MM, 0, 26, 12
MM, 474, 601, 14
MM, 473, 600, 11
MM, 472, 600, 12
MM, 472, 598, 13
MM, 472, 597, 11
MM, 472, 595, 13
MM, 470, 593, 12
MM, 470, 589, 12
MM, 470, 587, 12
MM, 470, 585, 13
MM, 470, 583, 12
MM, 470, 581, 12
MM, 470, 580, 25
MM, 471, 579, 12
MM, 471, 578, -3
MM, 472, 577, 27
MM, 472, 576, 12
MM, 473, 575, 12
MM, 474, 575, 13
MM, 475, 574, 12
MM, 476, 572, 12
MM, 476, 571, 12
MM, 477, 570, 12
MM, 8, 29, 12
MM, 9, 28, 12
MM, 10, 27, 12
MM, 11, 26, 13
MM, 11, 25, 12
MM, 12, 25, 25
MM, 12, 24, 24
MM, 13, 24, 24
MC, 1, 328
MM, 18, 23, 123
MM, 25, 17, 13
MM, 505, 548, 12
MM, 513, 538, 13
MM, 519, 532, 11
MM, 2, 26, 12
MM, 7, 25, 12
MM, 10, 23, 12
MM, 12, 23, 12
MM, 16, 21, 13
MM, 18, 21, 12
MM, 20, 20, 12
MM, 22, 20, 12
MM, 24, 20, 13
MM, 26, 19, 13
MM, 28, 19, 11
MM, 30, 18, 13
MM, 32, 18, -3
MM, 558, 519, 28
MM, 559, 519, 12
MM, 559, 518, 12
MM, 560, 518, 12
MM, 561, 517, 49
MM, 562, 517, -3
MM, 563, 517, 51
MM, 0, 15, 62
MM, 1, 15, 61
MM, 2, 14, 12
MM, 3, 14, 24
MM, 4, 14, 12
MM, 5, 14, 24
MM, 6, 14, 25
MM, 9, 14, 36
MC, 1, 304
MM, 7, 17, 172
MM, 3, 24, 12
MM, 563, 533, 12
MM, 6, 1, 13
MM, 3, 5, 11
MM, 1, 9, 12
MM, 0, 11, 12
MM, 553, 552, 12
MM, 552, 554, 12
MM, 551, 555, 13
MM, 550, 557, 12
MM, 550, 559, 13
MM, 549, 560, 12
MM, 549, 562, 12
MM, 548, 563, 12
MM, 548, 565, 12
MM, 36, 27, 13
MM, 36, 30, 11
MM, 546, 571, 13
MM, 545, 575, 12
MM, 28, 1, 12
MM, 28, 3, 12
MM, 27, 4, 12
MM, 27, 5, 24
MM, 26, 6, 13
MM, 26, 7, 12
MM, 26, 8, 13
MM, 26, 9, -4
MM, 25, 9, 29
MM, 25, 10, 11
MM, 25, 11, 13
MM, 25, 12, 11
MM, 25, 14, 13
MC, 1, 427
MC, 2, 365
MM, 25, 13, 111
MM, 24, 9, 11
MM, 22, 1, 12
MM, 28, 27, 12
MM, 27, 16, 13
MM, 27, 9, 12
MM, 27, 6, 12
MM, 27, 3, 12
MM, 538, 538, 12
MM, 538, 536, 12
MM, 538, 535, 12
MM, 538, 533, 12
MM, 15, 29, 12
MM, 15, 28, 14
MM, 15, 27, 12
MM, 15, 25, 11
MM, 15, 24, 37
MM, 15, 23, 13
MM, 15, 22, 9
MM, 15, 21, 27
MM, 15, 20, 12
MC, 1, 427
MM, 15, 21, 74
MM, 14, 22, 12
MM, 12, 24, 12
MM, 10, 26, 12
MM, 529, 533, 12
MM, 10, 2, 12
MM, 3, 14, 12
MM, 505, 569, 12
MM, 24, 4, 12
MM, 19, 14, 13
MM, 16, 21, 11
MM, 15, 28, 12
MM, 487, 607, 13
MM, 486, 611, 13
MM, 96, 3, 12
MM, 95, 8, 12
MM, 94, 13, 12
MM, 94, 17, 12
MM, 93, 22, 12
MM, 93, 26, 12
MM, 91, 29, 13
MM, 481, 644, 12
MM, 481, 645, 12
MM, 480, 645, 12
MM, 480, 646, 50
MM, 480, 647, 12
MM, 480, 648, 24
MM, 480, 647, 147
MM, 480, 646, 12
MM, 480, 645, 12
MM, 480, 644, 12
MM, 90, 30, 12
MM, 90, 29, 12
MM, 90, 27, 12
MM, 90, 26, 12
MM, 90, 24, 12
MM, 90, 23, 12
MM, 90, 22, 13
MM, 90, 21, 12
MM, 90, 20, 12
MM, 90, 19, 24
MM, 90, 18, -3
MM, 90, 17, 40
MC, 1, 352
MM, 90, 15, 74
MM, 90, 11, 12
MM, 90, 2, 13
MM, 480, 607, 12
MM, 8, 24, -4
MM, 8, 17, 29
MM, 9, 13, 11
MM, 11, 9, 14
MM, 11, 6, 12
MM, 11, 4, 12
MM, 11, 1, 12
MM, 11, 0, 13
MM, 487, 574, 12
MM, 487, 572, 12
MM, 487, 571, 12
MM, 17, 30, 12
MM, 17, 28, 12
MM, 17, 27, 12
MM, 18, 25, 12
MM, 19, 22, 12
MM, 19, 20, 12
MM, 20, 16, 13
MM, 21, 14, -4
MM, 21, 12, 28
MM, 22, 11, 12
MM, 22, 9, 12
MM, 22, 8, 13
MM, 23, 6, 12
MM, 23, 3, 12
MM, 24, 1, 13
MM, 495, 536, 12
MM, 495, 534, 12
MM, 14, 30, 12
MM, 15, 29, 12
MM, 16, 27, 12
MM, 19, 25, 12
MM, 20, 22, 13
MM, 21, 20, 12
MM, 22, 19, 12
MM, 23, 18, 12
MM, 23, 17, 86
MM, 23, 16, 36
MC, 1, 341
MM, 26, 16, 73
MM, 32, 16, 12
MM, 4, 16, 12
MM, 15, 16, 13
MM, 23, 16, 13
MM, 30, 16, 11
MM, 558, 518, 13
MM, 2, 16, 12
MM, 10, 16, 12
MM, 17, 16, 12
MM, 22, 16, 13
MM, 27, 16, 11
MM, 29, 16, -2
MM, 32, 16, 27
MM, 36, 16, 12
MM, 602, 518, 12
MM, 605, 518, 13
MM, 0, 16, 12
MM, 5, 16, 12
MM, 10, 16, 12
MM, 14, 16, 12
MM, 19, 16, -4
MM, 24, 16, 28
MM, 26, 16, 12
MM, 28, 16, 12
MM, 29, 16, 12
MM, 30, 16, 14
MM, 638, 517, 12
MM, 639, 517, 36
MM, 639, 516, 147
MM, 641, 516, 37
MM, 643, 516, 12
MM, 1, 13, 12
MM, 4, 13, 13
MM, 8, 13, 11
MM, 11, 13, 12
MM, 15, 13, 12
MM, 17, 13, 25
MM, 18, 13, 12
MM, 19, 13, 24
MM, 20, 13, 13
MM, 21, 13, 11
MC, 1, 293
MM, 20, 13, 97
MM, 15, 13, 13
MM, 10, 16, 12
MM, 642, 523, 12
MM, 22, 29, 12
MM, 12, 1, 12
MM, 32, 13, 12
MM, 16, 25, 12
MM, 558, 576, 13
MM, 33, 10, 12
MM, 28, 16, 12
MM, 25, 19, 13
MM, 22, 22, 12
MM, 19, 24, 11
MM, 16, 26, 13
MM, 14, 27, 12
MM, 13, 27, 12
MM, 12, 27, 12
MM, 12, 28, 13
MM, 11, 28, 25
MM, 10, 28, 9
MM, 9, 29, 39
MM, 8, 29, 12
MM, 7, 29, 12
MM, 6, 29, 12
MM, 4, 30, 12
MM, 518, 607, 13
MM, 515, 608, 12
MM, 512, 611, 12
MM, 511, 612, 12
MM, 119, 1, 12
MM, 118, 2, 13
MM, 117, 3, 11
MM, 116, 4, 14
MM, 115, 4, 12
MM, 114, 4, 12
MM, 114, 5, 12
MM, 113, 6, 12
MM, 113, 7, 12
MM, 112, 8, 12
MM, 112, 9, 37
MC, 1, 390
MM, 111, 9, 171
MM, 109, 7, 12
MM, 106, 5, 12
MM, 99, 1, 12
MM, 480, 609, 12
MM, 470, 602, 13
MM, 30, 19, 13
MM, 27, 15, 12
MM, 23, 11, 11
MM, 19, 9, 13
MM, 17, 8, 12
MM, 14, 7, 13
MM, 10, 4, 12
MM, 7, 4, -3
MM, 3, 4, 27
MM, 1, 3, 12
MM, 0, 3, 12
MM, 432, 579, 12
MM, 431, 579, 13
MM, 431, 578, 11
MM, 430, 578, 61
MM, 36, 1, 24
MM, 33, 0, 14
MM, 420, 575, 12
MM, 418, 574, 12
MM, 416, 572, 12
MM, 413, 570, -4
MM, 27, 29, 28
MM, 26, 28, 12
MM, 26, 27, 12
MM, 25, 27, 12
MM, 25, 26, 24
MM, 24, 26, 13
MM, 24, 25, 12
MM, 24, 24, -3
MM, 24, 23, 113
MM, 24, 22, 36
MM, 24, 21, 25
MC, 1, 315
MM, 24, 18, 112
MM, 24, 13, 12
MM, 24, 8, 13
MM, 24, 6, 12
MM, 24, 3, 12
MM, 24, 1, 12
MM, 24, 0, 13
MM, 409, 537, -3
MM, 409, 535, 27
MM, 409, 534, 12
MM, 12, 30, 12
MM, 12, 29, 12
MM, 12, 28, 12
MM, 12, 26, 12
MM, 12, 24, 24
MM, 12, 22, 12
MM, 12, 21, 14
MM, 13, 20, 12
MM, 13, 19, 12
MC, 1, 535
MC, 2, 171
MM, 13, 20, 147
MM, 13, 23, 12
MM, 411, 533, 12
MM, 31, 6, 12
MM, 421, 556, -3
MM, 0, 29, 27
MM, 0, 5, 12
MM, 4, 21, 12
MM, 8, 30, 12
MM, 54, 0, 12
MM, 55, 5, 14
MM, 56, 9, 12
MM, 57, 11, 11
MM, 57, 13, 13
MM, 58, 15, 12
MM, 59, 17, 12
MM, 59, 18, 12
MM, 59, 19, 12
MM, 59, 20, 12
MM, 60, 21, 24
MM, 60, 22, 25
MM, 60, 23, 49
MM, 60, 22, 147
MM, 60, 21, 12
MM, 60, 20, 12
MM, 61, 19, 25
MM, 61, 18, 25
MC, 1, 339
MM, 63, 18, 98
MM, 71, 18, 13
MM, 84, 18, 12
MM, 95, 18, 12
MM, 103, 18, 12
MM, 116, 18, 12
MM, 131, 18, 12
MM, 142, 18, 14
MM, 147, 18, 11
MM, 152, 17, 13
MM, 154, 16, 12
MM, 155, 16, 12
MM, 156, 16, 12
MM, 157, 16, 24
MM, 158, 15, 24
MM, 158, 14, 13
MM, 158, 13, 12
MM, 159, 13, 12
MM, 159, 12, 12
MM, 160, 11, 12
MM, 161, 10, 12
MM, 163, 9, 25
MM, 163, 8, 13
MM, 555, 619, 12
MM, 556, 616, 12
MM, 559, 614, 12
MM, 560, 612, 12
MM, 562, 611, 12
MM, 563, 609, 12
MM, 565, 608, 12
MM, 566, 607, 12
MM, 7, 30, 0
MM, 9, 29, 25
MM, 10, 28, 12
MM, 11, 27, 12
MM, 12, 26, 24
MM, 12, 25, 12
MM, 13, 24, 12
MM, 14, 23, 13
MM, 14, 22, 12
MM, 15, 21, 13
MC, 1, 366
MM, 13, 18, 61
MM, 8, 16, 12
MM, 1, 11, 13
MM, 32, 7, 12
MM, 19, 1, 12
MM, 520, 571, 12
MM, 509, 564, 12
MM, 31, 20, 12
MM, 25, 13, 12
MM, 21, 9, 13
MM, 18, 7, 12
MM, 14, 5, 12
MM, 12, 4, 13
MM, 10, 3, 12
MM, 9, 2, 12
MM, 9, 0, 12
MM, 479, 538, 24
MM, 478, 537, 12
MM, 477, 536, 13
MM, 475, 535, 12
MM, 474, 534, 12
MM, 472, 533, 12
MM, 31, 30, 12
MM, 29, 29, 12
MM, 26, 28, 13
MM, 23, 26, 11
MM, 21, 24, -3
MM, 17, 22, 29
MM, 16, 21, 11
MM, 15, 19, 12
MM, 14, 18, 25
MC, 1, 438
MM, 14, 19, 158
MM, 14, 21, 13
MM, 14, 27, 12
MM, 453, 538, 12
MM, 26, 8, 12
MM, 26, 14, 13
MM, 27, 23, 12
MM, 27, 30, 12
MM, 20, 2, 12
MM, 20, 8, 12
MM, 20, 15, 12
MM, 20, 18, 12
MM, 20, 22, 12
MM, 20, 25, 13
MM, 20, 27, 12
MM, 20, 28, 12
MM, 20, 29, 12
MM, 454, 607, 13
MM, 454, 608, 13
MM, 454, 609, 12
MM, 454, 611, 25
MM, 454, 612, 24
MM, 65, 0, 25
MM, 65, 1, 12
MM, 65, 2, 11
MM, 65, 3, 12
MM, 65, 5, 13
MM, 65, 6, 12
MM, 65, 7, 13
MM, 66, 8, 24
MM, 66, 9, 61
MM, 66, 10, 48
MM, 66, 11, 24
MM, 66, 12, 13
MM, 66, 13, 25
MM, 66, 14, 12
MM, 66, 15, 13
MM, 66, 16, 11
MM, 66, 17, 24
MM, 66, 18, 12
MM, 67, 18, 49
MC, 1, 328
MM, 69, 16, 413
MM, 72, 15, 27
MM, 75, 11, 12
MM, 80, 5, 12
MM, 476, 611, 12
MM, 9, 27, 12
MM, 13, 19, 12
MM, 15, 16, 13
MM, 18, 12, 12
MM, 19, 11, -4
MM, 19, 9, 29
MM, 20, 9, 12
MM, 19, 9, 318
MM, 18, 9, 36
MM, 17, 9, 24
MM, 17, 10, 13
MM, 17, 11, 24
MM, 18, 11, 98
MM, 19, 11, 12
MM, 20, 11, 12
MM, 21, 11, 12
MM, 22, 11, 24
MM, 25, 11, 13
MM, 29, 11, 12
MM, 34, 11, 12
MM, 513, 587, 12
MM, 515, 587, 11
MM, 1, 10, 13
MM, 2, 9, 12
MM, 3, 9, 12
MM, 3, 8, 12
MM, 3, 7, 12
MM, 3, 6, 12
MM, 4, 5, 12
MM, 4, 4, 14
MM, 5, 3, 12
MM, 5, 2, 12
MM, 6, 2, 12
MM, 6, 1, 24
MM, 7, 1, 12
MM, 524, 575, 13
MM, 524, 574, 12
MM, 524, 571, 12
MM, 13, 30, 12
MM, 9, 27, -2
MM, 3, 24, 26
MM, 34, 21, 12
MM, 25, 18, 13
MM, 20, 17, 12
MM, 15, 17, 12
MM, 13, 17, 13
MM, 11, 17, 12
MM, 10, 17, 12
MM, 10, 18, 36
MM, 10, 19, 13
MM, 10, 20, 12
MM, 10, 21, 12
MM, 10, 22, 24
MM, 10, 23, 62
MM, 8, 24, 48
MM, 5, 26, 12
MM, 1, 28, 12
MM, 466, 568, 12
MM, 461, 571, 13
MM, 458, 572, 11
MM, 455, 573, 13
MM, 455, 574, 25
MM, 455, 575, 12
MM, 21, 0, 24
MM, 21, 1, 37
MM, 21, 2, 11
MM, 24, 4, 13
MM, 29, 5, 12
MM, 32, 7, 12
MM, 471, 586, 13
MM, 0, 14, 12
MM, 4, 17, 12
MM, 7, 18, 12
MM, 8, 19, 12
MM, 9, 19, 13
MM, 10, 19, 12
MM, 11, 19, 12
MM, 12, 19, 13
MM, 13, 19, 12
MC, 1, 414
MM, 12, 18, 110
MM, 6, 14, 12
MM, 0, 7, 12
MM, 467, 571, 12
MM, 31, 20, 12
MM, 27, 11, 13
MM, 21, 3, 12
MM, 445, 537, 12
MM, 5, 30, 12
MM, 4, 28, 12
MM, 2, 25, 13
MM, 1, 24, 24
MM, 0, 24, 24
MM, 438, 525, 13
MM, 437, 525, 24
MM, 436, 525, 12
MM, 436, 524, 12
MM, 435, 524, 12
MM, 434, 524, 12
MM, 434, 523, 12
MM, 433, 523, 13
MM, 34, 21, 37
MM, 32, 21, 12
MM, 30, 21, 12
MM, 28, 21, 12
MM, 26, 21, 12
MM, 24, 21, 13
MM, 22, 21, 12
MM, 21, 21, 12
MM, 20, 20, 12
MM, 19, 20, 12
MM, 18, 19, 12
MM, 18, 18, 25
MC, 1, 328
MM, 16, 18, 37
MM, 12, 18, 13
MM, 7, 20, 13
MM, 3, 21, 12
MM, 396, 526, 13
MM, 393, 529, 11
MM, 387, 534, 12
MM, 383, 540, 13
MM, 33, 7, 12
MM, 26, 11, 12
MM, 19, 16, 12
MM, 13, 18, 12
MM, 11, 19, 12
MM, 9, 20, 13
MM, 8, 20, 12
MM, 7, 21, 13
MC, 1, 461
MM, 10, 21, 135
MM, 18, 21, 12
MM, 29, 23, 12
MM, 2, 26, 12
MM, 408, 571, 12
MM, 430, 578, 13
MM, 14, 7, 12
MM, 27, 12, 13
MM, 471, 591, 12
MM, 5, 17, 12
MM, 13, 18, 12
MM, 29, 20, 12
MM, 512, 596, 12
MM, 2, 21, 12
MM, 6, 21, 13
MM, 9, 23, 12
MM, 10, 23, 12
MM, 11, 23, 12
MM, 12, 23, 49
MM, 13, 23, -4
MM, 14, 23, 28
MM, 15, 23, 12
MM, 17, 24, 12
MM, 18, 24, 12
MM, 19, 24, 26
MM, 20, 24, 24
MM, 21, 24, 12
MM, 22, 24, 12
MC, 1, 362
MM, 20, 27, 65
MM, 533, 608, 12
MM, 139, 1, 13
MM, 136, 5, 12
MM, 134, 7, 12
MM, 132, 9, 13
MM, 130, 11, 11
MM, 128, 12, 12
MM, 126, 15, 12
MM, 125, 16, 13
MM, 123, 17, 12
MM, 121, 17, 12
MM, 120, 17, 12
MM, 119, 18, 13
MM, 118, 18, 11
MM, 118, 19, 12
MC, 1, 354
MM, 117, 19, 73
MM, 115, 19, 12
MM, 112, 16, 13
MM, 108, 12, 13
MM, 102, 8, 11
MM, 99, 4, 12
MM, 93, 0, 12
MM, 470, 610, 12
MM, 21, 28, 13
MM, 5, 23, 12
MM, 430, 598, 12
MM, 32, 20, 13
MM, 27, 18, 12
MM, 22, 15, 12
MM, 18, 14, 12
MM, 13, 11, 12
MM, 6, 8, 13
MM, 2, 5, 12
MM, 386, 578, 12
MM, 382, 574, -4
MM, 378, 572, 28
MM, 32, 30, 12
MM, 31, 28, 12
MM, 30, 26, 12
MM, 30, 25, 12
MM, 29, 25, 50
MM, 28, 25, 12
MM, 28, 24, 12
MM, 27, 24, 12
MM, 27, 23, 12
MM, 26, 23, 12
MM, 25, 22, 12
MM, 25, 21, 24
MM, 24, 20, -2
MM, 23, 19, 39
MM, 23, 18, 36
MC, 1, 343
MM, 24, 18, 110
MM, 26, 20, 12
MM, 28, 22, 12
MM, 30, 24, 12
MM, 32, 26, 12
MM, 379, 566, 12
MM, 379, 567, 12
MM, 383, 568, 12
MM, 0, 30, 14
MM, 388, 570, 12
MM, 390, 571, 12
MM, 393, 573, 12
MM, 395, 574, 12
MM, 397, 575, 12
MM, 7, 0, 12
MM, 7, 1, 12
MM, 8, 2, 12
MM, 8, 3, 13
MM, 9, 3, 12
MM, 9, 4, 12
MM, 9, 5, 12
MM, 10, 5, 24
MM, 10, 6, 13
MM, 11, 7, 49
MM, 12, 8, 12
MM, 13, 8, 86
MM, 14, 9, 24
MM, 15, 9, 24
MM, 18, 11, 12
MC, 1, 328
MM, 25, 10, 111
MM, 428, 576, 12
MM, 16, 18, 12
MM, 461, 537, 12
MM, 6, 15, 13
MM, 23, 4, 11
MM, 519, 496, 12
MM, 6, 25, 13
MM, 12, 21, 12
MM, 14, 18, 12
MM, 15, 18, 12
MM, 15, 17, 14
MM, 15, 16, 12
MM, 16, 15, 12
MM, 15, 15, 171
MM, 14, 16, 12
MM, 12, 17, 12
MM, 9, 18, 12
MM, 7, 19, 13
MM, 4, 21, 11
MM, 1, 23, 12
MM, 519, 490, 12
MM, 517, 491, 13
MM, 34, 28, 13
MM, 512, 496, -4
MM, 511, 497, 28
MM, 510, 497, 12
MM, 509, 497, 12
MM, 509, 498, 12
MM, 508, 498, 146
MM, 508, 499, 10
MM, 508, 500, 27
MM, 508, 501, 12
MM, 26, 0, 12
MM, 26, 1, 13
MM, 25, 2, 12
MM, 25, 4, 12
MM, 24, 5, 12
MM, 23, 6, 9
MM, 22, 6, 27
MM, 22, 7, 12
MM, 21, 7, 12
MM, 20, 8, 13
MM, 19, 8, 12
MC, 1, 377
MM, 20, 8, 123
MM, 27, 8, 12
MM, 519, 510, 12
MM, 7, 8, 12
MM, 16, 8, -4
MM, 24, 8, 28
MM, 33, 8, 12
MM, 563, 510, 13
MM, 3, 8, 13
MM, 6, 8, -4
MM, 8, 8, 28
MM, 10, 8, 12
MM, 11, 8, 12
MM, 12, 8, 25
MM, 13, 8, 12
MM, 14, 8, 12
MM, 15, 8, 12
MM, 16, 8, 25
MM, 17, 8, 12
MM, 18, 8, 24
MM, 19, 8, 26
MM, 20, 8, 12
MM, 21, 8, 12
MM, 22, 8, 24
MM, 24, 8, 12
MM, 26, 8, 12
MM, 30, 8, 12
MM, 35, 8, 13
MM, 602, 510, 12
MM, 605, 510, 12
MM, 0, 8, 12
MM, 2, 8, -3
MM, 3, 8, 27
MM, 4, 8, 12
MM, 5, 9, 12
MM, 6, 9, 13
MM, 7, 9, 12
MM, 8, 9, 12
MM, 9, 9, 21
MM, 11, 9, 52
MC, 1, 329
MM, 10, 11, 97
MM, 6, 14, 13
MM, 2, 18, 12
MM, 605, 525, 13
MM, 602, 536, 12
MM, 0, 7, 12
MM, 594, 555, 13
MM, 591, 560, 11
MM, 35, 25, 12
MM, 33, 28, 12
MM, 586, 570, 12
MM, 583, 571, 12
MM, 582, 573, 12
MM, 581, 574, 25
MM, 580, 574, 24
MM, 580, 575, 49
MM, 19, 0, 58
MM, 17, 0, 29
MM, 15, 1, 11
MM, 12, 1, 16
MM, 9, 1, 8
MM, 6, 2, 12
MM, 3, 3, 12
MM, 1, 4, 12
MM, 559, 580, 12
MM, 558, 581, 13
MM, 556, 583, 12
MM, 555, 583, 12
MM, 554, 584, 12
MM, 36, 9, 13
MM, 36, 10, 13
MM, 35, 10, 12
MM, 34, 11, 12
MM, 33, 11, 12
MM, 32, 12, -4
MM, 31, 12, 28
MM, 30, 12, 12
MM, 29, 13, 13
MM, 28, 13, 12
MM, 27, 13, 12
MM, 26, 13, 12
MM, 25, 13, 13
MM, 24, 13, 25
MM, 23, 13, 12
MM, 22, 13, 12
MC, 1, 353
MM, 22, 11, 98
MM, 22, 8, 13
MM, 21, 4, 11
MM, 21, 1, 13
MM, 537, 575, 11
MM, 537, 573, 13
MM, 535, 571, 12
MM, 535, 570, 12
MM, 24, 30, 12
MM, 24, 29, 13
MM, 24, 28, 24
MM, 23, 27, 36
MM, 23, 26, 13
MM, 23, 25, 25
MM, 23, 24, 12
MM, 22, 23, 24
MM, 22, 21, 73
MM, 22, 19, 24
MC, 1, 341
MM, 21, 19, 49
MM, 20, 19, 12
MM, 18, 19, 12
MM, 16, 21, 12
MM, 15, 22, 12
MM, 12, 24, 12
MM, 9, 28, 13
MM, 518, 570, 12
MM, 515, 574, 12
MM, 514, 579, 13
MM, 512, 582, 12
MM, 34, 11, 12
MM, 32, 15, 13
MM, 31, 17, 12
MM, 30, 19, 12
MM, 28, 23, 12
MM, 27, 25, 13
MM, 26, 27, 13
MM, 500, 607, 11
MM, 499, 610, 13
MM, 498, 612, 12
MM, 107, 3, 12
MM, 106, 6, 13
MM, 106, 8, 11
MM, 104, 11, 12
MM, 103, 13, 12
MM, 103, 15, 13
MM, 102, 16, 12
MM, 104, 12, 219
MM, 106, 10, 12
MM, 107, 9, 12
MM, 108, 9, 13
MM, 110, 7, 353
MM, 111, 5, 12
MM, 112, 1, 12
MM, 503, 612, 12
MM, 503, 611, 13
MM, 503, 609, 12
MM, 504, 608, 11
MM, 504, 609, 184
MM, 503, 610, 25
MM, 503, 611, 12
MM, 502, 611, 12
MM, 502, 612, 12
MM, 112, 0, 12
MM, 111, 1, 13
MM, 111, 2, 11
MM, 110, 2, 12
MM, 110, 3, 13
MM, 109, 5, 12
MM, 108, 8, 12
MM, 107, 8, 12
MM, 107, 9, 12
MM, 106, 9, 12
MC, 1, 391
MM, 108, 7, 195
MM, 112, 4, 13
MM, 506, 611, 12
MM, 511, 600, 12
MM, 514, 591, -4
MM, 515, 582, 28
MM, 0, 1, 12
MM, 518, 573, 12
MM, 518, 571, 12
MM, 519, 570, 12
MM, 8, 30, 12
MM, 8, 29, 14
MM, 8, 28, 24
MM, 9, 28, 12
MM, 10, 26, 48
MM, 10, 25, 13
MM, 10, 24, 24
MM, 10, 23, 48
MM, 10, 22, 13
MM, 10, 21, 12
MM, 10, 20, 13
MM, 10, 18, 24
MM, 10, 16, 12
MM, 10, 15, 13
MM, 10, 13, 11
MM, 11, 12, 12
MM, 11, 11, 12
MM, 12, 10, -2
MC, 1, 344
MM, 14, 10, 195
MM, 18, 9, 13
MM, 22, 9, 11
MM, 29, 7, 13
MM, 36, 5, 12
MM, 1, 1, 12
MM, 564, 535, 13
MM, 9, 30, 12
MM, 25, 23, 12
MM, 36, 18, 12
MM, 1, 14, 13
MM, 6, 9, 12
MM, 10, 8, 11
MM, 12, 6, 13
MM, 14, 5, 12
MM, 17, 4, 12
MM, 17, 3, 13
MM, 18, 3, 11
MM, 18, 2, 12
MM, 19, 2, 13
MM, 19, 1, 25
MM, 20, 1, 36
MM, 21, 0, 12
MM, 629, 501, 12
MM, 630, 501, 14
MM, 632, 501, 10
MM, 633, 500, 12
MM, 635, 500, 12
MM, 637, 500, 12
MM, 638, 500, 13
MM, 639, 500, 12
MM, 640, 500, 25
MM, 642, 500, 12
MM, 643, 500, 12
MM, 645, 501, 13
MM, 2, 0, -3
MM, 3, 1, 27
MM, 4, 2, 12
MM, 5, 3, 24
MM, 5, 4, 24
MM, 6, 4, 12
MM, 7, 5, 13
MM, 7, 6, 12
MM, 8, 7, 12
MM, 9, 7, 12
MM, 9, 8, 12
MM, 10, 9, 12
MM, 10, 10, 13
MM, 11, 12, 13
MM, 12, 13, 12
MM, 13, 14, 12
MM, 14, 15, 13
MM, 17, 16, 11
MC, 1, 389
MC, 2, 172
MM, 16, 16, 133
MM, 11, 16, 14
MM, 3, 16, 12
MM, 19, 18, 13
MM, 0, 21, 12
MM, 21, 27, 11
MM, 548, 535, 13
MM, 8, 0, 12
MM, 30, 4, 12
MM, 19, 7, 12
MM, 10, 7, 12
MM, 469, 546, 12
MM, 33, 9, 12
MM, 25, 9, 13
MM, 18, 9, 12
MM, 13, 10, 12
MM, 10, 10, 12
MM, 8, 10, 12
MM, 6, 10, 12
MM, 5, 10, 13
MM, 4, 10, 38
MM, 5, 9, 181
MM, 6, 9, 25
MM, 7, 9, 24
MM, 8, 9, 37
MM, 10, 9, 36
MM, 11, 9, 13
MC, 1, 376
MM, 11, 10, 135
MM, 11, 15, 12
MM, 11, 19, 12
MM, 11, 24, 13
MM, 11, 28, 11
MM, 438, 571, 13
MM, 438, 575, 12
MM, 5, 2, 12
MM, 6, 5, 12
MM, 7, 7, 13
MM, 9, 9, 12
MM, 10, 11, 12
MM, 10, 13, 12
MM, 11, 14, 12
MM, 11, 16, 13
MM, 11, 18, 12
MM, 11, 19, -4
MM, 11, 21, 28
MM, 11, 23, 12
MM, 11, 25, 12
MM, 11, 26, 12
MM, 12, 28, 12
MM, 12, 29, 12
MM, 446, 608, 36
MM, 446, 609, 38
MM, 446, 610, 62
MM, 446, 611, -4
MM, 447, 612, 29
MM, 57, 1, 12
MM, 57, 2, 12
MM, 57, 3, 13
MM, 58, 4, 11
MM, 58, 5, 12
MM, 58, 6, 13
MM, 58, 8, 12
MM, 58, 9, 12
MM, 59, 9, 24
MM, 60, 10, 36
MM, 60, 11, 13
MM, 61, 13, 12
MM, 62, 15, 12
MM, 63, 19, -4
MM, 65, 22, 28
MC, 1, 329
MM, 61, 8, 147
MM, 7, 22, 12
MM, 429, 574, 12
MM, 34, 19, 12
MM, 23, 1, 12
MM, 4, 23, 12
MM, 396, 509, 13
MM, 391, 498, 12
MM, 388, 488, 11
MM, 387, 485, 12
MM, 34, 16, 12
MM, 34, 14, 13
MM, 33, 14, 12
MM, 33, 13, 13
MM, 33, 12, 37
MM, 34, 13, 170
MM, 388, 480, 12
MM, 0, 17, 12
MM, 7, 21, -2
MM, 11, 25, 27
MM, 13, 27, 12
MM, 16, 29, 12
MM, 408, 497, 12
MM, 408, 498, 12
MM, 409, 500, 12
MM, 12, 0, 13
MM, 13, 0, 13
MM, 13, 1, 12
MM, 13, 2, 24
MM, 13, 3, 12
MM, 13, 4, 12
MM, 13, 5, 49
MC, 1, 414
MM, 14, 5, 111
MM, 17, 7, 12
MM, 23, 11, 12
MM, 29, 17, 12
MM, 437, 527, 12
MM, 460, 537, 12
MM, 10, 7, 12
MM, 25, 14, 13
MM, 505, 559, 12
MM, 0, 24, 12
MM, 2, 27, 12
MM, 3, 27, 12
MM, 5, 28, 13
MM, 6, 29, 12
MM, 6, 30, 12
MM, 7, 30, 12
MM, 519, 570, 12
MM, 519, 571, 13
MM, 519, 572, 11
MM, 520, 573, 12
MM, 521, 574, 13
MM, 522, 575, 11
MM, 6, 1, 13
MM, 7, 2, 13
MM, 7, 3, 25
MM, 8, 3, 11
MM, 9, 3, 45
MM, 9, 5, 29
MM, 11, 7, 12
MM, 12, 7, 12
MM, 13, 9, 12
MM, 15, 11, 13
MM, 16, 11, 12
MM, 17, 11, 12
MM, 18, 12, 12
MC, 1, 377
MM, 25, 11, 148
MM, 556, 578, 12
MM, 18, 29, 12
MM, 30, 20, 12
MM, 2, 12, 12
MM, 18, 5, 12
MM, 630, 538, 12
MM, 640, 535, 12
MM, 645, 534, 14
MM, 648, 533, 12
MM, 5, 30, 12
MM, 6, 29, 12
MM, 7, 29, 12
MM, 8, 28, 24
MM, 9, 28, 12
MM, 10, 27, 12
MM, 10, 26, 25
MM, 11, 26, 12
MM, 12, 25, 12
MM, 13, 24, 12
MM, 14, 22, 12
MM, 15, 21, 12
MM, 16, 21, 25
MM, 16, 20, 13
MM, 16, 19, 84
MC, 1, 366
MM, 15, 19, 24
MM, 13, 19, 12
MM, 10, 19, 12
MM, 6, 19, 12
MM, 3, 19, 14
MM, 1, 19, 12
MM, 643, 521, 12
MM, 642, 521, 12
MM, 641, 521, 12
MM, 639, 521, 12
MM, 638, 521, 13
MM, 29, 19, 12
MM, 27, 19, 12
MM, 25, 19, 12
MM, 23, 19, 12
MM, 21, 19, 12
MM, 17, 19, 12
MM, 15, 19, 12
MM, 13, 19, 12
MM, 11, 19, 12
MM, 10, 19, 13
MM, 8, 19, 12
MM, 7, 19, 24
MM, 6, 19, 13
MM, 5, 18, -3
MM, 4, 18, 27
MM, 3, 18, 12
MM, 2, 17, 13
MM, 0, 17, 12
MM, 605, 519, 12
MM, 603, 519, 12
MM, 601, 519, 12
MM, 35, 16, 12
MM, 34, 16, 12
MM, 33, 16, 12
MM, 32, 16, 12
MM, 30, 16, 13
MM, 29, 16, 10
MM, 27, 16, 27
MM, 26, 16, 12
MM, 25, 16, 12
MM, 25, 15, 13
MM, 24, 15, 12
MM, 23, 15, 12
MM, 22, 15, 25
MM, 21, 15, 25
MC, 1, 364
MM, 20, 15, 49
MM, 19, 15, 12
MM, 18, 15, 12
MM, 16, 15, 13
MM, 14, 17, 12
MM, 11, 17, 13
MM, 5, 19, 12
MM, 1, 20, 12
MM, 34, 23, 12
MM, 31, 26, 13
MM, 28, 28, 12
MM, 26, 30, 12
MM, 548, 533, 12
MM, 547, 534, 12
MM, 545, 536, 12
MM, 545, 537, 12
MM, 544, 538, 12
MM, 32, 0, 12
MM, 31, 1, 50
MM, 30, 2, 24
MM, 29, 2, 24
MM, 28, 3, 12
MM, 27, 3, 13
MM, 26, 4, 12
MM, 25, 5, 24
MM, 24, 6, 12
MM, 22, 7, 12
MM, 20, 8, 12
MM, 18, 9, 13
MM, 17, 9, 12
MM, 16, 9, 12
MC, 1, 341
MM, 19, 9, 160
MM, 22, 9, 12
MM, 27, 11, 12
MM, 35, 13, 13
MM, 549, 554, 11
MM, 553, 555, 13
MM, 2, 17, 12
MM, 4, 18, 13
MM, 5, 18, 14
MM, 6, 18, 10
MM, 8, 18, 12
MM, 9, 18, 12
MM, 11, 18, 12
MM, 12, 18, 12
MM, 13, 18, 13
MM, 15, 19, 12
MM, 16, 19, 12
MM, 18, 19, 12
MM, 19, 19, 12
MM, 20, 19, 12
MM, 24, 19, 12
MC, 1, 329
MM, 23, 21, 74
MM, 19, 24, 12
MM, 14, 28, 13
MM, 564, 570, 12
MM, 562, 573, 12
MM, 558, 575, 12
MM, 556, 579, 12
MM, 36, 5, 12
MM, 34, 7, -3
MM, 33, 8, 27
MM, 31, 9, 12
MM, 29, 11, 12
MM, 28, 12, 12
MM, 26, 14, 13
MM, 24, 14, 12
MM, 23, 17, 12
MM, 21, 18, 12
MM, 20, 19, -2
MM, 18, 21, 27
MM, 16, 22, 12
MM, 13, 23, 13
MM, 12, 24, 12
MM, 12, 25, 24
MM, 11, 25, 12
MM, 9, 26, 36
MM, 9, 28, 13
MM, 6, 30, 12
MM, 522, 608, 12
MM, 522, 610, 12
MM, 521, 611, 13
MM, 520, 612, 12
MM, 129, 1, 12
MM, 129, 2, 12
MM, 129, 3, 12
MM, 128, 4, 12
MM, 127, 5, 25
MM, 126, 5, 24
MM, 126, 6, 12
MM, 125, 7, 24
MM, 124, 8, 36
MC, 1, 356
MM, 124, 7, 256
MM, 124, 5, 12
MM, 124, 2, -3
MM, 514, 608, 27
MM, 514, 600, 13
MM, 514, 589, 11
MM, 514, 582, 12
MM, 514, 578, 13
MM, 514, 573, 12
MM, 514, 571, 12
MM, 2, 28, 12
MM, 2, 25, 12
MM, 1, 23, 12
MM, 1, 19, 12
MM, 0, 16, 12
MM, 509, 550, 12
MM, 508, 546, 13
MM, 507, 544, 12
MM, 507, 542, 12
MM, 506, 541, 13
MM, 506, 539, 12
MM, 506, 538, 12
MM, 505, 536, 12
MM, 505, 535, 12
MM, 504, 535, 13
MM, 504, 534, 11
MM, 504, 533, 13
MM, 22, 30, 12
MM, 21, 29, 12
MM, 21, 28, 12
MM, 21, 27, 12
MM, 20, 25, 12
MM, 20, 24, 13
MM, 19, 23, 25
MM, 19, 22, 24
MM, 19, 21, 48
MM, 18, 21, 37
MM, 17, 21, 24
MC, 1, 378
MM, 21, 21, 111
MM, 34, 21, 12
MM, 12, 21, 12
MM, 11, 17, 13
MM, 6, 10, 12
MM, 25, 6, 12
MM, 1, 3, 11
MM, 8, 2, 13
MM, 15, 2, 12
MM, 17, 2, 12
MM, 19, 2, 13
MM, 20, 2, 12
MM, 22, 2, 12
MM, 23, 2, 12
MM, 24, 2, 12
MM, 25, 2, 146
MM, 25, 4, 49
MM, 25, 5, 13
MM, 25, 7, 12
MM, 25, 9, 12
MM, 25, 12, 12
MM, 24, 14, 25
MM, 24, 15, 12
MM, 23, 15, 12
MM, 23, 16, 12
MC, 1, 365
MM, 19, 18, 111
MM, 3, 29, 12
MM, 27, 4, 12
MM, 9, 13, 12
MM, 32, 22, 12
MM, 561, 570, 12
MM, 17, 3, 12
MM, 514, 586, 12
MM, 28, 15, 12
MM, 19, 19, 12
MM, 11, 24, 12
MM, 5, 30, 12
MM, 478, 609, 12
MM, 476, 612, 13
MM, 83, 1, 13
MM, 83, 2, 12
MM, 82, 3, 12
MM, 81, 5, 12
MM, 79, 7, 12
MM, 78, 9, 12
MM, 76, 10, 12
MM, 76, 11, 12
MM, 75, 11, 13
MM, 73, 12, 24
MM, 71, 13, 12
MM, 68, 15, 13
MM, 66, 17, 12
MM, 65, 17, 12
MM, 64, 18, 12
MM, 64, 19, 63
MM, 63, 20, 25
MC, 1, 375
MM, 66, 20, 87
MM, 83, 15, 11
MM, 105, 13, 13
MM, 126, 11, 12
MM, 156, 9, 12
MM, 565, 621, 12
MM, 576, 621, 12
MM, 579, 621, 12
MM, 583, 621, 13
MM, 583, 620, 13
MM, 584, 619, 12
MM, 585, 619, 12
MM, 585, 618, 12
MM, 586, 618, 12
MM, 586, 617, 12
MM, 586, 616, 85
MM, 586, 615, 50
MM, 586, 614, 24
MM, 587, 613, 12
MM, 587, 612, 11
MM, 587, 610, 13
MM, 587, 607, 12
MM, 27, 29, 12
MM, 27, 27, 12
MM, 27, 24, 13
MM, 27, 21, 12
MM, 27, 19, 12
MM, 27, 17, 10
MM, 27, 16, 27
MM, 27, 15, 12
MM, 27, 14, 12
MM, 27, 13, 12
MM, 27, 11, 13
MM, 26, 9, 11
MM, 26, 7, 13
MM, 25, 5, 12
MM, 25, 3, -4
MM, 24, 2, 28
MM, 23, 2, 24
MC, 1, 342
MM, 20, 2, 217
MM, 17, 2, 28
MM, 13, 2, 12
MM, 10, 2, 12
MM, 6, 3, 12
MM, 4, 4, 12
MM, 2, 5, 12
MM, 1, 6, 13
MM, 559, 584, 12
MM, 558, 585, 24
MM, 558, 586, 36
MM, 558, 587, 37
MM, 558, 586, 292
MM, 559, 586, -2
MM, 0, 10, 39
MM, 1, 10, 25
MM, 2, 10, 12
MM, 3, 10, 24
MM, 4, 10, 13
MM, 5, 10, 12
MM, 7, 10, 12
MM, 8, 10, 12
MM, 9, 10, 12
MM, 10, 10, 12
MM, 11, 10, 24
MM, 10, 10, 97
MM, 2, 10, 38
MM, 557, 585, 12
MM, 13, 3, 12
MM, 21, 30, 12
MM, 381, 550, 25
MM, 9, 7, -4
MM, 53, 3, 28
MM, 36, 0, 12
MM, 303, 537, 12
MM, 296, 536, 12
MM, 292, 536, 12
MM, 291, 536, 12
MM, 292, 536, 37
MM, 293, 536, 12
MM, 295, 536, 13
MM, 296, 536, 73
MM, 297, 536, 25
MM, 298, 537, 24
MM, 300, 537, 12
MM, 302, 538, 12
MM, 23, 0, 12
MM, 24, 1, 12
MM, 26, 2, 12
MM, 27, 2, -3
MM, 29, 3, 28
MM, 31, 3, 12
MM, 33, 5, 12
MM, 39, 5, 13
MM, 44, 6, 12
MM, 49, 7, 13
MM, 54, 7, 12
MM, 56, 9, 12
MM, 340, 551, 12
MM, 342, 552, 12
MM, 343, 553, 12
MM, 1, 14, 12
MM, 2, 15, 12
MM, 3, 15, 13
MC, 1, 389
MM, 7, 15, 135
MM, 17, 15, 12
MM, 34, 15, 12
MM, 16, 15, 12
MM, 13, 15, 13
MM, 466, 554, 11
MM, 22, 15, 25
MM, 28, 15, 13
MM, 33, 15, 12
MM, 508, 554, 12
MM, 3, 15, 11
MM, 14, 15, 13
MM, 23, 16, 12
MM, 30, 16, 12
MM, 34, 16, 12
MM, 548, 555, 12
MM, 550, 555, 12
MM, 552, 555, 12
MM, 0, 16, 12
MM, 3, 16, 13
MM, 5, 16, 12
MM, 9, 16, 12
MM, 12, 16, 12
MM, 15, 16, 13
MM, 20, 16, 12
MM, 24, 16, 12
MM, 28, 16, 13
MM, 33, 16, 12
MM, 591, 555, 12
MM, 595, 555, 12
MM, 2, 16, 12
MM, 4, 16, 12
MM, 9, 16, 12
MM, 15, 16, -2
MM, 26, 16, 27
MM, 632, 555, 12
MM, 1, 16, 12
MM, 6, 16, 12
MM, 9, 16, 12
MM, 11, 16, 12
MM, 15, 16, 12
MM, 17, 16, 13
MM, 18, 16, 12
MC, 1, 427
MM, 16, 16, 135
MM, 8, 16, 13
MM, 636, 555, 12
MM, 30, 13, 13
MM, 16, 10, 11
MM, 35, 6, 12
MM, 16, 2, 13
MM, 555, 536, 11
MM, 541, 535, 13
MM, 530, 533, -4
MM, 517, 531, 27
MM, 22, 28, 13
MM, 12, 28, 12
MM, 5, 28, 12
MM, 480, 530, 12
MM, 35, 28, 12
MM, 31, 28, 12
MM, 27, 28, 12
MM, 23, 25, 13
MM, 19, 24, 13
MM, 16, 23, 12
MM, 12, 22, 12
MM, 10, 22, 12
MM, 7, 22, 12
MM, 3, 21, 12
MM, 1, 21, 12
MM, 438, 523, 13
MM, 437, 523, -3
MM, 435, 523, 39
MM, 434, 523, 12
MM, 35, 21, 12
MM, 33, 21, 12
MM, 32, 21, 12
MM, 31, 20, 13
MM, 29, 19, 12
MM, 28, 18, -4
MM, 26, 17, 28
MM, 24, 16, 12
MM, 23, 16, 13
MM, 22, 15, 12
MM, 21, 14, 12
MM, 20, 14, 13
MM, 20, 13, 24
MC, 1, 316
MM, 20, 14, 99
MM, 20, 17, 13
MM, 20, 21, 12
MM, 20, 24, 12
MM, 23, 29, 12
MM, 423, 537, 12
MM, 425, 544, 12
MM, 1, 14, 12
MM, 6, 24, -4
MM, 436, 570, 29
MM, 8, 0, 12
MM, 10, 3, 12
MM, 16, 7, 13
MM, 18, 9, 11
MM, 21, 11, 13
MM, 24, 13, 12
MM, 25, 15, 12
MM, 27, 17, -3
MM, 28, 18, 27
MM, 29, 20, 13
MM, 30, 22, 11
MM, 31, 25, 12
MM, 32, 25, 13
MM, 32, 27, 12
MM, 33, 28, 13
MM, 33, 29, 12
MM, 34, 30, 12
MM, 468, 608, 12
MM, 469, 609, 12
MM, 469, 610, 12
MM, 469, 612, 12
MM, 80, 0, -2
MM, 81, 2, 27
MM, 82, 4, 12
MM, 83, 6, 12
MM, 84, 7, 12
MM, 85, 8, 12
MM, 86, 9, 13
MM, 87, 11, 12
MM, 90, 13, 9
MM, 92, 14, 40
MM, 93, 15, 12
MM, 95, 16, 12
MM, 98, 19, 12
MC, 1, 353
MM, 111, 13, 135
MM, 526, 610, 12
MM, 33, 12, 12
MM, 569, 573, 12
MM, 32, 23, 12
MM, 9, 14, 12
MM, 23, 7, 12
MM, 631, 540, 12
MM, 637, 537, 12
MM, 640, 533, 12
MM, 643, 531, 13
MM, 1, 25, 13
MM, 2, 22, 12
MM, 4, 15, 12
MM, 7, 6, -3
MM, 652, 501, 27
MM, 11, 29, 12
MM, 13, 25, 12
MM, 16, 22, 12
MM, 18, 19, 13
MM, 18, 18, 12
MM, 17, 18, 98
MM, 16, 18, 25
MM, 14, 18, 12
MM, 14, 20, 12
MM, 13, 21, 12
MM, 11, 22, 12
MM, 10, 24, 13
MM, 7, 28, 11
MM, 645, 497, -2
MM, 30, 1, 28
MM, 23, 4, 12
MM, 20, 7, 12
MM, 16, 9, 12
MM, 14, 10, 12
MM, 13, 11, 12
MM, 11, 11, 12
MM, 9, 12, 12
MM, 8, 12, 12
MM, 6, 12, 12
MM, 4, 13, 12
MM, 2, 13, 13
MM, 605, 515, 12
MM, 601, 515, 12
MM, 32, 15, 12
MM, 28, 15, 12
MM, 25, 15, 14
MM, 21, 15, 11
MM, 19, 16, 13
MM, 17, 16, 12
MM, 16, 17, 12
MM, 14, 17, 12
MM, 13, 17, 12
MM, 12, 17, 24
MC, 1, 439
MM, 11, 17, 85
MM, 4, 18, 12
MM, 34, 19, 13
MM, 25, 21, 12
MM, 14, 24, 12
MM, 5, 26, 12
MM, 33, 27, 12
MM, 495, 535, 13
MM, 476, 536, 12
MM, 34, 1, -3
MM, 18, 4, 27
MM, 1, 8, 13
MM, 24, 9, 12
MM, 13, 13, 12
MM, 4, 14, 12
MM, 382, 554, 12
MM, 33, 17, 12
MM, 29, 18, 13
MM, 27, 19, 11
MM, 25, 20, 13
MM, 23, 20, 12
MM, 22, 20, 13
MM, 21, 20, 11
MM, 20, 20, 37
MM, 21, 20, 147
MM, 23, 20, 12
MM, 28, 20, 12
MM, 380, 559, 13
MM, 3, 20, -3
MM, 8, 20, 27
MM, 15, 20, 12
MM, 18, 20, 12
MM, 20, 20, 12
MM, 22, 20, 12
MM, 24, 20, 13
MM, 25, 20, 12
MM, 26, 20, 74
MC, 1, 315
MM, 28, 20, 98
MM, 30, 21, 13
MM, 35, 24, 12
MM, 424, 566, -3
MM, 429, 571, 27
MM, 0, 0, 12
MM, 4, 6, 13
MM, 7, 13, 11
MM, 8, 18, 12
MM, 10, 21, 13
MM, 12, 25, 12
MM, 12, 26, 13
MM, 13, 28, 12
MM, 14, 29, 12
MM, 15, 30, 12
MM, 449, 607, 12
MM, 450, 608, 12
MM, 451, 608, 12
MM, 452, 609, 12
MM, 453, 610, 13
MM, 454, 611, 12
MM, 455, 611, -4
MM, 455, 612, 28
MM, 66, 0, 36
MM, 67, 1, 38
MM, 67, 2, 24
MM, 67, 3, 25
MM, 68, 4, 12
MM, 69, 4, 12
MM, 70, 5, -4
MM, 71, 7, 28
MM, 72, 7, 12
MM, 73, 9, 12
MM, 74, 10, 12
MM, 75, 11, 12
MM, 76, 12, 13
MM, 77, 14, 12
MM, 79, 18, 12
MC, 1, 403
MM, 83, 18, 135
MM, 89, 16, 12
MM, 116, 4, 12
MM, 36, 13, 12
MM, 586, 570, 13
MM, 632, 551, 11
MM, 676, 536, 12
MM, 9, 25, -3
MM, 22, 16, 28
MM, 30, 10, 12
MM, 723, 508, 12
MM, 726, 507, 12
MM, 730, 506, 12
MM, 735, 504, 12
MM, 738, 504, 12
MM, 743, 504, 13
MM, 748, 504, 12
MM, 751, 504, 13
MM, 755, 504, 11
MM, 757, 504, 12
MM, 757, 505, 13
MM, 758, 505, 12
MM, 758, 506, 13
MM, 758, 507, 23
MM, 758, 508, 12
MM, 758, 510, 26
MM, 758, 512, 12
MM, 756, 513, 12
MM, 754, 516, 12
MM, 752, 517, 12
MM, 749, 518, 12
MM, 747, 520, 12
MM, 745, 522, 12
MM, 743, 525, 12
MM, 740, 527, 13
MM, 738, 531, 12
MM, 737, 533, 12
MM, 734, 536, 12
MM, 733, 538, 12
MM, 731, 540, 14
MM, 730, 540, 12
MM, 729, 541, 12
MM, 728, 542, 12
MM, 728, 543, 12
MM, 727, 544, 12
MM, 726, 545, 13
MM, 724, 546, 12
MM, 722, 547, 12
MM, 719, 548, 12
MM, 718, 548, 12
MM, 716, 549, 12
MM, 715, 550, 24
MM, 714, 550, 12
MM, 33, 12, 12
MM, 32, 12, -3
MM, 31, 12, 28
MM, 30, 12, 12
MM, 29, 12, 12
MM, 28, 12, 12
MM, 27, 12, 13
MM, 26, 13, 12
MM, 24, 13, 12
MM, 22, 13, 12
MM, 21, 13, 12
MM, 19, 14, 12
MC, 1, 391
MM, 15, 14, 110
MM, 8, 14, 13
MM, 678, 555, 12
MM, 20, 16, 12
MM, 631, 556, 12
MM, 6, 19, 12
MM, 0, 22, 12
MM, 3, 24, 12
MM, 21, 26, 12
MM, 1, 28, 12
MM, 454, 570, 12
MM, 439, 570, 12
MM, 424, 570, 13
MM, 418, 570, 12
MM, 411, 572, 12
MM, 404, 573, 13
MM, 399, 574, 12
MM, 395, 574, 13
MM, 1, 0, 12
MM, 388, 576, 12
MM, 386, 576, 12
MM, 34, 0, 12
MM, 32, 0, 12
MM, 30, 0, 12
MM, 28, 0, 12
MM, 27, 0, 12
MM, 26, 0, 12
MM, 375, 575, 12
MM, 374, 575, 13
MM, 373, 574, 11
MM, 373, 573, 51
MM, 373, 572, 36
MM, 372, 571, 24
MM, 372, 570, 12
MM, 28, 30, 13
MM, 27, 28, 11
MM, 27, 27, 13
MM, 27, 26, 12
MM, 26, 24, 24
MM, 25, 24, 12
MM, 24, 24, 12
MM, 23, 23, 12
MM, 23, 22, 12
MM, 22, 22, 14
MM, 22, 21, 36
MC, 1, 341
MM, 25, 21, 133
MM, 381, 558, 13
MM, 7, 16, 12
MM, 21, 11, 13
MM, 34, 6, 12
MM, 20, 0, 12
MM, 471, 535, 12
MM, 486, 534, 13
MM, 15, 30, 12
MM, 22, 29, 12
MM, 29, 27, 12
MM, 34, 27, 13
MM, 521, 528, 12
MM, 3, 26, 12
MM, 11, 26, 12
MM, 16, 26, 12
MM, 20, 26, 12
MM, 22, 26, 12
MM, 23, 26, 13
MM, 24, 26, 12
MM, 25, 26, 61
MM, 28, 25, 37
MM, 30, 25, 12
MM, 32, 25, 12
MM, 558, 526, -3
MM, 560, 526, 27
MM, 562, 525, 12
MM, 0, 22, 12
MM, 3, 22, 12
MM, 6, 21, 12
MM, 8, 20, 13
MM, 9, 20, 12
MM, 10, 19, 12
MM, 11, 18, 13
MM, 11, 17, 12
MM, 12, 16, 12
MM, 12, 15, 12
MM, 13, 15, 13
MM, 13, 14, 12
MM, 14, 13, 24
MM, 14, 12, 13
MM, 14, 11, 23
MM, 14, 10, 61
MC, 1, 305
MM, 13, 10, 135
MM, 11, 10, 11
MM, 8, 12, 12
MM, 4, 16, 13
MM, 2, 19, 12
MM, 562, 525, 12
MM, 561, 527, 12
MM, 559, 529, 12
MM, 33, 28, 12
MM, 31, 29, 13
MM, 31, 30, 12
MM, 30, 30, 21
MM, 553, 533, 28
MM, 552, 534, 49
MM, 551, 534, 24
MM, 551, 535, 12
MM, 550, 536, 25
MM, 548, 537, 11
MM, 544, 537, 12
MM, 542, 538, 12
MM, 27, 0, 12
MM, 25, 1, 12
MM, 24, 2, 12
MM, 22, 3, 14
MM, 21, 4, -4
MM, 20, 6, 29
MM, 19, 8, 12
MM, 18, 9, 12
MM, 17, 11, 12
MM, 17, 12, 13
MC, 1, 365
MM, 18, 12, 97
MM, 23, 12, 12
MM, 28, 12, 14
MM, 33, 12, 12
MM, 549, 551, 12
MM, 551, 551, 13
MM, 553, 551, 11
MM, 1, 12, -4
MM, 3, 12, 28
MM, 5, 12, 12
MM, 6, 12, 12
MM, 7, 12, 12
MM, 8, 12, 12
MM, 9, 12, 25
MM, 10, 12, 9
MM, 10, 13, 41
MM, 11, 13, 11
MM, 12, 13, 12
MM, 14, 13, 12
MM, 15, 13, 12
MM, 16, 13, 25
MC, 1, 329
MM, 20, 13, 170
MM, 26, 13, 13
MM, 591, 552, 12
MM, 21, 17, 13
MM, 670, 570, 12
MM, 719, 589, 11
MM, 786, 619, 12
MM, 833, 644, 12
MM, 11, 8, 12
MM, 27, 16, 13
MM, 41, 23, 12
MM, 41, 22, 330
MM, 41, 21, 12
MM, 41, 20, 12
MM, 42, 19, 25
MM, 42, 18, -4
MM, 42, 17, 40
MM, 38, 12, 865
MM, 867, 648, 12
MM, 850, 629, 12
MM, 833, 606, 12
MM, 810, 579, 12
MM, 782, 543, 12
MM, 745, 508, 13
MM, 721, 486, 12
MM, 18, 2, 12
MM, 416, 82, 12
MM, 392, 50, 14
