********************************************************************************
LOGGING TIME: 20161109_150006
CLIENT IP: 10.112.55.34
USERNAME: Ramola
OS: Windows 8.1
**********************************Emotional database********************************************************************************
MM, 633, 697, 1477468754305
MM, 639, 693, 644
MM, 643, 674, 12
MM, 647, 637, 12
MM, 18, 14, 12
MM, 682, 520, 13
MM, 721, 460, 13
MM, 490, 47, 12
MM, 786, 345, 11
MM, 557, 80, -3
MM, 588, 55, 27
MM, 604, 43, 12
MM, 614, 38, 12
MM, 619, 37, 12
MM, 621, 37, 13
MM, 618, 38, 317
MM, 611, 42, -3
MM, 601, 51, 28
MM, 518, 28, 62
MM, 512, 61, 12
MM, 766, 457, 12
MM, 758, 488, -3
MM, 747, 543, 27
********************************************************************************
LOGGING TIME: 20161109_150043
CLIENT IP: 10.112.55.34
USERNAME: Ramola
OS: Windows 8.1
**********************************Emotional database********************************************************************************
MM, 615, 682, 1477468750570
MM, 627, 632, 12
MM, 659, 573, 12
MM, 13, 2, 12
MM, 732, 449, 12
MM, 490, 57, 12
MM, 501, 41, 13
MM, 511, 33, 11
MM, 516, 27, 13
MM, 522, 25, 12
MM, 522, 20, 219
MM, 522, 5, 13
MM, 791, 340, 12
MM, 547, 55, 12
MM, 834, 221, 12
MM, 861, 163, 12
MM, 888, 100, 13
MM, 913, 65, 12
MM, 925, 49, 12
MM, 933, 44, 14
MM, 936, 42, 10
MM, 940, 42, 13
MM, 934, 42, 195
MM, 928, 42, 12
MM, 923, 42, 12
MM, 918, 42, 12
MM, 916, 42, 12
MM, 914, 42, 12
MM, 914, 41, 12
MM, 914, 40, 12
MM, 914, 38, 12
MM, 914, 33, 13
********************************************************************************
LOGGING TIME: 20161109_150308
CLIENT IP: 10.112.55.34
USERNAME: Ramola
OS: Windows 8.1
**********************************Emotional database********************************************************************************
MM, 927, 210, 1477468941267
MM, 623, 31, 48
MM, 621, 31, 329
MM, 615, 33, 12
MM, 600, 34, 13
MM, 584, 39, 11
MM, 569, 45, 13
MM, 545, 46, 12
MM, 506, 51, 12
MM, 482, 53, 12
MM, 461, 53, 13
MM, 442, 53, 12
MM, 421, 53, 12
MM, 404, 52, 12
MM, 391, 52, 13
MM, 378, 52, 12
MM, 361, 53, 12
MM, 320, 60, 24
MM, 309, 63, 12
MM, 300, 64, 12
MM, 296, 66, 13
MM, 295, 67, 24
MM, 294, 66, 206
MM, 292, 61, 13
MM, 290, 55, 12
MM, 287, 52, 13
MM, 285, 48, 12
MM, 283, 45, 12
MM, 281, 41, 12
MM, 280, 39, 12
MM, 279, 38, 12
MM, 278, 37, 13
MC, 1, 317
MM, 278, 39, 29915
MM, 277, 49, 12
MM, 274, 62, 12
MM, 271, 72, 12
MM, 528, 311, 12
MM, 523, 323, 12
MM, 517, 334, 12
MM, 514, 345, 9
MM, 513, 346, 28
MM, 513, 347, 12
MM, 512, 347, 12
MM, 511, 352, 36
MM, 247, 0, 12
MM, 246, 3, 14
MM, 245, 7, 12
MM, 244, 9, 12
MM, 244, 11, 12
MM, 243, 12, 12
MM, 242, 13, 13
MM, 242, 14, 12
MM, 241, 14, 12
MM, 240, 15, 12
MM, 240, 16, 12
MM, 240, 17, 12
MM, 240, 18, 25
MM, 241, 18, 12
MM, 242, 18, 12
MC, 1, 316
MM, 240, 18, 172
MM, 235, 18, 12
MM, 230, 19, 12
MM, 227, 19, 12
MM, 223, 19, 12
MM, 220, 19, 12
MM, 216, 19, -3
MM, 208, 21, 28
MM, 193, 21, 13
MM, 180, 21, 12
MM, 174, 21, 12
MM, 167, 21, 12
MM, 162, 19, 13
MM, 158, 18, 12
MM, 156, 18, 12
MM, 155, 17, 12
MM, 144, 21, 232
MM, 121, 31, 11
MM, 99, 38, 13
MM, 81, 43, 12
MM, 62, 45, -3
MM, 47, 47, 27
MM, 36, 47, 12
MM, 31, 47, 12
MM, 29, 47, 12
MM, 28, 47, 12
MM, 29, 48, 452
MM, 40, 54, 12
MM, 52, 64, 12
MM, 65, 74, 12
MM, 77, 85, 12
MM, 363, 457, 12
MM, 32, 10, 12
MM, 6, 0, 13
MM, 15, 18, -4
MM, 21, 27, 28
MM, 419, 536, 12
MM, 420, 537, 355
MM, 423, 538, 14
MM, 427, 538, 10
MM, 5, 0, 13
MM, 9, 0, 12
MM, 12, 2, 11
MM, 15, 2, 12
MM, 17, 3, 13
MM, 19, 3, 12
MM, 22, 4, 12
MM, 25, 4, 12
MM, 29, 6, 13
MM, 35, 7, 12
MM, 466, 548, 13
MM, 1, 10, 12
MM, 3, 11, 12
MM, 6, 12, 12
MM, 7, 13, 12
MM, 9, 15, 12
MM, 10, 15, 12
MM, 11, 16, 12
MM, 12, 17, 12
MM, 13, 17, 12
MM, 14, 17, 37
MM, 14, 18, 36
MM, 15, 19, 12
MM, 16, 19, 14
MM, 16, 20, 24
MC, 1, 377
MM, 17, 20, 487
MM, 18, 20, 62
MM, 18, 19, 12
MM, 19, 19, 37
MM, 19, 18, 24
MM, 20, 18, 12
MM, 21, 17, 12
MM, 22, 17, 13
MM, 24, 16, 12
MM, 25, 15, -4
MM, 26, 14, 28
MM, 27, 14, 13
MM, 29, 13, 12
MM, 32, 11, 12
MM, 506, 549, 12
MM, 509, 549, 13
MM, 5, 8, 12
MM, 10, 7, 12
MM, 14, 7, 12
MM, 17, 6, 12
MM, 19, 6, 12
MM, 20, 6, 12
MM, 21, 5, 12
MM, 21, 4, 25
MM, 22, 3, 12
MM, 23, 2, 12
MM, 23, 1, 12
MM, 23, 0, 12
MM, 535, 537, 12
MM, 536, 534, 12
MM, 15, 30, 13
MM, 16, 26, 12
MM, 18, 21, 12
MM, 21, 18, 12
MM, 24, 14, 12
MM, 30, 11, 12
MM, 32, 9, 13
MM, 34, 8, 12
MM, 34, 7, 12
MM, 34, 6, 13
MM, 33, 6, 37
MM, 32, 6, 12
MM, 33, 6, 97
MM, 560, 508, 12
MM, 562, 508, 12
MM, 1, 6, 12
MM, 2, 7, 12
MM, 4, 7, 12
MM, 5, 8, 12
MM, 6, 8, -2
MM, 7, 9, 27
MM, 8, 9, 13
MM, 9, 9, 12
MM, 10, 9, 12
MM, 11, 9, 12
MM, 14, 9, 12
MM, 18, 9, 13
MC, 1, 316
MM, 17, 12, 97
MM, 14, 18, 12
MM, 10, 25, 13
MM, 7, 30, 12
MM, 569, 538, 12
MM, 10, 4, 12
MM, 8, 8, 12
MM, 4, 13, 13
MM, 0, 17, 13
MM, 552, 558, 11
MM, 550, 560, 13
MM, 549, 564, 12
MM, 548, 566, 12
MM, 36, 29, 13
MM, 35, 30, 12
MM, 545, 571, 12
MM, 544, 573, 12
MM, 542, 575, 13
MM, 23, 3, 12
MM, 22, 7, 12
MM, 21, 10, 12
MM, 20, 12, 12
MM, 19, 14, 12
MM, 17, 17, 12
MM, 17, 18, 12
MM, 17, 19, 26
MM, 16, 20, 14
MM, 16, 21, 10
MM, 16, 22, 36
MC, 1, 379
MC, 2, 316
MM, 16, 20, 157
MM, 16, 15, 12
MM, 16, 9, 13
MM, 17, 4, 13
MM, 536, 573, 12
MM, 26, 30, 12
MM, 27, 27, 12
MM, 27, 23, 12
MM, 28, 20, 12
MM, 28, 18, 12
MM, 29, 13, 12
MM, 30, 9, 13
MM, 30, 5, 12
MM, 32, 1, 12
MM, 543, 538, 12
MM, 544, 536, 12
MM, 22, 30, 13
MM, 23, 27, 11
MM, 23, 25, 13
MM, 24, 23, 12
MM, 24, 22, 12
MM, 24, 20, 12
MM, 25, 19, 13
MM, 25, 18, 13
MM, 25, 17, 36
MM, 25, 16, 13
MM, 25, 15, 24
MM, 25, 14, 24
MM, 24, 14, 13
MM, 23, 14, 24
MM, 22, 14, 24
MM, 22, 13, 24
MC, 1, 305
MM, 20, 14, 536
MM, 18, 21, 12
MM, 15, 25, 12
MM, 536, 533, 13
MM, 20, 0, 12
MM, 17, 9, 12
MM, 14, 18, 12
MM, 13, 27, 12
MM, 521, 572, 12
MM, 1, 1, 12
MM, 0, 3, 12
MM, 0, 4, 12
MM, 516, 581, 12
MM, 516, 582, 14
MM, 515, 583, 12
MM, 514, 585, 12
MM, 35, 11, 12
MM, 31, 14, 13
MM, 28, 16, 12
MM, 27, 17, 12
MM, 26, 18, 12
MM, 25, 19, 12
MM, 24, 20, 24
MM, 23, 21, 12
MM, 22, 23, 12
MM, 21, 25, 12
MM, 21, 27, 13
MM, 21, 29, 12
MM, 495, 607, 12
MM, 495, 608, 38
MM, 495, 610, 23
MM, 104, 0, 13
MM, 103, 4, 12
MM, 102, 6, 13
MM, 102, 7, 12
MM, 101, 8, 12
MM, 101, 9, 12
MM, 100, 10, 12
MM, 100, 11, 12
MM, 100, 12, 12
MM, 99, 14, 13
MM, 99, 16, 12
MM, 99, 18, 12
MM, 98, 19, 12
MC, 1, 439
MM, 96, 17, 244
MM, 91, 14, 12
MM, 85, 6, 12
MM, 466, 609, 12
MM, 18, 23, 13
MM, 5, 14, 12
MM, 32, 9, 12
MM, 23, 2, 12
MM, 19, 0, 12
MM, 406, 574, 12
MM, 404, 573, 12
MM, 401, 573, 12
MM, 400, 572, 12
MM, 398, 572, 14
MM, 397, 571, 12
MM, 396, 571, 12
MM, 395, 571, 12
MM, 393, 571, 60
MM, 391, 571, 13
MM, 389, 571, 12
MM, 386, 571, 12
MM, 384, 571, 12
MM, 383, 571, 12
MM, 381, 571, 12
MM, 380, 571, 13
MM, 379, 571, 12
MM, 376, 571, 12
MM, 375, 571, 12
MM, 373, 570, 12
MM, 27, 30, 13
MM, 26, 29, 12
MM, 25, 28, 12
MM, 24, 27, 12
MM, 23, 26, 13
MM, 22, 25, 12
MM, 22, 24, 12
MM, 21, 24, 24
MM, 21, 23, 25
MM, 21, 22, 49
MM, 21, 21, 97
MM, 22, 20, 13
MM, 24, 19, 12
MM, 28, 15, 13
MM, 381, 553, 12
MM, 7, 12, 12
MM, 14, 11, 12
MM, 19, 11, 12
MM, 22, 11, 13
MM, 24, 11, 12
MM, 25, 11, 12
MM, 26, 11, 48
MC, 1, 317
MM, 30, 11, 110
MM, 0, 9, 12
MM, 13, 6, 12
MM, 460, 538, 12
MM, 12, 27, 13
MM, 3, 16, 11
MM, 20, 11, 13
MM, 34, 5, 11
MM, 6, 2, -3
MM, 17, 1, 28
MM, 596, 501, 13
MM, 605, 501, 12
MM, 613, 501, 12
MM, 617, 501, 12
MM, 619, 501, 13
MM, 621, 501, 12
MM, 622, 501, 12
MM, 623, 501, 12
MM, 624, 501, 25
MM, 625, 501, 11
MM, 626, 501, 25
MM, 629, 501, 12
MM, 634, 501, 12
MM, 641, 501, 12
MM, 645, 501, 13
MM, 650, 501, 12
MM, 654, 501, 12
MM, 656, 501, 24
MM, 657, 501, 12
MM, 659, 501, 12
MM, 661, 501, 13
MM, 20, 1, 11
MM, 22, 4, 14
MM, 23, 4, 12
MM, 25, 5, 12
MM, 26, 8, 12
MM, 27, 9, 12
MM, 28, 9, 12
MM, 29, 9, 13
MM, 30, 9, 23
MC, 1, 342
MM, 26, 1, 281
MM, 13, 20, 13
MM, 4, 4, 11
MM, 641, 451, 13
MM, 372, 73, 12
MM, 368, 49, -4
MM, 366, 38, 28
MM, 364, 30, 12
MM, 362, 27, 12
MM, 362, 25, 12
MM, 362, 23, 12
MM, 361, 22, 220
MM, 359, 20, 12
MM, 358, 16, 12
MM, 356, 11, 13
MM, 354, 2, 11
MM, 617, 348, 12
MM, 617, 342, 12
MM, 615, 337, 13
MM, 615, 335, 12
MM, 614, 332, 13
MM, 613, 330, 12
MM, 611, 329, 12
MM, 611, 328, 12
MM, 610, 327, 12
MM, 609, 326, 12
MM, 609, 324, 13
MM, 608, 322, 12
MM, 608, 320, 12
MM, 608, 315, 12
MM, 344, 79, 12
MM, 346, 70, 12
MM, 348, 63, 12
MM, 349, 58, 12
MM, 351, 56, 13
MM, 353, 54, 12
MM, 354, 54, 12
MM, 354, 53, 12
MM, 355, 53, 12
MM, 356, 53, 25
MM, 357, 53, 73
MM, 358, 53, 61
MC, 1, 330
MM, 360, 53, 317
MM, 361, 53, 12
MM, 364, 53, 12
MM, 367, 53, 12
MM, 371, 52, 12
MM, 376, 52, 13
MM, 379, 52, 11
MM, 382, 52, -3
MM, 386, 52, 28
MM, 389, 52, 12
MM, 390, 52, 12
MM, 392, 52, 13
MM, 394, 52, 12
MM, 395, 52, 12
MM, 395, 53, 25
MM, 395, 54, -3
MM, 395, 55, 27
MM, 395, 58, 12
MM, 395, 65, 12
MM, 393, 78, 12
MM, 653, 319, 13
MM, 650, 332, 12
MM, 645, 350, 12
MM, 373, 18, 12
MM, 366, 41, 12
MM, 357, 56, 12
MM, 345, 68, 12
MM, 334, 84, 12
MM, 332, 88, 354
MM, 592, 452, 12
MM, 589, 457, 12
MM, 587, 461, 12
MM, 584, 464, 13
MM, 20, 2, 12
MM, 19, 4, 12
MM, 18, 7, 12
MM, 15, 11, 12
MM, 12, 15, 12
MM, 9, 22, 12
MM, 566, 498, 12
MM, 561, 508, 14
MM, 34, 13, 11
MM, 33, 13, 452
MM, 32, 13, 12
MM, 30, 13, 12
MM, 26, 13, 12
MM, 20, 11, 13
MM, 6, 6, 12
MM, 509, 497, 12
MM, 6, 13, 12
MM, 471, 462, 12
MM, 459, 450, 12
MM, 185, 85, 12
MM, 174, 78, 12
MM, 164, 74, 14
MM, 159, 71, 12
MM, 154, 68, 12
MM, 152, 67, 12
MM, 150, 66, 12
MM, 149, 66, 25
MM, 147, 64, 12
MM, 144, 63, 12
MM, 143, 63, 12
MM, 143, 62, 12
MM, 142, 60, 195
MM, 140, 58, 12
MM, 139, 54, 12
MM, 139, 52, 12
MM, 138, 50, 13
MM, 137, 49, 12
MM, 137, 48, 12
MM, 137, 47, 110
MC, 1, 328
MM, 137, 48, 379
MM, 140, 52, 12
MM, 149, 60, 13
MM, 161, 67, 12
MM, 171, 77, 12
MM, 181, 87, 12
MM, 459, 460, 12
MM, 479, 482, 12
MM, 499, 500, 13
MM, 31, 8, 12
MM, 522, 515, 12
MM, 7, 16, 12
MM, 7, 18, 281
MM, 7, 24, 12
MM, 533, 533, 12
MM, 24, 2, 12
MM, 29, 9, 12
MM, 35, 13, 12
MM, 553, 557, 13
MM, 6, 22, 12
MM, 10, 23, 12
MM, 14, 26, 12
MM, 17, 27, 12
MM, 19, 27, 12
MM, 20, 29, 12
MM, 21, 29, 13
MM, 22, 30, 12
MM, 577, 570, 24
MM, 577, 572, 110
MM, 578, 573, 12
MM, 578, 575, 12
MM, 18, 2, 12
MM, 19, 4, 13
MM, 20, 8, 11
MM, 20, 10, 13
MM, 20, 11, 12
MM, 20, 12, 12
MM, 20, 13, 14
MM, 21, 13, 11
MM, 21, 14, 24
MM, 21, 15, 12
MC, 1, 318
MM, 20, 15, 98
MM, 15, 15, 12
MM, 0, 13, 12
MM, 22, 10, 12
MM, 2, 3, 12
MM, 494, 571, 12
MM, 465, 558, 12
MM, 20, 6, 12
MM, 438, 537, 12
MM, 432, 533, 12
MM, 33, 28, 13
MM, 32, 28, 12
MM, 31, 27, 12
MM, 30, 27, 122
MM, 30, 26, 10
MM, 29, 26, 51
MM, 28, 25, 36
MM, 27, 24, 13
MM, 26, 23, 12
MM, 23, 22, 13
MM, 22, 21, 12
MM, 20, 20, 12
MM, 19, 20, 12
MM, 19, 19, 13
MC, 1, 376
MM, 16, 19, 58
MM, 10, 19, 28
MM, 3, 19, 12
MM, 396, 521, 12
MM, 392, 520, 13
MM, 38, 18, 12
MM, 36, 18, 12
MM, 35, 18, 13
MM, 33, 18, 12
MM, 32, 18, 12
MM, 31, 18, 12
MM, 30, 18, 12
MM, 29, 18, 49
MM, 27, 18, 49
MM, 26, 18, 12
MM, 25, 18, 11
MM, 24, 18, 74
MM, 23, 18, 49
MC, 1, 293
MM, 24, 18, 109
MM, 30, 18, 15
MM, 391, 520, 10
MM, 4, 22, 13
MM, 15, 26, 12
MM, 431, 534, 12
MM, 27, 2, 12
MM, 1, 9, 12
MM, 11, 14, 13
MM, 18, 18, 11
MM, 22, 20, 12
MM, 23, 20, 13
MM, 25, 21, 12
MM, 26, 24, 12
MM, 27, 24, 12
MM, 28, 24, 25
MM, 29, 24, 98
MM, 30, 24, 12
MM, 31, 24, 133
MM, 32, 24, 12
MM, 508, 563, 13
MM, 2, 21, 12
MM, 7, 18, 12
MM, 13, 16, 12
MM, 16, 14, 12
MM, 20, 14, 12
MM, 22, 14, 12
MM, 23, 14, 12
MM, 24, 14, 25
MM, 25, 14, 25
MM, 28, 14, 24
MM, 30, 14, 12
MM, 32, 14, 13
MM, 36, 14, 11
MM, 549, 553, 13
MM, 551, 553, 12
MM, 553, 553, 12
MM, 1, 12, 12
MM, 2, 12, 12
MM, 4, 12, 12
MM, 5, 12, 12
MM, 7, 12, 13
MM, 8, 12, 11
MM, 9, 12, 13
MM, 10, 12, 12
MM, 11, 12, 12
MM, 12, 12, 12
MC, 1, 306
MM, 10, 12, 121
MM, 5, 12, 14
MM, 29, 13, 12
MM, 10, 15, 12
MM, 15, 15, 12
MM, 424, 554, 12
MM, 9, 15, 12
MM, 33, 15, -3
MM, 24, 15, 28
MM, 19, 15, 12
MM, 16, 15, 12
MM, 12, 14, 12
MM, 10, 14, 12
MM, 9, 13, 12
MM, 8, 13, 12
MM, 7, 13, 10
MM, 7, 12, 27
MM, 4, 11, 12
MM, 1, 11, 12
MM, 341, 548, 13
MM, 338, 548, 12
MM, 55, 9, 12
MM, 51, 9, 13
MM, 49, 9, 12
MM, 47, 9, 12
MM, 45, 9, 12
MM, 44, 9, 12
MM, 44, 10, 12
MM, 44, 11, 73
MM, 46, 12, 12
MM, 52, 13, 12
MM, 339, 553, 12
MM, 0, 14, 12
MM, 5, 15, 13
MM, 7, 15, 13
MM, 9, 17, 12
MM, 10, 17, 12
MM, 11, 17, 24
MM, 12, 17, 24
MM, 13, 17, 9
MC, 1, 381
MM, 21, 17, 98
MM, 381, 553, 13
MM, 11, 11, 12
MM, 28, 7, 12
MM, 14, 3, 12
MM, 31, 2, 12
MM, 469, 537, 14
MM, 476, 537, 10
MM, 480, 536, 12
MM, 484, 536, 13
MM, 489, 535, 12
MM, 492, 534, 12
MM, 497, 534, 13
MM, 504, 533, 12
MM, 510, 533, 12
MM, 514, 533, 13
MM, 516, 533, 12
MM, 517, 533, 12
MM, 518, 533, 12
MM, 519, 533, 73
MM, 521, 533, 12
MM, 525, 533, 12
MM, 527, 533, 12
MM, 5, 30, 12
MM, 6, 30, 12
MM, 5, 30, 86
MM, 1, 28, 12
MM, 519, 529, 12
MM, 32, 26, 13
MM, 29, 26, 12
MM, 27, 25, 12
MM, 25, 25, 12
MM, 24, 25, 12
MM, 23, 24, 12
MM, 22, 23, 12
MM, 21, 23, 12
MM, 20, 21, 13
MM, 19, 20, 12
MM, 19, 19, 12
MM, 18, 18, 12
MM, 17, 16, 12
MM, 17, 15, 13
MM, 16, 15, 12
MM, 16, 14, 24
MC, 1, 341
MM, 16, 16, 146
MM, 16, 22, 12
MM, 16, 29, 13
MM, 497, 538, 13
MM, 27, 3, 12
MM, 27, 7, 12
MM, 27, 10, 12
MM, 27, 12, 13
MM, 26, 16, 11
MM, 26, 18, 12
MM, 25, 20, 12
MM, 25, 23, 12
MM, 23, 30, 13
MM, 492, 574, 12
MM, 16, 1, 12
MM, 16, 5, 12
MM, 16, 7, 13
MM, 16, 9, 12
MM, 15, 10, 12
MM, 15, 11, 14
MM, 15, 12, 11
MM, 15, 13, 13
MM, 15, 14, 24
MM, 15, 15, 37
MM, 15, 16, 11
MM, 15, 17, 13
MM, 15, 18, 12
MM, 15, 19, 12
MM, 14, 20, 12
MM, 14, 22, 12
MM, 14, 24, 12
MM, 14, 27, 12
MM, 489, 607, -3
MM, 488, 610, 28
MM, 98, 1, 12
MM, 98, 3, 12
MM, 97, 5, 12
MM, 96, 7, 13
MM, 96, 8, 12
MM, 95, 10, 12
MM, 95, 11, 13
MM, 95, 12, 12
MM, 95, 13, 24
MM, 95, 14, 12
MM, 95, 15, 12
MM, 95, 17, 25
MC, 1, 328
MM, 91, 15, 110
MM, 87, 9, 13
MM, 80, 0, 12
MM, 30, 21, 12
MM, 19, 5, 12
MM, 16, 28, 12
MM, 6, 20, 12
MM, 0, 14, 12
MM, 35, 13, 13
MM, 31, 10, 12
MM, 29, 9, 12
MM, 27, 8, 12
MM, 25, 8, 12
MM, 25, 7, -3
MM, 24, 6, 28
MM, 23, 6, 12
MM, 22, 6, 12
MM, 21, 6, 13
MM, 20, 4, 12
MM, 19, 0, 12
MM, 403, 534, 12
MM, 5, 27, 12
MM, 2, 20, 12
MM, 1, 18, 13
MM, 0, 14, 12
MM, 395, 514, 12
MM, 393, 512, 12
MM, 38, 6, 12
MM, 30, 3, 12
MM, 23, 0, 12
MM, 370, 500, 13
MM, 368, 499, -4
MM, 366, 499, 28
MM, 365, 499, 25
MM, 364, 498, 24
MM, 364, 499, 257
MM, 364, 500, 12
MM, 12, 1, 12
MM, 12, 3, 12
MM, 13, 6, 12
MM, 13, 9, 13
MM, 14, 11, 11
MM, 15, 12, 13
MM, 15, 13, 12
MM, 15, 14, 12
MM, 16, 14, 12
MC, 1, 366
MM, 18, 14, 121
MM, 21, 14, 12
MM, 26, 14, 12
MM, 32, 14, 13
MM, 395, 516, 13
MM, 3, 14, 12
MM, 6, 14, 12
MM, 8, 14, 12
MM, 9, 14, 12
MC, 1, 378
MM, 11, 15, 72
MM, 15, 18, 13
MM, 20, 23, -3
MM, 34, 28, 28
MM, 453, 537, 12
MM, 3, 6, 12
MM, 20, 11, 12
MM, 507, 553, 12
MM, 21, 20, 13
MM, 549, 562, 12
MM, 7, 27, 12
MM, 14, 29, 13
MM, 571, 570, 13
MM, 575, 572, 11
MM, 577, 574, 12
MM, 18, 1, 12
MM, 21, 3, 13
MM, 22, 5, 12
MM, 23, 8, 12
MM, 24, 12, 12
MM, 24, 14, 12
MM, 25, 16, 12
MM, 26, 18, 12
MM, 26, 20, 14
MM, 26, 21, 12
MM, 26, 22, -3
MM, 26, 23, 64
MM, 26, 24, 11
MM, 26, 25, 12
MM, 23, 25, 49
MM, 18, 25, 12
MM, 7, 25, 12
MM, 558, 601, 12
MM, 35, 25, 12
MM, 31, 25, 13
MM, 29, 25, 12
MM, 28, 25, 12
MM, 27, 25, 12
MM, 27, 24, 244
MC, 1, 317
MM, 23, 25, 85
MM, 19, 27, 12
MM, 16, 29, 12
MM, 530, 609, 13
MM, 527, 612, 12
MM, 134, 3, 12
MM, 130, 8, 12
MM, 125, 14, 12
MM, 119, 18, 12
MM, 113, 22, 12
MM, 110, 25, 13
MM, 108, 26, 13
MM, 107, 27, 12
MM, 106, 28, 24
MC, 1, 366
MM, 107, 28, 243
MM, 112, 23, -2
MM, 122, 11, 27
MM, 526, 610, 13
MM, 2, 16, 12
MM, 600, 575, 12
MM, 633, 558, 12
MM, 19, 9, 12
MM, 676, 539, 12
MM, 690, 534, 13
MM, 10, 29, 11
MM, 13, 27, 13
MM, 17, 25, 12
MM, 19, 24, 12
MM, 21, 21, 12
MM, 22, 21, 12
MM, 23, 20, 12
MM, 25, 17, 38
MM, 26, 17, 11
MM, 26, 16, 13
MM, 27, 16, 12
MM, 27, 15, 118
MM, 27, 14, 65
MC, 1, 353
MM, 25, 14, 97
MM, 15, 14, 12
MM, 0, 14, 13
MM, 24, 14, 12
MM, 16, 14, 12
MM, 20, 14, 12
MM, 561, 516, 12
MM, 17, 14, 13
MM, 34, 14, 11
MM, 17, 14, 13
MM, 7, 14, 14
MM, 0, 14, 11
MM, 477, 516, 13
MM, 35, 14, 12
MM, 33, 14, 12
MM, 31, 14, 12
MM, 27, 14, 12
MM, 22, 14, 13
MM, 16, 15, -4
MM, 9, 15, 28
MM, 2, 17, 12
MM, 438, 519, 12
MM, 434, 519, 12
MM, 35, 17, 12
MM, 33, 17, 13
MM, 31, 17, 12
MM, 30, 17, 12
MM, 29, 17, 24
MM, 28, 17, 34
MM, 27, 17, 88
MC, 1, 366
MM, 28, 17, 109
MM, 434, 519, 13
MM, 10, 17, 11
MM, 25, 17, 13
MM, 18, 17, 12
MM, 13, 15, 12
MM, 34, 15, 12
MM, 16, 15, 12
MM, 606, 517, 12
MM, 20, 15, 13
MM, 640, 517, 12
MM, 5, 15, 12
MM, 10, 16, 12
MM, 13, 16, 13
MM, 15, 16, 12
MM, 16, 16, 12
MM, 17, 16, 12
MM, 18, 16, 12
MM, 19, 16, 49
MM, 20, 16, 73
MM, 21, 16, 13
MM, 23, 16, 24
MM, 24, 16, 12
MM, 25, 16, 12
MM, 25, 15, 37
MC, 1, 317
MM, 29, 15, 49
MM, 34, 15, 13
MM, 683, 517, 12
MM, 686, 517, 12
MM, 4, 15, 12
MM, 8, 15, 12
MM, 11, 15, 12
MM, 13, 15, 12
MM, 16, 15, -3
MM, 19, 15, 28
MM, 21, 15, 12
MM, 22, 15, 24
MC, 1, 366
MM, 21, 16, 48
MM, 19, 18, 12
MM, 19, 20, 12
MM, 18, 21, 12
MM, 17, 23, 14
MM, 16, 25, 12
MM, 16, 27, 12
MM, 703, 533, 12
MM, 702, 536, 12
MM, 702, 538, 12
MM, 23, 0, 12
MM, 22, 1, 13
MM, 22, 2, -3
MM, 22, 3, 27
MM, 22, 4, 12
MM, 22, 6, 12
MM, 22, 7, 12
MM, 21, 9, 12
MM, 21, 10, 12
MM, 20, 10, 13
MM, 20, 11, 12
MM, 19, 12, -4
MM, 19, 13, 28
MM, 17, 16, 12
MC, 1, 330
MM, 15, 16, 110
MM, 9, 16, 12
MM, 33, 16, 12
MM, 16, 14, 13
MM, 632, 549, 12
MM, 32, 8, 12
MM, 550, 545, 12
MM, 8, 4, 13
MM, 4, 1, 12
MM, 451, 538, 12
MM, 434, 538, 13
MM, 425, 537, 11
MM, 418, 537, 12
MM, 415, 537, 12
MM, 413, 537, 12
MM, 411, 537, 13
MM, 411, 536, 219
MM, 411, 535, 37
MM, 14, 30, 25
MM, 14, 25, 12
MM, 14, 21, 11
MM, 14, 17, 12
MM, 14, 14, 12
MM, 14, 12, 12
MM, 14, 11, 13
MM, 14, 10, 13
MM, 14, 9, 12
MC, 1, 389
MM, 14, 12, 123
MM, 14, 20, 12
MM, 412, 535, 12
MM, 29, 9, 12
MM, 31, 20, 13
MM, 419, 570, 11
MM, 31, 6, 12
MM, 32, 13, 12
MM, 34, 20, 12
MM, 35, 23, 12
MM, 36, 27, 12
MM, 428, 606, 13
MM, 429, 608, 12
MM, 429, 609, 13
MM, 430, 610, 12
MM, 431, 611, 13
MM, 431, 612, 49
MM, 42, 0, 24
MM, 42, 1, 12
MM, 42, 2, 13
MM, 43, 3, 11
MM, 44, 5, 14
MM, 45, 7, 11
MM, 46, 9, 12
MM, 46, 11, 13
MM, 47, 13, -3
MM, 48, 14, 27
MM, 48, 16, 12
MM, 49, 20, 12
MM, 50, 20, 12
MM, 51, 23, 12
MM, 52, 25, 25
MM, 54, 30, 12
MC, 1, 341
MM, 54, 29, 219
MM, 54, 24, 12
MM, 55, 20, 13
MM, 56, 11, 12
MM, 59, 7, 13
MM, 60, 0, 11
MM, 451, 610, 12
MM, 20, 27, 12
MM, 20, 18, 13
MM, 21, 7, 12
MM, 457, 575, 12
MM, 30, 29, 12
MM, 31, 25, 12
MM, 32, 22, 12
MM, 32, 20, -3
MM, 32, 19, 28
MM, 32, 17, 12
MM, 33, 16, 13
MM, 33, 15, 12
MM, 33, 14, 12
MM, 34, 13, 24
MM, 35, 12, 37
MM, 36, 12, 12
MM, 464, 550, 12
MM, 466, 549, 12
MM, 469, 547, 12
MM, 3, 7, 12
MM, 6, 5, 13
MM, 10, 4, 12
MM, 12, 1, 12
MM, 484, 538, 12
MM, 487, 536, 12
MM, 489, 534, 12
MM, 8, 29, 13
MM, 9, 27, -3
MM, 10, 25, 28
MM, 11, 23, 12
MM, 11, 22, 12
MM, 12, 21, 12
MM, 12, 20, 12
MM, 13, 19, 12
MM, 15, 18, 12
MM, 16, 17, 13
MM, 18, 16, 11
MM, 22, 15, 13
MM, 23, 15, 12
MM, 24, 14, 25
MC, 1, 354
MM, 22, 14, 48
MM, 16, 14, 12
MM, 7, 14, 12
MM, 1, 14, 13
MM, 479, 516, 12
MM, 476, 516, 12
MM, 36, 14, 12
MM, 34, 14, 12
MM, 33, 14, 24
MM, 32, 14, 13
MM, 31, 13, 24
MM, 30, 13, 49
MC, 1, 402
MM, 31, 13, 74
MM, 477, 515, 12
MM, 1, 13, 12
MM, 8, 13, 12
MM, 13, 13, 12
MM, 16, 13, 13
MM, 18, 13, 12
MM, 20, 15, 12
MM, 21, 15, 12
MM, 22, 15, 12
MM, 23, 15, 24
MM, 25, 15, 13
MM, 27, 15, 12
MM, 29, 15, 12
MM, 31, 15, 12
MM, 517, 517, 12
MM, 519, 517, 12
MM, 522, 517, 13
MM, 0, 15, 11
MM, 1, 15, 13
MC, 1, 402
MM, 1, 16, 87
MM, 1, 23, 12
MM, 521, 532, 12
MM, 7, 3, 12
MM, 5, 12, 12
MM, 4, 18, 12
MM, 1, 28, 12
MM, 35, 6, 12
MM, 35, 19, 13
MM, 33, 30, 12
MM, 507, 611, 12
MM, 116, 1, 12
MM, 116, 3, 12
MM, 116, 4, 12
MM, 116, 5, 12
MM, 116, 6, 12
MM, 116, 7, 14
MM, 115, 7, 12
MM, 115, 8, 12
MM, 115, 9, 24
MM, 115, 11, 12
MM, 114, 13, 12
MM, 114, 14, 12
MM, 114, 16, 13
MM, 114, 17, 24
MM, 113, 18, 13
MM, 113, 19, 12
MM, 113, 20, 12
MC, 1, 389
MM, 113, 18, 110
MM, 113, 10, 12
MM, 503, 610, 12
MM, 28, 21, 12
MM, 28, 8, 13
MM, 503, 570, 11
MM, 33, 16, 13
MM, 34, 7, 12
MM, 34, 3, 13
MM, 34, 1, 13
MM, 34, 0, 12
MM, 504, 538, 11
MM, 504, 537, 25
MM, 504, 536, 73
MM, 504, 535, 12
MM, 504, 534, 12
MM, 504, 533, 12
MM, 22, 30, 86
MM, 22, 29, 62
MM, 22, 28, 12
MM, 22, 27, 12
MM, 22, 26, 12
MM, 22, 25, 37
MC, 1, 328
MM, 23, 25, 98
MM, 24, 25, 12
MM, 32, 22, 12
MM, 2, 20, 12
MM, 11, 19, 13
MM, 20, 17, 12
MM, 29, 17, 12
MM, 7, 17, 12
MM, 20, 17, 12
MM, 29, 17, 12
MM, 33, 17, 12
MM, 35, 17, 12
MM, 601, 519, 12
MM, 602, 519, 13
MM, 603, 519, 13
MM, 604, 519, 12
MM, 605, 519, 12
MM, 0, 17, 12
MM, 2, 17, 12
MM, 3, 17, 12
MM, 5, 17, 13
MM, 7, 17, 12
MM, 9, 17, 11
MM, 11, 17, 13
MM, 13, 17, 12
MM, 15, 17, 12
MM, 17, 17, 12
MM, 19, 17, 12
MM, 21, 17, 12
MM, 23, 17, 13
MM, 27, 17, 12
MM, 29, 17, 12
MM, 30, 17, 12
MM, 639, 519, 13
MM, 641, 519, 12
MM, 643, 519, -4
MM, 4, 17, 28
MM, 8, 17, 12
MM, 15, 17, 13
MM, 18, 17, 12
MM, 22, 17, 13
MM, 24, 16, 12
MM, 26, 16, 12
MM, 27, 16, 12
MM, 29, 15, 12
MM, 31, 14, 12
MC, 1, 317
MM, 25, 14, 134
MM, 12, 15, 13
MM, 643, 520, 13
MM, 25, 23, 12
MM, 15, 28, 13
MM, 609, 537, 11
MM, 593, 542, 12
MM, 26, 10, 12
MM, 16, 13, -2
MM, 11, 15, 26
MM, 8, 18, 13
MM, 4, 21, 12
MM, 0, 24, 11
MM, 551, 566, 13
MM, 36, 30, 12
MM, 545, 571, 12
MM, 542, 573, 12
MM, 539, 575, 12
MM, 20, 0, 12
MM, 19, 1, 13
MM, 17, 1, 12
MM, 16, 1, 12
MM, 15, 1, 36
MM, 14, 1, 14
MM, 11, 4, -4
MM, 9, 5, 28
MM, 6, 8, 12
MM, 4, 11, 12
MM, 3, 13, 12
MM, 1, 15, 12
MM, 0, 17, 12
MM, 515, 597, 13
MM, 514, 600, 12
MM, 512, 604, 12
MM, 511, 606, 12
MM, 510, 607, 12
MM, 509, 609, 12
MM, 507, 610, 12
MM, 506, 611, 12
MM, 505, 612, 13
MM, 114, 0, 12
MM, 113, 1, 12
MM, 112, 2, 12
MM, 111, 2, 24
MM, 110, 3, 12
MM, 109, 4, 13
MM, 109, 5, 13
MM, 108, 6, 12
MM, 107, 6, 12
MM, 107, 4, 476
MM, 497, 612, 12
MM, 22, 30, 12
MM, 22, 28, 13
MM, 22, 26, 11
MM, 21, 24, 12
MM, 20, 23, 25
MM, 20, 22, 13
MM, 19, 22, 12
MM, 19, 21, 12
MM, 19, 20, 25
MM, 19, 19, 24
MM, 19, 18, 12
MM, 19, 17, 24
MC, 1, 377
MM, 15, 17, 403
MM, 8, 17, 12
MM, 474, 592, 12
MM, 469, 590, 12
MM, 28, 12, 12
MM, 21, 10, 12
MM, 12, 9, 13
MM, 433, 581, 12
MM, 31, 4, 13
MM, 22, 1, 12
MM, 407, 574, 12
MM, 400, 573, 12
MM, 397, 570, 12
MM, 8, 30, 12
MM, 3, 29, 12
MM, 381, 565, 13
MM, 26, 24, 12
MM, 19, 22, 12
MM, 12, 22, 12
MM, 9, 19, 12
MM, 5, 18, 12
MM, 3, 18, 12
MM, 2, 17, 13
MM, 1, 16, 12
MM, 343, 555, 12
MM, 343, 554, 13
MM, 342, 553, 24
MM, 341, 553, 12
MM, 341, 552, 12
MM, 340, 552, 14
MM, 339, 552, 24
MM, 339, 551, 110
MM, 339, 550, 11
MM, 339, 549, 24
MM, 339, 548, 24
MM, 340, 548, 13
MM, 341, 548, 25
MM, 342, 548, 24
MM, 343, 548, 25
MM, 0, 9, 24
MM, 1, 9, 24
MM, 2, 9, 24
MM, 3, 9, 25
MM, 5, 9, 12
MM, 7, 9, 12
MM, 9, 9, 13
MM, 11, 9, 12
MM, 13, 9, 12
MM, 14, 9, 12
MC, 1, 316
MM, 21, 9, 98
MM, 380, 548, 12
MM, 10, 9, 12
MM, 0, 9, 13
MM, 5, 9, -4
MM, 4, 11, 28
MM, 15, 17, 12
MM, 13, 22, 12
MM, 2, 26, 12
MM, 657, 572, 12
MM, 674, 579, 13
MM, 688, 584, 12
MM, 697, 585, 12
MM, 704, 587, 12
MM, 709, 588, 12
MM, 711, 589, 13
MM, 713, 589, 12
MM, 714, 589, 12
MM, 715, 589, 24
MM, 716, 589, 73
MM, 716, 587, 111
MM, 716, 584, 11
MM, 715, 580, -2
MM, 713, 578, 26
MM, 712, 576, 12
MM, 711, 575, 13
MM, 710, 574, 12
MM, 709, 573, 12
MM, 708, 573, 25
MM, 708, 572, 62
MM, 707, 572, 13
MM, 707, 571, 36
MM, 706, 571, 12
MM, 705, 571, 48
MM, 26, 30, 12
MM, 25, 29, 12
MM, 24, 29, 13
MM, 24, 28, 12
MM, 23, 28, 24
MM, 22, 24, 24
MM, 22, 22, 14
MM, 21, 20, 11
MM, 21, 18, 13
MM, 21, 17, 36
MC, 1, 560
MM, 19, 17, 134
MM, 14, 15, 13
MM, 5, 12, 12
MM, 25, 4, 12
MM, 639, 536, 12
MM, 6, 28, 12
MM, 563, 522, 12
MM, 5, 20, 12
MM, 24, 22, 12
MM, 5, 28, 13
MM, 467, 537, 12
MM, 21, 5, 12
MM, 5, 7, 12
MM, 34, 10, 12
MM, 27, 11, 13
MM, 19, 11, 12
MM, 14, 11, 12
MM, 9, 13, 12
MM, 5, 13, 12
MM, 2, 13, 13
MM, 382, 552, 12
MM, 379, 552, 12
MM, 33, 13, 12
MM, 32, 13, 12
MM, 30, 13, 13
MM, 29, 13, 12
MM, 28, 13, 13
MM, 27, 13, 24
MM, 26, 13, 24
MM, 25, 13, 13
MM, 24, 13, 36
MM, 23, 13, 12
MM, 22, 13, 12
MM, 21, 13, 25
MM, 20, 13, 12
MM, 19, 13, 12
MM, 19, 12, 74
MC, 1, 292
MM, 24, 12, 98
MM, 379, 551, 12
MM, 5, 14, 12
MM, 18, 16, 12
MM, 6, 20, 12
MM, 467, 565, 12
MM, 493, 574, 12
MM, 3, 6, 12
MM, 556, 596, 13
MM, 16, 27, 12
MM, 587, 608, 12
MM, 595, 611, 12
MM, 597, 614, 12
MM, 599, 615, 13
MM, 599, 616, 12
MM, 600, 616, 12
MM, 592, 610, 207
MM, 18, 26, 12
MM, 9, 19, 12
MM, 3, 17, 13
MM, 558, 592, 12
MM, 557, 589, 12
MM, 556, 589, 13
MM, 555, 589, 11
MM, 554, 589, 49
MM, 36, 13, 24
MM, 35, 13, 13
MM, 34, 13, 9
MM, 33, 13, 51
MM, 32, 13, 38
MM, 29, 13, 12
MM, 27, 13, 12
MM, 26, 12, 12
MM, 25, 12, 12
MM, 24, 12, 13
MM, 23, 12, 11
MM, 22, 12, 10
MC, 1, 381
MM, 19, 12, 97
MM, 11, 12, 12
MM, 513, 588, 13
MM, 27, 13, -2
MM, 18, 15, 27
MM, 12, 15, 12
MM, 5, 16, 12
MM, 471, 592, 12
MM, 28, 16, 12
MM, 22, 16, 13
MM, 18, 16, 12
MM, 15, 16, 12
MM, 13, 16, 12
MM, 12, 16, 13
MM, 10, 16, 11
MM, 9, 16, 25
MM, 8, 16, 24
MM, 7, 16, 12
MM, 6, 16, 12
MM, 5, 16, 219
MM, 4, 16, 13
MM, 3, 16, 12
MM, 1, 16, 12
MM, 431, 592, 12
MM, 428, 592, 12
MM, 35, 16, 13
MM, 33, 16, 12
MM, 32, 16, 12
MC, 1, 428
MM, 32, 10, 85
MM, 31, 1, 12
MM, 420, 571, 12
MM, 35, 25, 12
MM, 35, 18, 12
MM, 35, 12, 12
MM, 35, 1, 12
MM, 23, 27, 13
MM, 23, 21, 13
MM, 23, 17, 11
MM, 23, 15, 12
MM, 23, 14, 12
MM, 22, 13, 37
MM, 22, 12, 25
MM, 21, 12, 12
MM, 21, 11, 24
MM, 21, 10, 49
MM, 21, 9, 60
MC, 1, 390
MM, 21, 10, 195
MM, 22, 13, 13
MM, 25, 17, 12
MM, 29, 21, 12
MM, 33, 26, 12
MM, 435, 538, 12
MM, 15, 14, 12
MM, 18, 27, 12
MM, 14, 4, 12
MM, 19, 11, 13
MM, 20, 16, 12
MM, 21, 21, 12
MM, 23, 25, 12
MM, 23, 27, 12
MM, 23, 28, 25
MM, 23, 29, 61
MM, 457, 607, 25
MM, 457, 608, 12
MM, 457, 610, 24
MM, 457, 611, 12
MM, 457, 612, 12
MM, 68, 0, 12
MM, 68, 1, 13
MM, 68, 2, -3
MM, 68, 3, 39
MM, 68, 4, 12
MM, 68, 5, 25
MM, 69, 7, 12
MM, 69, 8, 14
MM, 70, 9, 12
MM, 70, 10, -4
MM, 71, 11, 28
MM, 72, 12, 13
MM, 73, 13, 11
MM, 74, 15, 13
MM, 75, 16, 12
MM, 75, 17, 12
MM, 76, 17, 12
MC, 1, 366
MM, 78, 14, 97
MM, 84, 7, 12
MM, 482, 609, 12
MM, 17, 23, 12
MM, 35, 10, 13
MM, 531, 573, 12
MM, 36, 18, 12
MM, 3, 2, 12
MM, 0, 29, 12
MM, 4, 24, 12
MM, 6, 20, 12
MM, 8, 18, 13
MM, 8, 17, 12
MM, 9, 16, 12
MM, 10, 14, 12
MM, 11, 14, 12
MM, 12, 13, 12
MM, 13, 12, 13
MM, 15, 12, 13
MM, 17, 11, -4
MM, 21, 11, 28
MM, 26, 9, 12
MM, 33, 7, 12
MM, 602, 507, 12
MM, 605, 505, 12
MM, 2, 1, 12
MM, 3, 0, 12
MM, 4, 0, 13
MM, 5, 0, 12
MM, 613, 501, 24
MM, 615, 501, 24
MM, 10, 0, 12
MM, 12, 0, 12
MM, 13, 1, 14
MM, 14, 1, 12
MM, 15, 1, -4
MM, 16, 2, 28
MM, 16, 3, 49
MM, 18, 3, 12
MM, 19, 4, 12
MM, 20, 5, 12
MM, 21, 6, 36
MM, 21, 7, 37
MC, 1, 379
MM, 20, 7, 48
MM, 17, 8, 12
MM, 14, 10, 12
MM, 11, 11, 12
MM, 7, 14, 13
MM, 5, 16, 12
MM, 2, 17, 12
MM, 606, 522, 12
MM, 603, 525, 12
MM, 595, 533, 13
MM, 34, 6, 13
MM, 25, 19, 12
MM, 574, 572, 12
MM, 10, 5, 12
MM, 7, 11, 13
MM, 6, 14, 12
MM, 4, 18, 12
MM, 1, 21, 12
MM, 559, 600, 12
MM, 556, 603, 12
MM, 554, 604, 12
MM, 36, 30, 12
MM, 551, 608, 12
MM, 550, 608, 25
MM, 549, 609, 12
MM, 548, 609, 36
MM, 548, 610, 12
MM, 545, 610, 24
MM, 543, 610, 12
MM, 541, 610, 14
MM, 540, 610, 12
MM, 539, 610, 24
MM, 537, 610, 12
MM, 536, 609, 13
MM, 534, 608, 12
MM, 533, 607, 12
MM, 15, 30, 12
MM, 15, 29, 24
MM, 15, 28, 25
MM, 14, 27, 49
MM, 14, 26, 35
MM, 14, 25, 13
MM, 13, 25, 13
MM, 13, 24, 12
MM, 13, 22, 12
MM, 13, 21, 12
MM, 13, 20, 12
MM, 13, 19, 12
MM, 13, 18, 24
MC, 1, 353
MM, 13, 19, 196
MM, 12, 20, 13
MM, 11, 20, 11
MM, 10, 21, 13
MM, 8, 22, -3
MM, 8, 23, 27
MM, 7, 23, 13
MM, 6, 24, 12
MM, 5, 24, 12
MM, 5, 25, 13
MM, 4, 25, 24
MM, 3, 25, 36
MM, 3, 26, 146
MM, 2, 26, 12
MM, 1, 27, 12
MM, 516, 604, 12
MM, 514, 605, 13
MM, 512, 608, 12
MM, 510, 610, 13
MM, 509, 611, 12
MM, 508, 612, 12
MM, 117, 1, 12
MM, 116, 2, 12
MM, 115, 3, 12
MM, 114, 3, 13
MM, 114, 4, 11
MM, 113, 4, 12
MM, 112, 5, 25
MM, 112, 6, 24
MM, 111, 7, 24
MM, 111, 8, 12
MM, 111, 7, 461
MM, 111, 2, 27
MM, 501, 611, 13
MM, 26, 28, 11
MM, 25, 23, 12
MM, 25, 20, 13
MM, 24, 18, 12
MM, 24, 16, 13
MM, 23, 12, 12
MM, 22, 7, 12
MM, 22, 5, 12
MM, 22, 2, 13
MM, 497, 574, 11
MM, 497, 572, 12
MM, 25, 25, 13
MM, 24, 16, 12
MM, 24, 11, 12
MM, 24, 8, 12
MM, 24, 6, 13
MM, 24, 5, 12
MM, 24, 4, 12
MM, 24, 3, 12
MM, 24, 2, 12
MM, 24, 1, 13
MM, 24, 0, 49
MM, 494, 537, 24
MM, 494, 535, 13
MM, 12, 30, 12
MM, 12, 26, 12
MM, 12, 24, 12
MM, 12, 23, 12
MM, 11, 23, 24
MM, 11, 22, 12
MM, 10, 22, 25
MM, 10, 21, 24
MM, 10, 20, 61
MM, 10, 19, 25
MM, 10, 18, 36
MM, 10, 17, 110
MM, 10, 18, 524
MM, 9, 22, 12
MM, 7, 26, 13
MM, 6, 30, 11
MM, 17, 1, 12
MM, 15, 25, 13
MM, 8, 11, 11
MM, 6, 26, 13
MM, 90, 2, 12
MM, 90, 9, 12
MM, 90, 14, 12
MM, 90, 17, 12
MM, 90, 19, 12
MM, 89, 20, 13
MM, 89, 21, 11
MM, 89, 23, 26
MM, 89, 25, 12
MM, 89, 28, 12
MM, 89, 30, 12
MM, 479, 644, 12
MM, 479, 645, 12
MM, 479, 647, 13
MM, 479, 648, 11
MM, 479, 650, 12
MM, 479, 652, 13
MM, 479, 653, 12
MM, 479, 654, 13
MM, 479, 652, 110
MM, 479, 649, 12
MM, 479, 645, -3
MM, 89, 30, 28
MM, 90, 28, 12
MM, 90, 27, 12
MM, 90, 26, 12
MM, 90, 25, 12
MM, 91, 24, 12
MM, 91, 23, 12
MM, 91, 22, 12
MM, 91, 21, -2
MM, 92, 20, 27
MM, 93, 19, 24
MM, 93, 18, 12
MM, 93, 17, 24
MC, 1, 391
MM, 93, 15, 109
MM, 93, 9, 12
MM, 94, 2, 12
MM, 489, 607, -3
MM, 19, 22, 27
MM, 25, 6, 13
MM, 506, 560, 13
MM, 0, 4, 13
MM, 31, 30, 11
MM, 32, 21, 12
MM, 33, 16, 12
MM, 33, 13, 12
MM, 34, 10, 13
MM, 34, 8, 24
MM, 34, 6, 12
MM, 34, 5, 12
MM, 34, 2, 12
MM, 34, 0, 12
MM, 516, 497, 13
MM, 516, 492, 12
MM, 516, 489, -4
MM, 516, 486, 28
MM, 516, 484, 12
MM, 516, 483, 24
MM, 516, 482, 12
MM, 516, 481, 14
MM, 516, 480, 36
MM, 515, 480, 49
MM, 32, 15, -3
MM, 29, 17, 39
MM, 28, 19, 12
MM, 27, 20, 12
MM, 27, 22, 12
MM, 26, 26, 13
MM, 26, 28, 12
MM, 505, 496, 12
MM, 504, 498, 12
MM, 503, 501, 14
MM, 21, 1, 11
MM, 21, 2, 25
MM, 21, 3, 12
MM, 21, 4, 13
MM, 21, 5, 12
MM, 21, 4, 73
MC, 1, 317
MM, 24, 6, 123
MM, 27, 9, 10
MM, 0, 16, 13
MM, 13, 23, 11
MM, 546, 533, 13
MM, 0, 2, 12
MM, 6, 8, 12
MM, 11, 10, 12
MM, 13, 13, 13
MM, 16, 15, 12
MM, 17, 16, 13
MM, 18, 17, 11
MM, 18, 18, 12
MM, 19, 18, 146
MC, 1, 354
MM, 18, 18, 110
MM, 15, 18, 11
MM, 10, 18, 13
MM, 553, 557, 12
MM, 31, 16, 12
MM, 20, 15, 12
MM, 13, 14, 12
MM, 7, 11, 13
MM, 4, 10, 11
MM, 0, 7, 13
MM, 509, 545, 13
MM, 505, 544, 13
MM, 505, 543, 12
MM, 34, 4, 12
MM, 33, 3, 12
MM, 33, 2, 37
MM, 27, 0, 36
MM, 493, 538, 12
MM, 490, 535, 12
MM, 486, 534, 13
MM, 483, 533, 12
MM, 479, 532, 11
MM, 476, 531, 13
MM, 33, 28, 12
MM, 28, 26, 12
MM, 23, 25, 12
MM, 20, 25, 13
MM, 16, 24, 13
MM, 13, 24, 12
MM, 11, 24, 12
MM, 9, 24, 12
MM, 7, 24, 12
MM, 5, 23, 12
MM, 4, 23, 24
MM, 3, 23, -3
MM, 2, 23, 64
MM, 1, 23, 74
MM, 1, 22, 12
MM, 0, 22, 24
MM, 438, 524, 12
MM, 436, 524, 12
MM, 434, 523, 13
MM, 35, 21, 12
MM, 33, 21, 12
MM, 31, 21, 12
MM, 29, 21, 12
MM, 27, 21, 12
MM, 26, 21, 12
MM, 25, 21, 13
MM, 24, 21, 12
MM, 23, 20, 24
MM, 22, 20, 25
MM, 21, 20, 24
MM, 21, 19, 13
MM, 20, 19, 24
MM, 20, 18, 48
MC, 1, 317
MM, 23, 18, 122
MM, 26, 18, 12
MM, 31, 18, 12
MM, 434, 520, 12
MM, 12, 20, 14
MM, 34, 22, 11
MM, 10, 24, 12
MM, 31, 24, 13
MM, 16, 24, 12
MM, 560, 526, -4
MM, 9, 24, 28
MM, 20, 21, 12
MM, 27, 20, 13
MM, 32, 19, 11
MM, 36, 18, 13
MM, 602, 520, 13
MM, 603, 519, 11
MM, 604, 519, 61
MM, 604, 518, 13
MM, 604, 517, 61
MM, 605, 516, 12
MM, 606, 515, 12
MM, 606, 514, 13
MM, 0, 11, 12
MM, 1, 10, 12
MM, 2, 10, 12
MM, 2, 9, 12
MM, 3, 9, 12
MM, 5, 9, 13
MM, 7, 8, 12
MM, 9, 8, 12
MM, 11, 7, 12
MM, 12, 7, 12
MM, 14, 7, 12
MM, 15, 7, 12
MM, 16, 7, 12
MM, 17, 7, 12
MM, 18, 7, 13
MM, 20, 7, 12
MC, 1, 316
MM, 9, 7, 111
MM, 33, 7, 12
MM, 16, 7, 12
MM, 559, 509, 12
MM, 7, 7, 12
MM, 29, 7, 13
MM, 16, 7, 11
MM, 9, 7, 12
MM, 6, 7, 13
MM, 4, 7, 12
MM, 3, 7, 12
MM, 2, 7, 12
MM, 1, 7, 25
MM, 0, 7, 12
MM, 481, 509, 12
MM, 479, 509, 25
MM, 478, 509, 24
MM, 477, 509, 36
MM, 36, 7, 25
MM, 35, 7, 12
MM, 34, 7, 12
MM, 33, 7, 24
MM, 31, 7, 12
MM, 30, 7, 13
MM, 28, 7, 12
MM, 27, 7, 12
MM, 25, 7, 13
MM, 23, 8, 12
MM, 21, 8, 12
MM, 19, 8, 12
MM, 18, 8, 13
MM, 17, 8, 11
MM, 17, 9, 25
MC, 1, 329
MM, 17, 15, 61
MM, 17, 20, 12
MM, 17, 23, 12
MM, 17, 28, 12
MM, 456, 535, 13
MM, 29, 4, 13
MM, 29, 14, -4
MM, 29, 27, 28
MM, 456, 573, 12
MM, 23, 2, 12
MM, 24, 7, 12
MM, 25, 9, 13
MM, 26, 11, 12
MM, 27, 13, 12
MM, 27, 15, 12
MM, 27, 16, 12
MM, 27, 18, 12
MM, 27, 19, 12
MM, 27, 20, 13
MM, 27, 21, 12
MM, 27, 23, 12
MM, 27, 24, 36
MM, 27, 25, 110
MM, 27, 26, 12
MM, 27, 27, 12
MM, 27, 28, 12
MM, 461, 607, 13
MM, 461, 609, 12
MM, 461, 611, 12
MM, 71, 0, 12
MM, 71, 2, 12
MM, 71, 4, 12
MM, 71, 5, 12
MM, 71, 6, 12
MM, 72, 6, 25
MM, 73, 7, 13
MM, 74, 7, 12
MM, 77, 12, 12
MC, 1, 341
MM, 78, 12, 85
MM, 90, 9, 12
MM, 110, 2, 13
MM, 18, 26, 12
MM, 15, 11, 12
MM, 596, 575, 13
MM, 11, 22, 13
MM, 21, 10, 13
MM, 623, 538, 11
MM, 21, 28, 12
MM, 23, 23, 12
MM, 28, 18, 13
MM, 30, 14, 12
MM, 638, 516, 12
MM, 638, 514, 12
MM, 639, 514, 12
MM, 639, 513, 73
MM, 640, 513, 86
MM, 641, 513, 36
MM, 642, 513, 12
MM, 1, 11, 12
MM, 4, 11, 12
MM, 7, 11, 12
MM, 8, 11, 13
MM, 9, 11, 12
MM, 10, 11, 12
MM, 11, 11, 36
MC, 1, 318
MM, 9, 11, 109
MM, 4, 11, 12
MM, 640, 512, 12
MM, 16, 10, 13
MM, 606, 510, 12
MM, 25, 6, 12
MM, 3, 6, -4
MM, 15, 6, 29
MM, 519, 508, 12
MM, 27, 6, 12
MM, 20, 6, 12
MM, 17, 6, 12
MM, 15, 6, 12
MM, 12, 6, 12
MM, 9, 7, 13
MM, 4, 7, 12
MM, 478, 510, 12
MM, 26, 10, 12
MM, 17, 10, 12
MM, 10, 11, 12
MM, 7, 11, 13
MM, 3, 11, 12
MM, 1, 11, 12
MM, 0, 11, 12
MM, 438, 513, 25
MM, 437, 513, 12
MM, 435, 513, 12
MM, 35, 11, 12
MM, 33, 11, 25
MM, 32, 11, 12
MM, 30, 11, 12
MM, 26, 11, 12
MM, 23, 11, 13
MM, 19, 11, 12
MM, 16, 11, 12
MM, 13, 11, 12
MM, 11, 11, 12
MM, 10, 11, 12
MM, 9, 11, 13
MM, 7, 11, 12
MM, 6, 11, 12
MM, 4, 11, 13
MM, 2, 11, 12
MM, 0, 11, 12
MM, 393, 513, 12
MM, 38, 12, 13
MM, 34, 12, 12
MM, 32, 13, 12
MM, 30, 13, 12
MM, 28, 13, 12
MM, 26, 13, 12
MM, 25, 13, 13
MM, 23, 13, 12
MM, 22, 13, 13
MM, 21, 13, 24
MM, 20, 13, 61
MC, 1, 341
MM, 21, 16, 97
MM, 29, 21, 12
MM, 0, 26, 12
MM, 416, 535, 12
MM, 7, 1, 13
MM, 468, 546, 12
MM, 505, 551, 13
MM, 13, 16, 11
MM, 28, 19, -3
MM, 553, 561, 28
MM, 12, 24, 12
MM, 23, 26, 12
MM, 32, 27, 12
MM, 36, 27, -3
MM, 594, 567, 28
MM, 596, 568, 12
MM, 0, 29, 12
MM, 1, 29, 12
MM, 1, 30, 12
MM, 2, 30, 12
MM, 3, 30, 12
MM, 601, 570, 10
MM, 601, 571, 27
MM, 602, 571, 12
MM, 603, 572, 24
MM, 603, 573, 13
MM, 603, 574, 24
MM, 603, 575, 9
MM, 600, 576, 28
MM, 32, 4, 12
MM, 23, 5, 12
MM, 16, 7, 12
MM, 12, 9, 12
MM, 9, 10, 13
MM, 7, 12, 12
MM, 4, 13, 12
MM, 3, 14, 24
MM, 2, 14, 24
MM, 559, 592, 37
MM, 556, 593, 13
MM, 554, 593, 11
MM, 35, 18, 13
MM, 34, 18, 12
MM, 33, 18, 37
MM, 32, 18, 12
MM, 30, 18, 13
MM, 27, 19, 11
MM, 26, 19, 12
MM, 25, 19, 12
MM, 24, 19, 25
MM, 22, 19, 49
MM, 21, 19, 13
MM, 20, 19, 12
MC, 1, 338
MM, 18, 21, 125
MM, 15, 23, 12
MM, 12, 26, 13
MM, 8, 29, 12
MM, 518, 608, 12
MM, 512, 612, 12
MM, 117, 4, 12
MM, 114, 7, 12
MM, 111, 10, 12
MM, 108, 12, 12
MM, 107, 13, 12
MM, 106, 15, 13
MM, 106, 16, 13
MC, 1, 437
MM, 102, 16, 98
MM, 96, 14, 12
MM, 88, 10, 12
MM, 82, 0, -3
MM, 31, 21, 28
MM, 24, 8, 12
MM, 450, 574, 12
MM, 15, 27, 12
MM, 4, 22, 12
MM, 34, 15, 12
MM, 25, 12, 12
MM, 18, 10, 14
MM, 13, 8, 11
MM, 10, 7, 13
MM, 8, 6, 12
MM, 7, 6, 12
MM, 6, 6, 13
MM, 5, 6, 24
MM, 4, 6, 25
MM, 4, 5, 12
MM, 4, 3, 37
MM, 3, 2, 11
MM, 2, 1, 12
MM, 1, 1, 12
MM, 381, 536, 13
MM, 20, 28, 12
MM, 10, 19, 13
MM, 4, 14, 12
MM, 0, 8, 12
MM, 350, 508, 12
MM, 349, 506, 12
MM, 349, 505, -3
MM, 349, 504, 40
MM, 350, 504, 243
MM, 351, 504, 12
MM, 1, 2, 13
MM, 2, 2, 12
MM, 4, 2, 12
MM, 6, 2, 12
MM, 10, 2, 12
MM, 11, 2, 24
MM, 12, 2, 12
MM, 13, 3, 26
MC, 1, 302
MM, 13, 6, 99
MM, 13, 11, 12
MM, 13, 15, -3
MM, 13, 22, 28
MM, 13, 25, 12
MM, 13, 29, 12
MM, 365, 533, 12
MM, 365, 535, 12
MM, 365, 537, 12
MM, 365, 538, 13
MM, 21, 0, 11
MM, 21, 1, -3
MM, 21, 2, 29
MM, 20, 3, 12
MM, 20, 4, 12
MM, 19, 4, 49
MC, 1, 366
MM, 20, 4, 98
MM, 30, 4, 12
MM, 2, 4, 12
MM, 15, 4, 12
MM, 421, 543, 12
MM, 20, 4, 13
MM, 468, 543, 11
MM, 15, 3, 12
MM, 26, 3, 13
MM, 33, 3, 11
MM, 507, 542, 13
MM, 510, 541, 12
MM, 510, 540, 122
MM, 515, 538, 61
MM, 520, 536, 13
MM, 524, 533, -4
MM, 4, 29, 28
MM, 7, 28, 12
MM, 9, 27, 12
MM, 10, 26, 13
MM, 11, 26, 11
MM, 12, 26, 25
MM, 13, 26, 12
MM, 14, 26, 12
MM, 15, 26, 12
MC, 1, 354
MM, 15, 27, 97
MM, 15, 30, 12
MM, 536, 536, 12
MM, 23, 0, -3
MM, 21, 3, 27
MM, 20, 6, 13
MM, 19, 10, 12
MM, 18, 14, 12
MM, 16, 23, 12
MM, 524, 572, 13
MM, 4, 5, 12
MM, 1, 8, 13
MM, 515, 590, 12
MM, 513, 592, 12
MM, 35, 18, 13
MM, 33, 21, 12
MM, 29, 23, 12
MM, 25, 25, 13
MM, 22, 28, 11
MM, 21, 29, 12
MM, 19, 30, 13
MM, 493, 607, -4
MM, 493, 608, 28
MM, 491, 609, 24
MM, 100, 0, 12
MM, 99, 3, 12
MM, 97, 8, 13
MM, 96, 12, 13
MM, 95, 14, 12
MM, 95, 16, 12
MM, 94, 17, 12
MM, 94, 19, 12
MM, 93, 20, 12
MM, 92, 22, 13
MM, 91, 24, 11
MM, 91, 25, 12
MM, 90, 26, 12
MM, 90, 27, 13
MC, 1, 597
MM, 90, 25, 268
MM, 90, 20, 12
MM, 90, 14, 12
MM, 90, 9, 12
MM, 89, 2, 13
MM, 478, 612, 12
MM, 477, 609, 12
MM, 476, 609, 12
MM, 475, 608, 12
MM, 474, 607, 24
MM, 473, 607, 9
MM, 474, 607, 173
MM, 477, 607, 51
MM, 480, 607, 13
MM, 482, 607, 11
MM, 8, 30, 13
MM, 9, 30, 11
MM, 10, 30, 13
MM, 11, 30, 24
MM, 11, 29, 36
MM, 12, 29, 37
MC, 1, 305
MM, 14, 24, 219
MM, 19, 13, 12
MM, 26, 1, 13
MM, 509, 568, 11
MM, 8, 20, 13
MM, 21, 10, 25
MM, 25, 8, 11
MM, 27, 4, 12
MM, 29, 2, 13
MM, 544, 534, 12
MM, 24, 23, 12
MM, 27, 16, 13
MM, 30, 8, 12
MM, 31, 5, 12
MM, 33, 3, 12
MM, 34, 0, 12
MM, 559, 501, 13
MM, 560, 499, 12
MM, 562, 498, 12
MM, 563, 497, 12
MM, 564, 496, 12
MM, 4, 30, 12
MM, 6, 29, 12
MM, 10, 28, 12
MM, 12, 27, 13
MM, 14, 27, 12
MM, 16, 27, 12
MM, 17, 27, 12
MM, 18, 27, 12
MM, 19, 27, 25
MM, 20, 27, 37
MM, 20, 28, 24
MM, 20, 29, 13
MM, 582, 496, 11
MM, 582, 499, 13
MM, 18, 0, 12
MM, 18, 5, -3
MM, 18, 7, 27
MM, 18, 9, 12
MM, 18, 11, 12
MM, 18, 12, 12
MM, 18, 13, 12
MM, 18, 14, 184
MC, 1, 207
MM, 15, 14, 134
MM, 10, 14, 12
MM, 2, 14, 13
MM, 560, 516, 12
MM, 30, 14, 12
MM, 19, 15, 13
MM, 13, 15, 12
MM, 9, 15, 12
MM, 6, 15, 12
MM, 5, 15, 12
MM, 4, 15, 12
MM, 3, 15, 24
MM, 2, 15, 13
MM, 0, 15, 61
MM, 522, 517, 12
MM, 521, 517, 12
MM, 521, 516, 12
MM, 520, 516, 13
MM, 518, 516, 48
MM, 517, 516, 13
MM, 34, 14, 12
MM, 33, 14, 13
MM, 31, 13, 12
MM, 30, 13, 12
MM, 29, 13, 12
MM, 28, 13, 12
MM, 27, 13, 12
MM, 26, 13, 12
MM, 26, 12, 12
MC, 1, 329
MM, 25, 15, 98
MM, 22, 22, 12
MM, 19, 30, 12
MM, 500, 537, 12
MM, 27, 3, 13
MM, 26, 6, 11
MM, 24, 10, 12
MM, 21, 15, 13
MM, 19, 19, 13
MM, 17, 25, 12
MM, 486, 573, 12
MM, 10, 6, 12
MM, 8, 13, 13
MM, 8, 18, 12
MM, 7, 21, 12
MM, 7, 25, 13
MM, 6, 28, 12
MM, 481, 609, 12
MM, 90, 0, 12
MM, 90, 3, 12
MM, 89, 5, 12
MM, 89, 7, 12
MM, 89, 8, 111
MM, 89, 9, 157
MC, 1, 342
MM, 89, 2, 134
MM, 479, 608, 12
MM, 4, 25, 12
MM, 5, 18, 12
MM, 8, 13, 12
MM, 9, 9, 12
MM, 10, 6, 13
MM, 11, 2, 12
MM, 11, 0, 12
MM, 488, 573, 12
MM, 488, 571, 12
MM, 19, 28, 12
MM, 19, 23, 12
MM, 20, 20, 12
MM, 21, 16, 14
MM, 22, 14, 12
MM, 23, 12, 12
MM, 23, 10, 12
MM, 24, 9, 12
MM, 25, 8, 12
MM, 25, 7, 12
MC, 1, 428
MM, 30, 7, 134
MM, 507, 545, 13
MM, 3, 3, 11
MM, 14, 0, 12
MM, 28, 27, 13
MM, 15, 14, 12
MM, 33, 1, 12
MM, 8, 29, 12
MM, 18, 25, 12
MM, 25, 22, 12
MM, 30, 19, 13
MM, 638, 483, 12
MM, 643, 482, 12
MM, 4, 17, 12
MM, 7, 16, 12
MM, 9, 16, 12
MM, 10, 16, 12
MM, 11, 16, 12
MM, 12, 16, 25
MM, 13, 16, 12
MM, 14, 16, 24
MM, 15, 15, 13
MM, 17, 15, 12
MM, 18, 15, 25
MM, 17, 15, 48
MM, 14, 17, 13
MM, 13, 19, 12
MM, 11, 21, 12
MM, 7, 24, 12
MM, 0, 29, 12
MM, 639, 500, 12
MM, 28, 1, 12
MM, 26, 3, 12
MM, 22, 4, 13
MM, 21, 5, 12
MM, 20, 6, 12
MM, 19, 6, 24
MC, 1, 476
MM, 18, 8, 74
MM, 14, 12, 12
MM, 6, 16, 12
MM, 604, 524, 12
MM, 596, 534, 13
MM, 591, 540, 13
MM, 31, 12, 12
MM, 28, 20, 12
MM, 25, 23, 12
MM, 24, 25, 12
MM, 23, 28, 12
MM, 22, 30, 13
MM, 574, 570, 11
MM, 573, 571, 13
MM, 572, 572, 12
MM, 570, 573, 12
MM, 567, 574, 12
MM, 563, 575, 12
MM, 558, 575, 12
MM, 555, 576, 12
MM, 34, 0, 13
MM, 32, 1, 11
MM, 31, 1, 14
MM, 29, 2, 12
MM, 27, 2, 13
MM, 25, 3, 11
MM, 24, 4, 12
MM, 22, 4, 12
MM, 21, 5, 26
MM, 20, 5, 48
MC, 1, 414
MM, 16, 5, 145
MM, 12, 5, 13
MM, 0, 5, 12
MM, 23, 5, 12
MM, 8, 5, 13
MM, 34, 1, 12
MM, 446, 575, 12
MM, 423, 575, 12
MM, 406, 575, 13
MM, 395, 574, 12
MM, 386, 574, 12
MM, 382, 574, 12
MM, 378, 574, 12
MM, 375, 574, 12
MM, 371, 574, 12
MM, 370, 574, 12
MM, 368, 574, 12
MM, 367, 574, 37
MM, 366, 574, 12
MM, 365, 574, 14
MM, 364, 574, 10
MM, 363, 573, 13
MM, 363, 572, 85
MM, 363, 571, 12
MM, 19, 30, 12
MM, 19, 29, 13
MM, 19, 26, 12
MM, 19, 24, 13
MM, 20, 22, 12
MM, 20, 21, 12
MM, 20, 20, 12
MC, 1, 378
MM, 30, 20, 195
MM, 4, 20, 12
MM, 30, 20, 12
MM, 6, 20, 12
MM, 26, 20, 12
MM, 18, 20, 13
MM, 34, 20, 13
MM, 728, 561, 12
MM, 756, 563, 12
MM, 769, 563, 13
MM, 775, 563, 11
MM, 777, 563, 13
MM, 778, 563, 11
MM, 779, 563, 13
MM, 779, 562, 36
MM, 778, 562, 122
MM, 774, 562, 13
MM, 765, 562, 12
MM, 757, 562, 12
MM, 750, 562, 12
MM, 745, 562, 12
MM, 740, 561, 12
MM, 737, 561, 12
MM, 734, 560, 13
MM, 730, 560, 12
MM, 728, 560, 12
MM, 727, 560, 12
MM, 725, 560, 12
MM, 724, 560, 24
MM, 723, 560, -2
MM, 721, 560, 27
MM, 719, 560, 12
MM, 718, 560, 12
MM, 717, 560, 85
MM, 716, 560, 12
MM, 714, 560, 13
MM, 34, 20, 12
MM, 32, 19, 13
MM, 31, 18, 12
MM, 29, 18, 12
MM, 28, 17, 12
MM, 27, 16, 12
MM, 26, 16, 12
MM, 26, 15, 13
MM, 25, 15, 11
MM, 25, 14, 25
MC, 1, 354
MC, 2, 170
MM, 22, 14, 269
MM, 14, 14, 12
MM, 3, 14, 12
MM, 32, 12, -3
MM, 19, 7, 28
MM, 4, 2, 12
MM, 619, 538, 12
MM, 604, 532, 13
MM, 30, 27, 11
MM, 23, 25, 13
MM, 18, 23, 12
MM, 15, 22, 12
MM, 11, 21, 12
MM, 9, 20, 13
MM, 7, 19, 12
MM, 3, 18, 12
MM, 2, 17, 13
MM, 1, 17, 11
MM, 0, 16, 24
MM, 563, 518, 12
MM, 561, 518, 12
MM, 560, 518, 12
MM, 559, 518, 13
MM, 558, 517, 12
MM, 34, 15, 12
MM, 33, 15, 25
MM, 31, 15, 12
MM, 29, 15, 13
MM, 27, 15, 12
MM, 26, 15, 12
MM, 25, 15, 12
MM, 23, 15, 12
MM, 21, 15, 48
MM, 18, 15, 13
MM, 16, 14, 24
MM, 15, 14, 12
MM, 13, 14, 12
MM, 9, 14, 13
MM, 7, 13, 11
MM, 4, 13, 13
MM, 2, 13, 12
MM, 1, 13, 13
MM, 522, 515, 12
MM, 521, 515, 12
MM, 519, 515, 13
MM, 518, 515, 11
MM, 517, 515, 13
MM, 34, 12, 12
MM, 33, 12, 13
MM, 32, 11, 12
MM, 31, 11, 12
MM, 31, 10, 25
MM, 31, 9, 48
MM, 31, 8, 24
MM, 31, 7, 38
MM, 32, 7, 36
MM, 517, 509, -4
MM, 520, 509, 28
MM, 0, 7, 12
MM, 3, 7, 13
MM, 5, 7, 11
MM, 9, 7, 12
MM, 11, 7, 13
MM, 12, 7, 13
MM, 13, 7, 12
MM, 14, 7, 12
MM, 15, 7, 12
MM, 16, 9, 61
MC, 1, 316
MM, 16, 11, 74
MM, 15, 15, 12
MM, 14, 18, 12
MM, 13, 20, 12
MM, 12, 24, 12
MM, 10, 27, 12
MM, 531, 534, 12
MM, 19, 2, 12
MM, 18, 7, 12
MM, 15, 11, 12
MM, 13, 14, 13
MM, 11, 17, 12
MM, 8, 19, 13
MM, 7, 20, 12
MM, 6, 22, 12
MM, 5, 23, 12
MM, 5, 24, 12
MM, 4, 24, -3
MM, 3, 26, 28
MM, 2, 27, 12
MM, 1, 28, 24
MM, 1, 29, 13
MM, 511, 570, 12
MM, 511, 572, 13
MM, 35, 1, 11
MM, 33, 8, -2
MM, 32, 15, 26
MM, 32, 19, 12
MM, 31, 22, 12
MM, 31, 24, 12
MM, 31, 25, 13
MM, 31, 26, 12
MM, 31, 27, 38
MM, 30, 28, 12
MM, 30, 30, 12
MM, 504, 607, 11
MM, 504, 609, 13
MM, 503, 609, 12
MM, 503, 611, 12
MM, 113, 2, 12
MM, 112, 4, 12
MM, 112, 6, 12
MM, 112, 9, 12
MM, 112, 12, 12
MM, 112, 10, 623
MM, 112, 1, 12
MM, 27, 29, 12
MM, 25, 22, 12
MM, 24, 15, 13
MM, 24, 6, 12
MM, 498, 575, 13
MM, 498, 571, 12
MM, 28, 27, 12
MM, 28, 23, 12
MM, 28, 22, 12
MM, 27, 22, 12
MM, 27, 21, 12
MM, 26, 21, 123
MM, 25, 21, 36
MM, 25, 22, 48
MM, 24, 22, 12
MM, 24, 23, 12
MM, 23, 23, 87
MM, 22, 24, 60
MM, 21, 24, 24
MM, 21, 25, 24
MM, 21, 24, 87
MM, 21, 23, 12
MM, 21, 22, 24
MM, 21, 21, 36
MM, 21, 20, 37
MM, 20, 19, 49
MM, 19, 19, 22
MM, 19, 18, 88
MC, 1, 329
MM, 18, 18, 219
MM, 16, 18, 12
MM, 15, 18, 13
MM, 13, 18, 12
MM, 9, 18, 12
MM, 3, 18, 12
MM, 33, 18, 13
MM, 22, 18, 12
MM, 14, 18, 12
MM, 5, 18, 12
MM, 421, 557, 13
MM, 21, 18, 11
MM, 10, 16, 13
MM, 1, 15, 12
MM, 379, 551, 12
MM, 32, 12, 12
MM, 28, 10, 12
MM, 25, 8, 12
MM, 23, 8, 12
MM, 20, 7, 13
MM, 17, 6, 12
MM, 14, 6, 13
MM, 10, 6, 12
MM, 5, 6, 12
MM, 0, 5, 12
MM, 340, 544, 12
MM, 338, 544, 12
MM, 56, 5, 12
MM, 53, 4, 12
MM, 52, 4, 13
MM, 52, 3, 12
MM, 53, 3, 110
MM, 55, 3, 12
MM, 57, 3, 13
MM, 341, 542, 11
MM, 0, 3, 12
MM, 2, 3, 13
MM, 5, 4, 12
MM, 7, 5, 12
MM, 8, 6, 12
MM, 9, 7, 12
MM, 10, 7, 12
MM, 10, 8, 12
MM, 11, 8, 12
MM, 12, 9, 24
MM, 13, 10, 26
MM, 14, 10, 12
MM, 14, 12, 12
MM, 15, 13, 13
MC, 1, 317
MM, 17, 13, 122
MM, 23, 13, 12
MM, 6, 13, 12
MM, 35, 13, 13
MM, 24, 16, 12
MM, 33, 24, 11
MM, 31, 26, 12
MM, 631, 573, 13
MM, 15, 0, 11
MM, 29, 4, 14
MM, 678, 581, -4
MM, 683, 583, 28
MM, 685, 583, 12
MM, 685, 581, 232
MM, 685, 579, 12
MM, 685, 577, 12
MM, 685, 576, 12
MM, 686, 574, 12
MM, 686, 571, 12
MM, 8, 30, 12
MM, 8, 29, 12
MM, 8, 28, 13
MM, 8, 27, 11
MM, 9, 27, 111
MM, 9, 26, 60
MM, 9, 25, 61
MM, 9, 22, 36
MM, 9, 20, 13
MM, 9, 19, 12
MM, 9, 18, 12
MM, 9, 17, 12
MM, 11, 15, 74
MC, 1, 293
MC, 2, 171
MM, 9, 17, 133
MM, 6, 18, 13
MM, 1, 20, 12
MM, 673, 561, 12
MM, 25, 23, 12
MM, 14, 27, 12
MM, 4, 30, 12
MM, 630, 574, 12
MM, 16, 1, 13
MM, 0, 4, 12
MM, 30, 7, 13
MM, 21, 9, 12
MM, 16, 12, 12
MM, 11, 13, 12
MM, 9, 13, 12
MM, 8, 14, 13
MM, 7, 14, 12
MM, 6, 14, 12
MM, 5, 14, 12
MM, 4, 15, 24
MM, 3, 16, 12
MM, 2, 16, 13
MM, 2, 17, 12
MM, 2, 18, 12
MM, 1, 20, 13
MM, 559, 599, 12
MM, 558, 601, 12
MM, 557, 602, 13
MM, 557, 603, 12
MM, 555, 604, 11
MM, 554, 604, 13
MM, 34, 29, 12
MM, 30, 29, 12
MM, 545, 607, 12
MM, 544, 607, 12
MM, 542, 608, 12
MM, 541, 608, 25
MM, 546, 609, 72
MM, 551, 609, 12
MM, 559, 610, 13
MM, 568, 612, 13
MM, 598, 614, 12
MM, 633, 614, 12
MM, 699, 619, 12
MM, 753, 625, 12
MM, 787, 631, 12
MM, 808, 637, 12
MM, 821, 640, 13
MM, 833, 643, 12
MM, 836, 646, 12
MM, 840, 647, 12
MM, 841, 648, 13
MM, 843, 648, 11
MM, 844, 648, 24
MM, 845, 648, 147
MM, 847, 648, 12
MM, 849, 648, 13
MM, 10, 0, 11
MM, 12, 4, 13
MM, 15, 6, 13
MM, 18, 9, 13
MM, 20, 11, 11
MM, 21, 12, 12
MM, 22, 12, 12
MM, 23, 12, 12
MM, 24, 12, 13
MM, 25, 12, 24
MM, 25, 11, 645
MM, 24, 7, 13
MM, 858, 648, 12
MM, 830, 629, 14
MM, 795, 588, 12
MM, 762, 544, 11
MM, 34, 7, 13
MM, 684, 477, 12
MM, 664, 450, 12
MM, 388, 69, 11
MM, 383, 55, 13
MM, 381, 46, 12
MM, 380, 43, 12
MM, 380, 42, 12
MM, 376, 42, 171
