********************************************************************************
LOGGING TIME: 20161113_020940
CLIENT IP: 192.168.88.1
USERNAME: Ramola
OS: Windows 8.1
**********************************Emotional database********************************************************************************
MM, 923, 208, 1477468987165
MM, 584, 35, 12
MM, 535, 75, 14
MM, 759, 332, 12
MM, 460, 1, 12
MM, 446, 13, 12
MM, 440, 21, 12
MM, 437, 21, 219
MM, 427, 21, 12
MM, 408, 21, 12
MM, 391, 19, 13
MM, 375, 16, 12
MM, 339, 11, 12
MM, 304, 2, 12
MM, 551, 354, 12
MM, 537, 345, 12
MM, 529, 337, 13
MM, 525, 332, 12
MM, 524, 328, 12
MM, 523, 325, 12
MM, 522, 323, 12
MM, 521, 321, 25
MM, 520, 319, 13
MM, 519, 317, 12
MM, 517, 313, 12
MM, 515, 311, 12
MM, 249, 79, 12
MM, 245, 76, 13
MM, 243, 72, 11
MM, 240, 68, 12
MM, 238, 66, 13
MM, 237, 64, 12
MM, 236, 62, 12
MM, 236, 61, 12
MM, 235, 59, 12
MM, 234, 58, 12
MM, 234, 56, 12
MM, 234, 55, 13
MM, 233, 54, 13
MM, 233, 52, 12
MM, 233, 51, 12
MM, 233, 50, 12
MM, 233, 49, 24
MC, 1, 355
MM, 233, 50, 15289
MM, 233, 52, 27
MM, 233, 56, 12
MM, 233, 64, 13
MM, 231, 81, 12
MM, 494, 322, 12
MM, 492, 333, 12
MM, 491, 338, 12
MM, 490, 340, 13
MM, 490, 343, 24
MM, 490, 344, 12
MM, 490, 345, 12
MM, 489, 347, 12
MM, 489, 351, 12
MM, 489, 353, 13
MM, 488, 355, 12
MM, 224, 1, 13
MM, 224, 3, 12
MM, 223, 3, 12
MM, 223, 4, 12
MM, 223, 7, 268
MM, 223, 5, 12
MC, 2, 451
MM, 492, 354, 342
MM, 504, 340, 12
MM, 526, 324, 12
MM, 289, 76, 12
MM, 306, 56, 12
MM, 319, 40, 12
MM, 327, 29, 13
MM, 332, 21, 12
MM, 334, 17, 12
MM, 335, 17, 24
MM, 335, 16, 13
MM, 335, 17, 135
MM, 334, 20, 12
MM, 331, 25, 12
MM, 328, 29, 12
MM, 324, 33, 13
MM, 319, 35, 12
MM, 311, 38, 12
MM, 306, 41, 12
MM, 304, 42, 12
MM, 303, 43, 12
MM, 302, 43, 13
MC, 1, 329
MM, 300, 45, 378
MM, 298, 46, 12
MM, 294, 47, 12
MM, 264, 57, 48
MM, 255, 62, 13
MM, 234, 73, 12
MM, 468, 322, 12
MM, 447, 343, 13
MM, 169, 0, 12
MM, 161, 8, 12
MM, 153, 16, 12
MM, 148, 21, 12
MM, 142, 26, 12
MM, 137, 27, 12
MM, 132, 29, 12
MM, 127, 31, 12
MM, 122, 31, 13
MM, 119, 32, 12
MM, 115, 33, 12
MM, 112, 34, 12
MM, 108, 35, 12
MM, 106, 35, 13
MM, 105, 35, 12
MM, 104, 36, 13
MM, 103, 36, 24
MM, 102, 42, 98
MC, 1, 341
MM, 102, 45, 195
MM, 104, 51, 12
MM, 110, 62, 12
MM, 124, 74, 12
MM, 143, 89, 13
MM, 421, 457, 13
MM, 433, 469, 12
MM, 0, 13, 12
MM, 7, 25, 12
MM, 449, 499, 12
MM, 11, 2, 12
MM, 12, 7, 12
MM, 12, 9, 13
MM, 13, 9, 12
MM, 13, 10, 12
MM, 14, 11, 24
MM, 14, 12, 36
MM, 15, 14, 12
MM, 15, 15, 13
MM, 15, 16, 12
MM, 16, 18, 13
MM, 17, 19, 24
MM, 18, 21, 12
MM, 21, 23, 12
MM, 28, 25, 13
MM, 35, 28, 12
MM, 482, 535, 12
MM, 486, 537, 12
MM, 19, 0, 12
MM, 21, 1, 12
MM, 25, 4, 12
MM, 27, 5, 13
MM, 31, 7, -4
MM, 34, 10, 28
MM, 509, 550, 12
MM, 4, 15, 12
MM, 9, 18, 12
MM, 14, 20, 13
MM, 17, 23, 12
MM, 19, 25, 13
MM, 21, 26, 12
MM, 22, 27, 12
MM, 22, 28, 12
MM, 23, 28, 24
MM, 31, 28, 244
MM, 552, 565, 13
MM, 7, 23, 11
MM, 14, 21, 13
MM, 19, 19, 12
MM, 23, 19, 13
MM, 23, 18, 12
MM, 24, 18, 12
MM, 25, 18, 24
MC, 1, 464
MM, 12, 18, 109
MM, 33, 16, 13
MM, 3, 12, 12
MM, 7, 7, 12
MM, 29, 6, 13
MM, 14, 4, 11
MM, 424, 543, 12
MM, 24, 4, 13
MM, 7, 4, 12
MM, 381, 541, 12
MM, 28, 2, 12
MM, 23, 2, 12
MM, 19, 2, 12
MM, 14, 2, 12
MM, 10, 3, 13
MM, 7, 4, 12
MM, 57, 6, 24
MM, 48, 8, 13
MM, 39, 8, 12
MM, 36, 9, 12
MM, 34, 9, 12
MM, 33, 9, 13
MM, 32, 9, 11
MM, 31, 10, 13
MM, 31, 11, 61
MM, 31, 12, 12
MM, 31, 13, 25
MM, 32, 15, 12
MM, 35, 17, 12
MM, 39, 21, 12
MM, 44, 23, 12
MM, 48, 26, 13
MM, 53, 27, 11
MM, 56, 28, 12
MM, 340, 567, 12
MM, 343, 568, 13
MM, 3, 29, 12
MM, 8, 29, 13
MM, 11, 29, 12
MM, 13, 29, 12
MM, 14, 29, 12
MM, 14, 26, 61
MM, 14, 24, 12
MC, 1, 366
MM, 29, 24, 98
MM, 11, 24, 13
MM, 21, 22, 12
MM, 0, 13, 12
MM, 36, 7, 12
MM, 5, 7, 12
MM, 7, 7, 12
MM, 717, 546, 12
MM, 734, 546, 12
MM, 740, 546, 12
MM, 745, 546, 13
MM, 747, 544, 12
MM, 743, 544, 158
MM, 735, 543, 12
MM, 728, 541, 12
MM, 723, 540, -3
MM, 718, 537, 28
MM, 713, 535, 13
MM, 19, 30, 12
MM, 13, 26, 12
MM, 9, 20, 12
MM, 5, 16, 13
MM, 4, 14, 12
MM, 4, 12, 12
MM, 4, 10, 13
MM, 4, 9, 23
MM, 4, 8, 86
MM, 5, 8, 183
MM, 5, 9, 36
MM, 6, 9, 12
MM, 6, 10, 25
MC, 1, 403
MC, 2, 170
MM, 4, 10, 86
MM, 686, 512, 12
MM, 34, 11, 12
MM, 12, 13, 12
MM, 639, 517, 12
MM, 17, 17, 13
MM, 2, 18, 12
MM, 30, 18, 12
MM, 13, 20, 12
MM, 0, 20, 12
MM, 34, 20, 12
MM, 32, 20, 12
MM, 30, 20, -3
MM, 29, 20, 41
MM, 28, 20, 48
MM, 26, 20, 25
MM, 25, 20, 13
MM, 24, 20, 11
MM, 23, 20, 12
MM, 21, 20, 12
MM, 20, 20, 12
MM, 19, 20, 13
MM, 18, 20, 24
MM, 18, 19, 48
MC, 1, 280
MM, 15, 3, 38
MM, 506, 569, 12
MM, 15, 22, 12
MM, 92, 15, 13
MM, 476, 650, 11
MM, 471, 663, 12
MM, 470, 670, 12
MM, 469, 675, 12
MM, 467, 678, 13
MM, 467, 679, 24
MM, 467, 680, 61
MM, 467, 681, 37
MM, 467, 682, 24
MM, 467, 680, 74
MM, 467, 667, 12
MM, 469, 653, 13
MM, 84, 25, 12
MM, 87, 14, 12
MM, 88, 10, 12
MM, 90, 8, 12
MM, 90, 7, 12
MM, 90, 8, 111
MM, 90, 9, 48
MM, 89, 10, 24
MM, 89, 11, 12
MM, 88, 12, 13
MM, 88, 13, 12
MM, 87, 13, 25
MC, 1, 341
MM, 84, 0, 73
MM, 471, 593, 12
MM, 33, 0, 12
MM, 464, 555, 12
MM, 33, 2, 12
MM, 457, 534, 12
MM, 17, 29, 14
MM, 16, 26, 12
MM, 15, 23, 12
MM, 14, 22, 12
MM, 13, 21, 12
MM, 12, 21, 12
MM, 12, 20, 24
MM, 12, 19, 49
MM, 13, 19, 48
MM, 17, 19, 13
MM, 21, 19, 13
MM, 28, 19, 12
MM, 33, 19, 12
MM, 478, 521, 12
MM, 3, 19, 12
MM, 7, 19, 12
MM, 11, 19, 12
MM, 13, 19, 12
MM, 14, 19, -3
MM, 15, 19, 28
MM, 15, 18, 25
MM, 15, 17, 12
MM, 15, 16, 24
MM, 14, 16, 12
MM, 13, 16, 12
MM, 13, 15, 13
MC, 1, 293
MM, 14, 15, 122
MM, 24, 12, 12
MM, 521, 510, 12
MM, 11, 7, 12
MM, 28, 5, 13
MM, 17, 5, 12
MM, 602, 507, 12
MM, 8, 5, -3
MM, 16, 5, 27
MM, 21, 5, 12
MM, 23, 5, 12
MM, 27, 6, 12
MM, 29, 6, 13
MM, 30, 7, 12
MM, 639, 509, 13
MM, 640, 509, 12
MM, 641, 509, 12
MM, 642, 509, 12
MM, 643, 510, 12
MM, 0, 8, 12
MM, 2, 8, 12
MM, 6, 8, 13
MM, 8, 8, 12
MM, 11, 8, 12
MM, 13, 8, 12
MM, 15, 8, 12
MM, 16, 8, 24
MM, 17, 9, 25
MM, 17, 11, 24
MM, 18, 12, 12
MM, 19, 12, 12
MM, 20, 12, 13
MC, 1, 341
MM, 19, 14, 49
MM, 13, 18, 13
MM, 6, 21, 12
MM, 26, 23, 12
MM, 7, 26, 13
MM, 32, 30, 11
MM, 567, 534, 12
MM, 518, 536, 12
MM, 23, 1, 12
MM, 6, 3, 12
MM, 34, 3, 13
MM, 17, 4, 13
MM, 2, 6, 12
MM, 33, 8, 12
MM, 26, 9, 12
MM, 21, 9, 12
MM, 19, 10, 12
MM, 18, 10, 12
MM, 17, 10, 25
MM, 16, 10, 24
MM, 15, 10, 13
MM, 14, 10, 11
MM, 12, 11, 12
MM, 11, 11, 13
MM, 10, 11, 24
MM, 10, 12, 123
MM, 10, 13, 36
MM, 10, 14, 12
MM, 11, 15, 13
MM, 13, 17, 12
MM, 17, 18, 12
MM, 22, 22, 12
MM, 29, 25, 12
MM, 35, 29, 12
MM, 428, 576, 13
MM, 432, 581, 13
MM, 2, 9, 12
MM, 4, 13, 12
MM, 5, 15, 12
MM, 6, 17, 12
MM, 6, 18, 12
MM, 7, 18, 25
MM, 8, 21, 24
MM, 8, 24, 12
MM, 9, 28, 13
MM, 10, 29, 11
MM, 444, 607, 12
MM, 445, 609, 12
MM, 445, 610, 38
MM, 447, 612, 24
MM, 57, 1, 12
MM, 58, 2, 12
MM, 59, 3, 12
MM, 60, 4, 12
MM, 61, 5, 12
MM, 63, 7, 13
MM, 64, 9, 12
MM, 66, 10, 13
MM, 69, 12, 12
MM, 71, 13, 12
MM, 72, 13, 12
MC, 1, 341
MM, 72, 12, 73
MM, 70, 7, 12
MM, 459, 611, 12
MM, 22, 26, 13
MM, 20, 17, 12
MM, 17, 8, 13
MM, 450, 573, -4
MM, 21, 25, 28
MM, 20, 20, 12
MM, 19, 17, 12
MM, 18, 16, 12
MM, 16, 14, 12
MM, 15, 14, 12
MM, 14, 13, 12
MM, 13, 13, 74
MM, 12, 13, 12
MM, 11, 13, 36
MM, 10, 13, 24
MM, 9, 13, 26
MM, 8, 12, 49
MM, 7, 12, 37
MM, 6, 12, 24
MM, 4, 12, 12
MM, 3, 12, 12
MM, 2, 11, 12
MM, 1, 11, 12
MM, 0, 11, 26
MM, 426, 550, 24
MM, 425, 550, 12
MM, 424, 550, 12
MM, 423, 550, 24
MM, 422, 550, 25
MM, 421, 551, 12
MP, 1, 219
MR, 1, 122
MC, 1, 0
MM, 35, 12, 146
MM, 34, 12, 24
MM, 33, 12, 25
MM, 33, 11, 97
MM, 32, 11, 13
MM, 32, 10, 12
MM, 31, 10, 48
MC, 1, 647
MM, 31, 4, 171
MM, 417, 534, 12
MM, 23, 25, 12
MM, 25, 20, -2
MM, 26, 16, 26
MM, 26, 15, 14
MM, 26, 14, 24
MC, 1, 462
MC, 1, 1014
MM, 75, 7, 145
MM, 75, 4, 13
MM, 465, 609, 11
MM, 31, 18, 13
MM, 33, 7, 12
MM, 469, 578, 12
MM, 472, 575, 13
MM, 479, 571, 12
MM, 484, 570, 12
MM, 20, 30, 12
MM, 27, 28, 12
MM, 505, 564, 12
MM, 1, 24, 12
MM, 13, 24, 12
MM, 29, 22, 13
MM, 0, 22, 12
MM, 11, 22, 12
MM, 18, 22, 12
MM, 21, 22, 12
MM, 26, 22, 12
MM, 29, 22, 12
MM, 34, 22, 12
MM, 595, 562, 14
MM, 5, 24, 12
MM, 14, 26, 12
MM, 20, 26, 12
MM, 25, 26, 12
MM, 29, 26, 12
MM, 32, 26, 12
MM, 631, 565, 12
MM, 632, 565, 13
MM, 633, 565, 13
MM, 634, 565, 109
MM, 634, 564, 12
MM, 635, 564, 12
MM, 636, 564, 24
MM, 636, 563, 12
MM, 1, 23, 13
MM, 4, 23, 12
MM, 7, 22, 13
MM, 11, 20, 12
MM, 13, 20, 12
MM, 14, 20, 12
MM, 15, 19, 24
MM, 16, 18, 12
MM, 17, 16, 12
MM, 17, 17, 112
MM, 17, 18, 12
MM, 17, 19, 24
MC, 1, 182
MM, 16, 19, 25
MM, 13, 19, 12
MM, 8, 18, 12
MM, 4, 15, 12
MM, 1, 14, 12
MM, 634, 551, 14
MM, 633, 551, 12
MM, 631, 550, 12
MM, 32, 10, 12
MM, 29, 8, 12
MM, 25, 7, 12
MM, 18, 6, 12
MM, 14, 5, 13
MM, 11, 4, 12
MM, 9, 4, 12
MM, 7, 2, 12
MM, 604, 538, 85
MM, 604, 534, 12
MM, 604, 531, 12
MM, 605, 527, 13
MM, 1, 23, 13
MM, 3, 20, 11
MM, 5, 18, 13
MM, 6, 16, 12
MM, 10, 15, 12
MM, 12, 13, 12
MM, 14, 10, 12
MM, 15, 9, 12
MM, 16, 9, 12
MM, 16, 8, 25
MC, 1, 390
MM, 14, 8, 158
MM, 9, 10, 12
MM, 0, 15, 13
MM, 23, 20, 13
MM, 17, 29, 12
MM, 27, 5, 12
MM, 24, 13, 12
MM, 32, 20, 12
MM, 12, 23, -3
MM, 1, 26, 27
MM, 381, 567, 13
MM, 34, 28, 13
MM, 33, 28, 24
MM, 32, 28, 292
MM, 30, 28, 12
MM, 28, 29, 12
MM, 27, 30, 13
MM, 369, 571, 13
MM, 367, 573, 12
MM, 366, 574, 12
MM, 366, 575, 12
MM, 365, 575, 12
MM, 15, 0, 121
MM, 366, 574, 86
MM, 371, 570, 13
MM, 380, 567, 12
MM, 5, 23, 12
MM, 12, 20, 12
MM, 16, 18, 12
MM, 18, 16, 12
MM, 20, 16, 12
MM, 22, 16, 12
MM, 23, 16, 13
MM, 24, 16, 12
MM, 26, 16, 12
MM, 27, 16, 12
MM, 28, 16, 12
MM, 29, 16, 12
MM, 34, 16, 12
MM, 424, 555, 13
MM, 0, 16, 13
MM, 3, 16, 12
MM, 6, 16, 12
MM, 8, 16, 12
MM, 10, 16, 12
MM, 11, 16, 12
MM, 12, 16, 13
MM, 13, 16, 12
MC, 1, 413
MM, 12, 16, 11
MM, 10, 16, 27
MM, 8, 16, 12
MM, 6, 16, 12
MM, 2, 16, 12
MM, 0, 16, 13
MM, 426, 555, 12
MM, 425, 555, 12
MM, 423, 555, 12
MM, 421, 555, -3
MM, 34, 16, 41
MM, 33, 16, 12
MM, 32, 16, 12
MM, 31, 16, 12
MC, 1, 366
MM, 32, 17, 145
MM, 422, 560, 12
MM, 5, 29, 14
MM, 8, 2, 12
MM, 16, 10, 12
MM, 20, 15, 12
MM, 24, 19, 12
MM, 26, 21, 12
MM, 27, 23, 12
MM, 28, 24, 13
MM, 28, 25, 12
MM, 29, 25, 24
MM, 29, 26, 12
MM, 30, 26, 49
MM, 30, 27, 13
MM, 31, 27, 73
MM, 32, 28, 11
MM, 34, 29, 12
MM, 34, 30, 13
MM, 472, 609, 13
MM, 475, 610, 12
MM, 89, 1, 12
MM, 90, 3, 12
MM, 91, 4, 12
MM, 92, 5, 13
MM, 93, 6, 12
MM, 94, 8, 12
MC, 1, 366
MM, 96, 8, 97
MM, 104, 7, 12
MM, 113, 3, 13
MM, 513, 611, -4
MM, 5, 30, 28
MM, 15, 25, 12
MM, 22, 21, 12
MM, 29, 20, 12
MM, 555, 594, 12
MM, 0, 18, 14
MM, 5, 18, 12
MM, 6, 18, 12
MM, 7, 18, 12
MM, 11, 18, 146
MM, 14, 16, 12
MM, 16, 13, 12
MM, 19, 12, 13
MM, 20, 11, 12
MM, 21, 10, 36
MC, 1, 342
MM, 20, 10, 48
MM, 18, 10, 12
MM, 15, 10, 13
MM, 10, 10, 12
MM, 558, 584, 12
MM, 22, 2, 12
MM, 10, 27, 12
MM, 505, 549, 12
MM, 489, 537, 12
MM, 32, 24, 14
MM, 20, 18, 12
MM, 13, 15, 12
MM, 11, 12, 12
MM, 10, 12, 12
MM, 9, 12, 24
MM, 8, 12, 49
MM, 7, 12, 49
MM, 6, 12, 24
MM, 4, 12, 24
MM, 3, 12, 12
MM, 1, 12, 13
MM, 0, 12, 12
MM, 438, 514, 13
MM, 435, 514, 12
MM, 433, 514, 12
MM, 35, 12, 12
MM, 34, 12, 12
MM, 33, 12, 24
MM, 32, 12, 12
MC, 1, 342
MC, 2, 171
MM, 33, 12, 109
MM, 434, 514, 14
MM, 7, 12, 12
MM, 22, 12, 12
MM, 33, 12, 12
MM, 480, 514, 12
MM, 2, 12, 12
MM, 3, 12, 12
MM, 4, 12, 12
MM, 5, 12, 110
MM, 7, 12, 86
MC, 1, 316
MM, 9, 12, 49
MM, 16, 12, 12
MM, 27, 12, 12
MM, 517, 514, 12
MM, 5, 12, 12
MM, 16, 12, 12
MM, 558, 514, 14
MM, 7, 12, 12
MM, 13, 12, 12
MM, 18, 12, 12
MM, 21, 12, 12
MM, 24, 12, 12
MM, 25, 12, 24
MM, 26, 12, 12
MM, 27, 12, 13
MM, 28, 12, 13
MM, 30, 12, 12
MM, 32, 12, 12
MM, 34, 12, 12
MM, 602, 514, 13
MM, 605, 514, 12
MM, 1, 12, 13
MM, 5, 12, 12
MM, 7, 12, 12
MM, 9, 12, 12
MM, 11, 12, 12
MM, 12, 12, 12
MM, 13, 12, 12
MC, 1, 341
MM, 12, 13, 208
MM, 10, 15, 12
MM, 9, 20, 12
MM, 4, 30, 13
MM, 11, 2, 12
MM, 8, 7, 12
MM, 4, 13, 12
MM, 2, 16, 12
MM, 592, 559, 12
MM, 34, 24, 12
MM, 28, 28, 13
MM, 580, 571, -4
MM, 578, 573, 28
MM, 15, 1, 12
MM, 15, 2, 12
MM, 14, 3, 12
MM, 14, 4, 13
MM, 13, 4, 12
MM, 12, 6, 25
MM, 11, 8, 12
MM, 10, 10, 12
MM, 8, 12, 12
MM, 7, 13, 12
MM, 5, 14, 12
MM, 5, 15, 12
MM, 1, 16, 12
MM, 559, 593, 13
MM, 558, 593, 12
MM, 557, 593, -3
MM, 556, 594, 64
MM, 554, 594, 12
MM, 35, 19, 13
MM, 31, 19, 12
MM, 29, 20, 12
MM, 27, 20, 12
MM, 25, 21, 12
MM, 23, 21, 12
MM, 21, 21, 12
MM, 19, 21, 12
MM, 18, 21, 13
MM, 17, 21, 25
MC, 1, 353
MM, 9, 16, 62
MM, 512, 580, 12
MM, 502, 570, 12
MM, 24, 21, 12
MM, 19, 17, 12
MM, 16, 14, -2
MM, 14, 12, 27
MM, 13, 12, 12
MM, 13, 11, 24
MM, 12, 11, 135
MM, 14, 11, 302
MM, 21, 11, 27
MM, 29, 11, 12
MM, 34, 11, 12
MM, 509, 550, 12
MM, 0, 11, 12
MM, 2, 11, 12
MM, 3, 11, 12
MM, 4, 11, 74
MM, 5, 11, 12
MC, 1, 341
MM, 5, 12, 74
MM, 5, 16, 12
MM, 5, 20, 12
MM, 5, 25, 12
MM, 5, 27, 14
MM, 3, 30, 12
MM, 512, 574, 12
MM, 33, 4, 12
MM, 30, 11, 12
MM, 27, 16, 12
MM, 24, 22, 12
MM, 23, 25, 12
MM, 22, 27, 12
MM, 21, 28, 13
MM, 20, 30, 12
MM, 493, 609, 12
MM, 492, 611, 12
MM, 491, 612, 12
MM, 100, 1, 12
MM, 99, 2, 12
MM, 99, 3, 13
MM, 98, 3, 12
MM, 97, 3, 13
MM, 97, 4, 12
MM, 96, 5, 12
MM, 95, 6, 12
MM, 95, 7, 12
MM, 95, 8, 12
MM, 95, 9, 12
MM, 95, 10, 13
MM, 95, 11, 12
MM, 94, 11, 36
MC, 1, 329
MM, 94, 8, 87
MM, 94, 1, 11
MM, 7, 23, 12
MM, 7, 8, 13
MM, 482, 573, 12
MM, 12, 26, 12
MM, 12, 22, 12
MM, 12, 20, 12
MM, 12, 18, 12
MM, 12, 17, 73
MM, 12, 16, 25
MM, 13, 14, 12
MM, 15, 11, 12
MM, 16, 7, 12
MM, 18, 5, 13
MM, 19, 3, 12
MM, 20, 2, 49
MM, 20, 1, 11
MM, 491, 537, 25
MM, 492, 535, 12
MM, 493, 534, 12
MM, 12, 30, 12
MM, 12, 28, 12
MM, 13, 27, 12
MM, 13, 26, 14
MM, 14, 24, 12
MM, 14, 23, 12
MM, 14, 22, 12
MM, 14, 21, 12
MM, 14, 20, 98
MC, 1, 329
MM, 16, 20, 62
MM, 21, 22, 12
MM, 31, 25, 12
MM, 5, 28, 12
MM, 541, 535, 13
MM, 551, 542, 11
MM, 5, 7, 13
MM, 8, 11, 12
MM, 11, 13, 12
MM, 13, 16, 12
MM, 15, 18, 12
MM, 16, 19, 12
MM, 18, 21, 12
MM, 20, 21, 12
MM, 22, 23, 12
MM, 26, 24, 13
MM, 29, 25, 13
MM, 33, 28, 12
MM, 35, 29, 12
MM, 36, 29, 12
MM, 591, 568, 12
MM, 592, 568, 12
MM, 591, 568, 244
MM, 33, 29, 12
MM, 31, 26, 12
MM, 28, 25, 13
MM, 27, 23, 12
MM, 24, 23, 12
MM, 24, 22, 13
MM, 24, 21, 12
MM, 23, 21, 24
MC, 1, 389
MM, 18, 21, 25
MM, 12, 21, 12
MM, 3, 21, 14
MM, 31, 16, 12
MM, 510, 545, 12
MM, 483, 534, 12
MM, 26, 27, 12
MM, 15, 23, 12
MM, 6, 20, 12
MM, 2, 19, 12
MM, 438, 521, -2
MM, 437, 521, 27
MM, 436, 521, 24
MM, 436, 520, 74
MM, 434, 520, 12
MM, 35, 18, 12
MM, 34, 17, 12
MM, 31, 17, 110
MM, 30, 17, 12
MM, 28, 17, 12
MM, 26, 17, 12
MM, 25, 17, 13
MM, 23, 17, 12
MM, 22, 17, 12
MM, 21, 17, 12
MM, 21, 16, 12
MC, 1, 353
MM, 23, 16, 74
MM, 28, 16, 12
MM, 435, 515, 12
MM, 24, 9, 12
MM, 10, 2, 12
MM, 534, 497, 13
MM, 17, 30, 12
MM, 602, 495, 13
MM, 18, 30, 12
MM, 636, 497, 12
MM, 651, 499, 12
MM, 19, 2, 12
MM, 28, 6, 12
MM, 27, 6, 147
MM, 25, 7, 12
MM, 22, 9, 12
MM, 19, 10, 12
MM, 17, 10, 12
MM, 14, 10, 13
MM, 12, 11, 12
MM, 8, 11, 12
MM, 6, 12, 12
MM, 3, 12, 12
MM, 643, 514, 12
MM, 640, 515, 12
MM, 639, 515, 12
MM, 638, 515, 13
MM, 30, 13, 135
MM, 29, 13, 24
MM, 28, 13, 147
MC, 1, 219
MM, 19, 13, 208
MM, 605, 515, 12
MM, 20, 13, 12
MM, 3, 13, 12
MM, 12, 13, 12
MM, 22, 13, 12
MM, 5, 12, 12
MM, 33, 11, 13
MM, 22, 9, 13
MM, 17, 9, 12
MM, 13, 9, 12
MM, 12, 8, 12
MM, 7, 8, 147
MM, 5, 8, 12
MM, 3, 8, 12
MM, 2, 8, 12
MM, 3, 8, 354
MM, 10, 8, 12
MM, 17, 10, 12
MM, 20, 11, 12
MM, 24, 12, 11
MM, 25, 13, 13
MM, 26, 13, 12
MC, 1, 365
MM, 26, 15, 38
MM, 26, 17, 12
MM, 26, 19, 12
MM, 26, 23, 12
MM, 26, 26, 12
MM, 466, 536, 12
MM, 469, 548, 13
MM, 4, 16, 12
MM, 8, 24, 12
MM, 11, 29, 12
MM, 482, 570, 13
MM, 484, 574, 11
MM, 10, 0, 12
MM, 12, 2, 13
MM, 12, 3, -4
MM, 13, 5, 29
MM, 13, 6, 12
MM, 14, 8, 12
MM, 14, 10, 13
MM, 15, 12, 12
MM, 15, 13, 13
MM, 15, 15, 12
MM, 15, 17, 12
MM, 15, 18, 12
MM, 16, 19, 12
MM, 16, 20, 12
MM, 16, 21, 12
MM, 16, 23, 25
MM, 16, 25, 12
MM, 16, 27, 24
MM, 16, 29, 12
MM, 16, 30, 12
MM, 491, 607, 12
MM, 491, 609, 13
MM, 491, 611, 12
MM, 491, 612, -3
MM, 102, 1, 28
MM, 102, 2, 12
MM, 102, 4, 12
MM, 102, 5, 12
MM, 104, 8, 61
MM, 104, 11, 12
MC, 1, 366
MM, 104, 4, 73
MM, 494, 607, 12
MM, 19, 18, 12
MM, 19, 1, 12
MM, 24, 12, -2
MM, 12, 26, 27
MM, 12, 11, 12
MM, 12, 4, 12
MM, 12, 1, 12
MM, 12, 0, 12
MM, 12, 3, 196
MM, 10, 9, 12
MM, 10, 18, 12
MM, 9, 27, 12
MM, 491, 536, 12
MM, 20, 2, 14
MM, 20, 5, 11
MM, 20, 7, 12
MM, 20, 8, 25
MM, 20, 10, 61
MM, 20, 12, 11
MM, 20, 17, 12
MM, 18, 23, 13
MC, 1, 366
MM, 10, 23, 86
MM, 467, 562, 12
MM, 25, 23, 12
MM, 14, 23, 13
MM, 5, 23, 12
MM, 426, 562, 12
MM, 34, 23, 12
MM, 23, 23, 12
MM, 15, 23, 12
MM, 10, 23, 12
MM, 7, 23, 12
MM, 4, 23, 12
MM, 3, 23, 87
MM, 2, 23, 12
MM, 1, 23, 24
MM, 0, 23, 12
MM, 383, 562, 12
MM, 382, 562, 12
MM, 380, 562, 12
MM, 379, 562, 13
MM, 34, 23, 12
MM, 33, 23, 12
MM, 32, 23, 12
MM, 31, 23, 24
MM, 30, 23, 12
MM, 28, 22, 13
MM, 26, 22, 13
MM, 25, 22, 12
MM, 25, 21, 12
MM, 24, 21, 13
MC, 1, 340
MM, 30, 21, 72
MM, 2, 16, 14
MM, 16, 8, 12
MM, 421, 538, 12
MM, 20, 25, 13
MM, 2, 19, 11
MM, 20, 17, 12
MM, 33, 15, 13
MM, 0, 15, 12
MM, 7, 15, 12
MM, 9, 15, 12
MM, 10, 15, 12
MM, 8, 14, 209
MM, 6, 14, 12
MM, 4, 14, 12
MM, 3, 14, 12
MM, 1, 14, 12
MM, 0, 14, 12
MM, 522, 516, 13
MM, 521, 516, 8
MM, 520, 516, 64
MM, 519, 516, 25
MM, 518, 516, 244
MM, 517, 516, 12
MM, 33, 14, 12
MM, 31, 14, 12
MM, 29, 14, 12
MM, 28, 14, 12
MM, 27, 14, -3
MM, 26, 14, 28
MM, 25, 14, 24
MC, 1, 354
MM, 26, 14, 195
MM, 30, 17, 12
MM, 0, 26, 12
MM, 533, 534, 13
MM, 32, 1, 12
MM, 549, 546, 12
MM, 552, 549, 13
MM, 0, 12, 11
MM, 3, 14, 12
MM, 4, 15, 12
MM, 4, 16, 12
MM, 5, 17, 37
MM, 6, 17, 50
MM, 7, 17, 74
MM, 9, 17, 36
MM, 10, 17, 12
MM, 13, 17, 12
MC, 1, 341
MM, 12, 17, 37
MM, 6, 17, 12
MM, 551, 556, 12
MM, 29, 17, 12
MM, 12, 17, 13
MM, 26, 14, 11
MM, 7, 11, 13
MM, 34, 5, 12
MM, 21, 2, 13
MM, 435, 536, 12
MM, 24, 29, 13
MM, 15, 26, 11
MM, 8, 23, 12
MM, 6, 23, 13
MM, 5, 22, 12
MM, 5, 21, 36
MM, 5, 20, 73
MM, 5, 19, 36
MM, 5, 18, 98
MM, 6, 18, 12
MC, 1, 391
MM, 8, 18, 24
MM, 12, 18, 12
MM, 17, 18, 12
MM, 21, 18, 13
MM, 25, 18, 13
MM, 30, 18, 12
MM, 34, 18, 12
MM, 1, 18, 13
MM, 11, 18, 12
MM, 18, 18, 12
MM, 21, 18, 12
MM, 23, 18, 12
MM, 25, 18, 12
MM, 26, 18, 12
MM, 27, 18, 12
MC, 1, 390
MM, 27, 19, 50
MM, 27, 23, 12
MM, 27, 28, 12
MM, 466, 538, 12
MM, 466, 551, 12
MM, 466, 559, 12
MM, 466, 568, 12
MM, 466, 571, 13
MM, 32, 0, 12
MM, 32, 4, 12
MM, 32, 7, 12
MM, 32, 12, 12
MM, 33, 17, 12
MM, 33, 20, 13
MM, 33, 23, 12
MM, 469, 603, 13
MM, 469, 606, 12
MM, 469, 607, 12
MM, 469, 609, 12
MM, 469, 610, 12
MM, 469, 612, 12
MM, 79, 0, 13
MM, 79, 2, 12
MM, 80, 3, 12
MM, 80, 4, 12
MM, 80, 5, 12
MM, 80, 6, 24
MM, 80, 8, 37
MM, 81, 10, 25
MM, 81, 11, 24
MM, 81, 12, 12
MM, 81, 13, 12
MM, 81, 14, 13
MC, 1, 341
MM, 81, 13, 49
MM, 80, 10, 12
MM, 77, 4, 13
MM, 463, 612, 12
MM, 25, 30, 13
MM, 19, 19, 12
MM, 10, 7, -3
MM, 432, 571, 27
MM, 31, 25, 12
MM, 22, 20, 12
MM, 13, 19, 12
MM, 10, 19, 12
MM, 8, 19, 13
MM, 7, 19, 12
MM, 6, 19, 12
MM, 5, 18, 12
MM, 4, 18, 14
MM, 2, 17, 47
MM, 0, 15, 13
MM, 381, 551, 12
MM, 34, 11, 12
MM, 28, 8, 12
MM, 26, 8, 12
MM, 24, 7, 12
MM, 22, 7, 13
MM, 21, 7, 12
MM, 20, 7, 25
MM, 19, 7, 12
MC, 1, 378
MM, 26, 7, 85
MM, 0, 10, 12
MM, 16, 13, 12
MM, 425, 556, 12
MM, 466, 561, 12
MM, 27, 30, 12
MM, 514, 573, 12
MM, 18, 1, 12
MM, 557, 582, 13
MM, 14, 9, 12
MM, 21, 11, 13
MM, 26, 12, 12
MM, 27, 13, 12
MM, 27, 14, 24
MM, 28, 14, 62
MM, 27, 15, 121
MM, 22, 15, 12
MM, 16, 15, 12
MM, 9, 15, 12
MM, 3, 15, 13
MM, 556, 591, 12
MM, 34, 15, 12
MM, 31, 15, 12
MM, 30, 15, 13
MM, 29, 15, 12
MM, 28, 15, 61
MM, 26, 14, 37
MC, 1, 342
MM, 21, 14, 61
MM, 11, 14, 12
MM, 2, 12, 12
MM, 512, 586, 12
MM, 24, 8, -3
MM, 5, 4, 28
MM, 28, 1, 12
MM, 453, 574, 12
MM, 450, 573, 12
MM, 448, 572, 12
MM, 447, 572, 12
MM, 447, 571, 12
MM, 20, 27, 208
MM, 18, 23, 12
MM, 18, 16, 12
MM, 17, 11, 12
MM, 16, 9, 12
MM, 16, 7, 12
MM, 16, 6, 13
MC, 1, 378
MM, 16, 7, 36
MM, 16, 12, 12
MM, 18, 23, 13
MM, 448, 571, 12
MM, 19, 4, 12
MM, 25, 14, 12
MM, 29, 20, 12
MM, 33, 25, 12
MM, 470, 605, 13
MM, 471, 608, 12
MM, 472, 610, 13
MM, 83, 0, 12
MM, 83, 2, 12
MM, 84, 4, 12
MM, 84, 5, 25
MM, 84, 6, 13
MM, 85, 7, 48
MM, 85, 8, 12
MM, 85, 12, 12
MM, 85, 14, 13
MM, 85, 16, 12
MM, 86, 18, 12
MM, 86, 19, 12
MM, 86, 20, 12
MC, 1, 366
MM, 88, 19, 36
MM, 92, 14, 12
MM, 95, 8, 12
MM, 99, 5, 14
MM, 491, 610, 12
MM, 493, 608, 12
MM, 493, 607, 12
MM, 18, 30, 36
MM, 22, 27, 37
MM, 24, 24, 12
MM, 26, 21, 13
MM, 30, 19, 12
MM, 33, 18, 12
MM, 512, 591, 12
MM, 515, 591, 13
MM, 2, 14, 12
MM, 4, 13, 12
MM, 6, 12, 12
MM, 9, 11, 12
MM, 11, 10, 24
MM, 12, 10, 61
MM, 14, 9, 24
MM, 15, 9, 12
MM, 18, 7, 14
MM, 19, 6, 12
MM, 22, 5, 12
MM, 25, 4, 12
MM, 27, 3, 12
MM, 29, 2, 12
MM, 31, 2, 12
MM, 32, 1, -3
MM, 33, 1, 27
MM, 34, 0, 13
MM, 552, 575, 12
MM, 553, 574, 12
MM, 553, 573, 12
MM, 554, 572, 12
MM, 554, 571, 12
MM, 1, 30, 13
MC, 1, 379
MM, 32, 30, 317
MM, 19, 30, 12
MM, 8, 27, 12
MM, 30, 22, 12
MM, 7, 14, 12
MM, 35, 9, 12
MM, 452, 538, 12
MM, 5, 28, 12
MM, 1, 21, -1
MM, 437, 519, 27
MM, 436, 518, 12
MM, 435, 517, 12
MM, 434, 517, 134
MM, 433, 517, 24
MM, 35, 15, 12
MM, 34, 15, 25
MM, 34, 14, 49
MM, 33, 14, 36
MM, 32, 14, 12
MM, 30, 14, 24
MM, 28, 15, 12
MM, 24, 15, 13
MM, 22, 15, 12
MM, 21, 15, 12
MM, 21, 16, 13
MM, 20, 16, 24
MM, 19, 16, 24
MM, 18, 16, 49
MC, 1, 354
MM, 11, 17, 37
MM, 5, 20, 12
MM, 2, 22, 12
MM, 394, 525, 13
MM, 391, 528, 12
MM, 36, 29, 13
MM, 386, 534, 12
MM, 383, 536, 12
MM, 381, 538, 12
MM, 380, 540, 12
MM, 379, 541, 12
MM, 379, 542, 12
MM, 34, 4, 12
MM, 34, 5, 13
MM, 33, 6, 12
MM, 32, 6, 12
MM, 32, 7, 24
MM, 31, 7, 24
MM, 30, 8, 24
MM, 27, 9, 62
MC, 1, 329
MM, 33, 9, 184
MM, 3, 7, 12
MM, 398, 537, 12
MM, 13, 25, 12
MM, 35, 16, 12
MM, 21, 5, 12
MM, 36, 2, 13
MM, 486, 501, 11
MM, 493, 499, 13
MM, 496, 498, 12
MM, 497, 498, 24
MM, 497, 497, 12
MM, 497, 498, 183
MM, 495, 500, 12
MM, 9, 1, 12
MM, 6, 5, 12
MM, 2, 7, 13
MM, 479, 511, 12
MM, 476, 513, 13
MM, 34, 12, 12
MM, 31, 14, 12
MM, 30, 15, -2
MM, 29, 16, 26
MM, 28, 17, 12
MM, 26, 18, 12
MM, 25, 18, 13
MM, 23, 19, 12
MM, 22, 19, 13
MM, 21, 19, 49
MC, 1, 340
MM, 22, 19, 26
MM, 24, 19, 12
MM, 26, 19, 12
MM, 28, 19, 12
MM, 32, 19, 12
MM, 35, 19, 12
MM, 476, 521, 12
MM, 478, 521, 12
MM, 479, 521, 13
MM, 480, 521, 12
MM, 2, 19, 73
MM, 3, 19, 208
MM, 6, 19, 36
MM, 10, 19, 12
MM, 12, 19, 12
MM, 15, 19, 12
MM, 18, 18, 13
MM, 20, 18, 12
MM, 23, 17, 12
MM, 25, 15, 12
MC, 1, 341
MM, 23, 18, 38
MM, 20, 23, 12
MM, 16, 29, 12
MM, 497, 536, 12
MM, 24, 2, 12
MM, 23, 7, 12
MM, 22, 9, 12
MM, 22, 11, 12
MM, 22, 13, 13
MM, 21, 13, 12
MM, 21, 14, 12
MM, 21, 15, 13
MM, 21, 16, 12
MM, 20, 16, 13
MM, 20, 17, 12
MC, 1, 401
MM, 13, 17, 38
MM, 4, 17, -2
MM, 467, 556, 26
MM, 35, 12, 12
MM, 29, 8, 12
MM, 25, 6, 12
MM, 21, 5, 13
MM, 20, 4, 12
MM, 18, 3, 12
MM, 15, 2, 12
MM, 13, 1, 12
MM, 438, 538, 12
MM, 436, 537, 12
MM, 435, 535, 12
MM, 433, 534, 14
MM, 433, 533, 48
MM, 35, 30, 24
MM, 34, 29, 25
MM, 33, 27, 12
MM, 31, 26, 12
MM, 29, 24, 12
MM, 29, 23, 12
MM, 28, 22, 12
MM, 27, 21, 12
MM, 26, 20, 13
MM, 25, 20, 25
MM, 25, 19, 12
MM, 24, 19, 24
MM, 24, 18, 12
MC, 1, 330
MM, 27, 18, 73
MM, 34, 18, 13
MM, 9, 18, 11
MM, 477, 520, 12
MM, 517, 521, 12
MM, 28, 25, 12
MM, 646, 535, 12
MM, 30, 2, 12
MM, 745, 543, 14
MM, 760, 545, 12
MM, 765, 546, 12
MM, 768, 547, 13
MM, 769, 547, 25
MM, 768, 547, 109
MM, 766, 547, 12
MM, 764, 547, 12
MM, 759, 547, 12
MM, 755, 547, 13
MM, 748, 547, 11
MM, 743, 547, 12
MM, 739, 547, 12
MM, 732, 547, 14
MM, 724, 547, 12
MM, 717, 547, 12
MM, 33, 8, 12
MM, 30, 8, 12
MM, 28, 9, 12
MM, 27, 9, 12
MM, 25, 9, 12
MM, 24, 9, 12
MM, 23, 9, 26
MM, 22, 9, 12
MM, 22, 10, 12
MM, 21, 10, 12
MM, 20, 10, 12
MM, 19, 10, 12
MM, 18, 10, 12
MC, 1, 390
MM, 8, 10, 49
MM, 35, 10, 12
MM, 23, 10, 12
MM, 4, 10, 13
MM, 18, 10, 12
MM, 593, 547, 12
MM, 22, 4, 12
MM, 5, 1, 13
MM, 534, 534, 12
MM, 31, 30, 12
MM, 15, 27, 12
MM, 5, 27, 12
MM, 0, 27, 12
MM, 480, 529, 12
MM, 479, 529, 12
MM, 479, 528, 111
MM, 479, 527, 36
MM, 479, 526, 12
MM, 479, 525, 12
MM, 479, 524, 12
MM, 479, 523, 12
MM, 480, 522, 26
MM, 480, 521, 12
MM, 0, 18, 12
MM, 2, 17, 12
MM, 7, 15, 13
MM, 12, 13, 12
MM, 16, 12, -3
MM, 20, 10, 27
MM, 21, 10, 12
MM, 22, 10, 13
MM, 22, 9, 12
MC, 1, 342
MM, 30, 12, 158
MM, 7, 23, 12
MM, 548, 540, 12
MM, 19, 16, 12
MM, 630, 572, 12
MM, 30, 8, 13
MM, 705, 596, 12
MM, 740, 605, 12
MM, 762, 613, 12
MM, 784, 613, 513
MM, 808, 610, 12
MM, 825, 610, 12
MM, 840, 610, 12
MM, 848, 610, 12
MM, 859, 610, 12
MM, 872, 610, 12
MM, 869, 610, 233
MM, 860, 610, 12
MM, 831, 610, 12
MM, 801, 615, 12
MM, 748, 632, 12
MM, 704, 647, 14
MM, 681, 655, 12
MM, 666, 657, 12
MM, 660, 657, 12
MM, 656, 657, 12
MM, 655, 655, 12
MM, 655, 652, 12
MM, 652, 652, 159
MM, 647, 652, 12
MM, 632, 652, 12
MM, 599, 655, 12
MM, 544, 663, 13
MM, 476, 675, 12
MM, 435, 680, 12
MM, 413, 685, 12
MM, 396, 687, 12
MM, 387, 689, 12
MM, 384, 689, 13
MM, 380, 689, 12
MM, 365, 695, 182
