**********************************
LOGGING TIME: 20161110_165411
CLIENT IP: 10.112.55.34
USERNAME: Ramola
OS: Windows 8.1
*********************Neutral database**********************************
MM, 267, 3, 1477468749905
MM, 264, 8, 878
MM, 245, 23, 13
MM, 16, 9, 402
MM, 56, 2, 38
MM, 12, 1, 670
MM, 12, 4, 14
MM, 12, 8, 10
MM, 11, 10, 12
MM, 11, 12, 12
MM, 10, 13, 12
MC, 1, 368
MM, 10, 16, 146
MM, 80, 2, 170
MM, 80, 6, 13
MM, 80, 8, 12
MM, 80, 9, 12
MM, 80, 10, 12
MM, 80, 11, 12
MM, 80, 12, 25
MM, 80, 13, 37
MM, 80, 16, 11
MC, 1, 378
MM, 82, 16, 255
MM, 96, 18, 13
MM, 121, 26, 13
MM, 309, 8, 318
MM, 319, 32, 12
MM, 327, 55, 12
MM, 13, 7, 390
MM, 12, 7, 182
MM, 11, 7, 25
MM, 10, 7, 37
MM, 10, 8, 12
MM, 9, 8, 49
MM, 5, 14, 317
MM, 5, 15, 25
MM, 5, 17, 11
MM, 6, 22, 13
MM, 12, 26, 12
MM, 18, 30, 12
MC, 1, 562
MM, 32, 0, 317
MM, 20, 5, 13
MM, 11, 8, 12
MM, 4, 10, 12
MM, 0, 12, 12
MM, 43, 15, 48
MM, 42, 15, 12
MM, 40, 16, 12
MM, 39, 17, 12
MM, 37, 18, -3
MM, 35, 19, 28
MM, 32, 21, 12
MM, 27, 22, 12
MM, 22, 22, 12
MM, 19, 23, 12
MM, 17, 23, 13
MM, 14, 23, 12
MM, 13, 23, 25
MC, 1, 378
MM, 25, 23, 122
MM, 42, 23, 12
MM, 22, 20, 13
MM, 33, 20, 12
MM, 27, 28, 10
MM, 45, 1, 526
MM, 42, 1, 24
MM, 41, 1, 12
MM, 40, 1, 12
MM, 39, 1, 12
MM, 39, 0, 13
MM, 28, 31, 9
MM, 28, 30, 29
MM, 28, 29, 11
MM, 28, 28, 37
MM, 27, 28, 11
MM, 27, 27, 25
MM, 26, 27, -3
MM, 25, 26, 27
MM, 24, 26, 24
MM, 23, 26, 12
MM, 21, 25, 13
MM, 21, 24, 12
MM, 21, 23, 12
MM, 20, 22, 12
MM, 20, 21, 37
MC, 1, 342
MM, 22, 9, 622
MC, 1, 305
MM, 22, 10, 110
MM, 22, 14, 11
MM, 23, 12, 159
MM, 25, 20, 168
MC, 1, 358
MM, 24, 20, 183
MM, 18, 20, 11
MM, 27, 20, 25
MM, 38, 20, 12
MM, 27, 20, 12
MM, 23, 20, 25
MM, 10, 20, 243
MM, 8, 20, 13
MM, 5, 21, 11
MM, 39, 21, 36
MM, 32, 21, 15
MM, 27, 21, 11
MM, 21, 21, 12
MM, 14, 19, 12
MM, 10, 18, 12
MM, 8, 18, 12
MM, 7, 18, 13
MM, 6, 18, 48
MM, 4, 18, 12
MM, 2, 18, 12
MM, 1, 18, 12
MM, 43, 17, 111
MM, 41, 17, 12
MM, 40, 16, 12
MM, 39, 16, 12
MM, 38, 16, 12
MC, 1, 391
MM, 39, 16, 537
MM, 43, 16, 12
MM, 14, 16, 24
MM, 27, 16, 13
MM, 42, 16, 12
MM, 9, 16, 12
MM, 30, 16, 13
MM, 6, 16, 24
MM, 8, 16, 377
MM, 12, 16, 13
MM, 26, 16, 12
MM, 41, 16, 12
MM, 4, 14, 12
MM, 17, 13, 13
MM, 34, 11, 11
MM, 9, 9, 25
MM, 16, 8, 12
MM, 37, 8, 245
MM, 9, 6, 12
MM, 28, 1, 12
MM, 0, 26, 24
MM, 19, 21, 12
MM, 36, 17, 12
MM, 13, 14, 13
MM, 34, 10, 13
MM, 9, 9, 12
MM, 23, 6, 24
MM, 26, 5, 12
MM, 28, 5, 12
MM, 28, 4, 12
MM, 29, 3, 12
MM, 32, 15, 367
MC, 1, 462
MM, 32, 14, 403
MM, 27, 11, 12
MM, 14, 6, 13
MM, 232, 46, 110
MM, 219, 28, 12
MM, 207, 3, 24
MM, 240, 22, 710
MM, 4, 7, 58
MM, 4, 18, 12
MM, 4, 19, 134
MM, 2, 22, 13
MM, 40, 27, 12
MM, 41, 8, 25
MM, 32, 16, 13
MM, 39, 26, 10
MM, 19, 5, 38
MM, 8, 8, 12
MM, 1, 9, 12
MM, 0, 9, 12
MM, 0, 8, 208
MM, 0, 0, 12
MM, 8, 25, 12
MM, 15, 12, 12
MM, 1, 21, 37
MM, 2, 14, 14
MM, 2, 11, 11
MM, 2, 10, 12
MM, 1, 10, 25
MM, 0, 10, 12
MM, 40, 22, 61
MM, 39, 24, -3
MM, 38, 25, 27
MM, 37, 25, 12
MM, 37, 26, 12
MM, 36, 26, 24
MM, 35, 27, 12
MM, 34, 28, 13
MM, 33, 28, 36
MM, 33, 19, 171
MC, 1, 317
MM, 35, 19, 85
MM, 38, 19, 12
MM, 42, 19, 13
MM, 0, 19, 24
MM, 6, 19, 12
MM, 22, 18, 404
MC, 1, 326
MM, 22, 20, 101
MM, 19, 22, 12
MM, 12, 27, 12
MM, 5, 29, 12
MC, 1, 622
MM, 21, 1, 133
MM, 20, 6, 13
MM, 20, 9, 12
MM, 20, 12, 12
MM, 20, 15, 13
MM, 20, 17, 12
MM, 20, 19, 12
MM, 21, 21, 12
MM, 22, 27, 37
MM, 22, 29, 24
MM, 22, 30, 13
MM, 14, 0, 62
MM, 14, 1, 12
MM, 15, 2, 12
MM, 15, 4, 12
MM, 15, 5, 12
MM, 15, 6, 13
MM, 16, 6, 24
MM, 16, 7, 48
MC, 1, 378
MM, 16, 5, 195
MM, 27, 30, 12
MM, 36, 12, 12
MM, 20, 30, 38
MM, 23, 23, 11
MM, 24, 22, -4
MM, 24, 21, 41
MM, 24, 20, 12
MM, 24, 19, 10
MM, 24, 18, 39
MC, 1, 488
MM, 26, 18, 110
MM, 28, 18, 12
MM, 34, 16, 13
MM, 42, 16, 11
MC, 1, 793
MC, 1, 1220
MC, 2, 423
MC, 1, 1516
MM, 18, 1, 598
MM, 31, 6, 13
MM, 2, 9, 11
MM, 11, 14, 14
MM, 19, 18, 12
MM, 22, 22, 11
MM, 26, 26, -3
MM, 30, 28, 28
MM, 31, 30, 12
MM, 33, 31, 12
MC, 1, 683
MM, 4, 9, 341
MM, 192, 61, 62
MM, 185, 60, 12
MM, 181, 60, 12
MM, 180, 59, 12
MM, 178, 58, 13
MM, 178, 55, 219
MM, 177, 50, 12
MM, 172, 36, 12
MM, 164, 2, 12
MC, 1, 1001
MM, 110, 2, 20736
MM, 110, 4, 12
MM, 110, 6, 24
MM, 110, 7, 13
MM, 110, 9, 12
MM, 110, 14, 12
MM, 111, 19, 12
MM, 113, 24, 12
MM, 115, 29, 12
MM, 115, 30, 355
MM, 115, 31, 13
MM, 115, 32, 12
MM, 115, 33, 12
MM, 114, 33, 24
MC, 1, 329
MM, 114, 38, 427
MM, 113, 44, 12
MM, 111, 55, -3
MM, 15, 0, 52
MM, 15, 5, 13
MM, 15, 9, 11
MM, 15, 14, 12
MM, 15, 19, 13
MM, 17, 27, 12
MM, 19, 29, 256
MM, 2, 17, 110
MM, 23, 20, 13
MM, 36, 22, 12
MM, 7, 31, 24
MM, 23, 4, 24
MM, 31, 7, 13
MM, 42, 10, -3
MM, 2, 13, 28
MM, 13, 17, 13
MM, 18, 18, 11
MM, 23, 19, 12
MM, 27, 20, 12
MM, 29, 20, 12
MM, 32, 20, 12
MM, 39, 20, 12
MM, 8, 22, 25
MM, 19, 23, 12
MM, 26, 23, 12
MM, 31, 23, -3
MM, 33, 24, 27
MM, 35, 24, 12
MM, 37, 25, 14
MM, 38, 25, 11
MM, 37, 25, 281
MM, 36, 25, 25
MM, 36, 24, 12
MC, 1, 413
MM, 35, 24, 208
MM, 33, 24, 24
MM, 29, 24, 12
MM, 26, 24, 12
MM, 18, 22, 14
MM, 15, 14, 25
MM, 8, 0, 13
MM, 0, 27, 11
MC, 1, 842
MM, 15, 11, 206
MM, 36, 11, 12
MM, 3, 12, 13
MM, 16, 17, 13
MM, 17, 17, 242
MM, 18, 17, 12
MM, 20, 17, -1
MM, 22, 17, 27
MM, 27, 17, 12
MM, 32, 17, 12
MM, 37, 17, 13
MM, 40, 17, 12
MM, 41, 17, 12
MM, 42, 17, 13
MM, 43, 17, 48
MM, 1, 17, 171
MM, 3, 17, 12
MM, 8, 17, 12
MM, 13, 17, 12
MM, 18, 17, 13
MM, 20, 17, 12
MM, 22, 17, 12
MM, 23, 17, -4
MM, 24, 17, 52
MM, 27, 17, 13
MM, 34, 17, 12
MM, 3, 17, 13
MM, 14, 18, 13
MM, 19, 20, 11
MM, 21, 20, 12
MM, 22, 20, 24
MC, 1, 414
MM, 21, 22, 74
MM, 16, 26, 12
MM, 5, 31, 12
MM, 25, 4, 25
MM, 17, 7, 12
MM, 12, 11, 13
MM, 7, 12, 11
MM, 3, 15, 13
MM, 39, 18, 37
MM, 35, 21, 12
MM, 33, 21, -3
MM, 30, 22, 27
MM, 21, 26, 24
MM, 18, 29, 13
MM, 2, 0, 24
MM, 43, 14, 122
MM, 40, 15, 12
MM, 38, 15, 12
MM, 36, 16, 13
MM, 33, 18, 12
MM, 30, 19, 12
MM, 25, 23, 25
MM, 22, 24, 12
MM, 22, 25, 12
MC, 1, 415
MM, 14, 22, 109
MM, 23, 15, 25
MM, 40, 9, 13
MM, 3, 4, 11
MM, 0, 30, 50
MM, 41, 30, 12
MM, 30, 30, 12
MM, 23, 30, 12
MM, 17, 30, 12
MM, 8, 29, 12
MM, 4, 28, 12
MM, 0, 27, 12
MM, 42, 23, 37
MM, 38, 22, 12
MM, 37, 21, 12
MM, 36, 20, 12
MM, 35, 20, 12
MM, 34, 20, 12
MM, 33, 20, 38
MM, 31, 20, 12
MM, 30, 19, 12
MM, 29, 18, 12
MM, 28, 17, 12
MM, 27, 15, 13
MM, 25, 14, 11
MM, 23, 13, 13
MM, 20, 11, 12
MM, 19, 9, 12
MM, 17, 8, 12
MM, 16, 7, 25
MC, 1, 329
MM, 18, 7, 98
MM, 22, 6, 13
MM, 28, 3, 12
MC, 1, 719
MM, 42, 5, 159
MM, 42, 6, 12
MM, 41, 6, 12
MM, 40, 6, 12
MM, 39, 6, 12
MM, 39, 7, 12
MM, 38, 7, 12
MM, 37, 8, 12
MM, 35, 9, 13
MM, 33, 10, 12
MM, 29, 13, 13
MM, 27, 14, 12
MM, 25, 15, 11
MM, 24, 15, 12
MC, 1, 377
MM, 25, 15, 110
MM, 30, 15, 28
MM, 38, 12, 11
MM, 13, 4, 12
MM, 39, 14, 49
MM, 17, 10, 13
MM, 17, 10, 24
MM, 30, 10, 13
MM, 0, 10, 24
MM, 4, 10, -2
MM, 6, 9, 26
MM, 8, 8, 12
MM, 4, 8, 268
MM, 35, 9, 36
MM, 33, 10, 13
MM, 32, 10, 12
MM, 31, 10, 12
MM, 30, 11, 13
MM, 29, 11, 85
MM, 28, 11, 24
MM, 27, 11, 25
MM, 26, 11, 24
MC, 1, 342
MM, 23, 11, 122
MM, 14, 14, 12
MM, 3, 19, 12
MM, 31, 26, 12
MM, 41, 12, 24
MM, 19, 26, 13
MM, 37, 11, 21
MM, 33, 14, 28
MM, 30, 16, 12
MM, 26, 19, 12
MM, 24, 20, 12
MM, 19, 22, 12
MM, 14, 25, 13
MM, 6, 28, 13
MM, 1, 29, 12
MM, 152, 1, 317
MM, 152, 2, 24
MM, 152, 3, 85
MM, 152, 4, 73
MM, 152, 6, 13
MM, 152, 7, 12
MM, 152, 8, 24
MM, 153, 8, 36
MC, 1, 354
MM, 142, 0, 195
MM, 10, 25, 13
MM, 37, 3, 24
MM, 23, 26, 25
MM, 16, 22, 12
MM, 9, 20, 12
MM, 5, 19, 13
MM, 4, 18, 11
MM, 3, 18, 13
MM, 2, 18, 12
MM, 2, 17, 36
MM, 1, 17, 110
MM, 0, 17, 12
MM, 43, 17, 50
MM, 41, 16, 12
MM, 40, 16, 12
MM, 39, 16, 12
MM, 37, 16, 12
MM, 34, 16, 13
MM, 30, 16, 12
MM, 27, 15, 12
MM, 25, 15, 12
MM, 23, 15, 12
MM, 22, 15, 12
MM, 21, 15, 36
MM, 21, 14, 13
MC, 1, 303
MM, 18, 14, 75
MM, 14, 14, 12
MM, 11, 14, 12
MM, 4, 14, 13
MM, 39, 14, 24
MM, 36, 14, 12
MM, 31, 14, 12
MM, 29, 14, 12
MM, 27, 14, 13
MM, 25, 14, 13
MM, 24, 14, 12
MM, 23, 14, 12
MM, 22, 14, 24
MM, 21, 14, 12
MM, 20, 14, 25
MM, 19, 14, 12
MM, 18, 14, 12
MM, 17, 14, 24
MM, 12, 14, 12
MM, 8, 14, 13
MM, 4, 14, 12
MM, 2, 14, 11
MM, 1, 14, 13
MM, 43, 14, 74
MM, 41, 13, 13
MM, 40, 13, 23
MM, 39, 13, 37
MM, 38, 13, 12
MM, 37, 13, 24
MM, 36, 13, 12
MC, 1, 305
MM, 37, 15, 135
MM, 10, 25, 24
MM, 27, 30, 13
MM, 11, 7, 36
MM, 29, 12, 12
MM, 42, 16, 12
MM, 3, 20, 25
MM, 5, 21, 13
MM, 6, 21, 12
MM, 7, 21, 12
MM, 8, 21, 12
MM, 9, 22, 24
MM, 10, 23, 24
MM, 11, 24, 13
MM, 11, 25, 12
MM, 12, 26, 24
MM, 13, 27, 25
MM, 14, 29, 12
MM, 14, 30, 12
MM, 89, 0, 195
MM, 90, 0, 12
MM, 91, 0, 12
MM, 92, 1, 12
MM, 93, 1, 12
MM, 94, 2, 21
MM, 95, 2, 90
MM, 95, 3, 24
MM, 96, 3, 24
MC, 1, 416
MM, 96, 2, 195
MM, 96, 1, 12
MM, 96, 0, 13
MM, 31, 31, 133
MM, 31, 30, 13
MM, 31, 28, 11
MM, 31, 27, 25
MM, 31, 26, 13
MC, 1, 377
MM, 32, 25, 122
MM, 37, 21, 12
MM, 10, 13, 25
MM, 23, 6, 13
MM, 33, 2, 11
MM, 1, 20, 37
MM, 7, 14, -3
MM, 13, 10, 27
MM, 18, 6, 12
MM, 23, 5, 12
MM, 30, 2, 13
MM, 34, 0, 12
MM, 36, 0, 12
MM, 2, 31, 122
MM, 5, 29, 13
MM, 9, 26, 12
MM, 15, 25, 12
MM, 24, 24, 12
MM, 29, 24, 12
MM, 33, 22, 13
MM, 36, 22, 12
MM, 37, 22, 12
MM, 39, 22, 13
MM, 40, 22, 9
MM, 41, 22, 27
MM, 42, 22, 12
MM, 43, 22, 12
MM, 0, 22, 62
MM, 4, 22, 13
MM, 8, 22, 11
MM, 11, 22, 12
MM, 13, 22, 13
MM, 14, 22, 11
MM, 15, 22, 25
MC, 1, 341
MM, 14, 22, 110
MM, 11, 24, 12
MM, 6, 25, 12
MM, 2, 27, -3
MM, 39, 4, 76
MM, 38, 8, 13
MM, 36, 12, 12
MM, 33, 16, 12
MM, 31, 19, -3
MM, 28, 22, 27
MM, 26, 24, 12
MM, 23, 25, 12
MM, 20, 26, 12
MM, 18, 27, 14
MM, 16, 29, 12
MM, 43, 5, 145
MM, 42, 5, 12
MM, 40, 6, 12
MM, 38, 8, 13
MM, 36, 8, 12
MM, 35, 8, -3
MM, 34, 8, 28
MM, 34, 9, 97
MC, 1, 294
MM, 31, 9, 121
MM, 26, 9, 12
MM, 17, 9, 12
MM, 26, 9, 26
MM, 11, 9, 12
MM, 1, 9, 12
MM, 39, 7, 12
MM, 29, 7, 13
MM, 20, 7, 11
MM, 13, 7, 12
MM, 11, 7, 12
MM, 8, 6, 13
MM, 7, 6, 12
MM, 6, 6, 12
MM, 4, 6, 24
MM, 3, 6, 13
MM, 1, 6, 11
MM, 0, 6, 12
MM, 43, 6, 111
MM, 42, 6, 12
MM, 41, 6, 24
MM, 39, 6, 49
MM, 38, 7, 12
MM, 37, 7, 12
MC, 1, 330
MM, 24, 20, 146
MM, 42, 7, 13
MM, 13, 14, 48
MM, 15, 4, 24
MM, 32, 4, 12
MM, 41, 1, 12
MM, 0, 0, 26
MM, 2, 0, 12
MM, 3, 0, 12
MM, 4, 0, 11
MM, 5, 0, 12
MM, 6, 0, 13
MM, 7, 0, 13
MM, 9, 0, 12
MM, 10, 0, 12
MM, 11, 0, 14
MM, 13, 0, 11
MM, 15, 0, 12
MM, 17, 0, 12
MM, 19, 0, 12
MM, 20, 0, 13
MM, 21, 0, 12
MM, 23, 0, 12
MM, 25, 0, 25
MM, 26, 0, 12
MM, 26, 1, 12
MM, 27, 2, 12
MM, 27, 3, 12
MM, 27, 4, 13
MM, 27, 5, 24
MC, 1, 439
MM, 16, 9, 146
MM, 1, 16, 12
MM, 38, 23, 11
MM, 13, 1, 13
MM, 40, 18, 14
MM, 14, 2, 36
MM, 12, 4, 11
MM, 8, 7, 13
MM, 7, 9, 12
MM, 5, 10, -4
MM, 4, 11, 28
MM, 3, 13, 12
MM, 2, 14, 12
MM, 1, 16, 12
MM, 0, 17, 12
MM, 43, 23, 99
MM, 43, 24, 24
MM, 40, 27, 49
MM, 37, 31, 12
MM, 148, 0, 130
MM, 148, 1, 40
MM, 148, 2, 24
MM, 148, 3, 25
MM, 148, 4, 62
MM, 149, 5, 24
MM, 149, 6, 24
MC, 1, 536
MM, 149, 5, 232
MM, 150, 2, 13
MM, 38, 31, 24
MM, 38, 27, 12
MM, 38, 24, 12
MM, 38, 21, 12
MM, 38, 18, 12
MM, 38, 15, 12
MM, 38, 12, 13
MM, 38, 7, 12
MM, 37, 2, 12
MM, 40, 28, 24
MM, 33, 20, 12
MM, 27, 8, 12
MC, 1, 1072
MM, 3, 1, 222
MM, 42, 9, 49
MM, 40, 10, 12
MM, 38, 11, 12
MM, 34, 12, 12
MM, 32, 14, 12
MM, 30, 14, 13
MM, 27, 15, 12
MM, 23, 15, 12
MM, 21, 16, 12
MM, 17, 18, 12
MM, 14, 19, 12
MM, 12, 22, -3
MM, 9, 23, 27
MM, 8, 24, 13
MM, 8, 23, 62
MM, 8, 22, 11
MC, 1, 342
MM, 12, 22, 159
MM, 22, 20, 12
MM, 32, 20, 12
MM, 39, 19, 13
MM, 1, 18, 25
MM, 8, 18, 48
MM, 9, 18, 61
MM, 10, 18, 24
MM, 11, 17, 12
MM, 12, 17, 13
MM, 13, 17, 12
MM, 14, 17, 11
MM, 15, 17, 13
MM, 16, 16, 36
MC, 1, 318
MM, 18, 16, 97
MM, 23, 16, 12
MM, 34, 18, 12
MM, 8, 24, 26
MM, 21, 27, 12
MM, 2, 0, 23
MM, 16, 3, 13
MM, 25, 10, 12
MM, 29, 12, 12
MM, 31, 15, 12
MM, 33, 16, 24
MM, 34, 16, 13
MM, 34, 17, 8
MM, 35, 17, 28
MM, 35, 18, 12
MM, 36, 18, 12
MM, 36, 19, 13
MM, 36, 20, -3
MM, 37, 20, 52
MM, 39, 23, 48
MM, 40, 25, 13
MM, 41, 27, 12
MM, 42, 30, 12
MM, 42, 31, 12
MM, 115, 0, 98
MM, 115, 1, 13
MM, 116, 1, 13
MM, 117, 2, 12
MM, 117, 3, 12
MM, 118, 4, 12
MM, 118, 5, 170
MM, 119, 5, 86
MC, 1, 340
MM, 117, 5, 209
MM, 115, 5, -4
MM, 114, 3, 27
MM, 112, 0, 13
MM, 42, 24, 36
MM, 40, 13, 12
MM, 41, 16, 24
MM, 36, 1, 12
MM, 38, 0, 332
MM, 37, 1, 12
MM, 36, 1, 12
MM, 35, 2, 11
MM, 35, 3, 9
MM, 35, 4, 28
MM, 35, 5, 24
MM, 35, 6, 12
MM, 35, 7, 12
MM, 35, 9, 26
MM, 34, 10, 12
MM, 33, 11, -3
MM, 32, 11, 27
MM, 31, 12, 12
MM, 30, 13, 12
MC, 1, 390
MM, 32, 13, 268
MM, 37, 13, 13
MM, 41, 13, 12
MM, 12, 13, 24
MM, 29, 9, 12
MM, 4, 6, 9
MM, 15, 3, 28
MM, 9, 30, 37
MM, 20, 27, 11
MM, 43, 21, 38
MM, 0, 21, -4
MM, 17, 20, 41
MM, 26, 18, 11
MM, 33, 18, 12
MM, 38, 18, 12
MM, 41, 18, 12
MM, 43, 17, 13
MM, 43, 15, 294
MM, 33, 15, -4
MM, 18, 15, 28
MM, 8, 15, 12
MM, 1, 15, 12
MM, 43, 16, 37
MM, 41, 17, 12
MM, 38, 18, 12
MM, 30, 18, 12
MM, 19, 18, 12
MM, 10, 18, 12
MM, 5, 18, 12
MM, 2, 18, 13
MM, 0, 18, 12
MM, 0, 17, 305
MM, 1, 16, 13
MM, 3, 15, 11
MM, 6, 14, 12
MM, 11, 14, 13
MM, 13, 13, 12
MM, 17, 12, 12
MM, 18, 12, 12
MM, 19, 11, 12
MC, 1, 403
MM, 12, 12, 292
MM, 14, 0, 48
MM, 24, 18, 24
MM, 11, 23, 13
MM, 37, 30, 270
MM, 36, 28, 12
MM, 36, 26, 12
MM, 36, 24, 12
MM, 36, 22, 13
MM, 36, 21, 12
MM, 36, 20, 12
MM, 36, 19, 12
MM, 35, 19, 12
MM, 35, 18, 12
MM, 35, 17, 25
MM, 35, 16, 12
MM, 34, 15, 36
MM, 33, 15, 49
MC, 1, 317
MM, 42, 15, 134
MM, 6, 13, 13
MM, 21, 11, 14
MM, 3, 9, 10
MM, 43, 9, 12
MM, 23, 9, 36
MM, 42, 10, 13
MM, 4, 12, 12
MM, 17, 12, 12
MM, 26, 13, 13
MM, 35, 15, 12
MM, 42, 16, 12
MM, 0, 17, 25
MM, 3, 17, 13
MM, 5, 18, 11
MM, 7, 19, 12
MM, 9, 21, 12
MM, 11, 22, 12
MM, 12, 22, 12
MM, 13, 22, 13
MM, 17, 22, 36
MM, 24, 23, 12
MM, 29, 24, 13
MM, 32, 24, 12
MM, 34, 24, 12
MM, 35, 24, 12
MM, 36, 24, 25
MC, 1, 427
MM, 34, 24, 171
MM, 29, 23, 12
MM, 7, 16, 12
MM, 17, 3, 12
MM, 25, 31, 12
MM, 21, 26, 13
MC, 1, 1012
MM, 23, 6, 122
MM, 18, 18, 13
MM, 4, 6, 24
MM, 1, 15, 12
MM, 0, 20, 12
MM, 43, 28, 86
MM, 42, 29, 12
MM, 40, 30, 12
MM, 38, 31, 12
MM, 29, 30, 196
MM, 29, 29, 12
MM, 29, 28, 24
MM, 29, 27, 24
MC, 1, 330
MM, 30, 27, 170
MM, 41, 24, 13
MM, 11, 17, -4
MM, 37, 5, 28
MM, 43, 4, 24
MM, 10, 30, 12
MM, 33, 23, 12
MM, 8, 17, 13
MM, 43, 10, 24
MM, 6, 5, 24
MM, 10, 3, 13
MM, 13, 3, 12
MM, 15, 2, 13
MM, 17, 1, 13
MM, 18, 1, 12
MM, 19, 1, 12
MM, 19, 0, 12
MM, 20, 0, 48
MM, 20, 1, 109
MM, 20, 2, 12
MM, 20, 4, 14
MM, 20, 5, 12
MM, 20, 6, 13
MM, 20, 8, 24
MM, 20, 10, 12
MM, 20, 11, 12
MM, 20, 12, 12
MC, 1, 378
MM, 17, 15, 158
MM, 31, 22, 25
MM, 42, 3, 36
MM, 25, 9, 12
MM, 9, 14, 12
MM, 33, 21, 25
MM, 22, 22, 12
MM, 17, 23, 12
MM, 12, 23, 12
MM, 7, 25, 12
MM, 4, 26, 13
MM, 0, 27, 12
MM, 43, 30, 25
MM, 23, 0, 60
MM, 19, 2, 13
MM, 16, 2, 12
MM, 12, 3, 12
MM, 10, 4, -4
MM, 9, 4, 28
MM, 8, 4, 12
MM, 7, 5, 12
MM, 7, 6, 50
MM, 7, 7, 36
MM, 8, 7, 123
MC, 1, 316
MM, 12, 7, 95
MM, 16, 8, 27
MM, 19, 10, 13
MM, 22, 12, 12
MM, 26, 18, 12
MM, 30, 23, 12
MM, 32, 29, 12
MM, 58, 1, 49
MM, 60, 2, 12
MM, 64, 5, 12
MM, 67, 6, 13
MM, 69, 7, 13
MM, 72, 8, 12
MM, 73, 9, 12
MM, 73, 10, 12
MM, 74, 10, 36
MM, 74, 9, 256
MC, 1, 317
MM, 70, 7, 147
MM, 67, 3, 13
MM, 63, 0, 12
MM, 42, 31, -4
MM, 33, 19, 28
MM, 24, 9, 12
MM, 18, 5, 12
MM, 14, 1, 12
MM, 11, 0, 12
MM, 8, 30, 38
MM, 37, 15, 36
MM, 28, 9, 12
MM, 18, 6, 12
MM, 11, 3, 12
MM, 6, 0, 13
MM, 30, 0, 366
MM, 30, 1, 12
MM, 31, 2, 24
MM, 31, 3, 12
MM, 31, 4, 12
MM, 31, 5, 13
MM, 31, 6, 11
MM, 31, 7, 12
MM, 31, 8, 13
MC, 1, 426
MM, 32, 8, 122
MM, 35, 8, 13
MM, 43, 8, 12
MM, 2, 8, 12
MM, 11, 8, 12
MM, 21, 8, 12
MM, 41, 10, 12
MM, 12, 14, 12
MM, 41, 20, 26
MM, 0, 22, 12
MM, 9, 23, 13
MM, 24, 23, 12
MM, 41, 23, 13
MM, 3, 23, 11
MM, 29, 23, 25
MM, 40, 23, 12
MM, 46, 23, 12
MM, 1, 26, 97
MM, 2, 26, 12
MM, 3, 27, 13
MM, 4, 27, 25
MM, 5, 27, 24
MM, 5, 28, 12
MM, 6, 29, 12
MM, 8, 31, 12
MM, 14, 0, 48
MM, 15, 3, 13
MM, 16, 5, 12
MM, 17, 7, -3
MM, 18, 9, 27
MM, 19, 10, 12
MM, 20, 12, 12
MM, 21, 13, 13
MM, 22, 13, -3
MM, 23, 13, 40
MC, 1, 329
MM, 22, 13, 109
MM, 11, 11, 13
MM, 31, 6, 24
MM, 12, 2, 13
MM, 38, 1, 12
MM, 42, 28, 158
MM, 39, 27, 13
MM, 34, 26, 11
MM, 32, 25, 13
MM, 31, 25, 12
MM, 30, 24, 12
MM, 30, 23, 109
MM, 30, 22, 13
MM, 30, 21, 12
MM, 30, 20, 12
MM, 30, 19, 12
MM, 29, 19, 12
MM, 29, 18, 13
MC, 1, 331
MM, 30, 18, 97
MM, 33, 18, 12
MM, 38, 18, 12
MM, 42, 18, 12
MM, 13, 17, 24
MM, 28, 15, 12
MM, 39, 15, 13
MM, 2, 15, 24
MM, 7, 15, 12
MM, 13, 15, 24
MM, 15, 15, 12
MM, 16, 15, 14
MM, 24, 15, 36
MM, 32, 15, 12
MM, 37, 15, 12
MM, 40, 15, 12
MM, 42, 15, 12
MM, 45, 15, 12
MM, 46, 15, 49
MM, 3, 14, 86
MM, 8, 14, 12
MM, 13, 12, 12
MM, 17, 12, 24
MM, 19, 12, 13
MM, 21, 11, 11
MC, 1, 330
MM, 20, 13, 73
MM, 19, 14, 12
MM, 17, 14, 12
MM, 13, 14, 12
MM, 9, 14, 12
MM, 2, 14, 13
MM, 37, 11, 25
MM, 20, 8, 12
MM, 9, 6, 12
MM, 0, 5, 12
MM, 41, 2, 25
MM, 39, 1, -3
MM, 35, 1, 27
MM, 32, 0, 13
MM, 28, 0, 12
MM, 26, 0, 12
MM, 23, 0, 12
MM, 20, 0, 12
MM, 16, 0, 12
MM, 13, 0, 13
MM, 9, 0, -4
MM, 6, 0, 28
MM, 4, 0, 12
MM, 12, 1, 744
MM, 19, 13, -2
MM, 29, 23, 26
MM, 39, 31, 12
MM, 39, 1, 13
MM, 0, 11, 48
MM, 1, 12, 12
MM, 43, 8, 147
MM, 37, 4, 12
MM, 34, 2, 12
MM, 31, 1, 12
MM, 31, 0, 13
MM, 30, 0, 12
MM, 30, 1, 98
MM, 31, 2, 36
MM, 33, 3, 12
MM, 36, 4, 12
MM, 39, 7, 12
MM, 43, 9, 12
MM, 0, 22, 39
MM, 1, 24, 12
MM, 2, 25, 12
MM, 2, 27, 12
MM, 2, 28, 12
MM, 3, 28, 12
MM, 3, 29, 12
MM, 3, 30, -3
MM, 4, 30, 28
MM, 4, 31, 12
MM, 5, 31, 585
MM, 5, 29, 24
MM, 5, 27, 13
MM, 4, 24, 12
MM, 1, 21, 12
MM, 38, 13, 24
MM, 31, 8, 12
MM, 25, 6, 12
MM, 20, 3, 12
MM, 18, 0, 12
MM, 20, 31, 37
MM, 19, 29, 12
MM, 18, 25, 13
MM, 18, 22, 12
MM, 17, 20, 12
MM, 16, 17, 13
MM, 16, 16, 11
MM, 15, 14, 13
MM, 14, 12, 12
MM, 14, 11, 12
MM, 13, 9, 12
MM, 12, 8, 12
MM, 11, 8, 37
MM, 10, 7, 48
MM, 9, 7, 13
MM, 8, 6, 12
MM, 7, 6, 13
MM, 5, 5, 12
MM, 4, 4, 12
MM, 2, 3, 12
MM, 0, 0, 12
MC, 1, 587
MM, 21, 3, 243
MM, 25, 8, 12
MM, 29, 14, 13
MM, 35, 16, 12
MM, 37, 20, 12
MM, 41, 24, 12
MM, 0, 30, 24
MM, 0, 3, 25
MM, 2, 9, 12
MM, 5, 12, 12
MM, 7, 16, 12
MM, 8, 18, 12
MM, 9, 20, 13
MM, 10, 21, 12
MM, 11, 22, -4
MM, 11, 23, 28
MM, 12, 24, 13
MM, 13, 25, 12
MM, 13, 26, 24
MM, 14, 26, 12
MM, 14, 27, 24
MM, 15, 28, -3
MM, 15, 29, 28
MM, 16, 30, 12
MM, 16, 31, 12
MM, 134, 0, 269
MM, 134, 1, 11
MM, 134, 2, 13
MM, 134, 3, 12
MM, 134, 4, 12
MM, 134, 5, 12
MM, 134, 6, 123
MC, 1, 317
MM, 137, 5, 170
MM, 12, 10, 37
MM, 37, 23, 24
MM, 7, 14, 13
MM, 27, 7, -3
MM, 42, 2, 27
MM, 2, 1, 13
MM, 3, 30, 267
MM, 5, 28, 13
MM, 7, 27, 12
MM, 9, 26, -4
MM, 11, 23, 28
MM, 12, 21, 13
MM, 13, 19, 12
MM, 15, 18, 12
MM, 16, 16, 12
MM, 17, 15, 13
MM, 19, 14, 12
MM, 20, 14, 12
MM, 21, 13, 12
MM, 22, 13, 36
MC, 1, 367
MM, 16, 13, 207
MM, 3, 13, 12
MM, 25, 14, 12
MM, 13, 16, 25
MM, 31, 17, 24
MM, 16, 19, 13
MM, 3, 19, 11
MM, 37, 1, 293
MM, 37, 2, 12
MM, 36, 3, 12
MM, 35, 4, 13
MM, 35, 5, 12
MM, 34, 5, 12
MM, 33, 6, 12
MM, 32, 7, 12
MM, 31, 8, 13
MM, 30, 8, 12
MM, 29, 8, 24
MM, 28, 9, 74
MC, 1, 305
MM, 29, 8, 96
MM, 33, 7, 12
MM, 41, 4, 13
MM, 1, 0, 12
MC, 1, 598
MC, 1, 756
MM, 33, 2, 146
MM, 21, 18, 10
MM, 39, 25, 27
MM, 2, 0, 25
MM, 8, 4, 12
MM, 12, 10, 12
MM, 13, 12, 14
MM, 14, 14, 11
MM, 15, 16, 13
MM, 15, 17, 12
MM, 16, 18, 12
MM, 16, 19, 12
MM, 17, 21, 12
MM, 18, 22, 12
MM, 19, 23, 13
MM, 19, 24, 12
MM, 19, 25, 24
MM, 20, 26, 12
MM, 21, 26, 37
MM, 21, 27, 24
MC, 1, 390
MM, 20, 27, 122
MM, 17, 27, 12
MM, 13, 28, 13
MM, 11, 29, 11
MM, 9, 30, 12
MM, 8, 31, 12
MM, 168, 0, 135
MM, 168, 1, -3
MM, 168, 2, 27
MM, 167, 2, 12
MM, 167, 3, 74
MM, 166, 4, 12
MM, 166, 5, 12
MM, 165, 6, 12
MM, 165, 7, 25
MC, 1, 366
MM, 158, 3, 146
MM, 4, 19, 25
MM, 38, 9, 13
MM, 27, 29, 24
MM, 19, 23, 12
MM, 15, 17, 12
MM, 11, 16, 12
MM, 9, 14, 12
MM, 5, 11, 12
MM, 2, 10, 12
MM, 43, 6, 26
MM, 36, 4, 11
MM, 31, 1, 13
MM, 26, 0, 12
MC, 1, 791
MC, 1, 818
MM, 6, 11, 208
MM, 25, 11, 13
MM, 38, 11, 11
MM, 3, 11, 24
MM, 8, 11, 13
MM, 13, 11, 12
MM, 17, 11, 12
MM, 24, 11, -3
MM, 30, 11, 27
MM, 35, 11, 12
MM, 40, 11, 12
MM, 1, 12, 38
MM, 3, 12, 12
MM, 4, 12, 12
MM, 6, 12, -4
MM, 7, 12, 40
MM, 9, 12, 12
MM, 11, 12, 12
MM, 13, 12, 12
MM, 18, 12, 13
MM, 25, 12, 12
MM, 29, 12, 12
MM, 33, 12, -3
MM, 3, 11, 76
MC, 1, 465
MM, 1, 11, 145
MM, 34, 11, 12
MM, 19, 11, 14
MM, 6, 11, 11
MM, 40, 11, 13
MM, 19, 11, 12
MM, 4, 11, 12
MM, 43, 11, 12
MM, 38, 11, 12
MM, 36, 11, 12
MM, 35, 11, 12
MM, 34, 11, 13
MM, 33, 11, 13
MM, 32, 11, 48
MM, 31, 11, 36
MM, 30, 11, 12
MM, 29, 11, 12
MM, 27, 11, 13
MM, 23, 11, 12
MM, 20, 11, 12
MM, 18, 11, 12
MM, 15, 11, 13
MM, 13, 11, 12
MM, 9, 11, 12
MM, 7, 11, 12
MM, 4, 11, 12
MM, 2, 11, 13
MM, 0, 11, 12
MC, 1, 561
MC, 1, 902
MM, 2, 2, 146
MM, 8, 8, 12
MM, 14, 17, 13
MM, 21, 27, 12
MM, 18, 2, 12
MM, 23, 12, 13
MM, 27, 19, 12
MM, 31, 25, 12
MM, 34, 27, 12
MM, 36, 28, 13
MM, 36, 29, 11
MM, 37, 30, 13
MM, 38, 30, 12
MM, 115, 1, 48
MM, 118, 4, 12
MM, 118, 5, -3
MM, 119, 6, 28
MM, 120, 7, 24
MM, 120, 8, 50
MM, 121, 9, 12
MC, 1, 451
MM, 122, 8, 134
MM, 123, 3, 12
MM, 125, 1, 12
MM, 15, 31, 86
MM, 15, 30, 13
MM, 16, 29, 36
MM, 16, 28, 25
MM, 16, 27, 12
MM, 17, 26, 11
MM, 17, 25, 13
MM, 17, 24, 23
MM, 17, 23, 13
MM, 17, 22, 36
MC, 1, 342
MM, 13, 22, 98
MM, 4, 22, 12
MM, 25, 15, 24
MM, 41, 9, 12
MM, 26, 29, 37
MM, 8, 26, 12
MM, 42, 23, 24
MM, 39, 23, 14
MM, 35, 22, 11
MM, 33, 21, 13
MM, 31, 20, 13
MM, 29, 19, 12
MM, 25, 18, 12
MM, 23, 16, 12
MM, 20, 14, 12
MM, 16, 14, 12
MM, 13, 13, 12
MM, 10, 12, 12
MM, 8, 12, 13
MM, 8, 11, 12
MM, 7, 11, 12
MC, 1, 487
MM, 11, 11, 98
MM, 24, 11, 12
MM, 37, 11, 12
MM, 2, 11, 13
MM, 25, 11, 12
MM, 9, 11, 24
MM, 18, 15, 13
MM, 26, 17, 12
MM, 29, 21, 13
MM, 33, 22, 11
MM, 35, 23, 12
MM, 36, 26, 12
MM, 37, 26, 12
MM, 38, 26, 12
MM, 39, 27, 12
MM, 40, 27, 12
MM, 41, 27, 26
MM, 42, 27, 12
MM, 41, 1, 133
MM, 41, 3, -3
MM, 41, 7, 28
MM, 40, 9, 12
MM, 38, 11, 12
MM, 38, 12, 13
MM, 38, 13, 12
MM, 38, 14, 12
MM, 37, 14, 24
MM, 36, 14, 25
MM, 35, 14, 24
MM, 34, 14, 25
MM, 33, 14, 11
MM, 32, 14, 37
MC, 1, 330
MM, 43, 11, 147
MM, 9, 4, 12
MM, 17, 20, 24
MM, 6, 6, 25
MM, 21, 1, 12
MM, 27, 31, 48
MM, 35, 31, 13
MM, 40, 30, 12
MM, 4, 30, 37
MM, 12, 30, -3
MM, 18, 30, 27
MM, 29, 30, 12
MM, 3, 30, 24
MM, 7, 30, 13
MM, 11, 30, 12
MM, 13, 30, 11
MM, 15, 30, 13
MM, 16, 30, 12
MM, 17, 30, 12
MM, 17, 31, 50
MM, 10, 0, 60
MM, 10, 5, 13
MM, 7, 9, 11
MM, 4, 11, 12
MM, 41, 16, 26
MM, 36, 18, 11
MM, 33, 18, 12
MM, 31, 18, 12
MM, 30, 18, 13
MM, 29, 18, 12
MM, 29, 19, 12
MC, 1, 464
MM, 23, 19, 135
MM, 6, 18, 12
MM, 30, 10, 12
MC, 1, 1013
MM, 42, 1, 316
MM, 40, 2, 13
MM, 39, 2, 13
MM, 37, 2, 11
MM, 36, 2, 12
MM, 35, 2, 12
MM, 33, 2, -3
MM, 32, 3, 28
MM, 30, 3, 12
MM, 29, 4, 12
MM, 28, 4, 12
MM, 27, 5, 12
MM, 27, 6, 13
MM, 26, 6, 12
MM, 25, 7, 12
MM, 24, 10, 37
MM, 23, 11, 12
MM, 22, 12, 12
MM, 22, 13, 12
MC, 1, 366
MM, 22, 12, 134
MM, 23, 10, 12
MM, 32, 5, 12
MM, 12, 0, 24
MC, 1, 904
MM, 34, 1, 340
MM, 33, 1, 15
MM, 30, 2, 47
MM, 28, 4, 12
MM, 27, 4, 12
MM, 25, 5, 13
MM, 24, 6, 12
MM, 23, 6, 12
MM, 23, 7, 12
MM, 22, 8, 12
MM, 21, 8, 13
MM, 20, 8, 24
MC, 1, 341
MM, 17, 8, 146
MM, 9, 10, 13
MM, 2, 11, 13
MM, 43, 13, 48
MM, 42, 13, 12
MM, 41, 13, 25
MM, 40, 13, 12
MM, 38, 13, 13
MM, 36, 13, 12
MM, 34, 13, 12
MM, 32, 13, 12
MM, 28, 13, 12
MM, 23, 13, 13
MM, 19, 13, 11
MM, 17, 13, 12
MM, 15, 13, 12
MM, 14, 13, 25
MC, 1, 313
MM, 15, 13, 370
MM, 19, 13, 12
MM, 31, 11, 13
MM, 12, 5, 12
MM, 36, 8, 48
MM, 29, 18, 13
MM, 25, 26, 512
MM, 26, 25, 12
MM, 26, 24, 12
MM, 27, 24, 13
MM, 27, 23, 11
MM, 28, 23, 74
MM, 28, 22, 13
MM, 28, 21, 72
MM, 29, 21, 13
MM, 29, 20, 12
MM, 30, 20, 122
MM, 30, 19, 24
MM, 30, 18, 219
MM, 29, 18, 329
MM, 28, 18, 12
MM, 27, 18, 12
MM, 24, 18, 12
MM, 6, 18, 14
MM, 38, 24, 36
MM, 30, 2, 354
MM, 6, 4, 13
MM, 37, 10, 12
MM, 23, 13, 12
MM, 16, 14, 13
MM, 13, 15, -4
MM, 12, 15, 27
MM, 12, 17, 12
MM, 11, 17, 134
MM, 9, 18, 12
MM, 7, 19, 13
MM, 5, 22, 12
MM, 1, 25, 12
MM, 28, 1, 36
MM, 22, 5, 13
MM, 17, 9, 12
MM, 11, 12, -3
MM, 8, 16, 28
MM, 6, 17, 12
MM, 3, 19, 12
MM, 1, 20, 12
MM, 0, 20, 12
MM, 409, 2, 2513
MM, 395, 24, 12
MM, 387, 38, 12
MM, 378, 50, 13
MM, 372, 57, 11
MM, 23, 1, 256
MM, 17, 6, 37
MM, 4, 23, 49
MM, 64, 0, 25
MM, 63, 3, 37
MM, 63, 4, 23
MM, 63, 5, 25
MM, 62, 7, 24
MM, 62, 9, 12
MM, 62, 10, 12
MM, 62, 11, 13
MM, 61, 13, 24
MM, 61, 14, 12
