**********************************
LOGGING TIME: 20161111_182918
CLIENT IP: 10.105.74.162
USERNAME: V.Uday
OS: Windows 8
*********************Neutral database**********************************
MM, 72, 29, 1477468751341
MM, 70, 26, 0
MM, 68, 24, 15
MM, 66, 23, 0
MM, 65, 21, 16
MM, 61, 20, 0
MM, 58, 19, 16
MM, 57, 17, 0
MM, 55, 16, 15
MM, 53, 14, 0
MM, 51, 14, 16
MM, 51, 13, 15
MM, 49, 12, 16
MM, 48, 12, 0
MM, 48, 11, 553
MM, 50, 11, 8
MM, 51, 11, 7
MM, 52, 11, 9
MM, 53, 11, 8
MM, 55, 11, 16
MM, 56, 11, 15
MM, 58, 11, 16
MM, 59, 11, 17
MM, 60, 11, 15
MM, 61, 11, 80
MM, 62, 11, 8
MM, 64, 12, 16
MM, 65, 13, 16
MM, 66, 14, 16
MM, 66, 15, 8
MM, 67, 15, 8
MM, 68, 16, 8
MM, 69, 17, 8
MM, 70, 19, 8
MM, 72, 19, 8
MM, 74, 22, 8
MM, 76, 23, 8
MM, 78, 25, 8
MM, 81, 29, 8
MM, 81, 37, 1589
MM, 5, 8, 4
MM, 34, 31, 8
MM, 15, 23, 97719
MM, 42, 2, 24
MM, 102, 32, 9
MM, 122, 4, 67
MM, 113, 26, 4
MM, 106, 6, 8
MM, 25, 16, 24
MM, 22, 7, 8
MM, 1, 8, 696
MM, 2, 8, 16
MM, 5, 11, 8
MM, 6, 11, 16
MM, 7, 11, 16
MM, 8, 13, 8
MC, 1, 256
MM, 8, 14, 256
MM, 9, 15, 40
MM, 9, 16, 8
MM, 90, 0, 40
MM, 92, 10, 8
MM, 95, 19, 8
MM, 97, 27, 7
MM, 102, 5, 24
MM, 103, 13, 8
MM, 104, 21, 8
MM, 29, 1, 6169
MM, 32, 6, 8
MM, 34, 9, 8
MM, 37, 11, 8
MM, 38, 14, 8
MM, 42, 16, 8
MM, 47, 19, 8
MM, 56, 24, 8
MM, 65, 31, 8
MM, 72, 36, 8
MM, 81, 40, 8
MM, 87, 44, 8
MM, 91, 48, 8
MM, 95, 51, 8
MM, 97, 52, 8
MM, 99, 55, 8
MM, 100, 55, 8
MM, 101, 56, 8
MM, 102, 57, 5
MM, 102, 58, 19
MM, 103, 58, 16
MM, 104, 60, 7
MM, 104, 61, 8
MM, 105, 61, 9
MM, 105, 63, 24
MM, 10, 3, 128
MM, 10, 8, 4
MM, 10, 12, 0
MM, 10, 17, 16
MM, 10, 20, 0
MM, 11, 24, 16
MM, 13, 29, 0
MM, 14, 30, 16
MM, 38, 3, 117
MM, 40, 7, 7
MM, 1, 16, 11
MM, 3, 17, 15
MM, 5, 18, 0
MM, 8, 18, 16
MM, 10, 19, 0
MM, 13, 19, 17
MM, 15, 20, 0
MM, 17, 20, 15
MM, 19, 20, 16
MM, 24, 21, 0
MM, 28, 22, 16
MM, 34, 24, 0
MM, 39, 26, 15
MM, 1, 31, 16
MM, 13, 31, 15
MM, 26, 31, 3
MM, 1, 29, 79
MM, 5, 29, 0
MM, 6, 28, 15
MM, 7, 27, 16
MM, 8, 26, 79
MM, 9, 25, 24
MM, 9, 24, 32
MM, 9, 23, 5
MM, 9, 22, 0
MM, 8, 21, 16
MM, 8, 19, 0
MM, 7, 18, 16
MM, 6, 16, 0
MM, 5, 15, 19
MM, 4, 15, 8
MM, 4, 13, 8
MM, 3, 12, 8
MM, 1, 11, 8
MM, 1, 10, 8
MM, 0, 9, 8
MM, 43, 6, 40
MM, 40, 4, 8
MM, 39, 3, 8
MM, 37, 2, 7
MM, 36, 2, 4
MM, 36, 1, 0
MM, 35, 0, 17
MM, 34, 31, 68
MM, 33, 30, 8
MM, 32, 28, 8
MM, 31, 28, 0
MM, 31, 27, 16
MM, 30, 25, 8
MM, 29, 24, 0
MM, 28, 23, 16
MM, 28, 22, 0
MM, 28, 21, 15
MM, 27, 19, 16
MC, 1, 260
MM, 26, 19, 174
MM, 25, 19, 8
MM, 22, 19, 7
MM, 18, 19, 8
MM, 15, 19, 9
MM, 9, 19, 7
MM, 5, 19, 9
MM, 1, 20, 8
MM, 41, 20, 23
MM, 37, 20, 8
MM, 33, 20, 9
MM, 28, 21, 8
MM, 23, 21, 8
MM, 17, 22, 7
MM, 11, 24, 8
MM, 5, 24, 8
MM, 21, 0, 176
MM, 18, 0, 9
MM, 14, 1, 7
MM, 10, 1, 9
MM, 6, 1, 7
MM, 3, 1, 9
MM, 42, 2, 23
MM, 40, 2, 9
MM, 37, 2, 8
MM, 33, 2, 7
MM, 31, 2, 9
MM, 30, 2, 7
MM, 29, 2, 9
MM, 27, 2, 7
MM, 26, 2, 8
MM, 25, 2, 16
MM, 22, 2, 8
MM, 20, 0, 16
MM, 7, 0, 164
MM, 7, 1, 16
MM, 7, 2, 16
MM, 7, 6, 0
MM, 7, 8, 16
MM, 8, 10, 0
MC, 1, 301
MM, 8, 11, 31
MM, 8, 12, 16
MM, 7, 12, 5
MM, 4, 12, 15
MM, 39, 12, 16
MM, 31, 12, 16
MM, 25, 12, 0
MM, 18, 12, 16
MM, 12, 12, 0
MM, 5, 12, 21
MM, 41, 12, 24
MM, 38, 10, 7
MM, 36, 10, 3
MM, 33, 10, 0
MM, 32, 9, 16
MM, 31, 9, 0
MM, 30, 9, 16
MM, 29, 9, 0
MM, 27, 8, 15
MM, 25, 8, 30
MM, 24, 8, 16
MM, 22, 8, 7
MM, 20, 7, 33
MM, 19, 7, 15
MM, 17, 6, 58
MC, 1, 111
MM, 17, 5, 81
MM, 21, 5, 3
MM, 28, 4, 0
MM, 37, 4, 16
MM, 11, 3, 17
MM, 29, 3, 0
MM, 12, 3, 15
MM, 34, 3, 16
MM, 3, 3, 0
MM, 16, 3, 20
MM, 30, 2, 8
MM, 39, 0, 9
MM, 0, 17, 287
MM, 1, 16, 40
MM, 2, 16, 15
MM, 3, 16, 16
MM, 4, 15, 52
MC, 1, 301
MM, 4, 14, 186
MM, 2, 15, 52
MM, 1, 16, 16
MM, 245, 63, 21855
MM, 264, 63, 0
MM, 286, 63, 19
MM, 3, 0, 205
MM, 11, 5, 16
MM, 17, 9, 0
MM, 21, 11, 19
MM, 27, 14, 4
MM, 31, 18, 0
MM, 34, 20, 16
MM, 35, 20, 0
MM, 35, 19, 248
MM, 35, 18, 15
MM, 35, 15, 0
MM, 35, 14, 16
MM, 35, 13, 0
MM, 35, 12, 15
MC, 1, 286
MM, 34, 12, 399
MM, 31, 12, 16
MM, 28, 12, 0
MM, 24, 12, 18
MM, 21, 12, 8
MM, 19, 12, 7
MM, 17, 12, 9
MM, 15, 13, 8
MM, 13, 13, 7
MM, 10, 13, 9
MM, 8, 14, 8
MM, 5, 14, 7
MM, 2, 14, 9
MM, 35, 14, 19
MM, 33, 14, 0
MM, 31, 14, 15
MM, 29, 14, 0
MM, 28, 14, 16
MM, 27, 14, 0
MM, 26, 14, 16
MM, 25, 14, 15
MM, 24, 14, 22
MM, 23, 14, 8
MM, 22, 14, 8
MM, 19, 14, 16
MM, 17, 14, 8
MM, 13, 14, 8
MM, 10, 14, 10
MM, 6, 14, 6
MM, 1, 14, 8
MM, 34, 14, 15
MM, 29, 14, 9
MM, 26, 14, 3
MM, 22, 14, 0
MM, 19, 14, 16
MM, 17, 14, 0
MM, 15, 14, 15
MM, 13, 14, 0
MM, 11, 14, 16
MM, 9, 14, 0
MM, 6, 14, 16
MM, 4, 15, 0
MM, 0, 15, 21
MM, 33, 17, 24
MM, 31, 17, 8
MM, 29, 17, 8
MM, 28, 18, 9
MM, 27, 19, 8
MM, 26, 19, 8
MM, 22, 19, 8
MM, 20, 20, 8
MM, 19, 20, 8
MM, 19, 21, 4
MM, 15, 21, 0
MM, 14, 21, 20
MM, 12, 21, 8
MM, 11, 21, 15
MM, 10, 21, 9
MM, 9, 21, 15
MM, 6, 21, 8
MM, 5, 21, 8
MM, 4, 21, 6
MM, 3, 21, 0
MM, 0, 21, 16
MM, 43, 21, 31
MM, 42, 21, 0
MM, 41, 21, 17
MM, 38, 21, 0
MM, 35, 21, 15
MM, 32, 21, 0
MM, 31, 21, 16
MM, 30, 21, 0
MM, 26, 21, 16
MM, 22, 21, 0
MM, 17, 21, 15
MM, 12, 21, 0
MM, 8, 21, 16
MM, 2, 21, 0
MM, 43, 21, 29
MM, 39, 21, 8
MM, 33, 21, 8
MM, 28, 21, 8
MM, 24, 21, 8
MM, 18, 21, 8
MM, 13, 21, 8
MM, 6, 22, 8
MM, 42, 29, 439
MM, 42, 27, 0
MM, 41, 25, 18
MM, 41, 24, 7
MM, 40, 22, 8
MM, 39, 21, 8
MM, 39, 20, 8
MM, 38, 18, 9
MM, 38, 16, 8
MM, 37, 14, 2
MM, 36, 13, 0
MM, 34, 11, 15
MM, 34, 10, 0
MM, 34, 9, 16
MM, 32, 7, 16
MM, 31, 7, 190
MM, 30, 7, 8
MM, 26, 9, 8
MM, 23, 10, 8
MM, 22, 11, 16
MM, 21, 11, 8
MM, 20, 11, 8
MM, 19, 12, 8
MM, 17, 13, 8
MM, 17, 14, 8
MC, 1, 335
MM, 17, 15, 31
MM, 23, 15, 16
MM, 31, 15, 0
MM, 41, 15, 16
MM, 6, 13, 15
MM, 16, 13, 0
MM, 26, 13, 16
MM, 35, 13, 0
MM, 42, 13, 19
MM, 0, 13, 7
MM, 5, 13, 0
MM, 9, 13, 16
MM, 12, 13, 0
MM, 14, 12, 15
MM, 15, 11, 0
MM, 17, 11, 16
MM, 18, 11, 16
MM, 19, 10, 15
MM, 21, 9, 0
MM, 22, 9, 16
MM, 22, 8, 0
MM, 23, 8, 15
MM, 24, 8, 16
MM, 26, 8, 0
MC, 1, 220
MM, 24, 10, 136
MM, 23, 13, 8
MM, 21, 15, 5
MM, 19, 17, 0
MM, 18, 21, 16
MM, 16, 23, 0
MM, 15, 25, 15
MM, 14, 28, 0
MM, 13, 30, 16
MC, 1, 548
MM, 30, 2, 141
MM, 30, 5, 0
MM, 30, 10, 16
MM, 30, 15, 0
MM, 30, 17, 16
MM, 30, 20, 0
MM, 30, 21, 15
MM, 30, 23, 110
MM, 30, 24, 15
MM, 30, 26, 16
MM, 30, 28, 23
MM, 30, 29, 0
MM, 30, 30, 16
MM, 21, 0, 33
MM, 20, 1, 0
MM, 20, 2, 31
MM, 20, 3, 21
MM, 19, 4, 0
MM, 18, 5, 16
MM, 18, 7, 0
MM, 18, 8, 15
MM, 17, 9, 0
MM, 17, 12, 16
MM, 17, 14, 0
MM, 17, 15, 15
MC, 1, 228
MM, 16, 15, 40
MM, 15, 15, 0
MM, 15, 14, 16
MM, 15, 13, 0
MM, 15, 12, 17
MM, 15, 11, 0
MM, 15, 10, 15
MM, 15, 7, 0
MM, 14, 4, 16
MM, 14, 1, 0
MM, 22, 30, 16
MM, 22, 25, 15
MM, 22, 18, 0
MM, 22, 9, 18
MM, 22, 0, 7
MM, 25, 31, 47
MM, 25, 30, 19
MM, 24, 28, 11
MM, 24, 27, 78
MM, 24, 26, 16
MM, 25, 25, 15
MM, 29, 24, 0
MM, 34, 21, 16
MM, 40, 20, 0
MM, 0, 16, 16
MM, 6, 13, 15
MM, 12, 12, 16
MM, 16, 12, 0
MM, 22, 12, 16
MM, 25, 12, 0
MM, 27, 12, 15
MM, 30, 12, 0
MM, 32, 12, 16
MM, 34, 12, 0
MM, 35, 12, 15
MM, 36, 12, 0
MM, 38, 12, 16
MM, 39, 13, 0
MM, 42, 14, 16
MM, 41, 14, 280
MM, 37, 14, 19
MM, 33, 14, 7
MM, 31, 13, 5
MM, 29, 13, 0
MM, 28, 13, 15
MM, 27, 13, 0
MM, 25, 13, 16
MM, 24, 13, 15
MM, 22, 13, 0
MC, 1, 386
MM, 20, 13, 141
MM, 20, 12, 0
MM, 21, 12, 15
MM, 25, 12, 0
MM, 29, 12, 16
MM, 35, 12, 16
MM, 42, 12, 1
MC, 1, 772
MC, 1, 892
MM, 43, 22, 636
MM, 42, 21, 0
MM, 40, 21, 16
MM, 39, 21, 15
MM, 37, 20, 0
MM, 35, 20, 16
MM, 34, 20, 0
MM, 32, 20, 17
MM, 30, 20, 15
MM, 29, 20, 19
MM, 27, 20, 5
MM, 26, 19, 95
MC, 1, 110
MM, 26, 18, 63
MM, 28, 18, 15
MM, 32, 18, 16
MM, 41, 18, 0
MC, 1, 715
MM, 20, 0, 268
MM, 16, 0, 16
MM, 12, 0, 8
MM, 7, 0, 8
MM, 2, 0, 8
MM, 32, 0, 16
MM, 26, 0, 0
MM, 21, 0, 16
MM, 15, 0, 0
MM, 11, 0, 16
MM, 6, 0, 9
MM, 2, 0, 7
MM, 43, 1, 16
MM, 37, 2, 6
MM, 32, 3, 0
MM, 26, 4, 16
MM, 21, 6, 0
MM, 17, 6, 16
MM, 14, 7, 0
MM, 13, 9, 15
MM, 11, 9, 0
MM, 11, 10, 20
MM, 7, 14, 7
MM, 5, 15, 8
MM, 2, 17, 8
MM, 0, 19, 8
MM, 43, 2, 54
MM, 4, 19, 23
MM, 10, 25, 0
MM, 16, 30, 12
MM, 27, 2, 32
MM, 35, 4, 0
MM, 43, 7, 15
MM, 2, 6, 0
MM, 11, 6, 16
MM, 19, 6, 0
MM, 29, 6, 16
MM, 38, 5, 0
MM, 0, 2, 17
MM, 10, 0, 8
MC, 1, 532
MM, 47, 4, 196
MM, 40, 2, 0
MM, 30, 30, 31
MM, 26, 28, 0
MM, 22, 25, 15
MM, 19, 24, 0
MM, 17, 22, 16
MM, 16, 22, 0
MM, 15, 20, 16
MM, 13, 19, 0
MM, 12, 17, 15
MM, 9, 15, 0
MM, 8, 14, 16
MM, 6, 11, 0
MM, 5, 11, 16
MM, 4, 10, 0
MM, 3, 8, 15
MM, 2, 6, 16
MM, 1, 5, 31
MM, 358, 62, 23837
MM, 355, 58, 8
MM, 351, 56, 8
MM, 349, 52, 8
MM, 346, 49, 8
MM, 342, 45, 8
MM, 339, 38, 8
MM, 333, 31, 7
MM, 327, 22, 9
MM, 324, 17, 8
MM, 318, 11, 8
MM, 316, 6, 2
MM, 312, 2, 0
MC, 1, 751
MM, 150, 5, 84061
MM, 146, 15, 16
MM, 139, 26, 0
MM, 134, 37, 16
MM, 129, 46, 0
MM, 124, 53, 15
MM, 119, 58, 0
MM, 114, 63, 16
MM, 4, 2, 286
MM, 3, 6, 16
MM, 0, 13, 212
MM, 3, 13, 0
MM, 5, 13, 17
MM, 8, 13, 6
MM, 10, 13, 0
MM, 11, 13, 15
MC, 1, 273
MM, 12, 13, 98
MM, 16, 13, 16
MM, 22, 10, 8
MM, 33, 8, 8
MM, 43, 6, 8
MM, 4, 3, 4
MM, 21, 1, 0
MC, 1, 835
MM, 34, 1, 277
MM, 32, 2, 16
MM, 31, 3, 0
MM, 28, 7, 16
MM, 25, 11, 0
MM, 23, 14, 20
MM, 21, 16, 8
MM, 20, 19, 8
MM, 17, 22, 5
MM, 17, 23, 0
MM, 17, 24, 19
MM, 16, 26, 0
MM, 15, 27, 13
MM, 15, 29, 0
MM, 14, 29, 16
MM, 14, 30, 0
MM, 14, 31, 15
MM, 13, 31, 0
MM, 8, 0, 94
MM, 8, 1, 16
MM, 7, 2, 118
MM, 6, 2, 8
MM, 6, 3, 8
MM, 6, 4, 1
MM, 5, 5, 15
MM, 3, 9, 0
MM, 3, 11, 16
MM, 2, 12, 0
MM, 2, 16, 16
MM, 1, 18, 0
MM, 1, 22, 16
MM, 1, 25, 8
MM, 3, 30, 8
MM, 1, 1, 21
MM, 4, 4, 0
MM, 7, 5, 15
MM, 10, 7, 0
MM, 12, 8, 16
MM, 14, 10, 0
MM, 15, 10, 15
MM, 18, 10, 0
MM, 19, 10, 16
MM, 22, 11, 0
MM, 25, 11, 16
MM, 29, 11, 0
MM, 34, 11, 15
MM, 40, 12, 0
MM, 0, 14, 33
MM, 2, 14, 0
MM, 4, 14, 15
MM, 4, 15, 0
MM, 5, 16, 221
MM, 6, 16, 17
MM, 8, 16, 8
MM, 11, 16, 8
MM, 15, 16, 8
MM, 19, 16, 8
MM, 24, 16, 5
MM, 31, 16, 0
MM, 35, 16, 15
MM, 39, 16, 0
MM, 43, 16, 16
MM, 1, 16, 31
MM, 2, 15, 78
MM, 3, 15, 16
MM, 4, 15, 0
MM, 5, 15, 31
MM, 7, 15, 17
MM, 8, 14, 22
MM, 10, 13, 17
MM, 11, 13, 0
MM, 11, 12, 14
MM, 13, 12, 16
MC, 1, 456
MM, 10, 12, 94
MM, 7, 12, 15
MM, 3, 12, 0
MM, 40, 13, 32
MM, 34, 14, 0
MM, 27, 15, 16
MM, 19, 15, 0
MM, 15, 16, 15
MM, 11, 16, 0
MM, 8, 17, 16
MM, 5, 18, 0
MM, 2, 18, 16
MM, 0, 18, 0
MM, 40, 20, 32
MM, 35, 21, 15
MM, 31, 23, 0
MM, 26, 25, 16
MM, 20, 26, 0
MM, 14, 28, 16
MM, 7, 30, 15
MM, 1, 31, 0
MM, 187, 1, 47
MM, 179, 2, 0
MM, 171, 3, 16
MM, 164, 6, 0
MM, 159, 7, 15
MM, 155, 8, 0
MM, 152, 9, 16
MM, 150, 10, 0
MM, 148, 10, 16
MM, 147, 10, 0
MM, 146, 10, 15
MM, 145, 10, 0
MM, 144, 10, 16
MM, 143, 10, 0
MM, 141, 10, 15
MM, 137, 10, 0
MM, 135, 11, 16
MM, 133, 12, 0
MM, 131, 12, 16
MM, 128, 12, 0
MM, 125, 12, 15
MM, 123, 12, 0
MM, 120, 12, 16
MM, 117, 11, 0
MM, 114, 10, 16
MM, 110, 9, 0
MM, 105, 5, 21
MM, 101, 1, 0
MM, 16, 29, 29
MM, 12, 26, 0
MM, 6, 23, 16
MM, 0, 19, 0
MM, 39, 13, 16
MM, 33, 9, 15
MM, 28, 5, 0
MM, 16, 28, 31
MM, 8, 24, 0
MM, 1, 20, 21
MM, 43, 17, 8
MM, 38, 13, 7
MM, 33, 11, 9
MM, 31, 9, 3
MM, 29, 9, 0
MM, 28, 7, 333
MM, 27, 7, 16
MM, 26, 6, 0
MM, 25, 5, 16
MM, 20, 2, 16
MM, 16, 1, 0
MM, 14, 1, 15
MM, 11, 1, 0
MM, 8, 1, 16
MM, 6, 1, 0
MM, 2, 1, 16
MM, 0, 1, 0
MM, 43, 3, 205
MM, 42, 4, 16
MM, 41, 5, 0
MM, 37, 8, 15
MM, 35, 10, 0
MM, 33, 12, 16
MM, 32, 14, 0
MM, 31, 14, 15
MM, 31, 15, 0
MM, 26, 20, 16
MM, 26, 22, 63
MM, 24, 22, 31
MM, 23, 22, 47
MM, 22, 22, 0
MM, 21, 22, 16
MM, 18, 22, 0
MM, 17, 22, 15
MM, 15, 22, 0
MM, 13, 21, 16
MM, 12, 20, 17
MM, 11, 20, 0
MM, 11, 19, 9
MM, 10, 17, 4
MM, 9, 16, 16
MM, 9, 15, 15
MM, 8, 15, 0
MC, 1, 179
MM, 10, 15, 81
MM, 13, 15, 8
MM, 17, 17, 8
MM, 22, 20, 8
MM, 27, 25, 8
MM, 33, 29, 8
MM, 40, 2, 16
MM, 6, 15, 16
MM, 13, 21, 8
MM, 20, 26, 8
MM, 25, 30, 8
MM, 11, 0, 238
MM, 14, 0, 0
MM, 19, 1, 15
MM, 23, 3, 0
MM, 26, 4, 16
MM, 29, 4, 0
MM, 32, 5, 15
MM, 36, 9, 0
MM, 39, 10, 21
MM, 41, 11, 8
MC, 1, 353
MM, 41, 12, 16
MM, 39, 11, 15
MM, 37, 7, 16
MM, 32, 1, 8
MM, 7, 28, 16
MM, 1, 21, 8
MM, 41, 7, 7
MM, 35, 0, 15
MM, 39, 31, 0
MM, 35, 25, 16
MM, 32, 17, 0
MM, 30, 12, 16
MM, 29, 7, 0
MM, 29, 5, 15
MM, 29, 2, 0
MM, 29, 1, 19
MC, 1, 544
MM, 38, 2, 125
MM, 34, 4, 0
MM, 32, 4, 15
MM, 32, 5, 78
MM, 31, 5, 16
MM, 30, 5, 16
MM, 29, 6, 0
MM, 28, 6, 31
MM, 26, 6, 31
MC, 1, 223
MM, 27, 6, 71
MM, 31, 6, 15
MM, 38, 5, 0
MM, 3, 3, 16
MM, 10, 2, 17
MM, 15, 1, 0
MM, 23, 1, 18
MM, 30, 1, 0
MM, 38, 0, 14
MC, 1, 734
MC, 1, 533
MM, 23, 2, 683
MM, 22, 5, 0
MM, 21, 7, 16
MM, 19, 10, 0
MM, 19, 12, 16
MM, 18, 16, 0
MM, 17, 21, 15
MM, 16, 24, 0
MM, 16, 26, 16
MC, 1, 236
MM, 15, 26, 156
MM, 14, 26, 15
MM, 11, 26, 0
MM, 8, 26, 16
MM, 3, 26, 0
MM, 38, 26, 32
MM, 33, 26, 0
MM, 25, 26, 18
MM, 18, 26, 0
MM, 14, 26, 15
MM, 9, 26, 0
MM, 5, 26, 16
MM, 2, 26, 0
MM, 41, 26, 31
MM, 38, 26, 0
MM, 36, 26, 16
MM, 33, 26, 0
MM, 31, 26, 15
MM, 30, 26, 0
MM, 29, 26, 16
MM, 28, 25, 0
MM, 27, 25, 23
MM, 27, 24, 4
MM, 26, 24, 15
MM, 25, 23, 16
MM, 24, 23, 16
MM, 21, 23, 21
MM, 18, 22, 7
MM, 16, 22, 0
MM, 13, 22, 15
MM, 10, 21, 0
MM, 8, 21, 16
MM, 5, 20, 0
MM, 2, 20, 16
MM, 38, 19, 16
MM, 35, 18, 16
MM, 33, 18, 0
MM, 32, 17, 17
MM, 31, 17, 0
MC, 1, 232
MM, 31, 16, 20
MM, 33, 16, 16
MM, 37, 16, 15
MM, 43, 15, 0
MM, 1, 14, 16
MM, 12, 14, 0
MM, 21, 14, 16
MM, 32, 14, 0
MM, 7, 14, 30
MM, 23, 15, 8
MM, 43, 15, 8
MM, 12, 15, 8
MM, 36, 15, 8
MM, 14, 15, 7
MM, 36, 15, 0
MM, 13, 15, 15
MM, 24, 15, 16
MM, 33, 14, 0
MM, 40, 13, 15
MM, 4, 10, 16
MM, 10, 8, 0
MM, 15, 7, 16
MM, 20, 5, 0
MM, 27, 3, 15
MM, 33, 1, 0
MM, 38, 0, 16
MM, 27, 31, 80
MM, 29, 31, 0
MM, 32, 31, 16
MM, 34, 30, 0
MM, 0, 27, 141
MM, 2, 27, 0
MM, 3, 28, 16
MM, 5, 29, 0
MM, 6, 31, 15
MM, 4, 0, 47
MM, 5, 3, 0
MM, 6, 3, 16
MM, 6, 4, 0
MM, 6, 6, 15
MM, 7, 7, 0
MM, 7, 9, 17
MM, 7, 10, 8
MM, 9, 11, 8
MM, 9, 12, 7
MM, 10, 14, 0
MM, 12, 17, 16
MM, 14, 18, 0
MM, 14, 19, 15
MM, 16, 19, 0
MM, 16, 20, 16
MC, 1, 282
MC, 2, 169
MM, 12, 21, 64
MM, 8, 24, 6
MM, 4, 26, 0
MM, 13, 3, 31
MM, 2, 9, 16
MM, 41, 17, 0
MM, 32, 24, 15
MM, 16, 4, 16
MM, 9, 9, 15
MM, 0, 15, 0
MM, 193, 26, 149
MM, 190, 26, 15
MM, 188, 26, 16
MM, 186, 25, 17
MM, 186, 24, 0
MM, 184, 23, 15
MM, 182, 22, 0
MM, 179, 21, 16
MM, 178, 19, 0
MM, 174, 18, 16
MM, 170, 16, 0
MM, 168, 15, 15
MM, 163, 10, 0
MM, 161, 9, 16
MM, 160, 9, 0
MC, 1, 251
MM, 159, 9, 140
MM, 159, 8, 16
MM, 160, 8, 0
MM, 161, 6, 16
MM, 163, 4, 0
MM, 165, 3, 19
MM, 168, 0, 8
MM, 14, 28, 11
MM, 20, 24, 21
MM, 26, 20, 0
MM, 29, 17, 15
MM, 34, 13, 0
MM, 38, 10, 16
MM, 40, 7, 0
MM, 2, 29, 54
MM, 4, 28, 0
MM, 5, 26, 16
MM, 7, 24, 0
MM, 9, 22, 15
MM, 10, 21, 0
MM, 11, 21, 16
MM, 12, 19, 0
MM, 13, 19, 21
MM, 13, 18, 43
MM, 14, 17, 0
MM, 14, 16, 16
MM, 15, 15, 0
MM, 16, 14, 15
MM, 18, 11, 0
MM, 19, 11, 16
MM, 21, 8, 0
MM, 22, 7, 16
MM, 24, 5, 0
MM, 24, 4, 21
MM, 26, 4, 0
MM, 26, 2, 15
MM, 27, 1, 0
MM, 27, 0, 16
MM, 40, 31, 320
MM, 42, 31, 15
MM, 43, 31, 0
MM, 0, 27, 208
MM, 1, 26, 16
MM, 1, 25, 15
MM, 1, 24, 0
MM, 1, 23, 16
MM, 2, 22, 0
MM, 2, 21, 16
MM, 2, 19, 15
MM, 2, 18, 32
MM, 3, 18, 0
MM, 3, 17, 15
MM, 3, 16, 0
MM, 4, 15, 16
MM, 4, 14, 15
MM, 5, 13, 0
MC, 1, 238
MM, 5, 12, 34
MM, 4, 13, 16
MM, 3, 14, 0
MM, 2, 14, 16
MM, 1, 17, 0
MM, 0, 17, 15
MM, 43, 24, 16
MM, 40, 26, 0
MM, 36, 29, 15
MM, 29, 1, 16
MM, 25, 5, 16
MM, 21, 9, 0
MM, 20, 11, 15
MM, 18, 13, 0
MM, 17, 15, 16
MM, 16, 15, 0
MM, 15, 17, 16
MM, 15, 18, 0
MM, 13, 19, 15
MM, 12, 20, 0
MM, 11, 21, 16
MM, 10, 22, 0
MM, 9, 23, 16
MM, 8, 24, 15
MM, 8, 25, 0
MM, 7, 26, 16
MM, 6, 27, 0
MM, 5, 28, 15
MM, 5, 29, 0
MM, 4, 29, 16
MM, 3, 30, 0
MM, 2, 30, 16
MM, 43, 1, 36
MM, 41, 3, 0
MM, 39, 5, 16
MM, 38, 5, 325
MM, 36, 5, 31
MM, 35, 5, 20
MM, 34, 6, 8
MM, 33, 6, 8
MM, 31, 7, 8
MM, 30, 8, 8
MM, 28, 8, 8
MM, 28, 10, 0
MC, 1, 219
MM, 26, 10, 62
MM, 25, 11, 31
MM, 23, 12, 0
MM, 22, 13, 16
MM, 17, 18, 0
MM, 13, 22, 16
MM, 6, 28, 0
MM, 157, 2, 15
MM, 148, 9, 17
MM, 142, 15, 0
MM, 135, 23, 15
MM, 130, 27, 0
MM, 127, 29, 16
MM, 126, 31, 111
MM, 124, 31, 31
MM, 121, 30, 0
MM, 120, 30, 19
MM, 118, 29, 16
MM, 117, 29, 2
MM, 116, 29, 0
MM, 115, 29, 16
MM, 112, 29, 0
MM, 112, 28, 16
MM, 111, 27, 15
MM, 110, 27, 16
MM, 110, 26, 66
MM, 109, 25, 0
MM, 109, 23, 34
MM, 109, 22, 16
MM, 108, 20, 15
MM, 107, 19, 20
MM, 107, 17, 80
MC, 1, 388
MM, 107, 16, 81
MM, 107, 15, 0
MM, 109, 8, 16
MM, 109, 7, 19
MM, 112, 5, 8
MM, 113, 3, 0
MM, 115, 1, 11
MM, 13, 31, 32
MM, 14, 28, 21
MM, 16, 26, 0
MM, 18, 24, 12
MM, 19, 22, 0
MM, 20, 19, 16
MM, 21, 17, 0
MM, 21, 16, 16
MM, 21, 14, 0
MM, 22, 14, 15
MM, 22, 13, 16
MM, 22, 12, 0
MM, 22, 11, 16
MM, 23, 10, 15
MM, 24, 9, 0
MM, 25, 6, 16
MM, 27, 5, 0
MM, 28, 3, 15
MM, 30, 2, 0
MM, 30, 0, 23
MM, 46, 30, 68
MM, 0, 19, 47
MM, 2, 16, 0
MM, 3, 16, 15
MM, 5, 15, 0
MM, 5, 14, 16
MC, 1, 386
MM, 3, 14, 31
MM, 43, 14, 32
MM, 32, 14, 15
MM, 20, 14, 0
MM, 10, 14, 16
MM, 35, 14, 15
MM, 21, 14, 0
MM, 12, 14, 16
MM, 4, 14, 0
MM, 42, 14, 31
MM, 41, 14, 63
MM, 38, 14, 16
MM, 37, 14, 0
MM, 35, 14, 16
MM, 30, 14, 0
MM, 26, 14, 15
MM, 22, 13, 0
MM, 18, 13, 16
MM, 14, 11, 0
MM, 11, 10, 15
MM, 8, 10, 0
MM, 5, 10, 19
MM, 3, 10, 0
MM, 43, 10, 30
MM, 41, 10, 16
MM, 38, 10, 0
MM, 36, 11, 18
MM, 33, 12, 9
MM, 31, 12, 7
MM, 27, 12, 1
MM, 22, 13, 15
MM, 19, 14, 0
MM, 16, 14, 16
MM, 13, 14, 0
MM, 12, 14, 16
MM, 11, 14, 0
MM, 10, 14, 15
MM, 9, 14, 16
MM, 8, 14, 152
MM, 7, 14, 16
MM, 3, 14, 8
MM, 1, 14, 8
MM, 43, 13, 24
MM, 40, 13, 24
MM, 39, 13, 24
MM, 38, 13, 8
MM, 37, 13, 8
MM, 36, 13, 16
MM, 35, 13, 8
MM, 34, 13, 8
MM, 33, 13, 121
MM, 31, 10, 172
MM, 34, 9, 16
MM, 37, 6, 0
MM, 40, 3, 20
MM, 42, 1, 0
MC, 1, 366
MM, 19, 0, 159
MM, 19, 1, 16
MM, 17, 1, 0
MM, 15, 2, 15
MM, 13, 3, 0
MM, 12, 3, 16
MM, 12, 4, 0
MC, 1, 210
MM, 13, 4, 181
MM, 18, 4, 0
MM, 23, 4, 15
MM, 31, 3, 0
MM, 2, 2, 236
MM, 7, 1, 16
MM, 11, 1, 0
MM, 17, 1, 15
MM, 24, 1, 0
MM, 28, 1, 19
MM, 32, 1, 8
MM, 35, 2, 8
MM, 38, 2, 7
MM, 40, 3, 0
MM, 42, 4, 16
MM, 2, 5, 31
MM, 5, 5, 16
MM, 10, 6, 0
MM, 16, 6, 15
MM, 23, 7, 0
MM, 28, 8, 16
MM, 32, 9, 0
MM, 36, 9, 16
MM, 39, 9, 0
MM, 42, 9, 15
MM, 0, 9, 32
MM, 2, 9, 0
MM, 5, 9, 15
MM, 6, 9, 0
MM, 7, 9, 21
MC, 1, 452
MC, 1, 436
MM, 8, 10, 179
MM, 6, 11, 15
MM, 3, 13, 0
MM, 43, 19, 22
MM, 36, 22, 13
MM, 28, 25, 0
MM, 23, 29, 15
MM, 17, 31, 0
MM, 3, 0, 32
MM, 1, 1, 0
MM, 42, 5, 31
MM, 39, 7, 16
MM, 36, 9, 0
MM, 33, 11, 15
MM, 30, 12, 0
MM, 28, 14, 22
MM, 25, 15, 8
MM, 24, 16, 7
MM, 23, 16, 0
MM, 22, 16, 16
MM, 22, 18, 0
MM, 17, 20, 16
MM, 16, 22, 0
MM, 15, 22, 15
MM, 15, 23, 0
MM, 10, 25, 16
MM, 9, 26, 0
MM, 8, 27, 18
MM, 7, 28, 8
MM, 6, 29, 8
MM, 0, 0, 22
MM, 0, 2, 0
MM, 42, 11, 32
MM, 40, 13, 17
MM, 37, 16, 8
MM, 35, 20, 8
MM, 33, 21, 7
MM, 32, 23, 0
MM, 30, 27, 16
MM, 29, 28, 0
MM, 28, 30, 16
MM, 27, 30, 0
MM, 135, 2, 47
MM, 134, 3, 15
MM, 133, 3, 0
MM, 133, 4, 16
MM, 132, 6, 0
MM, 131, 7, 20
MM, 131, 8, 0
MM, 130, 8, 29
MM, 130, 9, 99
MM, 130, 10, 0
MM, 129, 12, 16
MM, 128, 13, 0
MM, 128, 14, 16
MM, 128, 15, 0
MM, 128, 17, 15
MM, 128, 18, 0
MM, 127, 18, 17
MC, 1, 372
MM, 126, 18, 140
MM, 126, 17, 18
MM, 126, 15, 0
MM, 126, 13, 16
MM, 127, 11, 16
MM, 127, 10, 0
MM, 127, 9, 15
MM, 127, 7, 0
MM, 127, 6, 16
MM, 127, 5, 15
MM, 129, 3, 8
MM, 129, 2, 0
MM, 16, 31, 31
MM, 16, 28, 16
MM, 16, 25, 0
MM, 17, 22, 15
MM, 17, 20, 0
MM, 17, 18, 18
MM, 18, 14, 8
MM, 18, 10, 8
MM, 20, 4, 4
MM, 34, 30, 16
MM, 35, 23, 0
MM, 37, 19, 15
MM, 39, 14, 0
MM, 41, 11, 17
MM, 44, 7, 0
MM, 46, 6, 16
MM, 1, 30, 227
MM, 2, 30, 0
MM, 3, 29, 15
MM, 4, 29, 0
MM, 4, 28, 16
MM, 5, 27, 0
MM, 7, 26, 15
MM, 7, 24, 16
MM, 8, 24, 123
MM, 8, 25, 0
MM, 5, 25, 15
MM, 5, 27, 0
MM, 4, 27, 16
MM, 1, 30, 0
MM, 14, 0, 497
MM, 14, 1, 5
MM, 12, 2, 0
MM, 11, 2, 16
MM, 11, 4, 0
MM, 11, 5, 16
MM, 11, 6, 31
MM, 10, 7, 15
MM, 11, 9, 189
MM, 13, 9, 16
MM, 14, 11, 8
MM, 15, 11, 8
MM, 16, 11, 7
MM, 16, 12, 0
MM, 18, 12, 16
MC, 1, 235
MM, 20, 12, 78
MM, 24, 12, 16
MM, 28, 12, 0
MM, 32, 12, 15
MM, 43, 12, 0
MM, 5, 12, 16
MM, 20, 12, 16
MM, 36, 12, 0
MM, 0, 12, 15
MM, 14, 12, 0
MM, 28, 12, 18
MM, 38, 12, 8
MM, 2, 11, 16
MM, 6, 10, 7
MM, 9, 10, 0
MM, 12, 8, 16
MM, 15, 8, 0
MM, 18, 7, 15
MM, 20, 5, 0
MM, 23, 3, 16
MM, 26, 2, 0
MM, 27, 1, 15
MM, 29, 0, 0
MM, 34, 30, 176
MM, 35, 29, 16
MM, 0, 21, 103
MM, 1, 20, 16
MM, 2, 19, 15
MM, 3, 18, 32
MC, 1, 423
MM, 1, 18, 80
MM, 33, 18, 33
MM, 27, 18, 0
MM, 21, 19, 15
MM, 16, 19, 0
MM, 9, 20, 16
MM, 37, 22, 17
MM, 25, 23, 0
MM, 12, 24, 15
MM, 42, 24, 0
MM, 23, 24, 16
MM, 1, 24, 0
MM, 10, 0, 822
MM, 9, 1, 254
MM, 9, 2, 16
MM, 9, 4, 0
MM, 13, 6, 16
MM, 16, 9, 0
MM, 20, 11, 16
MM, 24, 13, 0
MM, 29, 15, 16
MM, 31, 16, 0
MM, 33, 16, 15
MM, 33, 17, 125
MC, 1, 195
MM, 33, 18, 71
MM, 33, 19, 15
MM, 35, 21, 16
MM, 40, 26, 0
MM, 0, 10, 31
MM, 5, 18, 16
MM, 10, 23, 0
MM, 17, 30, 19
MM, 42, 6, 13
MM, 46, 9, 0
MM, 50, 14, 16
MM, 54, 18, 0
MM, 59, 21, 15
MM, 61, 22, 0
MM, 64, 24, 16
MM, 65, 24, 0
MM, 66, 24, 15
MC, 1, 265
MM, 67, 24, 15
MM, 69, 22, 16
MM, 69, 21, 15
MM, 72, 17, 0
MM, 73, 15, 16
MM, 75, 13, 0
MM, 77, 10, 16
MM, 80, 6, 0
MM, 84, 4, 16
MM, 34, 27, 24
MM, 39, 22, 4
MM, 3, 6, 16
MM, 28, 25, 16
MM, 36, 15, 0
MM, 42, 7, 21
MM, 2, 29, 9
MM, 4, 27, 15
MM, 4, 26, 16
MM, 5, 25, 0
MM, 6, 23, 16
MM, 7, 22, 0
MM, 9, 20, 16
MM, 10, 19, 0
MM, 11, 18, 15
MM, 11, 16, 0
MM, 11, 15, 16
MM, 12, 14, 0
MM, 13, 14, 16
MM, 14, 13, 32
MM, 14, 11, 0
MM, 14, 10, 16
MM, 16, 8, 0
MM, 19, 5, 15
MM, 23, 3, 0
MM, 25, 0, 16
MM, 40, 3, 185
MM, 39, 5, 16
MM, 39, 6, 0
MM, 38, 7, 15
MM, 38, 8, 0
MM, 37, 9, 16
MM, 36, 10, 0
MM, 35, 11, 94
MM, 35, 12, 0
MM, 36, 13, 15
MM, 37, 13, 0
MM, 40, 14, 16
MM, 42, 14, 0
MM, 0, 14, 31
MM, 3, 14, 0
MM, 4, 14, 16
MM, 5, 14, 0
MM, 7, 14, 16
MM, 8, 14, 0
MM, 9, 13, 15
MM, 12, 13, 0
MM, 14, 12, 31
MM, 15, 11, 0
MM, 17, 11, 16
MC, 1, 252
MM, 19, 11, 71
MM, 26, 11, 15
MM, 33, 11, 0
MM, 42, 11, 16
MM, 0, 12, 0
MM, 10, 12, 16
MM, 20, 12, 0
MM, 31, 12, 15
MM, 8, 12, 16
MM, 13, 12, 0
MM, 17, 12, 16
MM, 20, 12, 15
MM, 23, 12, 0
MM, 25, 12, 16
MM, 26, 12, 0
MM, 27, 11, 15
MM, 27, 10, 55
MM, 28, 10, 0
MM, 29, 9, 16
MM, 30, 9, 15
MM, 31, 9, 0
MM, 32, 9, 16
MM, 34, 9, 15
MM, 35, 9, 16
MM, 2, 8, 77
MM, 5, 8, 7
MM, 7, 8, 8
MM, 9, 8, 8
MM, 11, 8, 16
MM, 12, 8, 33
MC, 1, 220
MM, 10, 9, 47
MM, 8, 10, 0
MM, 5, 11, 15
MM, 2, 13, 0
MM, 35, 22, 32
MM, 31, 25, 0
MM, 30, 29, 15
MM, 27, 31, 0
MM, 14, 1, 31
MM, 11, 4, 0
MM, 8, 8, 23
MM, 6, 10, 7
MM, 2, 13, 9
MM, 41, 22, 16
MM, 35, 27, 0
MM, 7, 0, 16
MM, 31, 13, 16
MM, 20, 19, 15
MM, 9, 23, 0
MM, 40, 27, 31
MM, 39, 27, 16
MM, 38, 27, 189
MM, 38, 28, 15
MM, 34, 29, 0
MM, 31, 31, 16
MM, 175, 0, 46
MM, 171, 0, 0
MM, 166, 0, 15
MM, 164, 1, 0
MM, 162, 1, 16
MM, 161, 2, 16
MM, 160, 2, 15
MM, 160, 3, 16
MM, 158, 4, 0
MM, 156, 4, 18
MM, 155, 6, 8
MM, 154, 6, 4
MC, 1, 265
MM, 153, 6, 48
MM, 152, 6, 0
MM, 151, 6, 15
MM, 150, 5, 0
MM, 149, 4, 27
MM, 146, 2, 8
MM, 13, 28, 32
MM, 6, 24, 8
MM, 39, 17, 16
MM, 32, 13, 8
MM, 28, 12, 8
MM, 20, 7, 8
MM, 15, 4, 8
MM, 10, 3, 4
MM, 5, 0, 0
MM, 0, 31, 48
MM, 42, 27, 16
MM, 39, 27, 16
MM, 37, 26, 0
MM, 35, 26, 15
MM, 34, 26, 0
MM, 33, 26, 16
MM, 32, 26, 0
MM, 31, 26, 15
MM, 27, 26, 16
MM, 25, 26, 0
MM, 24, 26, 16
MM, 23, 26, 15
MM, 20, 26, 0
MM, 18, 26, 16
MM, 17, 26, 0
MM, 15, 26, 16
MM, 14, 26, 0
MM, 12, 26, 31
MM, 11, 26, 15
MM, 7, 26, 0
MM, 4, 26, 18
MM, 0, 26, 8
MM, 43, 26, 5
MM, 40, 26, 15
MM, 37, 26, 0
MM, 35, 26, 16
MM, 33, 26, 0
MM, 31, 26, 16
MM, 30, 26, 0
MM, 28, 26, 93
MC, 1, 213
MM, 28, 25, 26
MM, 29, 24, 8
MM, 31, 23, 3
MM, 34, 21, 0
MM, 38, 17, 16
MM, 42, 14, 0
MM, 10, 12, 15
MM, 23, 9, 16
MM, 42, 8, 0
MM, 20, 5, 15
MM, 14, 29, 16
MM, 40, 26, 16
MM, 16, 23, 0
MM, 31, 21, 16
MM, 40, 18, 0
MM, 43, 18, 16
MM, 0, 18, 16
MM, 3, 17, 15
MM, 6, 17, 16
MM, 11, 17, 0
MM, 21, 16, 15
MM, 27, 15, 0
MM, 35, 15, 17
MM, 6, 15, 6
MM, 10, 15, 18
MM, 13, 15, 0
MM, 14, 15, 14
MM, 15, 15, 31
MM, 17, 15, 32
MM, 18, 15, 15
MM, 20, 15, 0
MM, 21, 15, 16
MC, 1, 339
MM, 22, 15, 31
MM, 21, 16, 16
MM, 19, 16, 16
MM, 14, 21, 0
MM, 11, 23, 15
MM, 7, 26, 0
MM, 2, 31, 16
MM, 35, 1, 15
MM, 34, 1, 16
MM, 34, 3, 16
MM, 33, 3, 36
MM, 32, 5, 8
MM, 31, 6, 8
MM, 31, 7, 4
MM, 30, 7, 0
MM, 29, 9, 15
MM, 25, 12, 0
MM, 24, 13, 16
MM, 22, 15, 0
MM, 22, 16, 16
MM, 20, 17, 21
MM, 19, 18, 47
MM, 19, 19, 0
MM, 18, 19, 31
MM, 18, 20, 0
MM, 16, 20, 18
MM, 16, 21, 4
MM, 15, 21, 0
MM, 15, 22, 16
MM, 13, 23, 0
MM, 12, 24, 20
MM, 11, 25, 0
MM, 9, 26, 15
MM, 6, 30, 0
MM, 4, 31, 16
MM, 36, 0, 31
MM, 34, 1, 16
MM, 33, 1, 129
MM, 32, 2, 16
MM, 31, 2, 7
MM, 30, 3, 16
MM, 27, 4, 17
MM, 27, 5, 0
MM, 24, 6, 16
MM, 23, 7, 47
MC, 1, 204
MM, 22, 7, 16
MM, 21, 7, 0
MM, 19, 7, 15
MM, 17, 6, 0
MM, 15, 5, 32
MM, 14, 4, 15
MM, 12, 3, 16
MM, 10, 2, 16
MM, 7, 1, 1
MM, 4, 0, 15
MM, 33, 29, 32
MM, 24, 26, 0
MM, 14, 21, 15
MM, 3, 19, 0
MM, 41, 12, 16
MM, 33, 10, 15
MM, 25, 7, 0
MM, 17, 6, 19
MM, 13, 5, 6
MM, 9, 3, 9
MM, 4, 1, 8
MC, 1, 600
MC, 1, 463
MM, 2, 13, 89
MM, 8, 12, 16
MM, 14, 12, 16
MM, 22, 11, 0
MM, 29, 10, 15
MM, 37, 9, 0
MM, 41, 8, 16
MM, 0, 8, 16
MM, 2, 8, 16
MM, 5, 8, 9
MM, 8, 7, 1
MM, 12, 7, 0
MM, 16, 7, 15
MM, 19, 6, 16
MM, 24, 5, 0
MM, 28, 5, 16
MM, 30, 5, 1
MM, 33, 4, 15
MM, 36, 4, 0
MM, 38, 4, 16
MM, 39, 4, 0
MM, 42, 4, 15
MM, 43, 4, 16
MM, 2, 4, 81
MM, 6, 4, 8
MM, 9, 4, 8
MM, 13, 4, 8
MM, 16, 4, 8
MM, 18, 4, 8
MM, 20, 4, 8
MC, 1, 343
MM, 20, 5, 110
MM, 19, 6, 0
MM, 17, 10, 15
MM, 16, 13, 0
MM, 14, 14, 16
MM, 14, 15, 0
MM, 13, 17, 15
MM, 12, 21, 0
MM, 11, 23, 16
MM, 10, 26, 0
MM, 10, 29, 21
MM, 9, 3, 32
MM, 8, 6, 0
MM, 8, 7, 16
MM, 8, 8, 0
MM, 7, 12, 15
MM, 7, 14, 0
MM, 6, 14, 16
MM, 6, 15, 0
MM, 5, 15, 15
MM, 4, 16, 16
MM, 4, 17, 31
MM, 3, 18, 16
MM, 2, 18, 0
MM, 2, 19, 16
MM, 1, 20, 15
MM, 1, 21, 0
MM, 0, 23, 16
MM, 32, 0, 148
MM, 32, 1, 8
MM, 31, 2, 8
MM, 30, 3, 8
MM, 29, 4, 5
MM, 29, 5, 0
MM, 29, 6, 15
MM, 28, 8, 16
MM, 27, 9, 0
MM, 27, 10, 20
MM, 27, 11, 2
MM, 26, 11, 0
MM, 26, 12, 15
MC, 1, 236
MM, 25, 14, 0
MM, 24, 14, 56
MM, 22, 14, 0
MM, 21, 13, 16
MM, 19, 13, 15
MM, 18, 12, 0
MM, 16, 10, 16
MM, 13, 10, 0
MM, 8, 9, 16
MM, 3, 7, 0
MM, 15, 31, 48
MM, 5, 29, 0
MM, 44, 26, 31
MM, 39, 24, 0
MM, 34, 21, 15
MM, 29, 21, 0
MM, 24, 19, 16
MM, 20, 18, 0
MM, 15, 16, 16
MM, 11, 12, 0
MM, 6, 9, 15
MM, 0, 4, 0
MC, 1, 670
MM, 36, 1, 87
MM, 31, 4, 0
MM, 28, 6, 16
MM, 26, 7, 0
MM, 24, 7, 15
MM, 23, 8, 0
MM, 23, 9, 78
MM, 21, 9, 16
MM, 20, 10, 0
MM, 19, 10, 15
MM, 18, 11, 0
MM, 18, 12, 16
MC, 1, 220
MM, 17, 12, 56
MM, 17, 13, 0
MM, 18, 14, 16
MM, 20, 16, 0
MM, 25, 18, 16
MM, 31, 23, 0
MM, 37, 28, 16
MM, 5, 12, 16
MM, 19, 22, 16
MM, 30, 30, 0
MM, 65, 3, 15
MM, 70, 6, 16
MM, 74, 7, 0
MM, 75, 8, 15
MM, 76, 9, 443
MM, 76, 11, 16
MC, 1, 179
MM, 76, 13, 47
MM, 77, 13, 0
MM, 78, 12, 15
MM, 80, 9, 0
MM, 81, 8, 16
MM, 85, 5, 16
MM, 89, 2, 0
MM, 41, 28, 31
MM, 0, 22, 0
MM, 10, 16, 16
MM, 22, 10, 0
MM, 35, 2, 15
MM, 12, 21, 16
MM, 26, 11, 0
MM, 36, 4, 15
MM, 1, 30, 17
MM, 7, 29, 0
MM, 12, 26, 16
MM, 16, 23, 0
MM, 21, 20, 15
MM, 27, 17, 0
MM, 34, 14, 16
MM, 40, 12, 0
MM, 0, 8, 16
MM, 5, 7, 15
MM, 8, 6, 0
MM, 12, 2, 16
MM, 13, 2, 0
MM, 14, 1, 16
MM, 15, 1, 0
MM, 15, 0, 15
MM, 20, 2, 271
MM, 20, 3, 22
MM, 20, 4, 8
MM, 20, 7, 8
MM, 20, 8, 3
MM, 21, 9, 15
MM, 22, 11, 0
MM, 23, 12, 16
MM, 22, 12, 165
MM, 21, 13, 16
MM, 20, 14, 16
MC, 1, 219
MM, 19, 14, 45
MM, 18, 14, 8
MM, 13, 17, 17
MM, 11, 19, 0
MM, 5, 21, 15
MM, 0, 24, 0
MM, 24, 0, 31
MM, 17, 4, 16
MM, 11, 9, 0
MM, 4, 14, 16
MM, 0, 18, 0
MM, 43, 23, 22
MM, 40, 25, 0
MM, 39, 26, 16
MM, 38, 27, 31
MM, 38, 28, 140
MM, 36, 30, 23
MM, 36, 31, 0
MM, 35, 0, 31
MM, 33, 5, 16
MM, 32, 7, 0
MM, 31, 8, 16
MM, 30, 11, 0
MM, 29, 12, 15
MC, 1, 344
MM, 28, 13, 37
MM, 27, 13, 25
MM, 26, 13, 7
MM, 25, 13, 16
MM, 24, 13, 0
MM, 20, 13, 15
MM, 16, 12, 0
MM, 11, 12, 16
MM, 6, 11, 16
MM, 0, 11, 0
MM, 43, 10, 15
MM, 35, 8, 0
MM, 30, 7, 16
MM, 20, 7, 0
MM, 13, 6, 16
MM, 5, 5, 0
MM, 41, 3, 24
MM, 36, 2, 8
MM, 31, 0, 8
MM, 27, 0, 8
MM, 22, 0, 8
MM, 16, 0, 8
MM, 12, 0, 0
MM, 7, 0, 16
MM, 2, 0, 0
MM, 40, 0, 31
MM, 23, 31, 94
MM, 19, 29, 0
MM, 16, 28, 19
MM, 15, 28, 8
MM, 12, 27, 8
MM, 10, 26, 3
MM, 8, 26, 0
MM, 5, 26, 16
MM, 3, 26, 0
MM, 0, 26, 16
MM, 41, 26, 23
MM, 40, 26, 16
MM, 39, 26, 0
MM, 38, 26, 16
MM, 36, 26, 15
MM, 33, 26, 16
MM, 30, 26, 16
MM, 27, 26, 0
MM, 26, 26, 15
MM, 25, 26, 16
MC, 1, 322
MM, 24, 26, 39
MM, 25, 26, 2
MM, 26, 25, 21
MM, 27, 24, 8
MM, 28, 22, 3
MM, 31, 20, 0
MM, 35, 18, 16
MM, 38, 16, 0
MM, 3, 14, 15
MM, 10, 13, 16
MM, 18, 12, 0
MM, 25, 12, 16
MM, 32, 11, 0
MM, 37, 10, 15
MM, 42, 9, 0
MM, 0, 8, 27
MM, 4, 7, 0
MM, 10, 7, 16
MM, 15, 6, 0
MM, 21, 6, 15
MM, 27, 5, 0
MM, 32, 4, 16
MM, 36, 4, 0
MM, 41, 3, 16
MC, 1, 570
MC, 1, 660
MM, 4, 0, 271
MM, 3, 0, 16
MM, 2, 0, 8
MM, 1, 1, 8
MM, 43, 2, 40
MM, 42, 2, 8
MM, 41, 3, 8
MM, 37, 4, 8
MM, 36, 5, 16
MM, 35, 6, 0
MM, 34, 7, 16
MM, 33, 7, 15
MC, 1, 328
MM, 34, 7, 79
MM, 35, 7, 16
MM, 36, 7, 15
MM, 37, 7, 16
MM, 38, 7, 54
MM, 39, 7, 0
MM, 40, 7, 16
MM, 42, 7, 0
MM, 3, 7, 31
MM, 7, 7, 0
MM, 10, 7, 16
MM, 14, 7, 0
MM, 18, 7, 15
MM, 24, 7, 0
MM, 31, 7, 16
MM, 36, 7, 15
MM, 1, 7, 16
MM, 9, 7, 0
MM, 14, 7, 16
MM, 20, 7, 0
MM, 23, 7, 15
MM, 25, 8, 0
MM, 26, 8, 16
MM, 29, 8, 0
MM, 31, 8, 16
MM, 32, 8, 0
MM, 33, 8, 17
MM, 35, 8, 8
MM, 36, 8, 9
MM, 37, 8, 7
MM, 39, 8, 6
MM, 41, 8, 0
MM, 43, 8, 16
MM, 41, 8, 273
MM, 40, 9, 16
MM, 38, 9, 0
MM, 36, 9, 16
MM, 35, 11, 0
MM, 31, 13, 15
MM, 28, 13, 0
MM, 25, 15, 16
MC, 1, 267
MM, 24, 16, 78
MM, 23, 16, 0
MM, 23, 18, 15
MM, 23, 20, 0
MM, 25, 25, 16
MM, 27, 28, 0
MM, 29, 31, 16
MM, 27, 6, 15
MM, 30, 11, 0
MM, 31, 15, 16
MM, 32, 18, 0
MM, 35, 21, 15
MM, 35, 25, 0
MM, 37, 28, 20
MM, 56, 0, 20
MM, 57, 2, 0
MM, 58, 3, 15
MM, 58, 4, 141
MM, 59, 6, 0
MM, 59, 7, 16
MM, 60, 8, 16
MM, 60, 9, 24
MM, 60, 11, 8
MM, 61, 12, 63
MM, 61, 13, 31
MM, 61, 14, 0
MM, 62, 17, 16
MM, 63, 20, 0
MM, 63, 21, 15
MM, 64, 22, 117
MC, 1, 148
MM, 65, 22, 63
MM, 66, 21, 15
MM, 67, 21, 0
MM, 67, 20, 16
MM, 68, 19, 0
MM, 69, 19, 16
MM, 70, 19, 0
MM, 70, 18, 15
MM, 72, 18, 0
MM, 74, 17, 16
MM, 74, 16, 0
MM, 76, 16, 16
MM, 78, 15, 0
MM, 82, 13, 15
MM, 85, 11, 0
MM, 89, 9, 16
MM, 93, 7, 0
MM, 99, 5, 15
MM, 103, 4, 0
MM, 108, 2, 16
MM, 115, 1, 16
MM, 27, 31, 47
MM, 30, 30, 0
MM, 33, 29, 16
MM, 36, 28, 0
MM, 39, 27, 16
MM, 42, 25, 0
MM, 1, 23, 16
MM, 3, 22, 16
MM, 6, 20, 0
MM, 9, 20, 15
MM, 12, 18, 0
MM, 15, 17, 16
MM, 17, 16, 0
MM, 20, 16, 16
MM, 25, 15, 0
MM, 28, 14, 15
MM, 32, 12, 0
MM, 35, 11, 16
MM, 39, 11, 0
MM, 43, 10, 16
MM, 1, 3, 154
MM, 2, 2, 0
MM, 4, 2, 16
MM, 6, 1, 0
MM, 9, 0, 15
MM, 33, 31, 48
MM, 37, 31, 16
MM, 38, 30, 0
MM, 38, 29, 16
MM, 38, 28, 0
MM, 39, 28, 15
MM, 40, 26, 16
MM, 41, 26, 0
MM, 42, 25, 19
MM, 43, 24, 255
MM, 43, 23, 0
MM, 0, 29, 283
MM, 0, 28, 0
MM, 1, 27, 15
MM, 3, 26, 16
MM, 4, 26, 15
MM, 4, 25, 0
MM, 6, 24, 16
MM, 8, 24, 16
MM, 8, 23, 0
MM, 11, 23, 15
MM, 13, 23, 8
MM, 15, 23, 0
MM, 18, 23, 16
MM, 21, 23, 0
MM, 23, 23, 16
MM, 26, 23, 0
MM, 28, 23, 15
MM, 32, 23, 0
MM, 34, 22, 16
MM, 0, 19, 47
MM, 1, 18, 0
MM, 1, 17, 15
MM, 3, 16, 47
MC, 1, 353
MM, 2, 16, 47
MM, 1, 16, 0
MM, 0, 16, 16
MM, 33, 20, 49
MM, 28, 21, 15
MM, 25, 23, 0
MM, 20, 24, 17
MM, 16, 26, 0
MM, 10, 28, 16
MM, 4, 29, 0
MM, 43, 29, 15
MM, 41, 30, 16
MM, 40, 30, 15
MM, 39, 30, 16
MM, 38, 30, 16
MM, 35, 30, 15
MM, 34, 30, 0
MM, 33, 30, 16
MM, 27, 31, 0
MM, 31, 0, 67
MM, 24, 1, 15
MM, 19, 2, 0
MM, 13, 3, 16
MM, 7, 3, 0
MM, 4, 4, 16
MM, 0, 4, 0
MM, 44, 6, 196
MM, 43, 6, 0
MM, 42, 6, 16
MM, 41, 7, 0
MM, 40, 7, 15
MM, 39, 7, 0
MM, 38, 7, 16
MM, 38, 8, 0
MM, 37, 8, 16
MM, 36, 8, 0
MM, 35, 8, 15
MM, 35, 9, 0
MM, 34, 9, 16
MM, 34, 10, 17
MM, 33, 10, 0
MM, 32, 10, 15
MM, 32, 11, 0
MM, 29, 12, 16
MM, 28, 12, 0
MM, 26, 13, 15
MM, 25, 13, 0
MM, 24, 13, 16
MM, 23, 13, 0
MM, 17, 14, 16
MM, 15, 14, 0
MM, 12, 14, 15
MM, 10, 14, 0
MM, 8, 14, 20
MM, 5, 14, 1
MM, 3, 14, 16
MM, 2, 14, 0
MM, 1, 14, 15
MM, 0, 14, 0
MM, 40, 14, 63
MM, 39, 14, 18
MM, 37, 14, 5
MM, 34, 14, 15
MM, 33, 14, 79
MC, 1, 179
MM, 32, 14, 80
MM, 31, 14, 0
MM, 31, 17, 15
MM, 31, 20, 0
MM, 32, 24, 16
MM, 34, 29, 0
MM, 30, 7, 27
MM, 31, 14, 8
MM, 32, 19, 7
MM, 34, 26, 0
MM, 100, 2, 16
MM, 100, 8, 16
MM, 100, 14, 0
MM, 100, 17, 15
MM, 100, 20, 0
MM, 100, 22, 16
MM, 100, 23, 0
MM, 100, 25, 16
MM, 99, 25, 15
MM, 99, 26, 16
MC, 1, 295
MM, 98, 28, 47
MM, 97, 28, 0
MM, 96, 27, 16
MM, 95, 27, 0
MM, 93, 27, 16
MM, 90, 25, 0
MM, 86, 22, 15
MM, 82, 19, 0
MM, 79, 17, 16
MM, 77, 14, 0
MM, 72, 12, 22
MM, 67, 10, 7
MM, 63, 8, 1
MM, 58, 5, 0
MM, 54, 3, 16
MM, 50, 2, 16
MM, 48, 0, 0
MM, 25, 28, 40
MM, 24, 25, 16
MM, 20, 20, 0
MM, 17, 13, 15
MM, 13, 7, 0
MM, 10, 2, 16
MM, 15, 31, 47
MM, 15, 30, 0
MM, 15, 29, 15
MM, 15, 27, 0
MM, 15, 25, 17
MM, 15, 21, 0
MM, 16, 20, 16
MM, 16, 18, 0
MM, 16, 17, 15
MM, 17, 17, 0
MM, 17, 16, 85
MC, 1, 186
MM, 19, 16, 78
MM, 24, 15, 0
MM, 29, 15, 16
MM, 37, 14, 0
MM, 8, 10, 15
MM, 17, 9, 16
MM, 28, 8, 0
MM, 40, 6, 16
MM, 1, 3, 0
MM, 13, 0, 15
MM, 7, 24, 32
MM, 20, 21, 15
MM, 38, 16, 1
MM, 6, 13, 0
MM, 18, 12, 16
MM, 27, 11, 15
MM, 30, 10, 0
MM, 32, 10, 16
MM, 33, 10, 0
MM, 34, 10, 16
MM, 35, 10, 15
MM, 36, 10, 16
MM, 39, 10, 0
MM, 42, 10, 16
MM, 2, 10, 15
MM, 6, 10, 0
MM, 9, 10, 16
MM, 12, 10, 0
MM, 13, 10, 16
MM, 14, 10, 0
MM, 15, 9, 31
MM, 16, 9, 0
MM, 17, 9, 19
MM, 18, 9, 4
MM, 19, 9, 0
MM, 21, 7, 16
MM, 22, 6, 0
MM, 23, 6, 16
MM, 24, 6, 0
MM, 25, 6, 15
MM, 26, 6, 0
MM, 27, 6, 16
MM, 29, 6, 16
MM, 31, 6, 0
MM, 34, 6, 15
MM, 35, 7, 0
MM, 1, 8, 38
MM, 3, 9, 2
MM, 4, 10, 0
MM, 5, 10, 16
MM, 7, 10, 0
MM, 9, 10, 31
MM, 10, 10, 92
MM, 12, 11, 0
MM, 7, 11, 251
MM, 5, 11, 8
MM, 3, 11, 8
MM, 2, 11, 0
MM, 33, 12, 32
MM, 27, 12, 15
MM, 22, 13, 0
MM, 11, 15, 16
MM, 31, 15, 17
MM, 11, 15, 0
MM, 42, 15, 15
MM, 23, 15, 0
MM, 8, 15, 16
MC, 1, 734
MM, 25, 1, 131
MM, 29, 3, 15
MM, 34, 6, 0
MM, 37, 8, 16
MM, 41, 9, 0
MM, 0, 14, 16
MM, 6, 16, 15
MM, 11, 18, 0
MM, 16, 19, 16
MM, 20, 20, 0
MM, 26, 22, 15
MM, 33, 23, 0
MM, 39, 25, 17
MM, 4, 29, 16
MM, 8, 30, 15
MM, 22, 0, 63
MM, 23, 2, 15
MM, 25, 3, 0
MM, 27, 5, 16
MM, 28, 5, 0
MM, 30, 6, 94
MM, 32, 7, 31
MM, 32, 9, 16
MM, 34, 9, 0
MM, 35, 10, 15
MM, 36, 11, 0
MM, 40, 13, 16
MM, 43, 15, 0
MM, 4, 20, 31
MM, 8, 21, 0
MM, 10, 21, 16
MM, 13, 21, 0
MM, 15, 21, 15
MM, 16, 21, 0
MM, 17, 20, 19
MM, 18, 20, 8
MM, 19, 19, 8
MM, 20, 18, 16
MM, 20, 17, 8
MM, 22, 17, 8
MM, 22, 16, 8
MM, 23, 16, 16
MM, 23, 15, 16
MM, 23, 14, 8
MM, 23, 13, 8
MM, 23, 12, 8
MM, 23, 11, 8
MM, 23, 10, 8
MM, 22, 10, 8
MM, 21, 9, 8
MM, 21, 8, 8
MM, 21, 7, 40
MC, 1, 143
MM, 23, 7, 118
MM, 26, 7, 0
MM, 30, 8, 15
MM, 36, 9, 0
MM, 5, 11, 32
MM, 14, 12, 15
MM, 21, 14, 0
MM, 26, 14, 16
MM, 30, 14, 0
MM, 37, 14, 16
MM, 40, 14, 0
MM, 5, 13, 34
MM, 9, 13, 0
MM, 14, 13, 15
MM, 21, 13, 0
MM, 25, 13, 20
MM, 29, 13, 0
MM, 36, 13, 13
MM, 39, 13, 0
MM, 0, 13, 35
MM, 3, 13, 0
MM, 7, 13, 16
MM, 10, 13, 0
MM, 12, 12, 15
MM, 15, 12, 0
MM, 17, 12, 16
MM, 17, 10, 0
MM, 18, 10, 47
MM, 19, 10, 15
MM, 21, 10, 27
MM, 23, 10, 17
MM, 24, 11, 15
MC, 1, 293
MM, 26, 11, 196
MM, 28, 9, 0
MM, 31, 8, 16
MM, 36, 8, 0
MM, 41, 7, 15
MM, 41, 2, 2280
MM, 40, 2, 31
MM, 39, 3, 15
MM, 37, 4, 16
MM, 36, 5, 16
MM, 35, 5, 0
MM, 34, 6, 15
MM, 33, 6, 0
MM, 31, 6, 16
MM, 30, 7, 16
MM, 26, 10, 0
MM, 24, 10, 15
MM, 19, 11, 0
MM, 17, 11, 16
MM, 14, 13, 0
MM, 11, 14, 15
MM, 6, 14, 0
MM, 2, 14, 16
MM, 42, 16, 16
MM, 39, 16, 15
MM, 37, 17, 0
MM, 36, 17, 16
MM, 34, 17, 0
MM, 33, 17, 16
MM, 29, 17, 15
MM, 29, 18, 16
MM, 27, 18, 15
MM, 24, 18, 16
MM, 23, 19, 0
MM, 22, 19, 17
MM, 21, 19, 7
MM, 20, 19, 16
MM, 19, 19, 8
MM, 17, 19, 0
MM, 12, 19, 16
MM, 8, 19, 0
MM, 4, 19, 15
MM, 39, 20, 16
MM, 34, 20, 16
MM, 27, 20, 0
MM, 19, 20, 15
MM, 12, 20, 0
MM, 4, 20, 17
MM, 38, 21, 31
MM, 33, 21, 0
MM, 29, 22, 16
MM, 23, 22, 0
MM, 19, 23, 15
MM, 15, 23, 0
MM, 9, 24, 19
MM, 4, 25, 3
MM, 38, 27, 16
MM, 33, 27, 16
MM, 29, 27, 0
MM, 25, 28, 15
MM, 21, 29, 0
MM, 18, 30, 16
MM, 16, 31, 0
MM, 12, 31, 16
MM, 9, 31, 0
MM, 6, 31, 15
MM, 76, 0, 111
MM, 73, 0, 6
MM, 69, 1, 0
MM, 65, 3, 16
MM, 62, 3, 0
MM, 59, 3, 15
MM, 56, 4, 0
MM, 53, 4, 16
MM, 50, 4, 0
MM, 48, 4, 16
MM, 44, 4, 0
MM, 41, 4, 15
MM, 38, 4, 0
MM, 35, 4, 16
MM, 33, 4, 0
MM, 31, 4, 16
MM, 28, 4, 0
MM, 26, 4, 15
MM, 24, 4, 0
MM, 20, 4, 16
MM, 17, 5, 0
MM, 14, 7, 15
MM, 11, 8, 0
MM, 7, 8, 18
MM, 4, 9, 0
MM, 14, 30, 349
MM, 27, 32, 0
MM, 38, 32, 16
MM, 45, 32, 0
MM, 49, 32, 15
MM, 50, 32, 0
MM, 54, 32, 16
MM, 57, 32, 9
MM, 58, 34, 7
MM, 59, 34, 165
MM, 62, 32, 0
MM, 71, 28, 20
MM, 80, 21, 7
MM, 87, 18, 4
MM, 89, 15, 0
MM, 89, 13, 15
MM, 88, 11, 16
MM, 88, 10, 0
MM, 88, 9, 15
MM, 88, 7, 16
MM, 91, 4, 0
MM, 100, 1, 16
MM, 6, 28, 15
MM, 20, 22, 0
MM, 30, 17, 16
MM, 38, 11, 16
MM, 5, 31, 31
MM, 6, 28, 0
MM, 8, 25, 15
MM, 9, 24, 16
MM, 0, 1, 8273
MM, 43, 9, 27
MM, 41, 11, 0
MM, 40, 12, 16
MM, 39, 14, 0
MM, 36, 17, 15
MM, 33, 19, 0
MM, 32, 22, 16
MM, 29, 24, 0
MM, 27, 27, 16
MM, 25, 30, 0
MM, 9, 3, 15
MM, 5, 7, 16
MM, 1, 12, 15
MM, 40, 20, 16
MM, 37, 24, 0
MM, 32, 26, 16
MM, 28, 29, 0
MM, 26, 31, 15
MM, 280, 0, 5745
MM, 276, 1, 15
MM, 272, 1, 0
MM, 266, 2, 16
MM, 263, 4, 0
MM, 259, 5, 15
MM, 254, 6, 0
MM, 250, 7, 18
MM, 247, 8, 6
MM, 245, 8, 0
MM, 242, 9, 16
MM, 238, 9, 0
MM, 236, 10, 15
MM, 234, 10, 0
MM, 233, 10, 16
MM, 232, 10, 15
MM, 231, 10, 16
MM, 230, 11, 16
MM, 229, 11, 0
MM, 227, 11, 15
MM, 226, 11, 0
MM, 225, 11, 16
MM, 222, 11, 16
MM, 219, 12, 0
MM, 217, 12, 15
MM, 216, 12, 0
MM, 215, 12, 16
MM, 209, 12, 0
MM, 207, 12, 15
MM, 205, 13, 16
MM, 202, 13, 7
MM, 200, 13, 8
MM, 198, 14, 8
MM, 195, 15, 8
MM, 193, 15, 8
MM, 192, 15, 8
MM, 188, 15, 16
MM, 187, 15, 16
MM, 186, 15, 8
MM, 10, 28, 348692
MM, 10, 27, 276
MM, 10, 26, 8
MM, 10, 24, 8
MM, 10, 18, 8
MM, 10, 11, 7
MM, 10, 5, 9
MM, 10, 1, 8
MM, 12, 29, 24
MM, 12, 26, 8
MM, 13, 25, 8
MM, 13, 22, 8
MM, 13, 20, 8
MM, 13, 18, 8
MM, 15, 15, 8
MM, 16, 13, 8
MM, 16, 10, 8
MM, 17, 8, 8
MM, 17, 5, 8
MM, 18, 1, 8
MM, 33, 1, 1032
MM, 27, 5, 8
MM, 22, 8, 8
MM, 19, 12, 8
MM, 14, 15, 8
MM, 11, 18, 8
MM, 7, 21, 8
MM, 3, 23, 8
MM, 1, 25, 8
MM, 43, 31, 24
MM, 28, 0, 121
MM, 27, 1, 7
MM, 25, 2, 8
MM, 25, 3, 8
MM, 21, 7, 8
MM, 20, 8, 8
MM, 19, 10, 7
MM, 16, 11, 9
MM, 15, 11, 8
MM, 15, 12, 8
MM, 14, 12, 8
MM, 13, 13, 8
MM, 12, 14, 8
MM, 11, 14, 8
MM, 9, 16, 8
MM, 8, 16, 8
MM, 8, 17, 152
MM, 9, 17, 8
MM, 12, 17, 8
MM, 17, 17, 8
MM, 22, 17, 8
MM, 28, 17, 8
MM, 36, 17, 8
MM, 42, 17, 8
MM, 3, 17, 9
MM, 12, 17, 7
MM, 20, 17, 8
MM, 28, 17, 8
MM, 36, 17, 8
MM, 40, 17, 8
MM, 43, 17, 8
MM, 0, 17, 16
MM, 3, 18, 8
MM, 9, 18, 8
MM, 17, 19, 8
MM, 24, 21, 9
MM, 33, 21, 7
MM, 43, 23, 8
MM, 2, 24, 8
MM, 15, 26, 9
MM, 25, 28, 7
MM, 35, 31, 9
MM, 126, 0, 38
MM, 129, 2, 10
MM, 133, 3, 7
MM, 135, 4, 9
MM, 137, 5, 7
MM, 139, 6, 9
MM, 141, 7, 7
MM, 142, 7, 9
MM, 144, 9, 7
MM, 146, 10, 9
MM, 147, 10, 7
MM, 149, 12, 8
MM, 153, 14, 8
MM, 156, 15, 9
MM, 159, 18, 7
MM, 165, 18, 9
MM, 172, 19, 7
MM, 177, 20, 8
MM, 183, 21, 8
MM, 187, 21, 8
MM, 193, 21, 8
MM, 0, 20, 57
MM, 4, 20, 7
MM, 7, 20, 8
MM, 10, 20, 8
MM, 11, 20, 8
MM, 13, 20, 8
MM, 14, 20, 8
MM, 15, 20, 8
MM, 16, 20, 16
MM, 18, 20, 9
MM, 20, 21, 16
MM, 22, 21, 7
MM, 23, 21, 8
MM, 24, 21, 7
