********************************************************************************
LOGGING TIME: 20161111_184036
CLIENT IP: 10.105.74.162
USERNAME: V.Uday
OS: Windows 8
**********************************Emotional database********************************************************************************
MM, 637, 455, 1477468802804
MM, 637, 454, 1503
MM, 638, 453, 8
MM, 639, 452, 7
MM, 640, 450, 9
MM, 642, 449, 7
MM, 642, 448, 8
MM, 379, 89, 8
MM, 380, 89, 8
MM, 380, 88, 8
MM, 381, 87, 32
MM, 381, 86, 8
MM, 382, 86, 16
MM, 382, 85, 16
MM, 383, 83, 7
MM, 383, 82, 17
MM, 383, 81, 8
MM, 383, 80, 7
MM, 383, 79, 16
MM, 383, 77, 8
MM, 381, 73, 17
MM, 381, 72, 17
MM, 381, 71, 7
MM, 381, 69, 9
MM, 381, 66, 6
MM, 381, 64, 9
MM, 381, 60, 7
MM, 381, 57, 9
MM, 381, 53, 7
MM, 381, 49, 9
MM, 381, 46, 7
MM, 381, 42, 8
MM, 381, 39, 8
MM, 381, 37, 8
MM, 381, 34, 8
MM, 382, 32, 8
MM, 382, 31, 8
MM, 382, 29, 8
MM, 382, 28, 9
MM, 383, 27, 8
MM, 384, 25, 8
MM, 386, 24, 7
MM, 386, 22, 8
MM, 387, 21, 9
MM, 384, 22, 33360
MM, 381, 23, 7
MM, 379, 24, 9
MM, 377, 24, 7
MM, 375, 25, 8
MM, 374, 25, 9
MM, 370, 28, 9
MM, 365, 30, 7
MM, 361, 32, 9
MM, 357, 33, 7
MM, 353, 34, 8
MM, 350, 37, 8
MM, 347, 38, 8
MM, 344, 39, 8
MM, 341, 42, 7
MM, 337, 45, 9
MM, 334, 46, 8
MM, 331, 47, 8
MM, 325, 50, 8
MM, 320, 51, 8
MM, 315, 54, 8
MM, 309, 57, 7
MM, 303, 59, 9
MM, 296, 62, 8
MM, 290, 64, 8
MM, 286, 65, 8
MM, 282, 66, 8
MM, 278, 68, 8
MM, 276, 69, 8
MM, 272, 70, 8
MM, 270, 71, 9
MM, 266, 71, 7
MM, 263, 71, 9
MM, 262, 72, 7
MM, 261, 72, 8
MM, 258, 74, 7
MM, 255, 74, 9
MM, 254, 74, 7
MM, 253, 74, 9
MM, 249, 75, 8
MM, 246, 76, 8
MM, 243, 77, 8
MM, 244, 74, 8
MM, 243, 74, 7
MM, 241, 75, 8
MM, 238, 76, 9
MM, 235, 76, 8
MM, 232, 78, 8
MM, 230, 80, 8
MM, 228, 81, 8
MM, 225, 83, 7
MM, 223, 83, 8
MM, 221, 84, 8
MM, 220, 85, 9
MM, 219, 85, 8
MM, 219, 86, 63
MM, 218, 87, 24
MM, 217, 88, 8
MM, 217, 89, 8
MM, 481, 447, 8
MM, 481, 451, 8
MM, 479, 453, 8
MM, 479, 456, 8
MM, 478, 459, 8
MM, 477, 464, 9
MM, 477, 467, 8
MM, 476, 469, 8
MM, 475, 472, 8
MM, 474, 475, 8
MM, 474, 478, 8
MM, 474, 480, 8
MM, 474, 481, 8
MM, 33, 20, 8
MM, 33, 22, 8
MM, 32, 25, 8
MM, 32, 26, 16
MM, 32, 27, 16
MM, 32, 29, 16
MM, 32, 30, 17
MM, 470, 499, 8
MM, 470, 501, 7
MM, 31, 0, 8
MM, 30, 2, 8
MM, 30, 3, 8
MM, 29, 9, 8
MM, 29, 11, 8
MM, 28, 13, 8
MM, 28, 17, 7
MM, 24, 21, 8
MM, 23, 22, 8
MM, 21, 25, 9
MM, 20, 28, 8
MM, 19, 30, 8
MM, 456, 534, 8
MM, 455, 535, 8
MM, 455, 537, 7
MM, 453, 538, 8
MM, 26, 0, 9
MM, 25, 1, 8
MM, 24, 2, 8
MM, 23, 3, 7
MM, 22, 4, 9
MM, 19, 9, 8
MM, 17, 10, 7
MM, 17, 11, 8
MM, 17, 12, 9
MM, 15, 13, 7
MM, 13, 17, 8
MM, 11, 18, 8
MM, 11, 19, 9
MM, 9, 23, 8
MM, 8, 26, 8
MM, 5, 28, 8
MM, 431, 570, 7
MM, 430, 573, 8
MM, 429, 575, 8
MM, 429, 576, 10
MM, 428, 578, 7
MM, 36, 4, 7
MM, 36, 5, 9
MM, 36, 6, 8
MM, 36, 8, 8
MM, 428, 586, 15
MM, 428, 587, 8
MM, 430, 588, 9
MM, 431, 588, 8
MM, 433, 588, 7
MM, 3, 12, 8
MM, 10, 12, 9
MM, 18, 12, 7
MM, 30, 12, 9
MM, 473, 588, 7
MM, 9, 12, 9
MM, 21, 12, 7
MM, 32, 12, 10
MM, 0, 11, 7
MM, 11, 8, 8
MM, 23, 6, 7
MM, 34, 0, 9
MM, 561, 571, 7
MM, 18, 27, 9
MM, 26, 23, 8
MM, 32, 19, 8
MM, 593, 555, 8
MM, 595, 553, 8
MM, 1, 12, 7
MM, 4, 11, 8
MM, 6, 9, 8
MM, 7, 9, 192
MM, 7, 7, 9
MM, 8, 7, 7
MM, 8, 6, 8
MM, 9, 5, 9
MM, 10, 2, 8
MM, 11, 0, 8
MM, 610, 538, 7
MM, 610, 536, 8
MM, 614, 533, 8
MM, 8, 29, 9
MM, 10, 28, 8
MM, 12, 28, 7
MM, 13, 26, 8
MM, 14, 26, 9
MM, 14, 25, 23
MM, 15, 24, 129
MM, 15, 23, 15
MM, 15, 22, 65
MM, 15, 21, 7
MM, 16, 20, 9
MM, 16, 19, 23
MM, 16, 18, 8
MM, 16, 17, 8
MC, 1, 793
MM, 16, 16, 87
MM, 15, 17, 9
MM, 13, 20, 7
MM, 7, 24, 9
MM, 0, 29, 8
MM, 600, 536, 8
MM, 593, 543, 7
MM, 31, 10, 9
MM, 25, 16, 8
MM, 18, 21, 8
MM, 10, 28, 8
MM, 557, 572, 8
MM, 34, 1, 8
MM, 30, 6, 8
MM, 25, 9, 8
MM, 23, 11, 7
MM, 21, 13, 8
MM, 18, 14, 8
MM, 17, 15, 8
MM, 16, 15, 9
MM, 15, 17, 8
MM, 12, 19, 8
MM, 11, 20, 8
MM, 11, 21, 8
MM, 9, 22, 7
MM, 8, 22, 9
MM, 8, 23, 7
MM, 7, 24, 8
MM, 5, 25, 8
MM, 4, 26, 9
MM, 2, 27, 7
MM, 2, 28, 8
MM, 1, 28, 8
MM, 0, 29, 8
MM, 516, 606, 65
MM, 515, 606, 8
MM, 515, 607, 8
MM, 514, 607, 8
MM, 513, 608, 8
MM, 512, 609, 7
MM, 509, 611, 9
MM, 506, 612, 7
MM, 114, 1, 9
MM, 113, 2, 7
MM, 112, 2, 9
MM, 111, 4, 8
MM, 106, 7, 8
MM, 101, 10, 8
MM, 98, 13, 9
MM, 95, 16, 7
MM, 93, 20, 7
MM, 90, 21, 8
MM, 89, 22, 16
MC, 1, 240
MM, 88, 22, 64
MM, 87, 22, 9
MM, 84, 20, 16
MM, 79, 16, 8
MM, 74, 13, 9
MM, 70, 9, 6
MM, 65, 6, 9
MM, 59, 3, 8
MM, 53, 0, 8
MM, 440, 612, 7
MM, 438, 610, 9
MM, 436, 609, 7
MM, 435, 608, 16
MM, 0, 30, 41
MM, 433, 605, 8
MM, 433, 603, 8
MM, 431, 599, 8
MM, 430, 595, 8
MM, 430, 592, 8
MM, 429, 590, 8
MM, 429, 588, 7
MM, 428, 586, 8
MM, 36, 8, 8
MM, 36, 6, 9
MM, 35, 4, 7
MM, 35, 3, 9
MM, 35, 1, 7
MM, 426, 575, 8
MM, 425, 572, 8
MM, 423, 571, 9
MM, 423, 570, 7
MM, 422, 568, 8
MM, 421, 567, 153
MM, 35, 27, 16
MM, 30, 24, 51
MM, 28, 23, 4
MM, 27, 22, 9
MM, 25, 22, 7
MM, 24, 21, 8
MM, 23, 20, 9
MM, 22, 20, 8
MM, 22, 19, 16
MM, 21, 19, 24
MM, 20, 19, 7
MM, 17, 18, 9
MM, 15, 18, 7
MM, 13, 18, 9
MM, 12, 18, 8
MM, 11, 17, 9
MC, 1, 199
MM, 10, 16, 104
MM, 9, 16, 40
MM, 8, 16, 15
MM, 7, 16, 16
MM, 6, 16, 9
MM, 5, 16, 8
MM, 4, 16, 160
MM, 3, 16, 8
MM, 383, 555, 16
MM, 380, 555, 7
MM, 34, 16, 9
MM, 30, 16, 8
MM, 27, 16, 8
MM, 25, 16, 8
MM, 23, 15, 8
MC, 1, 231
MM, 22, 15, 89
MM, 22, 14, 8
MM, 22, 11, 8
MM, 22, 8, 7
MM, 22, 6, 8
MM, 22, 2, 8
MM, 366, 538, 9
MM, 367, 533, 8
MM, 15, 28, 8
MM, 16, 26, 8
MM, 17, 22, 8
MM, 19, 16, 7
MM, 20, 8, 9
MM, 21, 3, 8
MM, 22, 0, 8
MM, 375, 500, 8
MP, 1, 144
MR, 1, 80
MC, 1, 0
MM, 375, 501, 327
MM, 22, 0, 17
MM, 22, 1, 24
MM, 22, 2, 8
MM, 22, 3, 16
MM, 22, 4, 8
MM, 21, 6, 8
MM, 20, 6, 7
MM, 20, 7, 17
MC, 1, 248
MM, 20, 8, 72
MM, 20, 11, 8
MM, 20, 17, 8
MM, 20, 24, 9
MM, 372, 535, 7
MM, 28, 5, 9
MM, 29, 15, 7
MM, 31, 26, 8
MM, 28, 0, 7
MM, 33, 9, 9
MM, 387, 593, 7
MM, 0, 22, 10
MM, 1, 26, 7
MM, 3, 28, 8
MM, 4, 30, 8
MM, 398, 608, 8
MM, 398, 609, 7
MM, 400, 610, 9
MM, 401, 611, 8
MM, 402, 611, 8
MM, 403, 612, 23
MM, 14, 0, 16
MM, 15, 0, 8
MM, 16, 1, 9
MM, 17, 3, 8
MM, 19, 6, 7
MM, 25, 12, 9
MM, 30, 18, 8
MM, 35, 26, 8
MM, 430, 644, 7
MM, 434, 648, 8
MM, 436, 651, 8
MM, 438, 652, 9
MM, 440, 654, 8
MM, 441, 654, 8
MM, 442, 654, 24
MM, 443, 654, 15
MM, 444, 654, 17
MM, 444, 653, 8
MM, 444, 652, 8
MM, 446, 652, 9
MM, 446, 650, 7
MM, 447, 649, 23
MM, 447, 648, 8
MM, 448, 647, 10
MM, 448, 646, 7
MM, 449, 645, 8
MM, 449, 644, 8
MM, 60, 30, 16
MM, 61, 29, 8
MM, 62, 27, 8
MM, 63, 26, 24
MM, 63, 25, 8
MM, 63, 24, 8
MM, 63, 22, 15
MM, 63, 21, 9
MM, 65, 20, 176
MC, 1, 87
MM, 66, 19, 81
MM, 68, 16, 7
MM, 73, 9, 9
MM, 78, 3, 7
MM, 473, 611, 8
MM, 3, 29, 8
MM, 8, 23, 8
MM, 14, 15, 8
MM, 17, 7, 9
MM, 495, 575, 8
MM, 27, 29, 8
MM, 28, 25, 8
MM, 29, 22, 7
MM, 29, 20, 8
MM, 29, 18, 8
MM, 30, 17, 9
MM, 30, 15, 8
MM, 30, 14, 8
MM, 30, 13, 120
MM, 30, 12, 7
MM, 31, 10, 10
MM, 32, 6, 23
MM, 33, 5, 7
MM, 33, 4, 8
MM, 34, 3, 8
MM, 34, 2, 18
MM, 505, 541, 7
MM, 505, 539, 167
MM, 505, 538, 17
MM, 505, 535, 7
MM, 505, 534, 9
MM, 505, 533, 7
MM, 23, 30, 10
MM, 23, 29, 15
MM, 23, 28, 7
MM, 23, 26, 9
MM, 23, 25, 7
MM, 23, 24, 9
MM, 23, 23, 17
MM, 23, 22, 94
MM, 23, 21, 17
MM, 23, 20, 8
MM, 23, 19, 31
MC, 1, 184
MM, 26, 19, 121
MM, 32, 20, 8
MM, 518, 523, 8
MM, 521, 524, 7
MM, 2, 23, 8
MM, 7, 24, 8
MM, 10, 24, 9
MM, 13, 26, 8
MM, 16, 28, 8
MM, 21, 29, 8
MM, 24, 29, 8
MM, 26, 30, 8
MM, 551, 534, 7
MM, 554, 534, 8
MM, 556, 534, 9
MM, 558, 535, 8
MM, 559, 536, 8
MM, 560, 536, 8
MM, 561, 537, 15
MM, 562, 537, 8
MM, 563, 537, 8
MM, 563, 538, 9
MM, 10, 0, 8
MM, 11, 1, 24
MM, 12, 2, 95
MM, 13, 2, 8
MM, 14, 3, 8
MM, 15, 4, 25
MM, 15, 5, 72
MM, 16, 6, 8
MM, 17, 7, 23
MM, 17, 8, 33
MM, 17, 10, 9
MM, 18, 10, 39
MM, 19, 13, 40
MC, 1, 223
MM, 20, 14, 56
MM, 21, 14, 16
MM, 22, 13, 8
MM, 25, 12, 8
MM, 28, 10, 9
MM, 31, 8, 7
MM, 33, 6, 9
MM, 35, 4, 7
MM, 592, 542, 9
MM, 594, 541, 8
MM, 595, 540, 8
MM, 0, 0, 8
MM, 599, 538, 8
MM, 600, 536, 8
MM, 603, 534, 7
MM, 605, 533, 8
MM, 606, 532, 9
MM, 1, 28, 8
MM, 2, 27, 7
MM, 4, 26, 9
MM, 6, 26, 8
MM, 8, 25, 8
MM, 8, 24, 7
MM, 9, 24, 8
MM, 11, 23, 9
MM, 13, 22, 128
MC, 1, 160
MM, 13, 21, 48
MM, 12, 21, 24
MM, 10, 22, 7
MM, 10, 23, 8
MM, 9, 23, 8
MM, 5, 25, 8
MM, 3, 26, 9
MM, 0, 29, 8
MM, 602, 532, 8
MM, 598, 533, 8
MM, 593, 536, 8
MM, 586, 538, 7
MM, 25, 1, 8
MM, 17, 3, 8
MM, 10, 5, 8
MM, 0, 7, 8
MM, 33, 8, 8
MM, 22, 11, 8
MM, 12, 13, 8
MM, 3, 14, 8
MM, 33, 16, 8
MM, 25, 17, 8
MM, 19, 18, 8
MM, 15, 18, 8
MM, 12, 19, 8
MM, 7, 21, 8
MM, 5, 21, 8
MM, 4, 22, 8
MM, 2, 22, 8
MM, 1, 23, 8
MM, 468, 563, 8
MM, 465, 564, 8
MM, 36, 25, 8
MM, 34, 25, 8
MM, 33, 26, 8
MM, 32, 27, 8
MM, 31, 28, 8
MM, 30, 28, 16
MM, 29, 28, 8
MM, 28, 28, 8
MM, 25, 28, 8
MM, 23, 27, 8
MM, 20, 27, 8
MM, 18, 27, 8
MM, 16, 26, 8
MM, 15, 26, 8
MM, 14, 26, 8
MM, 13, 26, 8
MM, 10, 25, 64
MM, 8, 25, 17
MM, 5, 24, 8
MM, 2, 24, 8
MM, 0, 23, 8
MM, 424, 562, 8
MM, 422, 561, 8
MM, 35, 22, 8
MM, 34, 21, 8
MM, 32, 21, 8
MM, 31, 21, 16
MM, 29, 20, 8
MM, 28, 20, 31
MM, 26, 20, 9
MM, 25, 19, 8
MM, 24, 19, 16
MM, 23, 19, 7
MM, 20, 18, 8
MM, 18, 17, 8
MM, 17, 17, 17
MM, 15, 16, 8
MC, 1, 231
MM, 14, 16, 65
MM, 14, 25, 23
MM, 402, 573, 9
MM, 16, 5, 8
MM, 20, 13, 8
MM, 28, 23, 7
MM, 427, 609, 8
MM, 44, 4, 9
MM, 51, 14, 7
MM, 55, 22, 8
MM, 59, 26, 8
MM, 62, 30, 9
MM, 63, 30, 47
MM, 63, 29, 121
MM, 63, 27, 7
MM, 63, 25, 16
MM, 63, 22, 9
MM, 63, 20, 8
MM, 62, 18, 8
MM, 62, 16, 8
MM, 62, 15, 8
MM, 62, 13, 7
MM, 61, 12, 224
MC, 1, 105
MM, 60, 11, 71
MM, 59, 10, 9
MM, 57, 8, 7
MM, 54, 8, 9
MM, 50, 5, 8
MM, 48, 4, 8
MM, 46, 1, 8
MM, 44, 1, 8
MM, 42, 1, 8
MM, 41, 0, 8
MM, 431, 612, 7
MM, 430, 611, 8
MM, 430, 610, 8
MM, 428, 610, 9
MM, 428, 609, 7
MM, 427, 609, 8
MM, 427, 608, 9
MM, 426, 607, 8
MM, 33, 29, 8
MM, 31, 28, 16
MM, 30, 28, 16
MM, 29, 27, 8
MM, 28, 26, 23
MM, 28, 25, 9
MM, 27, 25, 8
MM, 26, 23, 8
MM, 24, 22, 17
MM, 23, 22, 7
MM, 23, 21, 48
MM, 22, 20, 111
MC, 1, 105
MM, 24, 19, 79
MM, 27, 18, 8
MM, 31, 14, 9
MM, 431, 589, 7
MM, 10, 12, 9
MM, 27, 9, 8
MM, 6, 8, 8
MM, 27, 4, 8
MM, 5, 2, 8
MM, 546, 574, 7
MM, 562, 570, 9
MM, 23, 29, 7
MM, 592, 567, 9
MM, 7, 27, 7
MM, 16, 26, 9
MM, 22, 24, 8
MM, 29, 24, 7
MM, 32, 23, 8
MM, 633, 562, 8
MM, 636, 561, 9
MM, 1, 22, 7
MM, 4, 22, 9
MM, 10, 21, 8
MM, 13, 19, 8
MM, 19, 18, 7
MM, 23, 17, 9
MM, 29, 14, 7
MM, 33, 13, 8
MM, 673, 552, 8
MM, 677, 550, 9
MM, 1, 10, 8
MM, 3, 9, 8
MM, 4, 9, 8
MM, 5, 8, 7
MM, 6, 7, 9
MM, 7, 7, 8
MM, 8, 7, 15
MM, 9, 6, 9
MM, 10, 6, 16
MM, 11, 5, 8
MM, 12, 5, 15
MM, 13, 5, 153
MM, 13, 6, 16
MM, 13, 7, 7
MM, 13, 8, 9
MM, 13, 12, 7
MM, 13, 14, 9
MM, 13, 15, 8
MC, 1, 272
MM, 13, 16, 80
MM, 12, 17, 7
MM, 11, 17, 8
MM, 9, 17, 8
MM, 6, 16, 9
MM, 3, 15, 7
MM, 676, 552, 8
MM, 34, 12, 8
MM, 32, 11, 9
MM, 30, 9, 7
MM, 28, 9, 9
MM, 27, 9, 8
MM, 25, 8, 8
MM, 23, 7, 15
MM, 22, 7, 9
MM, 21, 6, 8
MM, 21, 5, 8
MM, 20, 5, 8
MM, 18, 4, 8
MM, 17, 3, 7
MM, 17, 2, 8
MM, 15, 1, 8
MM, 14, 0, 9
MM, 650, 538, 7
MM, 649, 537, 8
MM, 648, 537, 9
MM, 647, 535, 8
MM, 646, 534, 8
MM, 645, 534, 7
MM, 645, 533, 8
MM, 1, 30, 16
MM, 0, 29, 25
MM, 643, 530, 23
MM, 643, 529, 16
MM, 642, 527, 26
MM, 642, 526, 7
MM, 640, 524, 40
MM, 640, 523, 24
MM, 639, 522, 8
MM, 639, 521, 8
MM, 638, 520, 8
MM, 30, 17, 7
MM, 28, 17, 9
MM, 28, 16, 7
MM, 26, 15, 9
MM, 25, 14, 8
MM, 23, 13, 16
MM, 23, 12, 8
MC, 1, 240
MM, 24, 11, 79
MM, 30, 11, 8
MM, 3, 11, 8
MM, 12, 12, 8
MM, 20, 12, 9
MM, 28, 12, 7
MM, 36, 12, 9
MM, 684, 514, 7
MM, 0, 12, 8
MM, 3, 12, 9
MM, 4, 12, 7
MM, 5, 12, 57
MM, 6, 12, 8
MM, 7, 12, 16
MM, 8, 12, 71
MM, 9, 12, 17
MM, 10, 12, 8
MM, 11, 12, 15
MM, 13, 12, 16
MM, 14, 12, 17
MM, 16, 12, 17
MM, 17, 12, 16
MM, 19, 12, 159
MC, 1, 88
MM, 18, 12, 31
MM, 18, 13, 8
MM, 16, 14, 8
MM, 14, 14, 8
MM, 11, 18, 8
MM, 8, 19, 8
MM, 4, 23, 8
MM, 0, 26, 8
MM, 681, 532, 8
MM, 674, 538, 9
MM, 29, 5, 8
MM, 18, 11, 8
MM, 5, 18, 8
MM, 32, 25, 8
MM, 616, 570, 7
MM, 605, 575, 9
MM, 34, 5, 8
MM, 23, 10, 7
MM, 11, 15, 8
MM, 2, 19, 8
MM, 556, 599, 9
MM, 33, 27, 7
MM, 30, 29, 9
MM, 28, 29, 7
MM, 26, 30, 9
MM, 539, 608, 7
MM, 538, 608, 8
MM, 537, 608, 9
MM, 536, 609, 8
MM, 535, 610, 7
MM, 534, 611, 9
MM, 529, 612, 136
MM, 528, 612, 7
MM, 527, 612, 9
MM, 136, 0, 7
MM, 133, 2, 9
MM, 131, 3, 16
MM, 129, 4, 7
MM, 129, 5, 9
MM, 125, 8, 8
MM, 122, 11, 8
MM, 121, 13, 8
MM, 119, 13, 7
MM, 118, 14, 16
MM, 116, 16, 9
MC, 1, 231
MM, 115, 16, 33
MM, 114, 16, 16
MM, 112, 14, 8
MM, 111, 12, 15
MM, 110, 10, 9
MM, 109, 7, 8
MM, 108, 6, 8
MM, 107, 4, 8
MM, 106, 2, 7
MM, 105, 1, 9
MM, 104, 0, 8
MM, 493, 612, 8
MM, 493, 611, 7
MM, 493, 609, 9
MM, 492, 608, 7
MM, 16, 30, 17
MM, 14, 28, 16
MM, 14, 26, 8
MM, 14, 25, 7
MM, 14, 24, 8
MM, 13, 23, 9
MM, 13, 21, 8
MM, 12, 20, 16
MM, 12, 19, 8
MM, 11, 17, 23
MM, 11, 16, 17
MM, 11, 15, 8
MM, 10, 14, 32
MM, 10, 13, 40
MC, 1, 136
MM, 10, 12, 103
MM, 9, 9, 8
MM, 6, 6, 8
MM, 4, 3, 10
MM, 2, 1, 7
MM, 476, 575, 9
MM, 475, 575, 7
MM, 475, 574, 8
MM, 475, 573, 15
MM, 474, 572, 25
MM, 473, 571, 24
MM, 2, 30, 8
MM, 1, 29, 8
MM, 1, 28, 8
MM, 0, 26, 8
MM, 469, 564, 7
MM, 466, 560, 9
MM, 465, 557, 8
MM, 35, 17, 7
MM, 33, 13, 9
MM, 31, 11, 8
MM, 29, 9, 7
MM, 26, 6, 9
MM, 448, 538, 8
MM, 4, 30, 8
MM, 0, 25, 8
MM, 435, 524, 8
MM, 35, 19, 8
MM, 33, 18, 8
MM, 31, 16, 8
MM, 29, 15, 15
MM, 28, 15, 9
MM, 28, 13, 31
MC, 1, 376
MM, 30, 14, 121
MM, 33, 16, 7
MM, 434, 520, 9
MM, 1, 19, 8
MM, 6, 20, 8
MM, 10, 21, 7
MM, 15, 22, 8
MM, 21, 23, 8
MM, 26, 23, 8
MM, 33, 24, 8
MM, 481, 527, 9
MM, 4, 25, 8
MM, 8, 26, 8
MM, 13, 29, 8
MM, 15, 30, 8
MM, 16, 30, 7
MM, 499, 533, 9
MM, 499, 534, 120
MM, 499, 537, 8
MM, 29, 0, 8
MM, 29, 1, 8
MM, 29, 2, 8
MM, 29, 4, 8
MM, 29, 8, 16
MM, 29, 9, 96
MM, 29, 11, 7
MM, 28, 11, 9
MM, 27, 13, 7
MM, 26, 14, 16
MM, 25, 15, 16
MM, 24, 15, 97
MC, 1, 199
MM, 25, 15, 73
MM, 29, 15, 8
MM, 507, 554, 8
MM, 4, 14, 8
MM, 13, 13, 8
MM, 25, 12, 8
MM, 548, 550, 8
MM, 8, 9, 8
MM, 20, 6, 7
MM, 32, 5, 9
MM, 1, 4, 7
MM, 12, 1, 9
MM, 22, 0, 7
MM, 628, 538, 9
MM, 636, 536, 7
MM, 643, 534, 9
MM, 3, 30, 7
MM, 7, 27, 8
MM, 8, 27, 8
MM, 9, 26, 8
MC, 1, 400
MM, 9, 25, 65
MM, 8, 25, 16
MM, 3, 25, 7
MM, 639, 527, 8
MM, 26, 25, 9
MM, 18, 25, 8
MM, 10, 25, 8
MM, 0, 25, 8
MM, 35, 25, 7
MM, 29, 25, 9
MM, 23, 25, 7
MM, 15, 25, 9
MM, 9, 25, 8
MM, 4, 25, 8
MM, 0, 25, 7
MM, 559, 527, 9
MM, 30, 25, 7
MM, 23, 25, 8
MM, 15, 25, 8
MM, 8, 25, 9
MM, 0, 25, 8
MM, 34, 25, 8
MM, 30, 25, 8
MM, 26, 25, 7
MM, 23, 25, 8
MM, 20, 25, 9
MM, 18, 25, 7
MM, 17, 25, 8
MM, 14, 25, 9
MM, 11, 25, 8
MM, 10, 25, 8
MM, 9, 25, 8
MM, 8, 25, 8
MM, 5, 24, 8
MM, 1, 24, 8
MM, 481, 526, 8
MM, 478, 526, 7
MM, 477, 525, 9
MM, 35, 23, 8
MM, 34, 22, 8
MM, 32, 22, 56
MM, 31, 22, 9
MM, 28, 21, 7
MM, 25, 20, 8
MM, 22, 18, 7
MM, 19, 17, 9
MM, 16, 16, 7
MM, 14, 16, 9
MM, 13, 15, 8
MC, 1, 271
MM, 12, 15, 112
MM, 6, 14, 17
MM, 1, 13, 8
MM, 436, 515, 8
MM, 433, 515, 8
MM, 33, 13, 7
MM, 31, 13, 9
MM, 29, 13, 7
MM, 28, 12, 16
MC, 1, 256
MM, 29, 12, 121
MM, 33, 15, 7
MM, 435, 520, 9
MM, 2, 21, 8
MM, 8, 25, 8
MM, 15, 29, 8
MM, 462, 535, 9
MM, 470, 538, 7
MM, 7, 2, 8
MM, 14, 5, 8
MM, 21, 6, 8
MM, 29, 8, 7
MM, 506, 550, 9
MM, 3, 11, 8
MM, 10, 13, 8
MM, 19, 16, 7
MM, 23, 18, 9
MM, 29, 20, 7
MM, 35, 22, 8
MM, 551, 563, 9
MM, 2, 26, 8
MM, 8, 27, 8
MM, 14, 30, 8
MM, 575, 571, 7
MM, 584, 574, 8
MM, 31, 1, 8
MM, 598, 580, 9
MM, 0, 6, 7
MM, 6, 9, 8
MM, 12, 10, 9
MM, 15, 12, 8
MM, 17, 14, 7
MM, 19, 15, 9
MM, 24, 16, 7
MM, 27, 17, 9
MM, 28, 18, 7
MM, 634, 595, 9
MM, 636, 596, 8
MM, 635, 596, 255
MM, 635, 595, 8
MM, 29, 19, 8
MM, 29, 18, 8
MM, 28, 17, 9
MM, 26, 16, 15
MM, 27, 15, 209
MM, 28, 15, 8
MM, 634, 591, 8
MM, 635, 591, 8
MM, 638, 591, 8
MM, 639, 591, 9
MM, 1, 15, 7
MM, 2, 15, 8
MM, 4, 15, 7
MM, 7, 15, 9
MM, 8, 15, 7
MM, 9, 15, 16
MM, 10, 14, 9
MM, 11, 14, 64
MM, 12, 14, 16
MC, 1, 304
MC, 2, 167
MC, 3, 145
MM, 11, 14, 127
MM, 6, 14, 8
MM, 4, 14, 8
MM, 2, 14, 8
MM, 638, 590, 8
MM, 634, 590, 8
MM, 28, 14, 8
MM, 25, 14, 8
MM, 22, 15, 8
MM, 18, 15, 8
MM, 15, 16, 8
MM, 10, 17, 8
MM, 6, 18, 8
MM, 4, 18, 8
MM, 0, 18, 8
MM, 600, 594, 8
MM, 598, 595, 8
MM, 34, 19, 8
MM, 30, 20, 8
MM, 27, 21, 8
MM, 24, 22, 8
MM, 23, 22, 8
MM, 19, 22, 8
MM, 16, 23, 8
MM, 11, 24, 8
MM, 7, 25, 8
MM, 3, 25, 8
MM, 559, 602, 8
MM, 555, 602, 8
MM, 33, 26, 8
MM, 29, 27, 8
MM, 25, 27, 8
MM, 21, 27, 8
MM, 16, 27, 8
MM, 12, 28, 8
MM, 8, 29, 9
MM, 6, 30, 8
MM, 3, 30, 8
MM, 518, 607, 8
MM, 516, 607, 8
MM, 514, 608, 7
MM, 512, 610, 8
MM, 510, 610, 8
MM, 509, 610, 17
MM, 504, 612, 8
MM, 114, 0, 7
MM, 112, 0, 192
MM, 112, 1, 9
MM, 111, 1, 16
MM, 109, 2, 8
MM, 109, 3, 15
MM, 108, 3, 488
MM, 108, 4, 8
MM, 107, 7, 9
MM, 107, 9, 7
MM, 106, 10, 8
MM, 105, 12, 8
MM, 104, 16, 8
MM, 103, 18, 16
MM, 102, 18, 8
MM, 102, 19, 281
MC, 1, 176
MM, 101, 19, 47
MM, 99, 18, 17
MM, 98, 17, 7
MM, 96, 14, 9
MM, 91, 9, 7
MM, 86, 3, 9
MM, 471, 609, 8
MM, 30, 22, 7
MM, 21, 11, 8
MM, 11, 0, 9
MM, 7, 23, 8
MM, 426, 554, 7
MM, 35, 11, 9
MM, 32, 9, 9
MM, 32, 7, 7
MM, 32, 6, 8
MM, 30, 5, 32
MM, 29, 5, 480
MM, 29, 6, 167
MM, 28, 6, 9
MM, 27, 7, 7
MM, 27, 9, 17
MM, 25, 9, 8
MM, 25, 10, 8
MM, 24, 11, 7
MC, 1, 241
MM, 25, 11, 71
MM, 26, 10, 17
MM, 28, 10, 8
MM, 31, 8, 8
MM, 422, 545, 8
MM, 0, 4, 7
MM, 7, 2, 9
MM, 12, 1, 7
MM, 16, 0, 9
MM, 445, 538, 8
MM, 447, 537, 7
MM, 448, 537, 8
MM, 449, 536, 8
MM, 452, 534, 9
MM, 453, 533, 16
MM, 18, 30, 8
MM, 21, 28, 8
MM, 23, 27, 8
MM, 26, 27, 7
MM, 29, 26, 9
MM, 34, 25, 8
MM, 36, 24, 7
MM, 476, 525, 9
MM, 478, 525, 8
MM, 479, 525, 8
MM, 480, 524, 8
MM, 0, 21, 7
MM, 1, 20, 9
MM, 3, 20, 8
MM, 4, 19, 8
MM, 4, 18, 8
MM, 6, 18, 8
MM, 6, 17, 8
MM, 7, 17, 8
MM, 9, 16, 8
MM, 10, 15, 8
MM, 12, 14, 7
MM, 13, 13, 9
MM, 14, 13, 7
MM, 15, 13, 9
MC, 1, 231
MM, 15, 12, 49
MM, 16, 12, 24
MM, 19, 12, 7
MM, 26, 13, 8
MM, 518, 515, 8
MM, 5, 14, 9
MM, 14, 14, 7
MM, 25, 14, 9
MM, 560, 517, 7
MM, 8, 16, 8
MM, 16, 16, 8
MM, 22, 16, 9
MM, 29, 16, 7
MM, 33, 16, 9
MM, 601, 518, 8
MM, 604, 518, 8
MM, 0, 16, 7
MM, 2, 15, 40
MM, 3, 15, 48
MM, 5, 15, 16
MM, 6, 15, 8
MM, 7, 15, 88
MM, 8, 15, 8
MM, 8, 14, 8
MM, 9, 14, 8
MM, 9, 13, 24
MC, 1, 209
MM, 11, 13, 103
MM, 12, 13, 9
MM, 13, 14, 7
MM, 13, 15, 8
MM, 16, 16, 8
MM, 19, 18, 9
MM, 24, 18, 8
MM, 27, 20, 7
MM, 639, 525, 9
MM, 643, 526, 8
MM, 5, 26, 8
MM, 8, 27, 8
MM, 13, 29, 8
MM, 661, 533, 7
MM, 664, 534, 9
MM, 669, 536, 8
MM, 672, 537, 8
MM, 675, 539, 8
MM, 677, 540, 8
MM, 0, 2, 8
MM, 1, 3, 8
MM, 3, 3, 8
MM, 3, 5, 40
MM, 4, 5, 24
MM, 5, 5, 7
MM, 6, 6, 8
MM, 7, 6, 8
MM, 9, 7, 8
MM, 11, 7, 9
MM, 13, 7, 8
MM, 15, 7, 8
MM, 16, 7, 8
MM, 17, 7, 8
MC, 1, 343
MC, 2, 160
MM, 18, 8, 105
MM, 18, 9, 24
MM, 17, 9, 8
MM, 14, 10, 8
MM, 13, 11, 8
MM, 11, 12, 8
MM, 10, 13, 8
MM, 7, 14, 8
MM, 7, 15, 7
MM, 1, 16, 8
MM, 676, 556, 8
MM, 673, 559, 9
MM, 32, 21, 8
MM, 29, 22, 8
MM, 23, 24, 7
MM, 19, 26, 8
MM, 12, 29, 8
MM, 5, 30, 8
MM, 636, 570, 9
MM, 630, 573, 8
MM, 625, 574, 8
MM, 620, 575, 8
MM, 14, 1, 7
MM, 12, 1, 8
MM, 9, 3, 8
MM, 5, 6, 8
MM, 3, 6, 8
MM, 1, 7, 9
MM, 601, 585, 8
MM, 599, 586, 9
MM, 35, 11, 6
MM, 33, 12, 10
MM, 30, 14, 7
MM, 28, 15, 8
MM, 27, 15, 7
MM, 26, 16, 9
MM, 24, 16, 152
MM, 23, 16, 16
MM, 20, 16, 8
MM, 17, 16, 7
MM, 15, 16, 9
MM, 12, 16, 8
MM, 10, 16, 8
MM, 11, 16, 183
MM, 15, 16, 8
MM, 19, 16, 8
MM, 24, 14, 8
MM, 28, 14, 8
MM, 31, 14, 8
MM, 34, 14, 9
MM, 598, 590, 8
MM, 602, 590, 8
MM, 3, 14, 8
MM, 6, 14, 7
MM, 8, 14, 9
MC, 1, 519
MM, 9, 14, 89
MM, 8, 15, 23
MM, 7, 15, 9
MM, 6, 16, 7
MM, 4, 16, 9
MM, 3, 17, 7
MM, 2, 17, 9
MM, 0, 19, 8
MM, 599, 596, 8
MM, 597, 596, 16
MM, 34, 20, 7
MM, 32, 21, 8
MM, 30, 22, 8
MM, 27, 23, 9
MM, 24, 24, 8
MM, 19, 25, 9
MM, 15, 27, 6
MM, 9, 28, 8
MM, 2, 30, 11
MM, 556, 609, 5
MM, 549, 610, 8
MM, 544, 611, 9
MM, 149, 0, 8
MM, 143, 2, 8
MM, 140, 3, 7
MM, 138, 4, 9
MM, 136, 4, 7
MM, 134, 5, 8
MM, 132, 6, 9
MM, 129, 7, 8
MM, 127, 7, 8
MM, 126, 9, 8
MM, 124, 9, 8
MM, 120, 10, 15
MM, 120, 11, 9
MM, 118, 11, 8
MM, 117, 11, 25
MM, 116, 11, 6
MM, 114, 12, 17
MM, 111, 13, 7
MC, 1, 337
MM, 110, 13, 71
MM, 110, 11, 9
MM, 116, 4, 7
MM, 513, 611, 9
MM, 2, 30, 7
MM, 7, 26, 10
MM, 11, 20, 7
MM, 16, 15, 8
MM, 20, 11, 7
MM, 23, 6, 9
MM, 25, 4, 7
MM, 27, 1, 9
MM, 547, 575, 8
MM, 549, 571, 9
MM, 552, 568, 7
MM, 0, 25, 8
MM, 3, 23, 8
MM, 7, 18, 8
MM, 12, 14, 7
MM, 17, 9, 9
MM, 20, 6, 8
MM, 24, 3, 8
MM, 26, 1, 8
MM, 581, 538, 8
MM, 583, 537, 7
MM, 585, 534, 8
MM, 587, 534, 8
MM, 587, 533, 9
MM, 24, 29, 8
MM, 27, 28, 8
MM, 29, 25, 8
MM, 31, 24, 7
MM, 34, 22, 8
MM, 35, 21, 96
MM, 601, 523, 17
MM, 602, 522, 8
MM, 604, 520, 8
MM, 606, 520, 8
MM, 0, 18, 8
MM, 1, 17, 8
MM, 3, 16, 8
MM, 5, 15, 8
MM, 6, 14, 7
MM, 8, 13, 9
MM, 9, 12, 7
MM, 11, 11, 8
MM, 12, 11, 8
MC, 1, 233
MM, 11, 11, 47
MM, 9, 12, 34
MM, 8, 12, 7
MM, 6, 13, 15
MM, 2, 13, 9
MM, 1, 13, 16
MM, 606, 515, 7
MM, 601, 517, 10
MM, 34, 15, 7
MM, 32, 15, 8
MM, 29, 15, 8
MM, 25, 15, 8
MM, 21, 15, 7
MM, 18, 15, 9
MM, 14, 15, 8
MM, 8, 15, 7
MM, 2, 15, 9
MM, 563, 517, 9
MM, 559, 517, 7
MM, 34, 15, 8
MM, 29, 15, 8
MM, 26, 15, 8
MM, 24, 15, 8
MM, 22, 14, 8
MM, 20, 14, 8
MM, 19, 14, 8
MM, 17, 14, 7
MM, 14, 14, 40
MM, 13, 14, 18
MM, 12, 14, 7
MM, 7, 13, 8
MM, 2, 12, 7
MM, 521, 514, 9
MM, 519, 514, 7
MM, 34, 12, 8
MM, 33, 11, 9
MM, 30, 11, 8
MM, 28, 11, 7
MM, 27, 11, 24
MM, 19, 10, 33
MM, 17, 10, 8
MM, 13, 9, 8
MC, 1, 232
MM, 13, 15, 72
MM, 13, 22, 7
MM, 495, 533, 10
MM, 26, 2, 7
MM, 26, 12, 8
MM, 27, 22, 7
MM, 27, 30, 9
MM, 22, 0, 7
MM, 23, 10, 10
MM, 23, 15, 7
MM, 23, 20, 9
MM, 23, 23, 6
MM, 24, 24, 9
MM, 24, 25, 10
MM, 24, 26, 70
MM, 24, 28, 16
MM, 24, 29, 8
MM, 499, 609, 8
MM, 499, 610, 8
MM, 499, 611, 8
MM, 499, 612, 7
MM, 109, 0, 9
MM, 109, 1, 7
MM, 109, 2, 9
MM, 109, 3, 8
MM, 109, 4, 8
MM, 109, 5, 56
MM, 109, 6, 8
MM, 109, 7, 8
MM, 109, 8, 15
MM, 109, 9, 16
MM, 109, 10, 24
MM, 109, 11, 57
MM, 109, 13, 56
MC, 1, 376
MM, 110, 14, 24
MM, 111, 14, 8
MM, 113, 13, 8
MM, 116, 12, 7
MM, 119, 10, 9
MM, 122, 7, 7
MM, 125, 5, 8
MM, 130, 1, 8
MM, 524, 610, 9
MM, 12, 27, 8
MM, 19, 20, 8
MM, 25, 13, 8
MM, 30, 4, 8
MM, 554, 574, 7
MM, 4, 29, 9
MM, 10, 24, 7
MM, 15, 19, 8
MM, 19, 14, 8
MM, 24, 10, 8
MM, 29, 6, 9
MM, 31, 4, 8
MM, 35, 1, 8
MM, 36, 0, 8
MM, 591, 538, 8
MM, 593, 537, 24
MM, 594, 536, 128
MM, 595, 535, 7
MM, 596, 534, 9
MM, 599, 533, 8
MM, 601, 533, 8
MM, 604, 531, 8
MM, 606, 530, 8
MM, 1, 27, 7
MM, 3, 25, 8
MM, 6, 25, 8
MM, 8, 24, 9
MM, 10, 23, 7
MM, 10, 22, 9
MM, 11, 21, 8
MM, 12, 21, 15
MM, 13, 20, 16
MM, 14, 19, 17
MM, 14, 18, 8
MM, 15, 18, 8
MM, 16, 17, 8
MM, 17, 16, 7
MM, 18, 15, 9
MM, 19, 15, 8
MM, 20, 14, 8
MM, 21, 13, 8
MM, 20, 12, 239
MM, 18, 12, 8
MM, 18, 13, 8
MM, 17, 13, 9
MM, 16, 13, 7
MM, 16, 14, 9
MM, 15, 14, 16
MM, 14, 14, 7
MM, 12, 15, 9
MM, 8, 17, 16
MM, 7, 17, 8
MM, 6, 17, 8
MM, 0, 21, 7
MM, 603, 524, 9
MM, 33, 24, 8
MM, 27, 27, 8
MM, 23, 28, 7
MM, 580, 533, 9
MM, 570, 535, 7
MM, 559, 538, 9
MM, 550, 541, 8
MM, 26, 7, 8
MM, 14, 10, 7
MM, 4, 13, 8
MM, 506, 556, 8
MM, 26, 19, 8
MM, 20, 22, 8
MM, 15, 23, 8
MM, 10, 23, 9
MM, 7, 25, 8
MM, 4, 25, 8
MM, 3, 25, 8
MM, 1, 25, 7
MM, 0, 25, 9
MM, 469, 564, 7
MM, 468, 564, 9
MM, 467, 564, 16
MM, 466, 564, 8
MM, 465, 564, 8
MM, 464, 564, 7
MM, 36, 25, 8
MM, 35, 25, 8
MM, 33, 25, 9
MM, 32, 25, 16
MM, 30, 25, 8
MM, 29, 25, 8
MM, 26, 25, 7
MM, 25, 25, 8
MM, 22, 25, 17
MM, 20, 25, 16
MM, 18, 25, 8
MM, 17, 24, 9
MM, 14, 23, 6
MM, 9, 22, 9
MM, 6, 22, 7
MM, 5, 20, 9
MM, 3, 20, 7
MM, 1, 19, 9
MM, 0, 18, 7
MM, 426, 556, 9
MM, 424, 556, 7
MM, 423, 556, 9
MM, 422, 556, 7
MM, 35, 16, 8
MM, 33, 16, 8
MM, 32, 16, 9
MM, 31, 15, 8
MM, 29, 15, 8
MM, 29, 14, 79
MM, 28, 13, 8
MM, 26, 13, 17
MC, 1, 168
MM, 26, 17, 65
MM, 26, 21, 7
MM, 26, 26, 8
MM, 412, 572, 7
MM, 23, 4, 9
MM, 26, 10, 7
MM, 32, 18, 9
MM, 428, 606, 8
MM, 42, 0, 8
MM, 46, 7, 8
MM, 49, 13, 8
MM, 50, 16, 7
MM, 51, 18, 9
MM, 52, 19, 7
MM, 53, 20, 17
MC, 1, 439
MM, 53, 18, 72
MM, 53, 16, 16
MM, 53, 12, 8
MM, 51, 8, 8
MM, 49, 5, 8
MM, 435, 612, 8
MM, 429, 605, 8
MM, 30, 20, 8
MM, 24, 11, 8
MM, 19, 6, 8
MM, 17, 4, 8
MM, 15, 2, 8
MM, 15, 1, 8
MM, 14, 1, 8
MM, 405, 575, 8
MM, 404, 574, 8
MM, 404, 573, 8
MM, 403, 572, 8
MM, 402, 571, 16
MM, 401, 570, 8
MM, 15, 30, 8
MM, 14, 28, 32
MM, 13, 28, 8
MM, 12, 27, 17
MM, 10, 26, 48
MM, 9, 25, 16
MM, 8, 25, 8
MM, 7, 25, 23
MM, 5, 24, 9
MM, 3, 24, 7
MM, 1, 23, 17
MM, 0, 23, 8
MM, 384, 562, 8
MM, 382, 562, 8
MM, 380, 562, 7
MM, 379, 561, 8
MM, 34, 21, 9
MM, 32, 21, 16
MM, 30, 20, 40
MM, 30, 19, 16
MM, 29, 18, 8
MM, 28, 17, 23
MM, 26, 17, 32
MC, 1, 280
MM, 27, 17, 89
MM, 30, 20, 8
MM, 380, 564, 7
MM, 0, 29, 8
MM, 392, 572, 8
MM, 10, 2, 9
MM, 18, 10, 7
MM, 28, 18, 8
MM, 428, 600, 8
MM, 437, 610, 8
MM, 57, 6, 8
MM, 66, 18, 8
MM, 73, 25, 8
MM, 468, 644, 8
MM, 471, 649, 8
MM, 473, 650, 8
MM, 473, 652, 8
MM, 475, 652, 8
MM, 476, 652, 241
MM, 476, 650, 8
MM, 477, 650, 8
MM, 478, 649, 8
MM, 478, 647, 8
MM, 478, 645, 8
MM, 88, 29, 8
MM, 88, 27, 7
MM, 88, 26, 9
MM, 88, 23, 7
MM, 88, 21, 9
MM, 88, 19, 8
MC, 1, 400
MM, 88, 18, 88
MM, 88, 16, 7
MM, 91, 11, 9
MM, 95, 3, 7
MM, 489, 611, 9
MM, 14, 27, 8
MM, 15, 18, 9
MM, 17, 9, 7
MM, 18, 4, 8
MM, 495, 573, 7
MM, 28, 28, 8
MM, 30, 21, 8
MM, 32, 16, 10
MM, 33, 11, 7
MM, 34, 5, 9
MM, 505, 542, 7
MM, 506, 540, 8
MM, 506, 539, 7
MM, 507, 538, 25
MM, 506, 539, 192
MM, 505, 541, 16
MM, 34, 4, 8
MM, 33, 5, 16
MM, 32, 8, 8
MM, 31, 9, 7
MM, 31, 10, 9
MM, 29, 11, 7
MM, 28, 12, 10
MM, 28, 13, 16
MM, 27, 13, 22
MM, 27, 14, 8
MM, 26, 14, 8
MM, 25, 15, 9
MM, 23, 15, 8
MM, 22, 16, 8
MM, 22, 17, 8
MM, 21, 17, 8
MM, 20, 18, 16
MC, 1, 224
MM, 21, 18, 55
MM, 21, 17, 9
MM, 22, 16, 8
MM, 25, 16, 8
MM, 29, 14, 7
MM, 32, 11, 9
MM, 508, 549, 7
MM, 4, 5, 9
MM, 11, 3, 7
MM, 19, 1, 9
MM, 539, 538, 8
MM, 547, 535, 8
MM, 554, 533, 8
MM, 560, 531, 7
MM, 563, 530, 9
MM, 0, 27, 8
MM, 2, 26, 8
MM, 2, 25, 8
MM, 4, 24, 16
MC, 1, 512
MM, 2, 25, 135
MM, 2, 27, 9
MM, 561, 536, 8
MM, 3, 2, 8
MM, 0, 5, 8
MM, 553, 549, 7
MM, 550, 552, 8
MM, 549, 555, 8
MM, 548, 558, 8
MM, 36, 21, 9
MM, 36, 22, 7
MM, 35, 23, 9
MM, 35, 24, 63
MM, 35, 25, 8
MM, 35, 26, 8
MM, 35, 28, 8
MM, 35, 29, 8
MM, 35, 30, 8
MM, 546, 570, 16
MM, 546, 571, 8
MM, 546, 572, 8
MM, 546, 573, 8
MM, 546, 574, 8
MM, 546, 575, 8
MM, 29, 0, 8
MM, 29, 1, 8
MM, 29, 2, 8
MM, 28, 4, 8
MM, 28, 5, 48
MM, 28, 7, 16
MM, 27, 7, 8
MM, 27, 8, 16
MM, 26, 10, 17
MM, 26, 12, 8
MC, 1, 296
MC, 2, 200
MM, 26, 10, 152
MM, 26, 8, 8
MM, 26, 5, 7
MM, 26, 1, 9
MM, 543, 575, 7
MM, 543, 571, 10
MM, 32, 27, 7
MM, 34, 20, 8
MM, 34, 12, 8
MM, 35, 6, 8
MM, 546, 536, 8
MM, 23, 26, 8
MM, 23, 22, 8
MM, 23, 18, 8
MM, 23, 16, 7
MM, 23, 13, 8
MM, 23, 11, 8
MM, 23, 8, 8
MM, 23, 6, 8
MM, 23, 5, 8
MM, 23, 3, 9
MM, 23, 2, 8
MM, 23, 1, 8
MC, 1, 287
MM, 23, 5, 152
MM, 23, 7, 8
MM, 22, 11, 9
MM, 21, 14, 8
MM, 21, 17, 8
MM, 21, 20, 7
MM, 21, 22, 9
MM, 21, 25, 8
MM, 21, 28, 7
MM, 21, 29, 8
MM, 21, 30, 9
MM, 542, 536, 8
MM, 30, 0, 8
MM, 30, 2, 8
MM, 30, 5, 8
MM, 29, 8, 8
MM, 29, 13, 8
MM, 29, 19, 7
MM, 29, 24, 9
MM, 28, 30, 8
MM, 539, 573, 8
MM, 22, 1, 8
MM, 22, 5, 8
MM, 22, 8, 8
MM, 22, 12, 8
MM, 22, 14, 7
MM, 22, 15, 16
MM, 22, 16, 8
MM, 22, 17, 49
MM, 22, 18, 16
MM, 22, 19, 8
MM, 22, 20, 8
MM, 21, 21, 8
MM, 20, 24, 7
MM, 20, 26, 8
MM, 20, 30, 8
MM, 536, 610, 9
MM, 145, 0, 8
MM, 143, 3, 8
MM, 143, 6, 8
MM, 143, 9, 8
MM, 143, 12, 7
MM, 142, 14, 8
MM, 142, 15, 8
MM, 141, 16, 8
MC, 1, 312
MM, 141, 14, 65
MM, 142, 12, 8
MM, 144, 10, 7
MM, 146, 8, 8
MM, 150, 5, 9
MM, 153, 1, 8
MM, 548, 608, 9
MM, 554, 602, 7
MM, 559, 596, 9
MM, 4, 12, 7
MM, 10, 5, 8
MM, 576, 573, 7
MM, 28, 26, 9
MM, 34, 20, 7
MM, 592, 554, 9
MM, 596, 551, 8
MM, 2, 9, 8
MM, 4, 7, 7
MM, 6, 6, 9
MM, 7, 4, 7
MM, 8, 4, 9
MM, 9, 3, 7
MM, 11, 2, 9
MM, 13, 2, 8
MM, 14, 1, 8
MM, 17, 0, 7
MM, 617, 538, 9
MM, 621, 538, 7
MM, 625, 537, 8
MM, 629, 536, 8
MM, 634, 536, 8
MM, 637, 535, 8
MM, 640, 535, 9
MM, 642, 534, 7
MM, 644, 534, 8
MM, 646, 533, 8
MM, 4, 30, 8
MM, 7, 29, 8
MM, 8, 29, 8
MM, 9, 28, 9
MM, 11, 27, 8
MM, 12, 27, 7
MM, 13, 26, 8
MM, 15, 25, 16
MM, 15, 24, 80
MM, 16, 23, 8
MM, 17, 22, 32
MM, 18, 22, 89
MC, 1, 200
MM, 17, 22, 40
MM, 16, 22, 7
MM, 16, 23, 9
MM, 14, 24, 7
MM, 10, 27, 17
MM, 8, 29, 8
MM, 5, 30, 7
MM, 647, 534, 9
MM, 644, 536, 8
MM, 639, 538, 8
MM, 636, 539, 7
MM, 33, 1, 9
MM, 29, 4, 7
MM, 24, 6, 9
MM, 18, 9, 8
MM, 14, 11, 8
MM, 9, 12, 7
MM, 5, 15, 8
MM, 0, 18, 8
MM, 592, 559, 9
MM, 34, 23, 8
MM, 32, 24, 8
MM, 28, 27, 7
MM, 26, 27, 9
MM, 23, 29, 8
MM, 21, 30, 8
MM, 574, 570, 7
MM, 573, 570, 9
MM, 571, 572, 16
MM, 571, 573, 7
MM, 570, 573, 9
MM, 568, 574, 8
MM, 4, 2, 8
MM, 2, 2, 7
MM, 558, 581, 8
MM, 555, 582, 8
MM, 36, 6, 10
MM, 34, 8, 7
MM, 30, 9, 8
MM, 28, 10, 8
MM, 27, 12, 9
MM, 26, 12, 15
MM, 25, 13, 15
MM, 24, 14, 25
MM, 23, 14, 16
MM, 22, 14, 15
MM, 20, 14, 32
MM, 16, 14, 17
MM, 14, 15, 8
MM, 13, 15, 7
MM, 12, 15, 9
MC, 1, 192
MM, 11, 16, 24
MM, 9, 16, 25
MM, 8, 15, 15
MM, 7, 14, 7
MM, 6, 13, 9
MM, 5, 12, 7
MM, 3, 10, 9
MM, 1, 9, 8
MM, 516, 582, 8
MM, 513, 581, 8
MM, 35, 2, 8
MM, 32, 1, 7
MM, 31, 0, 9
MM, 504, 575, 7
MM, 503, 574, 9
MM, 501, 572, 8
MM, 497, 570, 15
MM, 25, 29, 8
MM, 22, 28, 8
MM, 21, 27, 8
MM, 18, 24, 9
MM, 15, 23, 7
MM, 13, 21, 8
MM, 10, 19, 8
MM, 5, 15, 8
MM, 0, 11, 8
MM, 464, 545, 8
MM, 32, 2, 8
MM, 29, 0, 9
MM, 453, 536, 8
MM, 452, 536, 8
MM, 451, 534, 8
MM, 449, 533, 8
MM, 9, 30, 7
MM, 7, 29, 8
MM, 6, 28, 17
MM, 5, 28, 24
MM, 3, 27, 33
MM, 1, 27, 7
MM, 437, 528, 16
MM, 435, 527, 32
MM, 434, 527, 39
MM, 34, 24, 24
MM, 33, 24, 8
MM, 32, 24, 16
MM, 31, 24, 8
MM, 30, 24, 8
MM, 26, 22, 9
MM, 25, 22, 159
MM, 25, 21, 80
MM, 24, 20, 105
MM, 24, 18, 15
MC, 1, 241
MM, 27, 19, 120
MM, 32, 20, 7
MM, 436, 523, 8
MM, 4, 23, 8
MM, 13, 26, 9
MM, 22, 28, 7
MM, 469, 533, 8
MM, 476, 536, 9
MM, 11, 0, 8
MM, 15, 3, 8
MM, 20, 5, 7
MM, 25, 7, 9
MM, 29, 8, 8
MM, 505, 548, 7
MM, 509, 550, 8
MM, 4, 12, 9
MM, 12, 13, 8
MM, 19, 13, 8
MM, 28, 14, 8
MM, 34, 16, 8
MM, 550, 556, 8
MM, 553, 556, 8
MM, 1, 18, 7
MM, 2, 18, 8
MM, 4, 19, 8
MM, 6, 20, 10
MM, 8, 21, 15
MM, 12, 23, 8
MM, 16, 24, 8
MM, 20, 25, 8
MM, 25, 27, 8
MM, 29, 30, 7
MM, 586, 570, 8
MM, 587, 572, 8
MM, 589, 574, 9
MM, 590, 575, 8
MM, 31, 0, 8
MM, 32, 1, 8
MM, 33, 2, 15
MM, 35, 2, 9
MM, 36, 4, 7
MM, 599, 581, 9
MM, 601, 582, 8
MM, 0, 8, 9
MM, 2, 11, 6
MM, 6, 13, 9
MM, 8, 16, 7
MM, 10, 17, 8
MM, 12, 18, 8
MM, 14, 20, 9
MM, 17, 22, 8
MM, 21, 23, 8
MM, 24, 25, 8
MM, 26, 26, 7
MM, 28, 26, 8
MM, 29, 26, 8
MM, 30, 26, 8
MM, 634, 602, 32
MM, 635, 602, 16
MM, 636, 602, 25
MM, 637, 602, 8
MM, 639, 601, 8
MM, 639, 600, 8
MM, 1, 24, 8
MM, 2, 23, 8
MM, 3, 21, 8
MM, 4, 21, 23
MM, 5, 20, 25
MM, 6, 20, 16
MM, 7, 20, 8
MM, 9, 18, 8
MM, 10, 18, 8
MM, 13, 17, 8
MM, 14, 17, 8
MM, 16, 16, 7
MM, 17, 15, 8
MM, 18, 15, 16
MC, 1, 448
MC, 2, 160
MC, 3, 168
MM, 18, 14, 480
MM, 15, 14, 8
MM, 4, 11, 8
MM, 28, 7, 8
MM, 613, 575, 8
MM, 35, 23, 8
MM, 11, 7, 9
MM, 22, 29, 7
MM, 5, 14, 9
MM, 519, 506, 7
MM, 511, 499, 8
MM, 28, 25, 8
MM, 27, 18, 8
MM, 25, 11, 8
MM, 25, 6, 8
MM, 505, 464, 8
MM, 505, 455, 9
MM, 243, 89, 8
MM, 245, 84, 7
MM, 250, 76, 8
MM, 255, 68, 9
MM, 260, 62, 8
MM, 266, 54, 8
MM, 274, 47, 8
MM, 280, 40, 7
MM, 288, 35, 9
MM, 298, 32, 7
MM, 309, 29, 8
MM, 319, 26, 9
MM, 329, 26, 8
MM, 341, 26, 8
MM, 353, 29, 7
MM, 366, 33, 10
MM, 377, 40, 7
MM, 388, 49, 8
MM, 398, 58, 7
MM, 410, 72, 8
MM, 689, 448, 8
MM, 699, 462, 9
MM, 22, 15, 8
MM, 716, 500, 8
MM, 723, 520, 8
MM, 731, 538, 8
MM, 741, 556, 7
MM, 745, 569, 8
MM, 752, 580, 9
MM, 759, 588, 8
MM, 768, 598, 8
MM, 773, 607, 8
MM, 780, 613, 8
MM, 788, 619, 8
MM, 795, 625, 7
MM, 801, 632, 8
MM, 807, 635, 8
MM, 812, 638, 9
MM, 817, 642, 8
MM, 820, 646, 8
MM, 823, 649, 8
MM, 826, 651, 8
MM, 829, 653, 8
MM, 831, 655, 7
MM, 833, 657, 8
MM, 838, 659, 8
MM, 842, 662, 8
MM, 3, 12, 9
MM, 5, 15, 8
MM, 7, 15, 7
MM, 8, 15, 8
MM, 8, 17, 161
MM, 8, 18, 16
MM, 8, 20, 16
MM, 8, 21, 16
MM, 8, 22, 16
MM, 8, 23, 80
MM, 8, 24, 127
MM, 7, 24, 16
MM, 6, 23, 8
MM, 5, 23, 8
MM, 4, 22, 8
MM, 3, 20, 8
MM, 2, 19, 16
MM, 1, 18, 192
MM, 2, 18, 8
MM, 3, 18, 8
MM, 4, 18, 9
MM, 7, 18, 7
MM, 9, 18, 9
MM, 11, 18, 15
MM, 13, 17, 8
MM, 15, 17, 9
MM, 16, 17, 7
MM, 17, 17, 64
MM, 18, 16, 8
MM, 19, 16, 8
MM, 20, 15, 136
MM, 21, 14, 40
MM, 21, 13, 1273
MM, 20, 12, 7
MM, 16, 9, 9
MM, 7, 3, 8
MM, 845, 649, 8
MM, 839, 645, 7
MM, 834, 640, 9
MM, 827, 634, 9
MM, 820, 627, 7
MM, 809, 615, 7
MM, 788, 596, 10
MM, 765, 575, 7
MM, 736, 543, 8
MM, 20, 12, 7
MM, 30, 13, 9
MM, 648, 452, 7
MM, 366, 78, 9
MM, 354, 69, 7
MM, 345, 62, 9
MM, 341, 58, 8
MM, 336, 53, 8
MM, 332, 48, 8
MM, 329, 43, 8
MM, 327, 40, 7
********************************************************************************
LOGGING TIME: 20161111_185617
CLIENT IP: 10.105.74.162
USERNAME: V.Uday
OS: Windows 8
**********************************Emotional database********************************************************************************
MM, 632, 697, 1477468751037
MM, 630, 690, 8
MM, 627, 684, 8
MM, 627, 679, 8
MM, 627, 673, 8
MM, 627, 669, 8
MM, 627, 666, 8
MM, 627, 662, 8
MM, 627, 658, 9
MM, 627, 653, 7
MM, 627, 646, 8
MM, 627, 639, 8
MM, 627, 631, 8
MM, 627, 622, 8
MM, 627, 614, 8
MM, 24, 30, 8
MM, 24, 19, 8
MM, 24, 10, 8
MM, 627, 575, 9
MM, 30, 25, 7
MM, 31, 15, 8
MM, 32, 4, 8
MM, 23, 30, 8
MM, 24, 19, 8
MM, 26, 10, 8
MM, 30, 0, 8
MM, 639, 494, 8
MM, 643, 483, 8
MM, 1, 10, 8
MM, 4, 1, 8
MM, 650, 458, 8
MM, 654, 449, 8
MM, 393, 86, 9
MM, 397, 78, 7
MM, 402, 71, 8
MM, 406, 63, 8
MM, 409, 56, 8
MM, 412, 53, 8
MM, 415, 48, 8
MM, 418, 45, 9
MM, 419, 41, 7
MM, 420, 39, 9
MM, 421, 38, 8
MM, 422, 35, 7
MM, 423, 33, 8
MM, 425, 30, 8
MM, 426, 27, 8
MM, 428, 25, 9
MM, 430, 19, 24
MM, 430, 16, 7
MM, 431, 14, 8
MM, 432, 12, 8
MM, 432, 10, 8
MM, 432, 8, 9
MM, 432, 5, 8
MM, 432, 3, 8
MM, 432, 0, 8
MM, 696, 355, 7
MM, 696, 353, 8
MM, 696, 350, 8
MM, 695, 346, 8
MM, 694, 344, 8
MM, 694, 341, 9
MM, 693, 337, 7
MM, 691, 335, 10
MM, 691, 333, 7
MM, 691, 332, 8
MM, 690, 328, 7
MM, 689, 327, 8
MM, 688, 325, 9
MM, 686, 324, 8
MM, 686, 323, 8
MM, 684, 321, 7
MM, 683, 320, 9
MM, 682, 319, 8
MM, 680, 318, 7
MM, 679, 317, 8
MM, 679, 316, 9
MM, 677, 315, 8
MM, 677, 314, 16
MM, 676, 313, 16
MM, 675, 313, 159
MM, 673, 316, 17
MM, 672, 320, 8
MM, 670, 327, 7
MM, 669, 334, 9
MM, 667, 344, 8
MM, 663, 356, 7
MM, 399, 15, 8
MM, 399, 39, 8
MM, 402, 73, 8
MM, 25, 7, 8
MM, 29, 14, 8
MM, 0, 29, 8
MM, 683, 623, 9
MM, 690, 676, 7
MM, 618, 693, 1816
MM, 612, 688, 8
MM, 606, 682, 8
MM, 603, 676, 8
MM, 600, 669, 8
MM, 599, 661, 8
MM, 598, 651, 8
MM, 596, 642, 9
MM, 595, 629, 8
MM, 595, 614, 7
MM, 35, 25, 8
MM, 35, 7, 8
MM, 595, 568, 8
MM, 595, 555, 8
MM, 595, 539, 8
MM, 32, 21, 8
MM, 34, 9, 9
MM, 599, 499, 7
MM, 600, 487, 9
MM, 601, 477, 7
MM, 0, 2, 9
MM, 604, 459, 7
MM, 605, 451, 8
MM, 343, 87, 8
MM, 346, 81, 8
MM, 348, 76, 8
MM, 351, 72, 8
MM, 352, 68, 8
MM, 355, 65, 8
MM, 356, 63, 8
MM, 359, 61, 8
MM, 360, 59, 8
MM, 361, 58, 8
MM, 362, 58, 8
MM, 363, 57, 8
MM, 363, 56, 9
MM, 364, 56, 7
MM, 364, 55, 24
MM, 365, 54, 17
MM, 365, 53, 7
MM, 366, 53, 8
MM, 367, 52, 9
MM, 367, 50, 7
MM, 369, 47, 8
MM, 371, 44, 9
MM, 373, 42, 7
MM, 375, 40, 8
MM, 377, 37, 9
MM, 380, 35, 8
MM, 381, 32, 8
MM, 383, 29, 7
MM, 384, 27, 9
MM, 384, 24, 8
MM, 386, 20, 8
MM, 389, 16, 7
MM, 391, 12, 8
MM, 391, 9, 8
MM, 392, 5, 9
MM, 660, 356, 8
MM, 662, 349, 8
MM, 664, 345, 8
MM, 664, 342, 8
MM, 665, 338, 7
MM, 666, 334, 8
MM, 666, 331, 8
MM, 666, 329, 9
MM, 667, 326, 8
MM, 667, 325, 8
MM, 667, 324, 8
MM, 667, 323, 136
MM, 667, 319, 7
MM, 664, 316, 8
MM, 660, 313, 8
MM, 658, 311, 9
MM, 393, 81, 8
MM, 389, 78, 8
MM, 388, 74, 8
MM, 384, 70, 7
MM, 382, 68, 8
MM, 381, 66, 8
MM, 379, 64, 8
MM, 378, 64, 8
MM, 377, 61, 8
MM, 376, 60, 16
MM, 375, 59, 17
MM, 374, 59, 15
MM, 373, 58, 16
MM, 372, 58, 40
MM, 369, 57, 24
MM, 368, 57, 8
MM, 366, 57, 153
MM, 361, 56, 15
MM, 357, 55, 8
MM, 353, 54, 8
MM, 350, 54, 8
MM, 347, 54, 8
MM, 345, 54, 9
MM, 343, 54, 7663
MM, 342, 63, 8
MM, 595, 321, 8
MM, 314, 10, 9
MM, 294, 55, 8
MM, 19, 1, 7
MM, 4, 8, 9
MM, 509, 556, 7
MM, 19, 27, 8
MM, 483, 646, 8
MM, 472, 679, 8
MM, 571, 649, 2380
MM, 571, 647, 317
MM, 574, 643, 7
MM, 578, 637, 9
MM, 583, 627, 8
MM, 589, 615, 7
MM, 598, 603, 8
MM, 5, 16, 8
MM, 15, 2, 8
MM, 633, 558, 8
MM, 11, 1, 8
MM, 17, 19, 8
MM, 29, 5, 9
MM, 0, 27, 7
MM, 8, 9, 8
MM, 704, 458, 8
MM, 449, 85, 8
MM, 458, 71, 8
MM, 466, 60, 8
MM, 473, 49, 9
MM, 824, 31, 1138
MM, 822, 31, 152
MM, 821, 31, 0
MM, 816, 32, 16
MM, 814, 33, 0
MM, 810, 36, 16
MM, 806, 40, 0
MM, 802, 44, 15
MM, 797, 46, 0
MM, 792, 50, 16
MM, 786, 54, 0
MM, 780, 56, 16
MM, 774, 60, 0
MM, 767, 63, 23
MM, 760, 65, 8
MM, 754, 69, 7
MM, 748, 71, 0
MM, 741, 73, 16
MM, 736, 75, 5
MM, 727, 79, 0
MM, 718, 79, 16
MM, 711, 81, 0
MM, 700, 82, 15
MM, 690, 84, 0
MM, 682, 87, 16
MM, 674, 90, 0
MM, 663, 93, 16
MM, 650, 99, 0
MM, 640, 102, 15
MM, 626, 107, 0
MM, 612, 111, 22
MM, 599, 117, 8
MM, 585, 124, 8
MM, 569, 132, 7
MM, 551, 142, 0
MM, 531, 149, 15
MM, 508, 159, 0
MM, 487, 170, 16
MM, 470, 178, 0
MM, 451, 188, 15
MM, 438, 195, 0
MM, 427, 202, 19
MM, 418, 208, 0
MM, 412, 214, 16
MM, 406, 219, 0
MM, 401, 223, 15
MM, 398, 227, 0
MM, 130, 2, 16
MM, 127, 4, 0
MM, 124, 6, 16
MM, 122, 9, 0
MM, 120, 10, 15
MM, 118, 11, 0
MM, 116, 12, 16
MM, 115, 13, 0
MM, 110, 18, 16
MM, 108, 19, 0
MM, 106, 22, 16
MM, 103, 26, 0
MM, 101, 28, 16
MM, 99, 31, 0
MM, 95, 36, 18
MM, 94, 40, 0
MM, 92, 43, 16
MM, 91, 45, 0
MM, 89, 48, 15
MM, 89, 51, 0
MM, 88, 54, 17
MM, 88, 56, 8
MM, 88, 57, 8
MM, 88, 58, 8
MM, 88, 60, 4
MM, 88, 61, 134
MM, 89, 61, 16
MM, 91, 59, 0
MM, 92, 58, 22
MM, 94, 57, 7
MM, 97, 55, 1
MM, 99, 53, 16
MM, 102, 53, 0
MM, 104, 51, 16
MM, 106, 51, 0
MM, 106, 49, 15
MM, 108, 48, 0
MM, 109, 48, 16
MM, 110, 47, 0
MM, 110, 45, 16
MM, 111, 45, 544
MM, 112, 45, 32
MM, 115, 45, 0
MM, 118, 46, 15
MM, 125, 48, 0
MM, 133, 49, 16
MM, 140, 53, 0
MM, 149, 56, 16
MM, 155, 62, 0
MM, 161, 68, 15
MM, 168, 74, 0
MM, 172, 81, 17
MM, 442, 315, 0
MM, 446, 323, 16
MM, 448, 331, 0
MM, 451, 339, 17
MM, 452, 349, 0
MM, 190, 2, 16
MM, 190, 14, 0
MM, 191, 28, 15
MM, 191, 41, 0
MM, 191, 59, 16
MM, 191, 78, 0
MM, 455, 460, 17
MM, 16, 17, 0
MM, 16, 7, 15
MM, 28, 0, 0
MM, 455, 572, 16
MM, 455, 607, 0
MM, 65, 26, 17
MM, 455, 667, 8
MM, 467, 535, 1248
MM, 18, 5, 15
MM, 7, 14, 0
MM, 433, 457, 16
MM, 159, 80, 0
MM, 152, 60, 16
MM, 145, 38, 0
MM, 138, 18, 15
MM, 134, 7, 0
MM, 395, 352, 16
MM, 392, 340, 0
MM, 391, 329, 15
MM, 391, 318, 0
MM, 126, 82, 16
MM, 125, 75, 0
MM, 125, 67, 16
MM, 125, 60, 0
MM, 125, 52, 20
MM, 126, 47, 3
MM, 128, 41, 0
MM, 130, 35, 16
MM, 131, 31, 0
MM, 133, 29, 16
MM, 134, 27, 0
MM, 135, 26, 15
MM, 135, 24, 0
MM, 137, 24, 16
MM, 138, 22, 0
MM, 139, 21, 15
MM, 140, 20, 0
MM, 141, 22, 259
MM, 141, 23, 28
MM, 141, 26, 9
MM, 141, 27, 6
MM, 142, 29, 7
MM, 143, 30, 0
MM, 143, 32, 16
MM, 143, 33, 15
MM, 143, 35, 96781
MM, 144, 39, 0
MM, 146, 47, 16
MM, 151, 58, 0
MM, 153, 70, 15
MM, 155, 82, 0
MM, 421, 320, 22
MM, 423, 331, 8
MM, 424, 341, 8
MM, 426, 352, 8
MM, 163, 5, 8
MM, 164, 13, 5
MM, 165, 21, 0
MM, 165, 28, 16
MM, 165, 36, 0
MM, 165, 45, 16
MM, 165, 53, 0
MM, 165, 58, 15
MM, 165, 65, 0
MM, 165, 72, 20
MM, 165, 75, 8
MM, 165, 78, 9
MM, 165, 80, 8
MM, 165, 82, 7
MM, 165, 83, 8
MM, 165, 85, 9
MM, 165, 86, 8
MM, 165, 87, 7
MM, 165, 89, 0
MM, 164, 89, 10
MM, 428, 447, 0
MM, 428, 451, 16
MM, 427, 451, 0
MM, 426, 453, 17
MM, 426, 454, 0
MM, 423, 457, 16
MM, 421, 459, 0
MM, 420, 461, 16
MM, 418, 463, 0
MM, 25, 1, 15
MM, 24, 2, 0
MM, 24, 4, 16
MM, 22, 9, 0
MM, 22, 12, 16
MM, 21, 15, 0
MM, 20, 20, 15
MM, 19, 24, 0
MM, 19, 27, 16
MM, 410, 496, 15
MM, 410, 501, 0
MM, 13, 3, 16
MM, 13, 5, 0
MM, 13, 9, 16
MM, 14, 11, 0
MM, 14, 12, 15
MM, 15, 13, 49
MM, 16, 14, 9
MM, 20, 16, 6
MM, 28, 17, 0
MM, 437, 523, 16
MM, 10, 23, 0
MM, 21, 26, 16
MM, 33, 27, 0
MM, 479, 530, 15
MM, 4, 30, 0
MM, 10, 30, 19
MM, 14, 30, 7
MM, 16, 30, 4
MM, 18, 30, 0
MM, 19, 30, 16
MM, 21, 30, 0
MM, 20, 30, 86
MM, 17, 30, 0
MM, 493, 536, 16
MM, 16, 1, 0
MM, 4, 8, 15
MM, 36, 17, 0
MM, 22, 27, 23
MM, 3, 0, 0
MM, 34, 11, 16
MM, 19, 23, 0
MM, 9, 30, 15
MM, 391, 612, 0
MM, 384, 616, 16
MM, 380, 619, 0
MM, 377, 619, 17
MM, 376, 619, 94
MM, 377, 617, 16
MM, 378, 615, 16
MM, 379, 614, 0
MM, 380, 613, 15
MM, 382, 610, 0
MM, 384, 609, 16
MM, 387, 606, 0
MM, 0, 28, 16
MM, 5, 23, 0
MM, 10, 18, 15
MM, 16, 12, 0
MM, 21, 7, 16
MM, 27, 2, 0
MM, 425, 572, 15
MM, 2, 30, 0
MM, 8, 26, 16
MM, 13, 21, 0
MM, 18, 16, 22
MM, 23, 12, 7
MM, 27, 9, 9
MM, 32, 4, 8
MM, 464, 540, 7
MM, 468, 536, 2
MM, 469, 534, 0
MM, 31, 30, 16
MM, 32, 28, 0
MM, 32, 27, 15
MM, 33, 25, 0
MM, 34, 25, 16
MM, 34, 24, 47
MM, 34, 23, 0
MM, 34, 22, 16
MM, 34, 20, 0
MM, 35, 17, 15
MM, 36, 14, 0
MM, 477, 512, 16
MM, 477, 510, 0
MM, 477, 507, 16
MM, 478, 505, 0
MM, 478, 504, 17
MM, 478, 503, 82
MM, 477, 503, 16
MM, 476, 505, 0
MM, 32, 5, 15
MM, 30, 8, 0
MM, 27, 10, 16
MM, 22, 13, 0
MM, 20, 15, 16
MM, 19, 16, 16
MM, 19, 17, 15
MM, 17, 18, 0
MM, 17, 19, 16
MM, 16, 19, 266
MM, 16, 18, 0
MM, 16, 16, 15
MM, 15, 15, 24
MM, 14, 15, 24
MC, 1, 650
MM, 13, 15, 204
MM, 9, 14, 17
MM, 5, 12, 8
MM, 4, 12, 8
MM, 3, 12, 8
MM, 437, 513, 8
MM, 435, 513, 7
MM, 35, 11, 0
MM, 33, 11, 16
MM, 31, 11, 126
MM, 28, 10, 16
MM, 26, 9, 15
MM, 25, 9, 0
MM, 23, 9, 16
MM, 19, 9, 0
MM, 18, 9, 21
MM, 17, 9, 3
MM, 16, 9, 0
MM, 14, 9, 15
MC, 1, 203
MM, 17, 10, 78
MM, 26, 12, 16
MM, 437, 516, 0
MM, 13, 17, 20
MM, 32, 24, 2
MM, 6, 29, 0
MM, 501, 533, 16
MM, 517, 538, 0
MM, 17, 3, 16
MM, 31, 6, 0
MM, 552, 547, 15
MM, 10, 9, 16
MM, 20, 9, 8
MM, 28, 9, 7
MM, 34, 9, 8
MM, 595, 548, 8
MM, 4, 9, 9
MM, 8, 9, 0
MM, 12, 9, 15
MM, 17, 9, 0
MM, 21, 9, 16
MM, 27, 9, 0
MM, 631, 549, 16
MM, 1, 12, 0
MM, 5, 13, 15
MM, 8, 14, 0
MM, 12, 14, 17
MM, 17, 15, 0
MM, 19, 16, 16
MM, 20, 17, 0
MM, 21, 17, 62
MM, 22, 17, 0
MM, 24, 17, 19
MM, 26, 18, 6
MM, 30, 20, 0
MM, 33, 21, 15
MM, 673, 560, 0
MM, 676, 561, 16
MM, 0, 24, 0
MM, 2, 24, 16
MM, 4, 24, 0
MM, 5, 24, 31
MM, 7, 24, 35
MM, 8, 24, 16
MM, 9, 24, 0
MM, 10, 22, 16
MM, 11, 22, 0
MM, 12, 21, 15
MM, 13, 20, 0
MM, 14, 19, 18
MM, 15, 18, 8
MM, 16, 17, 14
MM, 17, 17, 0
MC, 1, 262
MM, 15, 17, 32
MM, 13, 17, 0
MM, 8, 18, 16
MM, 1, 18, 0
MM, 673, 558, 16
MM, 28, 20, 0
MM, 16, 20, 16
MM, 3, 20, 0
MM, 27, 20, 16
MM, 13, 20, 0
MM, 594, 559, 15
MM, 26, 20, 0
MM, 12, 20, 16
MM, 552, 559, 0
MM, 30, 20, 15
MM, 18, 20, 0
MM, 9, 20, 21
MM, 0, 20, 4
MM, 31, 20, 0
MM, 25, 20, 16
MM, 19, 20, 0
MM, 14, 21, 15
MM, 8, 22, 0
MM, 1, 23, 21
MM, 466, 562, 0
MM, 35, 23, 11
MM, 29, 23, 0
MM, 24, 23, 21
MM, 17, 23, 0
MM, 13, 23, 12
MM, 9, 23, 0
MM, 2, 22, 16
MM, 426, 560, 0
MM, 423, 560, 21
MM, 33, 20, 4
MM, 30, 20, 0
MM, 25, 20, 15
MM, 22, 20, 0
MM, 17, 20, 16
MM, 384, 555, 44
MM, 380, 555, 9
MM, 379, 555, 17
MM, 34, 16, 0
MM, 33, 16, 16
MM, 30, 16, 15
MM, 29, 15, 0
MM, 28, 15, 16
MM, 26, 15, 16
MM, 25, 14, 0
MM, 23, 14, 15
MM, 21, 13, 0
MM, 19, 13, 16
MC, 1, 250
MM, 17, 13, 100
MM, 16, 14, 16
MM, 15, 17, 0
MM, 14, 23, 16
MM, 13, 26, 0
MM, 356, 571, 15
MM, 356, 574, 0
MM, 5, 1, 16
MM, 5, 5, 0
MM, 5, 8, 16
MM, 5, 9, 0
MM, 5, 11, 15
MC, 1, 280
MM, 5, 13, 63
MM, 6, 12, 16
MM, 8, 12, 0
MM, 15, 11, 15
MM, 27, 11, 0
MM, 388, 587, 16
MM, 12, 10, 0
MM, 31, 9, 23
MM, 6, 7, 8
MM, 23, 4, 8
MM, 473, 578, 8
MM, 486, 574, 8
MM, 497, 571, 7
MM, 505, 569, 7
MM, 0, 27, 0
MM, 4, 25, 15
MM, 7, 22, 0
MM, 10, 20, 16
MM, 12, 18, 0
MM, 15, 16, 16
MM, 17, 14, 0
MM, 21, 13, 18
MM, 25, 10, 0
MM, 30, 10, 15
MM, 34, 9, 0
MM, 551, 546, 16
MM, 4, 6, 0
MM, 8, 5, 17
MM, 11, 5, 0
MM, 15, 4, 16
MM, 18, 3, 0
MM, 21, 3, 16
MM, 23, 3, 0
MM, 26, 3, 15
MM, 29, 2, 0
MM, 31, 2, 17
MM, 34, 2, 1
MM, 592, 540, 16
MM, 594, 540, 0
MM, 594, 539, 15
MM, 595, 538, 0
MM, 596, 538, 16
MM, 597, 538, 0
MM, 599, 537, 32
MM, 599, 536, 16
MM, 600, 536, 0
MM, 601, 536, 17
MM, 602, 535, 8
MM, 604, 534, 4
MM, 605, 533, 20
MM, 606, 532, 4
MM, 0, 29, 0
MM, 1, 29, 16
MM, 1, 28, 0
MM, 2, 28, 16
MM, 3, 26, 0
MM, 6, 25, 19
MM, 7, 22, 9
MM, 9, 19, 7
MM, 10, 15, 8
MM, 12, 13, 2
MM, 13, 11, 0
MM, 13, 10, 23
MM, 14, 9, 7
MM, 14, 8, 0
MC, 1, 218
MM, 12, 10, 47
MM, 10, 12, 0
MM, 7, 16, 16
MM, 7, 18, 16
MM, 4, 22, 15
MM, 3, 25, 0
MM, 2, 27, 16
MM, 0, 30, 8
MM, 607, 534, 8
MM, 605, 537, 8
MM, 6, 1, 8
MM, 5, 4, 8
MM, 2, 8, 0
MM, 1, 11, 16
MM, 0, 14, 0
MM, 593, 557, 15
MM, 36, 21, 0
MM, 34, 24, 16
MM, 32, 27, 0
MM, 31, 30, 15
MM, 582, 572, 0
MM, 581, 575, 17
MM, 580, 575, 0
MM, 19, 0, 15
MM, 19, 1, 0
MM, 18, 2, 131
MM, 18, 3, 16
MM, 17, 4, 7
MM, 16, 5, 0
MM, 16, 6, 16
MM, 15, 6, 0
MM, 14, 8, 16
MM, 13, 8, 0
MM, 12, 9, 15
MM, 11, 10, 0
MM, 10, 10, 17
MM, 10, 11, 8
MM, 9, 11, 1
MM, 7, 11, 15
MM, 4, 11, 0
MM, 2, 11, 16
MM, 1, 11, 0
MM, 0, 11, 16
MM, 558, 587, 0
MM, 554, 587, 15
MM, 36, 11, 0
MM, 35, 11, 16
MM, 34, 11, 16
MM, 33, 11, 0
MM, 30, 11, 15
MM, 28, 11, 0
MM, 27, 11, 32
MM, 26, 11, 62
MC, 1, 197
MM, 25, 11, 32
MM, 24, 12, 0
MM, 23, 13, 31
MM, 22, 13, 0
MM, 20, 12, 16
MM, 19, 12, 16
MM, 18, 11, 8
MM, 17, 10, 8
MM, 15, 7, 7
MM, 14, 5, 0
MM, 13, 5, 16
MM, 13, 4, 15
MM, 13, 3, 16
MM, 13, 2, 23
MM, 13, 1, 10
MM, 530, 575, 15
MM, 530, 573, 0
MM, 530, 572, 16
MM, 530, 570, 0
MM, 19, 28, 16
MM, 19, 27, 0
MM, 19, 25, 15
MM, 19, 24, 0
MM, 19, 22, 16
MM, 20, 22, 0
MM, 20, 21, 20
MC, 1, 281
MM, 20, 20, 98
MM, 19, 20, 0
MM, 19, 22, 16
MM, 18, 25, 0
MM, 17, 29, 16
MM, 526, 573, 0
MM, 8, 1, 15
MM, 7, 7, 0
MM, 7, 12, 21
MM, 5, 14, 3
MM, 4, 17, 0
MM, 4, 20, 16
MM, 4, 23, 0
MM, 4, 24, 16
MM, 4, 25, 15
MM, 4, 26, 16
MM, 4, 27, 15
MM, 4, 28, 0
MM, 521, 608, 32
MM, 521, 610, 0
MM, 519, 612, 15
MM, 128, 1, 9
MM, 127, 5, 8
MM, 126, 9, 3
MM, 124, 11, 0
MM, 123, 12, 16
MM, 123, 13, 0
MM, 122, 14, 15
MM, 122, 15, 0
MM, 121, 16, 16
MC, 1, 270
MM, 125, 13, 63
MM, 131, 8, 6
MM, 137, 3, 0
MM, 534, 609, 16
MM, 25, 27, 0
MM, 31, 21, 16
MM, 556, 590, 0
MM, 7, 8, 15
MM, 16, 3, 0
MM, 24, 0, 20
MM, 591, 572, 8
MM, 596, 569, 8
MM, 3, 29, 4
MM, 8, 27, 0
MM, 11, 25, 15
MM, 14, 24, 0
MM, 17, 22, 16
MM, 21, 20, 0
MM, 23, 18, 20
MM, 25, 16, 0
MM, 28, 14, 16
MM, 30, 13, 0
MM, 32, 11, 13
MM, 33, 10, 0
MM, 631, 547, 16
MM, 633, 547, 0
MM, 635, 545, 15
MM, 636, 543, 0
MM, 2, 2, 16
MM, 5, 0, 0
MM, 646, 537, 16
MM, 650, 534, 0
MM, 653, 533, 15
MM, 10, 29, 0
MM, 12, 28, 16
MM, 13, 27, 0
MM, 13, 26, 16
MM, 14, 25, 0
MM, 15, 25, 26
MM, 15, 24, 15
MM, 16, 24, 16
MM, 16, 23, 0
MM, 17, 23, 15
MM, 17, 22, 0
MM, 18, 21, 16
MM, 19, 20, 0
MM, 19, 19, 16
MM, 21, 17, 0
MM, 21, 15, 15
MM, 22, 13, 0
MM, 23, 13, 17
MM, 23, 12, 31
MC, 1, 163
MM, 22, 13, 45
MM, 20, 13, 0
MM, 16, 18, 16
MM, 12, 20, 0
MM, 8, 23, 15
MM, 2, 27, 16
MM, 641, 533, 0
MM, 634, 537, 15
MM, 29, 2, 8
MM, 23, 7, 8
MM, 18, 12, 9
MM, 12, 16, 8
MM, 7, 20, 8
MM, 4, 24, 1
MM, 0, 26, 0
MM, 595, 567, 16
MM, 594, 569, 0
MM, 592, 570, 15
MM, 592, 571, 16
MM, 591, 572, 0
MM, 590, 572, 15
MM, 590, 573, 9
MM, 589, 573, 8
MM, 589, 574, 5
MM, 587, 575, 0
MM, 586, 575, 16
MM, 25, 0, 0
MM, 24, 1, 15
MM, 24, 2, 0
MM, 23, 2, 16
MM, 19, 4, 0
MM, 19, 6, 16
MM, 17, 7, 0
MM, 15, 8, 24
MM, 14, 8, 0
MM, 13, 9, 15
MM, 11, 9, 0
MM, 10, 9, 16
MM, 3, 9, 32
MM, 1, 9, 16
MM, 0, 9, 0
MM, 559, 585, 20
MM, 555, 585, 9
MM, 35, 9, 7
MM, 34, 9, 8
MM, 32, 9, 0
MM, 29, 9, 16
MC, 1, 349
MM, 28, 9, 48
MM, 24, 9, 19
MM, 21, 9, 0
MM, 17, 8, 13
MM, 10, 6, 0
MM, 2, 4, 16
MM, 512, 576, 0
MM, 502, 571, 15
MM, 23, 30, 0
MM, 17, 26, 20
MM, 8, 22, 1
MM, 4, 21, 0
MM, 469, 557, 16
MM, 36, 16, 16
MM, 33, 14, 0
MM, 29, 12, 15
MM, 26, 10, 0
MM, 22, 9, 16
MM, 19, 9, 0
MM, 17, 7, 16
MM, 12, 6, 0
MM, 9, 3, 17
MM, 4, 1, 5
MM, 2, 0, 0
MM, 426, 537, 15
MM, 423, 535, 0
MM, 418, 534, 16
MM, 18, 29, 0
MM, 15, 29, 16
MM, 11, 27, 0
MM, 9, 26, 15
MM, 6, 25, 0
MM, 4, 24, 20
MM, 2, 22, 8
MM, 1, 22, 12
MM, 1, 20, 130
MM, 2, 19, 16
MM, 2, 18, 16
MM, 3, 18, 0
MM, 4, 17, 15
MM, 5, 16, 16
MM, 6, 16, 64
MM, 7, 15, 15
MC, 1, 223
MM, 8, 14, 134
MM, 9, 14, 16
MM, 9, 15, 7
MM, 12, 16, 0
MM, 17, 19, 15
MM, 24, 22, 0
MM, 30, 25, 16
MM, 433, 530, 0
MM, 441, 533, 16
MM, 451, 536, 0
MM, 34, 0, 17
MM, 468, 541, 9
MM, 5, 4, 8
MM, 12, 7, 7
MM, 17, 8, 9
MM, 23, 10, 6
MM, 26, 12, 0
MM, 31, 14, 16
MM, 34, 15, 0
MM, 507, 555, 15
MM, 0, 19, 0
MM, 5, 22, 16
MM, 10, 23, 0
MM, 19, 27, 15
MM, 24, 29, 0
MM, 543, 571, 19
MM, 550, 574, 0
MM, 556, 577, 15
MM, 559, 580, 0
MM, 4, 5, 15
MM, 7, 8, 0
MM, 10, 8, 16
MM, 13, 8, 0
MM, 15, 9, 16
MM, 18, 11, 0
MM, 21, 11, 15
MM, 23, 11, 0
MM, 27, 11, 16
MM, 29, 11, 0
MM, 32, 11, 15
MM, 34, 12, 0
MM, 597, 588, 16
MM, 600, 588, 0
MM, 602, 588, 16
MM, 1, 12, 0
MM, 2, 12, 15
MM, 3, 12, 0
MM, 4, 12, 22
MM, 5, 12, 101
MM, 6, 12, 141
MM, 9, 12, 15
MM, 10, 13, 0
MM, 12, 14, 16
MM, 14, 15, 0
MM, 16, 15, 15
MM, 17, 16, 16
MM, 22, 18, 0
MM, 24, 19, 16
MM, 25, 20, 0
MM, 26, 20, 16
MM, 27, 20, 133
MM, 28, 20, 16
MM, 29, 19, 15
MM, 29, 18, 0
MM, 634, 594, 16
MM, 635, 592, 0
MM, 638, 591, 20
MM, 1, 14, 7
MM, 2, 13, 2
MM, 4, 13, 0
MM, 5, 12, 62
MM, 6, 12, 48
MM, 7, 12, 113
MM, 8, 12, 15
MM, 10, 11, 0
MM, 12, 11, 16
MM, 14, 11, 9
MM, 15, 11, 8
MM, 16, 11, 7
MM, 17, 11, 24
MC, 1, 884
MC, 2, 180
MM, 16, 11, 194
MM, 12, 14, 15
MM, 8, 15, 0
MM, 4, 16, 16
MM, 0, 17, 16
MM, 28, 18, 0
MM, 20, 21, 16
MM, 13, 23, 7
MM, 3, 27, 8
MM, 597, 605, 8
MM, 587, 609, 0
MM, 575, 611, 16
MM, 561, 616, 0
MM, 160, 6, 16
MM, 148, 9, 0
MM, 138, 13, 15
MM, 127, 15, 0
MM, 119, 20, 16
MM, 110, 24, 0
MM, 102, 29, 15
MM, 485, 645, 0
MM, 480, 648, 17
MM, 475, 650, 0
MM, 473, 652, 16
MM, 471, 653, 0
MM, 469, 653, 16
MM, 468, 654, 0
MM, 468, 653, 180
MM, 468, 651, 16
MM, 468, 647, 0
MM, 78, 30, 15
MM, 78, 26, 0
MM, 78, 22, 20
MM, 80, 18, 0
MM, 80, 15, 15
MM, 80, 12, 0
MM, 81, 11, 15
MM, 82, 9, 1163
MM, 80, 6, 16
MM, 79, 1, 0
MM, 468, 608, 16
MM, 30, 27, 0
MM, 27, 21, 15
MM, 22, 11, 0
MM, 451, 575, 16
MM, 19, 26, 0
MM, 15, 20, 18
MM, 11, 13, 0
MM, 10, 10, 14
MM, 10, 7, 0
MM, 9, 5, 15
MM, 9, 4, 0
MM, 9, 2, 28
MM, 9, 1, 17
MM, 436, 538, 15
MM, 436, 537, 16
MM, 436, 535, 0
MM, 436, 534, 16
MM, 436, 533, 15
MM, 436, 532, 9
MM, 436, 531, 7
MM, 436, 530, 2
MM, 436, 529, 0
MM, 435, 528, 15
MM, 435, 527, 143
MM, 435, 526, 16
MM, 435, 525, 0
MM, 435, 524, 47
MM, 436, 523, 16
MM, 437, 522, 0
MM, 0, 20, 31
MM, 1, 20, 0
MM, 3, 20, 16
MM, 7, 20, 0
MM, 10, 20, 15
MM, 33, 21, 49
MM, 34, 21, 0
MM, 35, 21, 16
MM, 36, 21, 0
MM, 477, 523, 16
MM, 478, 523, 15
MM, 480, 523, 19
MM, 481, 523, 16
MM, 1, 21, 15
MM, 2, 20, 16
MM, 4, 19, 15
MM, 5, 18, 16
MM, 6, 17, 75
MM, 7, 16, 8
MM, 8, 15, 32
MM, 8, 14, 62
MM, 9, 13, 218
MM, 10, 13, 15
MC, 1, 260
MM, 12, 13, 73
MM, 12, 14, 0
MM, 17, 17, 16
MM, 24, 23, 0
MM, 31, 28, 15
MM, 523, 535, 0
MM, 22, 1, 20
MM, 33, 5, 8
MM, 0, 8, 9
MM, 8, 9, 7
MM, 15, 11, 0
MM, 17, 11, 16
MC, 1, 436
MM, 19, 10, 81
MM, 23, 9, 0
MM, 30, 7, 16
MM, 592, 544, 0
MM, 3, 3, 16
MM, 13, 0, 0
MM, 617, 537, 15
MM, 623, 535, 0
MM, 626, 534, 16
MM, 629, 533, 0
MM, 24, 30, 16
MM, 25, 29, 0
MM, 27, 29, 16
MM, 27, 28, 16
MM, 28, 28, 15
MM, 29, 27, 22
MM, 30, 27, 8
MM, 638, 529, 24
MM, 639, 529, 8
MM, 640, 528, 7
MM, 641, 528, 9
MM, 642, 528, 7
MM, 643, 528, 8
MM, 0, 25, 2
MM, 1, 24, 0
MM, 2, 24, 16
MM, 3, 23, 47
MM, 4, 23, 118
MM, 5, 22, 15
MM, 5, 21, 0
MM, 5, 20, 16
MM, 6, 19, 80
MC, 1, 180
MM, 6, 18, 22
MM, 5, 18, 16
MM, 5, 19, 16
MM, 3, 19, 0
MM, 1, 20, 15
MM, 1, 21, 0
MM, 641, 524, 17
MM, 639, 525, 8
MM, 30, 24, 8
MM, 27, 25, 8
MM, 24, 25, 8
MM, 20, 25, 8
MM, 15, 25, 0
MM, 11, 25, 16
MM, 5, 25, 0
MM, 0, 25, 15
MM, 601, 527, 0
MM, 33, 25, 16
MM, 28, 25, 0
MM, 25, 24, 16
MM, 23, 24, 0
MM, 21, 24, 17
MM, 20, 24, 8
MM, 18, 24, 61
MM, 16, 23, 31
MM, 14, 22, 0
MM, 13, 21, 15
MM, 12, 20, 0
MM, 10, 19, 111
MC, 1, 94
MM, 10, 18, 56
MM, 9, 18, 16
MM, 9, 19, 0
MM, 7, 19, 15
MM, 5, 20, 0
MM, 3, 21, 16
MM, 562, 525, 16
MM, 561, 526, 0
MM, 560, 527, 15
MM, 559, 527, 0
MM, 31, 27, 16
MM, 30, 29, 0
MM, 29, 29, 15
MM, 27, 29, 0
MM, 27, 30, 16
MM, 548, 533, 0
MM, 548, 534, 16
MM, 547, 534, 0
MM, 546, 535, 15
MM, 545, 535, 0
MM, 30, 0, 16
MM, 28, 0, 0
MM, 25, 2, 16
MM, 23, 3, 0
MM, 22, 5, 15
MM, 21, 6, 16
MM, 19, 7, 16
MM, 19, 8, 0
MC, 1, 233
MM, 19, 9, 47
MM, 21, 9, 15
MM, 25, 9, 16
MM, 29, 9, 0
MM, 36, 9, 16
MM, 0, 9, 0
MM, 3, 9, 15
MM, 8, 9, 0
MM, 11, 9, 17
MM, 12, 9, 0
MM, 13, 9, 16
MM, 14, 9, 15
MM, 15, 9, 16
MM, 16, 9, 40
MM, 17, 9, 8
MM, 18, 9, 8
MM, 18, 8, 83
MC, 1, 94
MM, 18, 9, 86
MM, 17, 12, 0
MM, 15, 13, 16
MM, 13, 16, 0
MM, 11, 19, 16
MM, 8, 24, 0
MM, 5, 30, 15
MM, 556, 576, 0
MM, 36, 9, 16
MM, 33, 13, 0
MM, 30, 17, 16
MM, 29, 20, 0
MM, 26, 21, 16
MM, 26, 23, 0
MM, 25, 24, 32
MM, 24, 24, 33
MM, 23, 24, 16
MM, 22, 25, 0
MM, 21, 26, 15
MM, 21, 27, 0
MM, 19, 28, 18
MM, 18, 28, 0
MM, 17, 29, 15
MM, 17, 30, 16
MM, 533, 607, 62
MM, 532, 608, 16
MM, 531, 609, 16
MM, 531, 610, 0
MM, 529, 612, 18
MM, 138, 0, 9
MM, 137, 2, 8
MM, 137, 3, 8
MM, 137, 4, 6
MM, 135, 5, 0
MM, 135, 6, 16
MM, 135, 7, 0
MC, 1, 435
MM, 135, 8, 93
MM, 136, 6, 16
MM, 137, 3, 16
MM, 139, 0, 0
MM, 531, 611, 15
MM, 533, 608, 0
MM, 18, 30, 19
MM, 19, 29, 8
MM, 21, 26, 8
MM, 22, 25, 8
MM, 22, 23, 8
MM, 24, 22, 7
MM, 24, 20, 2
MC, 1, 229
MM, 25, 20, 63
MM, 27, 19, 16
MM, 30, 15, 15
MM, 554, 586, 0
MM, 1, 3, 16
MM, 570, 573, 0
MM, 24, 27, 16
MM, 33, 21, 0
MM, 0, 13, 19
MM, 7, 7, 9
MM, 16, 2, 7
MM, 619, 537, 8
MM, 627, 534, 1
MM, 23, 30, 16
MM, 27, 27, 0
MM, 28, 26, 15
MM, 30, 23, 0
MM, 638, 525, 16
MM, 639, 523, 0
MM, 640, 523, 179
MM, 640, 522, 17
MM, 641, 522, 15
MM, 643, 520, 0
MM, 1, 18, 16
MM, 1, 17, 16
MM, 2, 17, 0
MM, 2, 15, 16
MM, 4, 15, 0
MC, 1, 292
MM, 3, 15, 141
MM, 643, 518, 16
MM, 641, 519, 0
MM, 30, 17, 21
MM, 26, 19, 8
MM, 20, 20, 8
MM, 13, 21, 8
MM, 4, 21, 7
MM, 601, 523, 3
MM, 29, 21, 0
MM, 21, 21, 16
MM, 16, 21, 0
MM, 11, 21, 16
MM, 6, 21, 0
MM, 3, 21, 15
MM, 2, 21, 0
MM, 1, 21, 78
MM, 0, 21, 16
MM, 563, 523, 0
MM, 562, 523, 16
MM, 561, 523, 15
MM, 560, 523, 17
MM, 558, 523, 17
MM, 34, 21, 15
MM, 33, 20, 8
MM, 31, 20, 8
MM, 29, 20, 2
MM, 25, 17, 0
MM, 20, 15, 16
MM, 17, 15, 0
MM, 15, 15, 15
MM, 13, 15, 0
MM, 12, 15, 16
MM, 10, 14, 16
MM, 8, 14, 172
MM, 2, 14, 16
MM, 520, 516, 16
MM, 34, 14, 0
MM, 30, 14, 15
MM, 28, 14, 0
MM, 25, 14, 21
MM, 23, 14, 0
MC, 1, 391
MM, 22, 14, 62
MM, 21, 16, 0
MM, 21, 21, 16
MM, 20, 28, 0
MM, 32, 0, 15
MM, 32, 9, 0
MM, 32, 19, 16
MM, 31, 27, 0
MM, 501, 575, 16
MM, 26, 6, 0
MM, 27, 12, 15
MM, 28, 15, 0
MM, 29, 17, 16
MM, 29, 18, 94
MM, 29, 19, 17
MM, 29, 24, 16
MM, 29, 26, 0
MM, 29, 27, 16
MM, 29, 28, 0
MM, 508, 612, 15
MM, 120, 3, 0
MM, 121, 6, 16
MM, 121, 7, 62
MM, 121, 8, 16
MM, 121, 9, 17
MM, 122, 11, 0
MM, 122, 13, 15
MM, 122, 14, 16
MM, 122, 15, 0
MM, 122, 16, 16
MM, 123, 18, 0
MM, 123, 19, 32
MC, 1, 263
MM, 123, 21, 33
MM, 123, 20, 6
MM, 125, 19, 18
MM, 129, 16, 0
MM, 134, 12, 14
MM, 140, 6, 0
MM, 538, 611, 16
MM, 34, 29, 0
MM, 2, 24, 19
MM, 13, 18, 8
MM, 25, 13, 3
MM, 35, 7, 0
MM, 6, 4, 16
MM, 18, 1, 0
MM, 632, 572, 16
MM, 3, 29, 0
MM, 12, 25, 20
MM, 20, 20, 0
MM, 26, 16, 12
MM, 34, 12, 0
MM, 677, 547, 16
MM, 3, 3, 0
MM, 686, 538, 15
MM, 691, 538, 0
MM, 694, 535, 16
MM, 696, 534, 0
MM, 698, 534, 16
MM, 12, 30, 0
MM, 14, 29, 16
MM, 15, 28, 0
MM, 16, 27, 16
MM, 17, 26, 0
MM, 19, 24, 15
MM, 21, 23, 0
MM, 22, 22, 23
MM, 24, 22, 7
MM, 25, 21, 8
MM, 26, 20, 9
MM, 28, 19, 6
MM, 29, 18, 0
MM, 30, 18, 15
MM, 31, 16, 0
MM, 32, 16, 16
MM, 32, 15, 0
MM, 31, 15, 307
MM, 30, 15, 8
MM, 29, 15, 8
MM, 28, 15, 15
MM, 27, 15, 0
MM, 26, 15, 16
MM, 25, 15, 16
MM, 24, 15, 0
MM, 23, 15, 15
MM, 22, 15, 16
MM, 20, 15, 0
MM, 19, 15, 126
MC, 1, 103
MM, 18, 15, 32
MM, 12, 15, 0
MM, 6, 15, 20
MM, 683, 517, 9
MM, 33, 15, 8
MM, 23, 15, 7
MM, 14, 14, 0
MM, 8, 14, 17
MM, 3, 13, 0
MM, 643, 513, 15
MP, 1, 172
MR, 1, 102
MC, 1, 0
MM, 643, 512, 548
MM, 0, 10, 18
MM, 1, 9, 3
MM, 1, 8, 15
MM, 2, 8, 16
MM, 3, 8, 15
MM, 4, 8, 16
MM, 5, 8, 31
MM, 6, 8, 8
MM, 7, 8, 17
MM, 8, 8, 16
MM, 9, 8, 13
MM, 11, 8, 64
MM, 12, 8, 78
MC, 1, 259
MM, 11, 8, 83
MM, 10, 9, 16
MM, 9, 10, 15
MM, 8, 11, 0
MM, 6, 12, 16
MM, 3, 13, 16
MM, 641, 517, 0
MM, 28, 16, 15
MM, 21, 18, 0
MM, 10, 21, 16
MM, 606, 526, 0
MM, 32, 26, 17
MM, 22, 30, 0
MM, 576, 536, 15
MM, 571, 536, 0
MM, 565, 537, 16
MM, 562, 537, 0
MM, 7, 0, 15
MM, 5, 0, 0
MM, 4, 0, 17
MM, 3, 0, 9
MM, 1, 1, 8
MM, 552, 540, 7
MM, 549, 540, 8
MM, 34, 2, 0
MM, 29, 3, 16
MM, 20, 4, 0
MM, 12, 4, 16
MM, 4, 4, 0
MM, 509, 543, 15
MM, 33, 4, 0
MM, 28, 4, 16
MM, 23, 5, 0
MM, 20, 5, 15
MM, 18, 6, 0
MM, 16, 6, 16
MM, 14, 6, 0
MM, 13, 6, 16
MM, 11, 7, 0
MM, 6, 8, 18
MM, 3, 8, 7
MM, 0, 8, 9
MM, 468, 547, 8
MM, 464, 547, 8
MM, 34, 8, 8
MM, 33, 8, 24
MM, 32, 8, 32
MM, 18, 8, 48
MM, 14, 8, 8
MM, 12, 8, 9
MM, 8, 8, 7
MM, 6, 8, 8
MM, 3, 8, 4
MM, 424, 547, 0
MM, 34, 8, 16
MM, 29, 9, 0
MM, 26, 9, 16
MM, 22, 9, 0
MM, 19, 9, 15
MM, 16, 10, 0
MM, 13, 12, 22
MM, 11, 12, 8
MM, 9, 14, 7
MM, 5, 15, 9
MM, 3, 16, 7
MM, 1, 16, 8
MM, 0, 16, 8
MM, 1, 16, 223
MM, 3, 16, 16
MM, 5, 16, 15
MM, 6, 16, 16
MM, 9, 14, 0
MM, 10, 14, 19
MM, 11, 13, 8
MM, 12, 13, 7
MM, 13, 13, 9
MM, 14, 13, 8
MC, 1, 271
MC, 2, 152
MM, 15, 12, 209
MM, 17, 12, 8
MM, 23, 10, 7
MM, 34, 8, 8
MM, 8, 6, 0
MM, 30, 6, 17
MM, 12, 6, 0
MM, 509, 545, 16
MM, 28, 6, 0
MM, 11, 3, 15
MM, 29, 1, 0
MM, 595, 539, 16
MM, 607, 537, 0
MM, 616, 536, 17
MM, 624, 535, 8
MM, 631, 534, 8
MM, 638, 533, 7
MM, 644, 533, 7
MM, 649, 533, 0
MM, 11, 30, 15
MM, 15, 28, 0
MM, 21, 27, 16
MM, 25, 27, 0
MM, 29, 27, 16
MM, 33, 27, 0
MM, 35, 27, 15
MM, 681, 529, 0
MM, 683, 529, 19
MM, 685, 528, 6
MM, 686, 528, 0
MM, 0, 26, 16
MM, 1, 25, 0
MM, 3, 25, 16
MM, 5, 24, 0
MM, 7, 24, 15
MM, 9, 23, 0
MM, 11, 23, 16
MM, 13, 22, 0
MM, 14, 21, 20
MM, 15, 21, 7
MM, 13, 21, 111
MM, 9, 21, 0
MM, 6, 21, 17
MM, 1, 22, 0
MM, 35, 22, 16
MM, 29, 22, 0
MM, 21, 22, 15
MM, 13, 22, 0
MM, 6, 22, 17
MM, 2, 22, 9
MM, 642, 524, 8
MM, 640, 524, 7
MM, 639, 524, 117
MM, 638, 522, 47
MM, 638, 521, 74
MM, 29, 18, 16
MM, 28, 18, 15
MM, 23, 17, 16
MM, 21, 16, 0
MM, 18, 16, 20
MM, 15, 16, 8
MM, 14, 16, 8
MM, 13, 16, 170
MC, 1, 118
MM, 12, 15, 79
MM, 11, 15, 33
MM, 7, 19, 0
MM, 4, 21, 15
MM, 605, 527, 0
MM, 36, 28, 16
MM, 596, 534, 1
MM, 591, 537, 0
MM, 33, 1, 16
MM, 30, 4, 15
MM, 27, 6, 0
MM, 25, 8, 16
MM, 22, 9, 0
MM, 20, 12, 16
MM, 18, 14, 0
MM, 17, 14, 17
MM, 16, 16, 7
MM, 15, 16, 8
MM, 13, 17, 8
MM, 13, 18, 3
MM, 13, 19, 0
MM, 12, 20, 16
MM, 11, 21, 15
MM, 11, 22, 0
MM, 10, 22, 16
MM, 9, 23, 22
MM, 9, 24, 16
MM, 8, 25, 8
MM, 7, 26, 18
MM, 6, 26, 0
MM, 5, 27, 16
MM, 4, 27, 0
MM, 3, 29, 15
MM, 1, 29, 0
MM, 0, 29, 16
MM, 552, 569, 15
MM, 546, 571, 16
MM, 543, 571, 0
MM, 540, 572, 16
MM, 533, 575, 8
MM, 12, 1, 1
MM, 8, 3, 16
MM, 4, 4, 0
MM, 1, 5, 15
MM, 516, 582, 0
MM, 514, 583, 16
MM, 513, 584, 0
MM, 512, 584, 16
MM, 511, 585, 0
MM, 35, 9, 15
MM, 34, 9, 17
MM, 33, 9, 0
MM, 31, 9, 16
MM, 31, 10, 78
MM, 29, 10, 24
MM, 28, 10, 18
MM, 26, 10, 0
MM, 24, 10, 62
MC, 1, 160
MM, 26, 10, 47
MM, 33, 7, 0
MM, 0, 5, 19
MM, 11, 4, 8
MM, 23, 3, 8
MM, 559, 575, 8
MM, 575, 571, 8
MM, 596, 568, 3
MM, 17, 27, 0
MM, 30, 25, 15
MM, 3, 23, 0
MM, 12, 20, 16
MM, 20, 17, 0
MM, 26, 15, 16
MM, 32, 13, 0
MM, 674, 551, 15
MM, 0, 12, 0
MM, 3, 10, 17
MM, 5, 9, 0
MM, 7, 8, 16
MM, 10, 8, 0
MM, 11, 7, 15
MM, 12, 7, 19
MM, 13, 7, 0
MM, 14, 7, 51
MM, 15, 7, 16
MM, 17, 6, 15
MM, 19, 6, 0
MM, 20, 5, 16
MM, 22, 5, 0
MM, 25, 3, 15
MM, 27, 2, 0
MM, 28, 2, 19
MM, 30, 1, 9
MM, 30, 0, 136
MM, 30, 1, 6
MM, 29, 1, 16
MM, 28, 2, 16
MM, 28, 3, 0
MM, 25, 4, 15
MM, 24, 5, 32
MM, 23, 6, 0
MM, 23, 7, 15
MM, 21, 8, 0
MM, 21, 9, 19
MM, 20, 10, 0
MM, 20, 11, 16
MM, 19, 12, 0
MM, 18, 12, 15
MC, 1, 225
MM, 18, 13, 30
MM, 17, 13, 0
MM, 16, 13, 15
MM, 12, 13, 16
MM, 9, 13, 16
MM, 6, 13, 0
MM, 678, 552, 15
MM, 31, 11, 0
MM, 23, 11, 16
MM, 15, 11, 0
MM, 7, 11, 15
MM, 2, 11, 0
MM, 631, 550, 21
MM, 27, 10, 9
MM, 17, 8, 0
MM, 9, 8, 15
MM, 0, 7, 1
MM, 33, 5, 16
MM, 23, 5, 0
MM, 14, 4, 15
MM, 7, 2, 0
MM, 552, 538, 17
MM, 544, 537, 7
MM, 536, 536, 9
MM, 527, 534, 8
MM, 519, 533, 8
MM, 28, 30, 6
MM, 18, 30, 0
MM, 10, 29, 16
MM, 1, 27, 0
MM, 476, 528, 16
MM, 30, 25, 0
MM, 23, 24, 15
MM, 18, 22, 0
MM, 12, 22, 16
MM, 9, 22, 0
MM, 5, 21, 15
MM, 3, 19, 0
MM, 1, 17, 16
MM, 434, 517, 0
MM, 31, 11, 16
MM, 25, 8, 0
MM, 23, 7, 16
MM, 22, 5, 0
MM, 19, 4, 16
MM, 17, 4, 0
MM, 15, 3, 15
MM, 14, 2, 0
MC, 1, 305
MM, 12, 2, 148
MM, 12, 3, 7
MM, 13, 5, 8
MM, 14, 6, 8
MM, 15, 8, 9
MM, 16, 10, 3
MM, 17, 12, 0
MM, 18, 13, 16
MM, 18, 16, 0
MM, 20, 16, 16
MM, 20, 17, 0
MM, 21, 19, 15
MM, 21, 20, 43
MM, 21, 21, 19
MM, 22, 24, 0
MM, 22, 25, 15
MM, 22, 26, 0
MM, 22, 27, 16
MM, 420, 533, 0
MM, 420, 535, 17
MM, 421, 539, 8
MM, 422, 545, 7
MM, 423, 548, 0
MM, 424, 552, 12
MM, 425, 557, 0
MM, 426, 561, 16
MM, 2, 27, 0
MM, 434, 571, 15
MM, 4, 0, 0
MM, 7, 4, 16
MM, 10, 10, 0
MM, 13, 14, 16
MM, 16, 19, 0
MM, 17, 21, 15
MM, 17, 22, 0
MM, 18, 24, 16
MM, 19, 25, 0
MM, 20, 26, 22
MM, 20, 28, 3
MM, 21, 30, 16
MM, 22, 30, 0
MM, 23, 30, 15
MM, 457, 608, 47
MM, 457, 609, 70
MM, 457, 611, 16
MM, 458, 612, 16
MM, 69, 0, 0
MM, 69, 1, 15
MM, 70, 1, 0
MM, 70, 3, 16
MM, 71, 4, 0
MM, 73, 6, 15
MM, 73, 8, 0
MM, 74, 9, 16
MM, 74, 10, 0
MM, 74, 12, 16
MM, 75, 13, 0
MC, 1, 271
MM, 76, 12, 46
MM, 76, 10, 0
MM, 77, 7, 16
MM, 78, 1, 0
MM, 468, 609, 16
MM, 34, 27, 0
MM, 34, 21, 15
MM, 469, 591, 0
MM, 470, 585, 16
MM, 472, 581, 16
MM, 0, 0, 0
MM, 479, 571, 15
MM, 14, 26, 0
MM, 17, 22, 17
MM, 19, 17, 8
MM, 21, 12, 6
MM, 23, 8, 0
MM, 25, 5, 16
MM, 26, 1, 0
MM, 496, 538, 16
MM, 498, 536, 0
MM, 499, 535, 16
MM, 499, 533, 0
MM, 500, 533, 15
MM, 19, 29, 0
MM, 19, 27, 16
MM, 20, 26, 0
MM, 22, 25, 16
MM, 23, 24, 0
MM, 23, 22, 16
MM, 23, 21, 0
MM, 24, 17, 16
MM, 24, 16, 0
MM, 24, 15, 16
MC, 1, 211
MM, 25, 14, 102
MM, 26, 14, 0
MM, 29, 14, 16
MM, 518, 516, 0
MM, 5, 15, 15
MM, 15, 15, 0
MM, 29, 15, 16
MM, 562, 517, 0
MM, 7, 15, 16
MM, 18, 15, 0
MM, 24, 15, 19
MM, 30, 15, 7
MM, 33, 15, 9
MM, 36, 15, 8
MM, 603, 517, 7
MM, 605, 517, 8
MM, 0, 15, 0
MM, 1, 15, 16
MM, 2, 15, 15
MM, 3, 14, 0
MM, 5, 14, 16
MM, 7, 14, 16
MM, 8, 13, 0
MM, 9, 13, 15
MM, 11, 13, 90
MM, 12, 13, 9
MM, 13, 13, 8
MM, 16, 13, 8
MM, 19, 13, 8
MM, 22, 13, 7
MM, 26, 13, 9
MM, 30, 13, 8
MM, 640, 515, 7
MM, 642, 515, 9
MM, 643, 515, 7
MM, 0, 13, 3
MM, 1, 13, 0
MM, 2, 13, 16
MM, 3, 13, 0
MM, 3, 12, 15
MM, 5, 12, 0
MM, 6, 12, 16
MM, 7, 12, 0
MM, 8, 12, 16
MM, 10, 12, 0
MM, 11, 12, 15
MM, 12, 12, 0
MM, 14, 12, 16
MM, 15, 12, 15
MM, 16, 12, 0
MC, 1, 462
MM, 15, 12, 62
MM, 13, 13, 0
MM, 12, 13, 21
MM, 7, 17, 8
MM, 3, 21, 8
MM, 640, 528, 4
MM, 631, 533, 0
MM, 22, 1, 16
MM, 8, 7, 0
MM, 36, 15, 15
MM, 25, 23, 0
MM, 569, 570, 16
MM, 559, 578, 0
MM, 34, 7, 21
MM, 29, 11, 7
MM, 26, 15, 9
MM, 24, 17, 7
MM, 24, 19, 5
MM, 23, 20, 47
MM, 22, 21, 16
MM, 21, 21, 15
MM, 20, 23, 0
MM, 19, 24, 16
MM, 18, 24, 16
MM, 17, 26, 0
MM, 16, 27, 15
MM, 15, 27, 16
MM, 14, 28, 47
MM, 13, 29, 31
MM, 12, 30, 16
MM, 528, 607, 15
MM, 527, 607, 17
MM, 526, 608, 16
MM, 526, 609, 31
MM, 525, 609, 16
MM, 524, 610, 15
MM, 523, 611, 16
MM, 522, 611, 15
MM, 521, 612, 16
MM, 131, 0, 0
MM, 130, 0, 28
MM, 130, 1, 23
MC, 1, 236
MM, 131, 0, 110
MM, 525, 611, 0
MM, 527, 611, 15
MM, 529, 610, 0
MM, 529, 609, 16
MM, 531, 609, 16
MM, 532, 608, 7
MM, 533, 607, 9
MM, 534, 607, 0
MM, 19, 30, 15
MM, 22, 28, 0
MM, 28, 25, 16
MM, 35, 21, 0
MM, 1, 17, 16
MM, 11, 13, 0
MM, 21, 7, 15
MM, 30, 2, 0
MM, 599, 571, 16
MM, 11, 25, 0
MM, 18, 19, 16
MM, 26, 14, 0
MM, 30, 10, 16
MM, 631, 546, 0
MM, 634, 544, 16
MM, 636, 542, 0
MM, 0, 2, 16
MM, 1, 1, 0
MM, 1, 0, 15
MM, 2, 0, 16
MM, 635, 539, 141
MM, 632, 539, 16
MM, 31, 0, 0
MM, 28, 0, 16
MM, 26, 0, 0
MM, 622, 538, 15
MM, 620, 538, 67
MM, 620, 536, 0
MM, 619, 535, 16
MM, 618, 533, 19
MM, 10, 30, 0
MM, 9, 28, 15
MM, 9, 27, 0
MM, 9, 26, 16
MM, 7, 24, 0
MM, 7, 22, 16
MM, 7, 19, 0
MM, 7, 18, 18
MM, 7, 17, 8
MM, 7, 16, 6
MM, 7, 15, 16
MM, 7, 14, 15
MM, 7, 13, 0
MM, 7, 12, 16
MC, 1, 292
MM, 7, 13, 62
MM, 6, 17, 16
MM, 5, 20, 0
MM, 2, 26, 16
MM, 608, 534, 0
MM, 10, 0, 15
MM, 8, 5, 0
MM, 8, 8, 16
MM, 7, 12, 0
MM, 7, 17, 17
MM, 7, 19, 8
MM, 7, 20, 19
MM, 7, 21, 15
MM, 6, 22, 0
MM, 5, 24, 31
MM, 4, 25, 0
MM, 4, 27, 23
MM, 3, 28, 8
MM, 2, 29, 7
MM, 1, 29, 9
MM, 598, 570, 7
MM, 597, 571, 3
MM, 596, 571, 16
MM, 596, 573, 0
MM, 595, 574, 15
MM, 35, 0, 16
MM, 35, 1, 0
MM, 32, 4, 16
MM, 31, 6, 15
MM, 31, 7, 1
MM, 30, 8, 0
MM, 29, 8, 16
MM, 29, 9, 62
MM, 28, 9, 16
MM, 27, 9, 16
MM, 26, 10, 15
MC, 1, 203
MM, 25, 10, 16
MM, 26, 10, 31
MM, 27, 9, 0
MM, 28, 6, 16
MM, 32, 3, 8
MM, 595, 574, 9
MM, 601, 570, 5
MM, 11, 26, 0
MM, 21, 20, 16
MM, 32, 16, 0
MM, 3, 13, 16
MM, 15, 9, 0
MM, 26, 5, 15
MM, 674, 542, 0
MM, 6, 0, 16
MM, 694, 536, 0
MM, 701, 533, 16
MM, 19, 29, 0
MM, 22, 27, 15
MM, 25, 26, 0
MM, 25, 25, 16
MM, 26, 24, 16
MM, 26, 23, 304
MM, 26, 21, 20
MM, 26, 20, 5
MM, 26, 19, 31
MM, 25, 18, 15
MM, 25, 17, 38
MM, 24, 16, 263
MM, 23, 16, 2
MM, 22, 17, 0
MM, 21, 19, 16
MM, 19, 21, 16
MM, 18, 26, 0
MM, 15, 30, 15
MM, 700, 536, 0
MM, 699, 538, 16
MM, 19, 0, 16
MM, 19, 1, 0
MM, 18, 2, 103
MM, 18, 3, 6
MM, 17, 4, 16
MM, 17, 5, 0
MM, 16, 5, 15
MM, 16, 6, 16
MM, 16, 7, 0
MM, 16, 9, 15
MM, 16, 10, 16
MM, 15, 11, 0
MM, 15, 12, 16
MM, 14, 12, 0
MM, 14, 14, 15
MC, 1, 180
MM, 13, 14, 94
MM, 12, 14, 0
MM, 11, 14, 16
MM, 4, 14, 0
MM, 676, 553, 16
MM, 29, 13, 0
MM, 17, 12, 19
MM, 5, 11, 0
MM, 33, 10, 13
MM, 18, 8, 0
MM, 7, 5, 16
MM, 592, 543, 0
MM, 28, 4, 15
MM, 17, 4, 0
MM, 5, 4, 16
MM, 549, 543, 0
MM, 26, 4, 15
MM, 14, 4, 0
MM, 4, 4, 17
MM, 34, 4, 0
MM, 20, 1, 16
MM, 478, 538, 0
MM, 466, 537, 15
MM, 455, 535, 0
MM, 5, 30, 16
MM, 435, 531, 0
MM, 29, 26, 21
MM, 23, 23, 9
MM, 18, 21, 7
MM, 12, 20, 8
MM, 6, 19, 2
MM, 4, 19, 0
MM, 3, 18, 22
MM, 0, 17, 0
MM, 395, 519, 11
MM, 393, 518, 0
MM, 38, 14, 15
MM, 34, 13, 0
MM, 29, 12, 16
MM, 26, 10, 0
MM, 22, 9, 16
MM, 19, 9, 0
MM, 16, 8, 15
MM, 15, 8, 0
MM, 14, 7, 16
MM, 15, 7, 174
MM, 20, 7, 16
MM, 34, 7, 0
MM, 2, 8, 16
MM, 14, 9, 9
MM, 25, 10, 8
MM, 30, 12, 8
MM, 433, 515, 2
MM, 436, 515, 0
MM, 437, 515, 16
MM, 438, 515, 0
MM, 437, 515, 314
MM, 433, 515, 15
MM, 35, 13, 0
MM, 34, 13, 17
MM, 32, 13, 0
MM, 27, 13, 15
MM, 24, 14, 0
MM, 22, 14, 16
MC, 1, 285
MM, 21, 14, 29
MM, 21, 15, 17
MM, 21, 16, 0
MM, 23, 17, 15
MM, 26, 17, 0
MM, 29, 19, 16
MM, 32, 22, 0
MM, 438, 527, 19
MM, 7, 30, 0
MM, 455, 538, 13
MM, 36, 3, 0
MM, 2, 8, 16
MM, 8, 11, 0
MM, 12, 13, 16
MM, 14, 15, 0
MM, 15, 15, 15
MM, 16, 17, 0
MM, 17, 17, 20
MM, 18, 17, 6
MM, 19, 17, 0
MM, 21, 17, 16
MM, 24, 17, 0
MM, 26, 17, 15
MM, 29, 20, 0
MM, 34, 22, 16
MM, 506, 561, 0
MM, 507, 562, 15
MM, 509, 562, 0
MM, 510, 563, 16
MM, 0, 24, 0
MM, 0, 25, 20
MM, 1, 25, 1
MM, 3, 25, 15
MM, 4, 25, 16
MM, 5, 25, 0
MM, 6, 25, 16
MM, 9, 25, 0
MM, 11, 26, 16
MM, 13, 26, 9
MM, 15, 26, 7
MM, 17, 27, 17
MM, 18, 27, 5
MM, 19, 27, 0
MM, 21, 28, 16
MM, 21, 29, 15
MM, 22, 29, 0
MM, 534, 570, 16
MM, 535, 570, 0
MM, 536, 571, 16
MM, 537, 572, 0
MM, 23, 0, 15
MM, 26, 0, 0
MM, 29, 3, 16
MM, 32, 4, 0
MM, 34, 6, 16
MM, 36, 7, 0
MM, 554, 583, 15
MM, 557, 583, 0
MM, 558, 583, 16
MM, 0, 7, 0
MM, 1, 8, 15
MM, 2, 9, 0
MM, 5, 9, 16
MM, 6, 9, 0
MM, 8, 9, 16
MM, 9, 9, 15
MM, 11, 9, 23
MM, 12, 9, 9
MM, 14, 9, 4
MM, 15, 9, 0
MM, 16, 9, 15
MM, 17, 9, 32
MC, 1, 212
MM, 16, 9, 31
MM, 13, 9, 0
MM, 12, 9, 16
MM, 10, 8, 0
MM, 8, 8, 15
MM, 5, 8, 0
MM, 2, 7, 16
MM, 0, 5, 0
MM, 557, 581, 16
MM, 36, 4, 0
MM, 30, 3, 19
MM, 540, 575, 8
MM, 533, 573, 8
MM, 528, 570, 7
MM, 12, 30, 4
MM, 6, 26, 0
MM, 2, 24, 15
MM, 510, 561, 0
MM, 506, 559, 16
MM, 33, 18, 0
MM, 30, 17, 16
MM, 27, 15, 0
MM, 23, 14, 22
MM, 21, 13, 8
MM, 20, 13, 8
MM, 18, 10, 7
MM, 14, 9, 2
MM, 12, 7, 0
MM, 9, 7, 21
MM, 8, 6, 0
MM, 5, 5, 12
MM, 4, 4, 0
MM, 3, 3, 15
MM, 1, 2, 0
MM, 468, 539, 16
MM, 467, 538, 0
MM, 465, 538, 16
MM, 463, 535, 0
MM, 20, 30, 15
MM, 18, 27, 0
MM, 17, 27, 17
MM, 16, 26, 0
MM, 16, 25, 16
MM, 15, 24, 0
MM, 13, 23, 46
MM, 13, 22, 17
MM, 11, 21, 16
MM, 9, 21, 8
MM, 8, 20, 8
MM, 6, 19, 8
MM, 5, 19, 16
MM, 4, 19, 7
MM, 3, 19, 48
MM, 1, 19, 16
MM, 0, 19, 16
MM, 438, 521, 16
MM, 437, 521, 0
MM, 435, 520, 16
MM, 434, 520, 0
MM, 35, 18, 15
MM, 35, 17, 0
MM, 34, 17, 16
MM, 32, 16, 0
MM, 30, 16, 31
MM, 29, 16, 17
MM, 27, 16, 0
MM, 24, 15, 16
MM, 22, 15, 0
MM, 20, 15, 15
MM, 19, 15, 0
MM, 18, 15, 16
MM, 16, 15, 0
MM, 16, 15, 272
MM, 19, 17, 15
MM, 25, 20, 0
MM, 32, 24, 16
MM, 435, 529, 0
MM, 3, 30, 16
MM, 447, 535, 0
MM, 453, 537, 15
MM, 31, 1, 0
MM, 34, 3, 16
MM, 464, 545, 0
MM, 467, 545, 15
MM, 0, 8, 0
MM, 2, 9, 16
MM, 4, 9, 0
MM, 6, 10, 16
MM, 9, 12, 0
MM, 15, 13, 15
MM, 19, 13, 0
MM, 23, 15, 16
MM, 26, 17, 0
MM, 29, 18, 22
MM, 34, 20, 8
MM, 506, 561, 5
MM, 508, 561, 0
MM, 509, 563, 16
MM, 510, 563, 0
MM, 0, 25, 15
MM, 0, 26, 53
MM, 1, 26, 21
MM, 2, 27, 15
MM, 3, 27, 16
MM, 5, 27, 17
MM, 6, 28, 15
MM, 8, 29, 16
MM, 9, 30, 44
MM, 520, 570, 19
MM, 521, 570, 0
MM, 521, 571, 16
MM, 522, 572, 0
MM, 522, 573, 16
MM, 523, 573, 0
MM, 524, 574, 15
MM, 524, 575, 0
MM, 8, 0, 17
MM, 9, 0, 0
MM, 10, 1, 16
MM, 10, 3, 61
MM, 12, 3, 15
MM, 12, 5, 8
MM, 13, 6, 17
MM, 15, 7, 31
MM, 16, 9, 62
MC, 1, 233
MM, 16, 8, 82
MM, 16, 6, 8
MM, 16, 5, 8
MM, 16, 4, 7
MM, 15, 1, 1
MM, 14, 0, 16
MM, 531, 573, 0
MM, 531, 572, 15
MM, 530, 571, 0
MM, 528, 570, 16
MM, 17, 29, 16
MM, 16, 28, 0
MM, 15, 25, 15
MM, 13, 24, 16
MM, 12, 23, 0
MM, 10, 20, 16
MM, 9, 19, 0
MM, 7, 16, 15
MM, 6, 14, 0
MM, 4, 13, 16
MM, 2, 12, 0
MM, 0, 7, 19
MM, 508, 543, 8
MM, 507, 540, 7
MM, 505, 538, 9
MM, 504, 536, 7
MM, 504, 534, 7
MM, 19, 29, 0
MM, 19, 26, 15
MM, 18, 25, 16
MM, 18, 24, 0
MM, 17, 23, 18
MM, 16, 22, 0
MM, 16, 21, 14
MM, 16, 20, 16
MM, 16, 17, 0
MM, 14, 14, 16
MM, 14, 13, 0
MM, 14, 12, 15
MM, 14, 11, 16
MM, 14, 10, 16
MM, 14, 9, 0
MM, 14, 8, 15
MC, 1, 212
MM, 15, 9, 214
MM, 16, 10, 0
MM, 18, 11, 16
MM, 19, 12, 0
MM, 21, 14, 15
MM, 24, 16, 0
MM, 26, 18, 16
MM, 28, 20, 0
MM, 30, 22, 17
MM, 34, 25, 0
MM, 517, 528, 15
MM, 521, 531, 0
MM, 524, 533, 16
MM, 527, 536, 0
MM, 20, 1, 15
MM, 23, 1, 0
MM, 25, 4, 16
MM, 26, 4, 0
MM, 28, 5, 16
MM, 29, 6, 0
MM, 30, 9, 37
MM, 31, 10, 8
MM, 32, 11, 16
MM, 33, 13, 16
MM, 34, 14, 0
MM, 35, 16, 15
MM, 548, 558, 0
MM, 552, 562, 16
MM, 0, 24, 0
MM, 3, 27, 16
MM, 560, 570, 0
MM, 562, 571, 15
MM, 565, 573, 0
MM, 567, 574, 16
MM, 568, 575, 0
MM, 570, 575, 16
MM, 11, 0, 0
MM, 13, 0, 15
MM, 14, 0, 0
MM, 17, 1, 16
MM, 20, 1, 0
MM, 23, 1, 15
MM, 25, 1, 0
MM, 26, 1, 16
MM, 29, 1, 0
MM, 30, 1, 20
MM, 32, 1, 7
MM, 33, 1, 8
MM, 34, 1, 16
MM, 35, 1, 16
MM, 36, 1, 214
MM, 36, 3, 16
MM, 36, 4, 16
MM, 36, 7, 15
MM, 36, 9, 0
MM, 36, 11, 16
MM, 36, 12, 0
MM, 597, 590, 20
MM, 598, 592, 15
MM, 599, 593, 3
MM, 601, 594, 0
MM, 602, 594, 16
MM, 0, 19, 0
MM, 1, 19, 22
MM, 3, 19, 15
MM, 4, 19, 16
MM, 5, 19, 15
MM, 7, 19, 0
MM, 8, 19, 16
MM, 9, 19, 0
MM, 10, 19, 96
MM, 11, 18, 31
MM, 11, 17, 16
MM, 11, 16, 15
MM, 12, 15, 16
MM, 12, 14, 31
MC, 1, 227
MM, 12, 13, 47
MM, 11, 13, 16
MM, 10, 14, 18
MM, 8, 14, 0
MM, 4, 14, 14
MM, 2, 15, 16
MM, 602, 592, 0
MM, 600, 593, 15
MM, 598, 594, 0
MM, 36, 19, 16
MM, 33, 19, 0
MM, 30, 20, 20
MM, 27, 21, 8
MM, 22, 21, 2
MM, 17, 22, 0
MM, 13, 22, 15
MM, 8, 23, 0
MM, 1, 23, 16
MM, 554, 601, 0
MM, 31, 26, 16
MM, 26, 27, 0
MM, 22, 27, 15
MM, 19, 27, 0
MM, 14, 29, 16
MM, 528, 607, 15
MM, 525, 607, 0
MM, 522, 608, 17
MM, 519, 608, 8
MM, 518, 610, 7
MM, 517, 610, 8
MM, 515, 610, 9
MM, 514, 610, 16
MM, 514, 611, 8
MM, 513, 611, 16
MM, 512, 611, 8
MM, 511, 611, 5
MM, 511, 612, 0
MM, 510, 612, 18
MM, 509, 612, 0
MM, 508, 612, 16
MM, 117, 0, 15
MM, 114, 0, 0
MM, 112, 0, 18
MM, 111, 0, 8
MM, 110, 0, 8
MM, 105, 0, 8
MM, 103, 0, 7
MM, 101, 0, 4
MM, 100, 0, 0
MM, 99, 0, 16
MM, 97, 0, 0
MM, 96, 0, 15
MM, 96, 1, 0
MM, 93, 1, 16
MM, 92, 2, 0
MM, 90, 2, 15
MM, 87, 3, 0
MM, 85, 3, 23
MM, 84, 4, 8
MM, 82, 4, 7
MM, 81, 4, 1
MM, 80, 4, 327
MM, 80, 6, 6
MM, 80, 7, 15
MM, 80, 10, 0
MM, 81, 11, 16
MM, 81, 14, 16
MM, 82, 16, 0
MM, 83, 16, 15
MC, 1, 358
MM, 83, 14, 93
MM, 83, 12, 0
MM, 84, 9, 15
MM, 85, 8, 16
MM, 85, 5, 0
MM, 88, 4, 16
MM, 89, 1, 0
MM, 482, 610, 15
MM, 483, 607, 0
MM, 12, 26, 16
MM, 15, 20, 0
MM, 23, 15, 19
MM, 30, 10, 0
MM, 35, 2, 15
MM, 516, 572, 0
MM, 14, 29, 16
MM, 22, 25, 0
MM, 27, 23, 16
MM, 34, 19, 0
MM, 0, 16, 15
MM, 5, 14, 0
MM, 15, 10, 19
MM, 21, 7, 8
MM, 29, 4, 7
MM, 34, 2, 8
MM, 594, 536, 4
MM, 599, 533, 0
MM, 604, 529, 16
MM, 1, 23, 0
MM, 6, 20, 15
MM, 10, 17, 0
MM, 12, 15, 16
MM, 14, 14, 0
MM, 15, 13, 22
MM, 15, 12, 8
MM, 17, 12, 8
MC, 1, 422
MM, 16, 12, 32
MM, 13, 13, 0
MM, 8, 14, 16
MM, 3, 16, 0
MM, 601, 521, 15
MM, 26, 21, 0
MM, 14, 25, 16
MM, 0, 30, 0
MM, 549, 534, 15
MM, 17, 0, 0
MM, 31, 6, 16
MM, 18, 9, 0
MM, 4, 14, 16
MM, 36, 16, 0
MM, 29, 17, 17
MM, 23, 18, 0
MM, 21, 18, 16
MM, 20, 18, 31
MM, 19, 18, 0
MM, 18, 18, 16
MM, 16, 18, 16
MC, 1, 355
MM, 14, 18, 19
MM, 7, 8, 31
MM, 423, 533, 32
MM, 24, 27, 29
MM, 24, 25, 17
MM, 24, 24, 31
MM, 23, 22, 16
MM, 22, 21, 62
MM, 22, 20, 0
MM, 20, 18, 28
MM, 20, 17, 32
MC, 1, 254
MM, 19, 17, 47
MM, 8, 23, 18
MM, 1, 26, 16
MM, 390, 533, 0
MM, 382, 537, 16
MM, 30, 2, 0
MM, 22, 7, 15
MM, 17, 9, 0
MM, 15, 12, 16
MM, 14, 13, 0
MM, 13, 14, 15
MM, 14, 16, 304
MM, 19, 16, 18
MM, 25, 16, 8
MM, 31, 16, 8
MM, 382, 555, 0
MM, 3, 17, 15
MM, 8, 17, 0
MM, 14, 18, 15
MM, 18, 18, 0
MM, 20, 18, 17
MM, 21, 17, 0
MM, 22, 17, 16
MC, 1, 280
MM, 23, 17, 63
MM, 23, 22, 16
MM, 25, 26, 15
MM, 413, 570, 0
MM, 24, 0, 16
MM, 28, 7, 0
MM, 31, 15, 15
MM, 34, 25, 0
MM, 429, 610, 16
MM, 41, 4, 0
MM, 44, 9, 16
MM, 45, 15, 0
MM, 47, 17, 15
MM, 49, 20, 0
MM, 51, 21, 16
MM, 52, 21, 167
MM, 52, 20, 68
MM, 52, 19, 31
MM, 53, 19, 16
MM, 53, 18, 16
MM, 54, 17, 0
MM, 54, 16, 15
MM, 54, 14, 0
MM, 55, 14, 16
MM, 55, 13, 0
MM, 56, 11, 31
MC, 1, 179
MM, 57, 11, 78
MM, 58, 10, 16
MM, 59, 8, 0
MM, 62, 5, 15
MM, 64, 0, 0
MM, 457, 609, 16
MM, 27, 27, 0
MM, 32, 23, 16
MM, 472, 593, 0
MM, 4, 11, 15
MM, 8, 7, 0
MM, 12, 2, 16
MM, 491, 573, 0
MM, 25, 30, 15
MM, 27, 27, 0
MM, 29, 24, 16
MM, 31, 21, 16
MM, 32, 20, 0
MM, 34, 19, 15
MM, 506, 557, 0
MM, 506, 556, 16
MM, 507, 556, 9
MM, 507, 554, 8
MM, 510, 553, 7
MM, 510, 551, 9
MM, 0, 12, 8
MM, 0, 11, 8
MM, 0, 9, 8
MM, 0, 8, 16
MM, 0, 7, 16
MM, 0, 6, 7
MM, 0, 5, 8
MM, 0, 4, 21
MM, 0, 3, 16
MM, 0, 2, 41
MM, 0, 1, 35
MM, 511, 538, 16
MM, 511, 536, 8
MM, 510, 535, 7
MM, 510, 534, 9
MM, 27, 30, 25
MM, 27, 29, 0
MM, 27, 28, 47
MM, 27, 27, 0
MM, 27, 26, 135
MM, 27, 25, 50
MM, 27, 24, 15
MM, 26, 22, 0
MM, 24, 20, 16
MM, 22, 18, 0
MM, 21, 17, 16
MM, 21, 16, 31
MM, 21, 15, 31
MM, 20, 14, 94
MC, 1, 172
MM, 22, 15, 109
MM, 23, 15, 0
MM, 24, 17, 16
MM, 25, 17, 0
MM, 27, 18, 16
MM, 28, 19, 0
MM, 29, 20, 16
MM, 31, 21, 0
MM, 32, 21, 18
MM, 34, 22, 0
MM, 518, 525, 16
MM, 521, 526, 0
MM, 521, 527, 16
MM, 0, 25, 0
MM, 3, 27, 15
MM, 6, 28, 0
MM, 8, 28, 16
MM, 9, 29, 0
MM, 534, 533, 17
MM, 535, 534, 16
MM, 537, 536, 7
MM, 538, 536, 16
MM, 539, 537, 15
MM, 541, 538, 0
MM, 31, 0, 16
MM, 34, 1, 0
MM, 549, 542, 16
MM, 552, 544, 0
MM, 1, 5, 15
MM, 2, 6, 0
MM, 3, 6, 16
MM, 4, 6, 40
MM, 5, 6, 0
MM, 6, 6, 31
MM, 7, 6, 0
MM, 8, 6, 16
MM, 9, 6, 0
MM, 10, 6, 15
MC, 1, 413
MM, 11, 6, 37
MM, 11, 7, 16
MM, 10, 7, 0
MM, 10, 8, 15
MM, 9, 9, 0
MM, 7, 11, 16
MM, 6, 12, 20
MM, 3, 14, 9
MM, 3, 15, 7
MM, 1, 15, 4
MM, 0, 15, 20
MM, 0, 16, 0
MM, 550, 556, 15
MM, 549, 556, 0
MM, 36, 17, 16
MM, 30, 17, 0
MM, 27, 17, 18
MM, 24, 17, 7
MM, 20, 17, 0
MM, 13, 15, 15
MM, 6, 13, 0
MM, 510, 548, 16
MM, 32, 5, 0
MM, 28, 5, 16
MM, 22, 4, 0
MM, 19, 2, 15
MM, 15, 2, 0
MM, 11, 1, 16
MM, 8, 1, 0
MM, 5, 0, 16
MM, 2, 0, 0
MM, 0, 0, 15
MM, 468, 539, 0
MM, 467, 538, 20
MM, 465, 538, 7
MM, 464, 537, 2
MM, 463, 537, 32
MM, 462, 537, 0
MM, 460, 537, 15
MM, 459, 536, 0
MM, 457, 536, 16
MM, 455, 535, 16
MM, 453, 535, 0
MM, 450, 534, 15
MM, 448, 533, 0
MM, 5, 30, 16
MM, 2, 30, 1
MM, 436, 530, 16
MM, 433, 528, 0
MM, 33, 26, 15
MM, 32, 25, 0
MM, 30, 24, 16
MM, 28, 24, 41
MM, 27, 24, 13
MM, 24, 23, 0
MM, 22, 23, 16
MM, 21, 23, 0
MM, 18, 22, 15
MM, 16, 22, 0
MM, 15, 22, 16
MM, 14, 21, 0
MC, 1, 194
MM, 15, 21, 47
MM, 16, 21, 15
MM, 20, 21, 0
MM, 27, 21, 19
MM, 433, 523, 0
MM, 3, 21, 14
MM, 15, 21, 0
MM, 27, 21, 15
MM, 477, 523, 0
MM, 4, 20, 16
MM, 12, 20, 0
MM, 15, 20, 15
MM, 17, 20, 0
MM, 18, 20, 32
MM, 18, 19, 15
MM, 20, 19, 18
MM, 21, 19, 0
MM, 23, 18, 16
MM, 24, 18, 15
MM, 25, 18, 16
MM, 27, 18, 0
MM, 28, 17, 20
MM, 29, 17, 0
MM, 31, 16, 15
MM, 33, 16, 0
MM, 517, 518, 16
MM, 520, 517, 0
MM, 522, 515, 17
MM, 1, 13, 9
MM, 2, 13, 7
MM, 3, 13, 13
MM, 4, 12, 16
MM, 5, 12, 31
MM, 7, 11, 16
MM, 8, 11, 47
MM, 9, 11, 0
MM, 10, 11, 15
MM, 10, 10, 0
MM, 11, 10, 16
MM, 12, 10, 0
MC, 1, 223
MM, 12, 11, 51
MM, 11, 12, 0
MM, 10, 14, 16
MM, 10, 15, 0
MM, 7, 19, 15
MM, 4, 22, 0
MM, 1, 28, 16
MM, 520, 536, 0
MM, 6, 4, 16
MM, 2, 13, 0
MM, 507, 560, 15
MM, 502, 571, 0
MM, 24, 4, 16
MM, 19, 14, 0
MM, 16, 22, 15
MM, 14, 26, 0
MM, 489, 607, 16
MM, 488, 609, 0
MM, 488, 610, 300
MM, 488, 611, 16
MM, 98, 0, 16
MM, 98, 4, 0
MM, 98, 6, 15
MM, 98, 8, 16
MM, 99, 9, 15
MM, 100, 12, 149
MC, 1, 195
MM, 101, 12, 47
MM, 101, 10, 22
MM, 101, 9, 8
MM, 101, 7, 8
MM, 101, 6, 8
MM, 102, 3, 8
MM, 102, 2, 8
MM, 103, 1, 8
MM, 493, 612, 8
MM, 493, 610, 8
MM, 496, 609, 8
MM, 496, 607, 8
MM, 21, 30, 8
MM, 23, 28, 8
MM, 24, 26, 6
MM, 24, 23, 0
MM, 24, 22, 15
MM, 26, 20, 0
MM, 27, 18, 16
MM, 29, 16, 0
MM, 31, 14, 16
MM, 32, 12, 0
MM, 33, 10, 15
MM, 35, 9, 0
MM, 512, 583, 16
MM, 513, 582, 0
MM, 514, 581, 16
MM, 516, 579, 15
MM, 1, 1, 0
MM, 2, 0, 16
MM, 520, 575, 16
MM, 520, 574, 0
MM, 521, 574, 15
MM, 522, 571, 0
MM, 523, 571, 16
MM, 12, 30, 0
MM, 13, 28, 16
MM, 15, 27, 0
MM, 16, 25, 15
MM, 16, 23, 0
MM, 16, 21, 17
MM, 17, 20, 0
MM, 18, 19, 16
MM, 19, 18, 0
MM, 19, 17, 15
MM, 19, 16, 0
MM, 19, 15, 32
MC, 1, 227
MM, 19, 14, 52
MM, 18, 14, 8
MM, 17, 14, 16
MM, 15, 14, 8
MM, 13, 14, 9
MM, 8, 13, 7
MM, 4, 12, 8
MM, 509, 550, 9
MM, 34, 9, 8
MM, 28, 7, 7
MM, 22, 6, 9
MM, 18, 4, 7
MM, 15, 3, 8
MM, 13, 3, 1
MM, 11, 1, 16
MM, 10, 0, 0
MM, 478, 538, 15
MM, 478, 537, 16
MM, 477, 537, 0
MM, 476, 535, 15
MM, 475, 535, 17
MM, 474, 534, 16
MM, 473, 533, 0
MM, 32, 30, 15
MM, 30, 30, 0
MM, 28, 29, 16
MM, 26, 27, 0
MM, 22, 26, 16
MM, 19, 26, 0
MM, 16, 25, 16
MM, 15, 23, 0
MM, 13, 23, 16
MM, 11, 22, 0
MM, 9, 22, 15
MM, 7, 21, 0
MM, 4, 20, 16
MM, 2, 19, 0
MM, 438, 520, 16
MM, 435, 520, 0
MM, 35, 18, 15
MM, 31, 17, 0
MM, 27, 15, 19
MM, 24, 15, 8
MM, 22, 15, 8
MM, 21, 15, 8
MM, 19, 14, 8
MC, 1, 277
MM, 19, 13, 31
MM, 21, 12, 15
MM, 26, 12, 0
MM, 33, 12, 16
MM, 438, 514, 0
MM, 6, 12, 16
MM, 15, 12, 0
MM, 23, 12, 15
MM, 31, 12, 0
MM, 477, 514, 16
MM, 480, 514, 0
MM, 1, 12, 16
MM, 2, 12, 62
MM, 3, 12, 47
MM, 4, 12, 16
MM, 5, 12, 15
MM, 6, 12, 16
MM, 7, 12, 0
MM, 8, 12, 15
MM, 9, 12, 32
MM, 10, 12, 0
MM, 11, 12, 15
MM, 13, 11, 0
MM, 14, 10, 16
MM, 17, 10, 0
MM, 18, 10, 16
MM, 18, 9, 0
MC, 1, 221
MM, 18, 10, 62
MM, 17, 13, 0
MM, 16, 16, 16
MM, 15, 18, 0
MM, 14, 22, 15
MM, 14, 29, 0
MM, 495, 538, 18
MM, 25, 5, 8
MM, 25, 13, 8
MM, 25, 21, 8
MM, 25, 29, 3
MM, 20, 0, 0
MM, 20, 6, 16
MM, 20, 13, 0
MM, 20, 17, 15
MM, 20, 21, 0
MM, 20, 24, 16
MM, 20, 25, 0
MM, 20, 27, 22
MM, 20, 28, 8
MM, 20, 29, 8
MM, 20, 30, 8
MM, 495, 607, 9
MM, 495, 608, 15
MM, 495, 609, 0
MM, 495, 610, 16
MM, 495, 611, 32
MM, 496, 612, 15
MM, 106, 1, 16
MM, 106, 2, 15
MM, 107, 4, 0
MM, 107, 5, 16
MM, 107, 7, 16
MC, 1, 292
MM, 108, 6, 211
MM, 109, 5, 0
MM, 109, 3, 15
MM, 500, 612, 0
MM, 503, 608, 21
MM, 30, 27, 7
MM, 32, 23, 8
MM, 34, 19, 8
MM, 35, 14, 9
MM, 511, 585, 3
MM, 512, 580, 0
MM, 513, 576, 15
MM, 514, 570, 0
MM, 4, 27, 18
MM, 4, 25, 0
MM, 4, 22, 17
MM, 5, 21, 0
MM, 6, 21, 14
MM, 6, 20, 16
MM, 6, 19, 63
MM, 6, 18, 0
MM, 7, 17, 32
MM, 7, 16, 30
MM, 7, 15, 16
MM, 7, 14, 11
MM, 7, 13, 0
MM, 7, 12, 16
MM, 7, 11, 15
MM, 7, 10, 16
MM, 7, 9, 0
MM, 7, 8, 16
MM, 7, 6, 21
MM, 7, 5, 8
MM, 6, 4, 8
MM, 5, 2, 3
MM, 5, 0, 0
MM, 515, 537, 16
MM, 513, 536, 16
MM, 513, 535, 0
MM, 513, 534, 16
MM, 512, 533, 158
MM, 30, 30, 15
MM, 29, 28, 16
MM, 28, 28, 0
MM, 28, 27, 16
MM, 27, 27, 0
MM, 27, 26, 15
MM, 26, 25, 16
MM, 25, 24, 0
MM, 24, 23, 47
MM, 22, 22, 16
MM, 21, 22, 18
MM, 20, 21, 8
MM, 20, 20, 8
MM, 19, 20, 160
MC, 1, 100
MM, 19, 19, 47
MM, 21, 17, 0
MM, 24, 17, 15
MM, 32, 17, 0
MM, 0, 17, 17
MM, 11, 17, 0
MM, 21, 17, 15
MM, 29, 17, 0
MM, 560, 519, 16
MM, 3, 17, 0
MM, 8, 17, 16
MM, 13, 17, 0
MM, 15, 17, 15
MM, 19, 17, 0
MM, 20, 16, 16
MM, 21, 15, 31
MM, 23, 15, 8
MM, 23, 14, 5
MM, 25, 14, 0
MM, 27, 13, 15
MM, 30, 13, 16
MM, 32, 12, 0
MM, 35, 11, 16
MM, 602, 513, 0
MM, 605, 513, 15
MM, 0, 11, 0
MM, 3, 11, 16
MM, 6, 11, 0
MM, 10, 11, 15
MM, 13, 11, 0
MM, 15, 10, 17
MM, 17, 10, 0
MM, 18, 10, 16
MM, 19, 9, 53
MM, 20, 9, 29
MM, 21, 8, 0
MM, 23, 8, 16
MM, 24, 8, 15
MM, 25, 8, 16
MM, 26, 8, 16
MM, 27, 8, 0
MM, 30, 7, 15
MM, 638, 509, 0
MM, 640, 509, 16
MM, 642, 509, 0
MM, 0, 7, 15
MM, 2, 7, 0
MM, 4, 7, 16
MM, 6, 7, 0
MM, 7, 7, 16
MM, 9, 7, 0
MM, 11, 7, 15
MM, 12, 7, 0
MC, 1, 327
MM, 11, 8, 32
MM, 11, 9, 0
MM, 6, 12, 15
MM, 4, 14, 0
MM, 643, 520, 16
MM, 638, 524, 0
MM, 26, 26, 16
MM, 23, 30, 0
MM, 622, 538, 15
MM, 14, 7, 0
MM, 596, 559, 18
MM, 579, 571, 4
MM, 5, 6, 0
MM, 31, 17, 16
MM, 19, 26, 0
MM, 528, 607, 15
MM, 523, 612, 0
MM, 129, 2, 16
MM, 128, 3, 47
MM, 127, 5, 32
MM, 127, 6, 0
MM, 126, 7, 16
MM, 126, 9, 0
MM, 125, 9, 15
MM, 125, 10, 0
MM, 125, 13, 23
MM, 125, 15, 8
MM, 125, 18, 5
MM, 125, 19, 16
MM, 125, 21, 0
MM, 125, 22, 15
MM, 126, 24, 297
MM, 128, 22, 16
MM, 131, 21, 16
MM, 133, 17, 0
MM, 138, 16, 15
MM, 142, 12, 0
MM, 150, 8, 16
MM, 158, 4, 0
MM, 559, 613, 15
MM, 570, 608, 0
MM, 24, 27, 16
MM, 601, 598, 0
MM, 11, 18, 16
MM, 28, 11, 0
MM, 2, 4, 15
MM, 654, 573, 0
MM, 29, 29, 16
MM, 674, 562, 0
MM, 2, 19, 15
MM, 7, 16, 0
MM, 9, 14, 16
MM, 12, 12, 0
MM, 12, 11, 17
MM, 13, 11, 0
MM, 14, 9, 15
MM, 15, 8, 0
MM, 15, 7, 139
MM, 16, 7, 0
MM, 16, 6, 15
MM, 17, 6, 0
MM, 18, 5, 16
MM, 19, 3, 16
MM, 20, 2, 0
MM, 20, 1, 15
MM, 700, 538, 0
MM, 700, 536, 16
MM, 700, 535, 16
MM, 700, 533, 15
MM, 701, 533, 16
MM, 15, 30, 15
MM, 15, 28, 64
MM, 16, 28, 16
MM, 16, 27, 15
MM, 17, 26, 17
MM, 17, 25, 8
MM, 17, 24, 8
MM, 18, 22, 8
MM, 19, 20, 16
MM, 19, 19, 15
MM, 19, 18, 16
MM, 19, 17, 0
MM, 19, 15, 17
MC, 1, 243
MM, 17, 16, 16
MM, 14, 17, 0
MM, 11, 17, 16
MM, 9, 18, 0
MM, 5, 20, 15
MM, 0, 21, 0
MM, 36, 22, 22
MM, 29, 24, 8
MM, 22, 25, 5
MM, 15, 26, 0
MM, 8, 27, 15
MM, 0, 27, 0
MM, 640, 529, 16
MM, 27, 28, 0
MM, 23, 28, 15
MM, 18, 28, 0
MM, 10, 28, 16
MM, 4, 28, 0
MM, 0, 28, 16
MM, 604, 530, 0
MM, 601, 530, 21
MM, 33, 28, 8
MM, 31, 27, 8
MM, 29, 26, 176
MM, 28, 26, 8
MM, 26, 25, 9
MM, 24, 24, 7
MM, 23, 23, 7
MM, 20, 21, 0
MM, 19, 21, 16
MM, 17, 20, 0
MM, 16, 19, 16
MM, 15, 18, 0
MM, 14, 17, 15
MM, 14, 16, 0
MC, 1, 282
MM, 13, 16, 45
MM, 11, 17, 16
MM, 10, 22, 16
MM, 8, 27, 0
MM, 569, 535, 15
MM, 11, 1, 0
MM, 8, 5, 16
MM, 3, 11, 0
MM, 553, 555, 16
MM, 549, 561, 0
MM, 33, 28, 15
MM, 540, 573, 0
MM, 21, 1, 16
MM, 20, 3, 0
MM, 19, 6, 16
MM, 19, 8, 0
MM, 18, 11, 15
MM, 17, 13, 0
MM, 17, 14, 16
MM, 16, 15, 0
MM, 16, 16, 18
MM, 16, 17, 0
MM, 15, 18, 96
MM, 14, 18, 31
MC, 1, 188
MM, 15, 18, 31
MM, 16, 17, 16
MM, 18, 15, 15
MM, 19, 12, 0
MM, 22, 8, 16
MM, 26, 3, 0
MM, 545, 573, 15
MM, 36, 26, 0
MM, 552, 558, 20
MM, 2, 15, 8
MM, 8, 11, 8
MM, 12, 6, 3
MM, 15, 2, 0
MM, 572, 537, 20
MM, 574, 535, 0
MM, 579, 534, 12
MM, 17, 30, 0
MM, 18, 28, 16
MM, 20, 26, 21
MM, 21, 25, 10
MM, 22, 25, 16
MM, 23, 24, 0
MM, 24, 24, 15
MM, 25, 23, 16
MM, 27, 22, 16
MM, 27, 20, 15
MM, 30, 20, 0
MM, 32, 20, 16
MM, 33, 19, 0
MM, 34, 19, 15
MM, 36, 18, 0
MM, 601, 520, 16
MM, 602, 519, 16
MM, 603, 519, 17
MM, 603, 518, 0
MM, 604, 518, 15
MM, 605, 518, 16
MM, 606, 518, 0
MM, 1, 16, 16
MM, 2, 16, 15
MM, 3, 16, 0
MM, 4, 15, 16
MM, 5, 15, 0
MM, 6, 14, 31
MM, 7, 14, 19
MC, 1, 282
MM, 5, 14, 63
MM, 3, 14, 15
MM, 1, 16, 8
MM, 605, 519, 9
MM, 601, 521, 7
MM, 33, 21, 5
MM, 27, 24, 0
MM, 21, 27, 16
MM, 15, 30, 0
MM, 569, 534, 16
MM, 558, 537, 0
MM, 34, 1, 15
MM, 22, 4, 0
MM, 11, 7, 21
MM, 0, 10, 5
MM, 31, 14, 0
MM, 23, 15, 16
MM, 17, 16, 0
MM, 14, 18, 15
MM, 10, 18, 0
MM, 7, 19, 16
MM, 4, 20, 0
MM, 1, 20, 16
MM, 469, 559, 0
MM, 465, 560, 15
MM, 35, 21, 0
MM, 31, 22, 16
MM, 26, 22, 0
MM, 20, 22, 18
MM, 16, 22, 0
MM, 13, 22, 15
MM, 10, 22, 0
MM, 5, 22, 16
MM, 3, 22, 0
MM, 0, 23, 16
MM, 425, 562, 0
MM, 423, 562, 15
MM, 35, 23, 0
MM, 33, 23, 21
MM, 31, 23, 7
MM, 29, 23, 38
MM, 28, 23, 31
MM, 26, 23, 0
MM, 25, 23, 28
MM, 23, 22, 8
MM, 22, 21, 15
MC, 1, 288
MM, 23, 21, 65
MM, 27, 21, 0
MM, 34, 21, 0
MM, 425, 560, 15
MM, 6, 21, 16
MM, 17, 21, 0
MM, 26, 21, 16
MM, 464, 560, 0
MM, 3, 21, 15
MM, 10, 21, 0
MM, 13, 21, 16
MM, 16, 21, 0
MM, 18, 21, 16
MM, 20, 21, 0
MM, 22, 21, 46
MM, 23, 20, 0
MM, 25, 20, 16
MM, 29, 19, 0
MM, 34, 18, 16
MM, 0, 17, 0
MM, 4, 16, 19
MM, 9, 16, 8
MM, 16, 15, 2
MM, 19, 14, 0
MM, 22, 13, 15
MM, 24, 12, 0
MM, 28, 12, 16
MM, 29, 12, 0
MM, 30, 12, 16
MM, 31, 12, 15
MM, 33, 12, 8
MM, 34, 10, 8
MM, 36, 10, 8
MM, 548, 549, 8
MM, 551, 549, 8
MM, 553, 549, 8
MM, 1, 10, 8
MM, 4, 10, 8
MM, 5, 10, 16
MM, 6, 9, 31
MM, 7, 9, 0
MM, 9, 8, 16
MM, 10, 8, 15
MM, 12, 8, 16
MC, 1, 206
MM, 12, 10, 64
MM, 11, 11, 0
MM, 8, 14, 16
MM, 5, 15, 0
MM, 3, 17, 20
MM, 553, 559, 6
MM, 550, 564, 0
MM, 35, 30, 16
MM, 541, 575, 0
MM, 19, 5, 15
MM, 13, 11, 0
MM, 7, 16, 16
MM, 1, 20, 0
MM, 512, 601, 16
MM, 28, 28, 0
MM, 496, 609, 19
MM, 489, 612, 9
MM, 93, 2, 8
MM, 88, 4, 7
MM, 84, 7, 8
MM, 80, 9, 8
MM, 78, 10, 8
MM, 76, 13, 9
MM, 74, 15, 7
MM, 69, 18, 8
MM, 68, 18, 9
MM, 67, 19, 7
MC, 1, 316
MM, 65, 19, 49
MM, 64, 18, 0
MM, 63, 15, 16
MM, 62, 10, 0
MM, 61, 5, 15
MM, 447, 609, 0
MM, 11, 25, 16
MM, 5, 15, 0
MM, 0, 7, 16
MM, 433, 578, 0
MM, 432, 575, 16
MM, 432, 572, 0
MM, 5, 30, 16
MM, 5, 28, 0
MM, 5, 24, 16
MM, 5, 21, 0
MM, 5, 17, 16
MM, 5, 14, 0
MM, 5, 11, 15
MM, 5, 9, 0
MM, 5, 6, 16
MM, 5, 4, 0
MM, 5, 2, 15
MM, 5, 1, 0
MM, 5, 0, 16
MM, 432, 538, 16
MM, 434, 537, 0
MM, 434, 536, 46
MM, 434, 535, 0
MM, 434, 534, 16
MM, 434, 533, 16
MM, 434, 532, 0
MM, 434, 531, 24
MM, 434, 530, 25
MM, 434, 529, 47
MM, 434, 527, 32
MM, 433, 526, 16
MM, 433, 524, 8
MM, 35, 21, 16
MM, 35, 20, 16
MM, 35, 18, 0
MM, 34, 18, 15
MM, 34, 16, 0
MM, 33, 15, 16
MM, 33, 13, 18
MM, 32, 12, 8
MM, 31, 12, 4
MC, 1, 304
MM, 30, 11, 78
MM, 29, 11, 17
MM, 24, 14, 0
MM, 19, 17, 16
MM, 11, 20, 0
MM, 5, 24, 15
MM, 394, 530, 0
MM, 391, 532, 16
MM, 386, 533, 0
MM, 384, 534, 16
MM, 382, 536, 0
MM, 380, 538, 15
MM, 379, 540, 0
MM, 32, 2, 16
MM, 31, 3, 0
MM, 30, 5, 15
MM, 25, 6, 0
MM, 23, 8, 18
MM, 21, 9, 0
MM, 19, 10, 16
MM, 16, 12, 0
MM, 15, 12, 15
MM, 14, 14, 0
MM, 13, 15, 30
MM, 12, 15, 9
MM, 11, 17, 7
MM, 11, 18, 8
MM, 10, 19, 0
MM, 9, 19, 15
MM, 7, 20, 0
MM, 6, 21, 17
MM, 5, 22, 0
MM, 4, 23, 15
MM, 4, 22, 211
MM, 6, 20, 15
MM, 8, 19, 0
MM, 10, 17, 16
MM, 12, 16, 16
MM, 13, 15, 0
MM, 14, 13, 15
MC, 1, 236
MM, 15, 11, 48
MM, 16, 11, 15
MM, 18, 13, 0
MM, 21, 15, 16
MM, 23, 17, 0
MM, 27, 20, 16
MM, 30, 22, 0
MM, 379, 565, 15
MM, 384, 568, 0
MM, 389, 572, 16
MM, 2, 1, 0
MM, 10, 6, 16
MM, 16, 12, 0
MM, 23, 16, 15
MM, 29, 18, 0
MM, 31, 19, 16
MM, 32, 21, 15
MM, 30, 20, 208
MM, 29, 20, 8
MM, 28, 19, 8
MM, 26, 18, 8
MM, 25, 18, 15
MM, 25, 17, 15
MM, 24, 17, 175
MC, 1, 111
MM, 24, 16, 16
MM, 27, 15, 15
MM, 428, 590, 0
MM, 5, 12, 16
MM, 17, 11, 0
MM, 29, 9, 16
MM, 3, 6, 0
MM, 17, 5, 21
MM, 32, 3, 8
MM, 1, 1, 8
MM, 11, 0, 8
MM, 536, 575, 8
MM, 541, 574, 8
MM, 544, 572, 8
MM, 546, 571, 5
MM, 547, 570, 16
MM, 548, 570, 0
MM, 549, 570, 15
MM, 550, 569, 0
MM, 551, 569, 16
MM, 552, 569, 0
MM, 553, 568, 19
MM, 553, 567, 78
MM, 0, 28, 15
MM, 1, 27, 0
MM, 3, 27, 16
MM, 5, 26, 0
MM, 7, 25, 16
MM, 11, 23, 0
MM, 13, 23, 15
MM, 15, 22, 0
MM, 16, 21, 16
MM, 17, 21, 0
MM, 17, 20, 94
MC, 1, 208
MM, 16, 21, 87
MM, 15, 22, 16
MM, 12, 25, 0
MM, 8, 29, 15
MM, 558, 573, 0
MM, 554, 576, 16
MM, 34, 5, 0
MM, 30, 11, 17
MM, 26, 16, 0
MM, 22, 20, 15
MM, 20, 23, 0
MM, 17, 27, 16
MM, 14, 30, 0
MM, 528, 609, 16
MM, 527, 611, 0
MM, 136, 1, 15
MM, 135, 2, 0
MM, 135, 3, 16
MM, 134, 3, 0
MM, 134, 4, 58
MM, 134, 5, 8
MM, 134, 6, 4
MM, 134, 7, 63
MM, 133, 8, 141
MC, 1, 216
MM, 133, 9, 21
MM, 134, 8, 0
MM, 135, 7, 16
MM, 137, 6, 15
MM, 138, 4, 0
MM, 141, 1, 16
MM, 534, 612, 0
MM, 539, 608, 20
MM, 26, 28, 8
MM, 34, 23, 8
MM, 559, 594, 8
MM, 8, 13, 8
MM, 18, 8, 4
MM, 27, 3, 0
MM, 594, 572, 16
MM, 4, 28, 0
MM, 8, 23, 15
MM, 12, 18, 0
MM, 13, 15, 16
MM, 15, 12, 0
MM, 16, 10, 16
MM, 18, 9, 0
MM, 19, 8, 22
MM, 19, 7, 7
MM, 19, 6, 1
MM, 19, 5, 0
MM, 20, 5, 16
MM, 20, 4, 16
MM, 21, 4, 109
MM, 21, 3, 0
MM, 22, 2, 16
MM, 23, 1, 0
MM, 24, 0, 18
MM, 622, 537, 8
MM, 624, 535, 8
MM, 626, 533, 8
MM, 20, 29, 3
MM, 22, 27, 0
MM, 24, 26, 16
MM, 25, 26, 0
MM, 26, 24, 16
MM, 27, 24, 15
MM, 28, 23, 0
MM, 29, 23, 22
MM, 30, 22, 16
MM, 639, 523, 8
MM, 641, 523, 2
MM, 643, 523, 0
MM, 0, 20, 16
MM, 3, 19, 0
MM, 4, 19, 15
MM, 5, 19, 0
MC, 1, 328
MM, 5, 18, 78
MM, 4, 18, 16
MM, 4, 19, 15
MM, 3, 19, 0
MM, 1, 19, 16
MM, 0, 19, 0
MM, 639, 524, 16
MM, 27, 23, 0
MM, 24, 24, 15
MM, 22, 24, 0
MM, 17, 26, 16
MM, 11, 26, 0
MM, 2, 26, 20
MM, 36, 26, 5
MM, 28, 27, 0
MM, 17, 27, 16
MM, 8, 27, 0
MM, 1, 27, 15
MM, 558, 529, 0
MM, 31, 27, 16
MM, 27, 27, 0
MM, 24, 27, 16
MM, 22, 27, 0
MM, 19, 27, 19
MM, 17, 28, 8
MM, 16, 28, 8
MM, 11, 28, 8
MM, 10, 28, 8
MM, 8, 28, 8
MM, 3, 28, 8
MM, 0, 28, 8
MM, 522, 530, 8
MM, 521, 530, 1
MM, 520, 530, 47
MM, 518, 530, 16
MM, 517, 529, 0
MM, 33, 27, 16
MM, 30, 27, 0
MM, 29, 25, 15
MM, 27, 25, 0
MM, 25, 24, 16
MM, 24, 23, 0
MM, 23, 23, 16
MM, 22, 21, 25
MM, 21, 20, 38
MM, 20, 19, 17
MM, 19, 18, 16
MM, 19, 17, 15
MC, 1, 202
MM, 20, 18, 76
MM, 23, 19, 15
MM, 26, 23, 0
MM, 31, 25, 16
MM, 34, 28, 0
MM, 521, 534, 21
MM, 525, 536, 8
MM, 19, 1, 8
MM, 23, 3, 9
MM, 26, 5, 7
MM, 30, 8, 8
MM, 32, 8, 0
MM, 33, 9, 15
MM, 34, 10, 0
MM, 35, 10, 16
MM, 36, 10, 16
MM, 548, 549, 17
MM, 549, 549, 1
MM, 550, 549, 0
MM, 551, 549, 16
MM, 553, 550, 0
MM, 1, 11, 16
MM, 3, 12, 62
MM, 4, 12, 16
MM, 6, 12, 17
MM, 7, 12, 0
MM, 8, 12, 16
MM, 9, 13, 16
MC, 1, 206
MM, 5, 13, 62
MM, 3, 13, 0
MM, 2, 13, 16
MM, 551, 552, 0
MM, 549, 552, 15
MM, 35, 13, 0
MM, 31, 13, 16
MM, 27, 13, 0
MM, 21, 13, 16
MM, 17, 12, 0
MM, 13, 12, 15
MM, 10, 11, 0
MM, 7, 10, 16
MM, 4, 8, 0
MM, 0, 5, 15
MM, 507, 543, 0
MM, 33, 3, 24
MM, 29, 1, 7
MM, 493, 538, 8
MM, 488, 537, 6
MM, 484, 536, 0
MM, 481, 535, 16
MM, 476, 534, 0
MM, 473, 533, 16
MM, 31, 30, 0
MM, 29, 29, 15
MM, 25, 28, 0
MM, 20, 26, 16
MM, 16, 23, 0
MM, 11, 23, 20
MM, 6, 22, 7
MM, 437, 519, 8
MM, 35, 16, 4
MM, 31, 13, 0
MM, 28, 12, 16
MM, 27, 11, 0
MM, 25, 11, 16
MM, 25, 10, 0
MM, 24, 10, 15
MC, 1, 281
MM, 29, 10, 44
MM, 433, 512, 8
MM, 2, 10, 8
MM, 10, 10, 8
MM, 16, 10, 8
MM, 19, 10, 8
MM, 21, 10, 3
MM, 22, 10, 0
MM, 23, 10, 16
MC, 1, 290
MM, 24, 10, 78
MM, 24, 13, 16
MM, 24, 19, 21
MM, 24, 24, 8
MM, 463, 533, 3
MM, 464, 541, 0
MM, 465, 549, 16
MM, 466, 558, 0
MM, 467, 568, 15
MM, 470, 574, 0
MM, 471, 579, 16
MM, 473, 584, 0
MM, 0, 12, 22
MM, 0, 16, 9
MM, 1, 18, 7
MM, 2, 18, 8
MM, 2, 20, 8
MM, 3, 22, 16
MM, 3, 23, 16
MM, 3, 24, 0
MM, 3, 25, 15
MM, 4, 28, 16
MM, 4, 29, 17
MM, 479, 607, 9
MM, 480, 608, 7
MM, 480, 609, 24
MM, 480, 610, 3
MM, 480, 611, 15
MM, 480, 612, 0
MM, 90, 0, 16
MM, 90, 1, 120
MM, 90, 2, 16
MM, 90, 3, 111
MM, 90, 4, 15
MM, 91, 6, 0
MM, 91, 8, 16
MM, 91, 11, 0
MM, 91, 13, 15
MM, 91, 16, 25
MM, 91, 17, 8
MC, 1, 248
MM, 91, 18, 80
MM, 88, 18, 16
MM, 85, 16, 1
MM, 81, 14, 0
MM, 78, 12, 16
MM, 73, 7, 0
MM, 66, 2, 16
MM, 451, 611, 16
MM, 445, 608, 0
MM, 4, 28, 0
MM, 431, 601, 16
MM, 35, 22, 0
MM, 29, 19, 16
MM, 23, 16, 15
MM, 20, 14, 0
MM, 18, 13, 16
MM, 17, 12, 0
MM, 16, 11, 16
MM, 13, 10, 8
MM, 12, 10, 1
MM, 10, 10, 0
MM, 9, 9, 16
MM, 8, 9, 15
MM, 7, 8, 16
MM, 6, 8, 16
MM, 4, 8, 16
MM, 4, 7, 8
MM, 3, 6, 2
MM, 2, 6, 0
MM, 1, 5, 16
MM, 0, 5, 16
MM, 389, 581, 15
MM, 389, 580, 0
MM, 388, 579, 39
MM, 386, 579, 8
MM, 385, 578, 9
MM, 33, 1, 7
MM, 32, 1, 2
MM, 31, 0, 0
MM, 378, 575, 15
MM, 376, 575, 0
MM, 376, 574, 16
MM, 375, 573, 16
MM, 374, 572, 0
MM, 372, 571, 23
MM, 25, 29, 9
MM, 22, 27, 2
MM, 20, 25, 0
MM, 19, 24, 47
MM, 19, 23, 31
MM, 19, 22, 23
MM, 19, 20, 8
MM, 18, 19, 11
MC, 1, 236
MM, 18, 18, 78
MM, 19, 17, 16
MM, 23, 15, 0
MM, 31, 12, 15
MM, 383, 547, 0
MM, 6, 4, 16
MM, 13, 0, 0
MM, 407, 536, 16
MM, 17, 30, 0
MM, 24, 27, 15
MM, 30, 24, 0
MM, 33, 23, 21
MM, 434, 523, 8
MM, 436, 522, 8
MM, 437, 521, 7
MM, 438, 521, 16
MM, 0, 18, 89
MM, 1, 18, 0
MM, 1, 17, 16
MM, 3, 16, 0
MM, 5, 14, 15
MM, 6, 13, 0
MM, 7, 12, 16
MM, 8, 11, 0
MM, 7, 10, 267
MM, 6, 10, 16
MM, 3, 11, 16
MM, 0, 11, 0
MM, 435, 514, 15
MM, 433, 515, 0
MM, 35, 13, 32
MM, 34, 13, 23
MM, 33, 13, 3
MM, 32, 13, 15
MM, 31, 13, 16
MM, 30, 13, 16
MM, 29, 13, 15
MM, 28, 13, 0
MM, 27, 13, 32
MM, 26, 13, 32
MM, 25, 13, 15
MM, 24, 13, 16
MM, 23, 13, 16
MM, 22, 13, 0
MC, 1, 231
MM, 21, 13, 62
MM, 21, 14, 0
MM, 21, 17, 16
MM, 23, 22, 0
MM, 26, 28, 19
MM, 425, 536, 8
MM, 2, 3, 8
MM, 5, 10, 9
MM, 7, 16, 6
MM, 10, 21, 0
MM, 440, 570, 15
MM, 10, 3, 0
MM, 14, 11, 16
MM, 16, 18, 0
MM, 19, 25, 16
MM, 456, 607, 0
MM, 70, 1, 18
MM, 72, 6, 8
MM, 73, 9, 0
MM, 74, 11, 16
MM, 75, 12, 0
MC, 1, 405
MM, 74, 10, 47
MM, 74, 7, 15
MM, 73, 6, 0
MM, 71, 4, 20
MM, 71, 2, 9
MM, 71, 1, 9
MM, 460, 612, 0
MM, 460, 611, 16
MM, 460, 610, 0
MM, 459, 608, 15
MM, 459, 607, 16
MM, 25, 30, 0
MM, 25, 29, 31
MM, 25, 28, 16
MM, 25, 27, 15
MM, 25, 26, 16
MM, 25, 25, 0
MM, 25, 23, 16
MM, 25, 20, 15
MM, 25, 19, 0
MM, 24, 17, 19
MM, 24, 16, 8
MM, 23, 14, 8
MM, 23, 11, 8
MM, 22, 8, 8
MM, 21, 7, 4
MC, 1, 236
MM, 19, 6, 96
MM, 18, 5, 0
MM, 15, 3, 16
MM, 13, 2, 0
MM, 10, 1, 15
MM, 441, 573, 0
MM, 438, 570, 16
MM, 10, 28, 0
MM, 6, 23, 17
MM, 2, 13, 7
MM, 423, 541, 6
MM, 419, 534, 0
MM, 19, 27, 16
MM, 18, 25, 0
MM, 17, 22, 16
MM, 17, 20, 0
MM, 16, 18, 15
MM, 16, 17, 16
MC, 1, 311
MM, 16, 15, 40
MM, 17, 15, 15
MM, 19, 15, 16
MM, 24, 15, 0
MM, 31, 15, 15
MM, 436, 516, 0
MM, 4, 13, 16
MM, 9, 13, 0
MM, 14, 13, 16
MM, 17, 13, 15
MM, 19, 12, 8
MM, 20, 11, 8
MC, 1, 239
MM, 21, 11, 49
MM, 23, 11, 16
MM, 28, 11, 5
MM, 478, 513, 0
MM, 4, 12, 19
MM, 16, 12, 0
MM, 26, 13, 13
MM, 517, 516, 0
MM, 4, 15, 16
MM, 12, 16, 0
MM, 15, 17, 19
MM, 18, 17, 0
MM, 19, 17, 16
MC, 1, 282
MM, 20, 17, 77
MM, 20, 18, 8
MM, 19, 20, 2
MM, 18, 23, 0
MM, 16, 27, 16
MM, 536, 534, 0
MM, 24, 0, 15
MM, 20, 6, 16
MM, 18, 13, 1
MM, 13, 22, 0
MM, 10, 28, 16
MM, 1, 0, 15
MM, 516, 583, 0
MM, 515, 592, 16
MM, 513, 599, 8
MM, 512, 604, 8
MM, 512, 610, 3
MM, 122, 1, 0
MM, 122, 4, 16
MM, 122, 7, 0
MM, 122, 8, 15
MM, 122, 9, 94
MM, 122, 10, 16
MM, 122, 11, 0
MM, 122, 12, 15
MC, 1, 267
MM, 122, 13, 47
MM, 122, 12, 0
MM, 122, 11, 15
MM, 122, 8, 16
MM, 122, 3, 8
MM, 513, 611, 8
MM, 514, 608, 8
MM, 514, 604, 8
MM, 515, 599, 8
MM, 1, 19, 9
MM, 2, 16, 7
MM, 3, 14, 8
MM, 6, 11, 8
MM, 7, 9, 8
MM, 9, 6, 9
MM, 10, 3, 8
MM, 12, 1, 7
MM, 12, 0, 6
MM, 529, 575, 0
MM, 529, 574, 18
MM, 529, 573, 61
MM, 529, 572, 16
MM, 530, 570, 16
MM, 19, 30, 20
MM, 19, 29, 7
MM, 19, 28, 16
MM, 19, 27, 5
MM, 19, 26, 16
MM, 20, 25, 15
MM, 20, 24, 0
MM, 21, 22, 48
MM, 21, 21, 0
MM, 21, 20, 31
MC, 1, 180
MM, 22, 20, 62
MM, 22, 19, 16
MM, 26, 19, 0
MM, 34, 19, 16
MM, 2, 18, 0
MM, 14, 16, 20
MM, 26, 15, 7
MM, 35, 13, 3
MM, 5, 10, 0
MM, 14, 7, 15
MM, 24, 3, 0
MM, 31, 0, 16
MM, 635, 537, 0
MM, 642, 533, 16
MM, 4, 28, 0
MM, 10, 26, 22
MM, 13, 25, 8
MM, 15, 20, 8
MM, 17, 19, 8
MM, 17, 18, 8
MC, 1, 344
MC, 2, 149
MM, 15, 19, 62
MM, 12, 20, 16
MM, 4, 22, 0
MM, 30, 24, 15
MM, 19, 28, 0
MM, 612, 534, 17
MM, 597, 537, 0
MM, 24, 4, 16
MM, 7, 10, 0
MM, 35, 15, 15
MM, 22, 17, 0
MM, 12, 22, 16
MM, 4, 26, 0
MM, 509, 567, 21
MM, 504, 570, 8
MM, 501, 570, 8
MM, 499, 572, 8
MM, 498, 572, 8
MM, 497, 572, 16
MM, 493, 572, 16
MM, 489, 572, 15
MM, 485, 572, 0
MM, 481, 572, 16
MM, 478, 572, 0
MM, 475, 572, 16
MM, 472, 572, 0
MM, 468, 573, 15
MM, 465, 573, 0
MM, 462, 574, 17
MM, 461, 574, 0
MM, 460, 574, 16
MM, 459, 574, 78
MM, 457, 573, 15
MM, 456, 573, 21
MM, 455, 572, 5
MM, 455, 571, 0
MM, 453, 571, 16
MM, 24, 30, 0
MM, 22, 28, 15
MM, 20, 26, 16
MM, 19, 26, 0
MM, 18, 24, 36
MM, 17, 23, 128
MC, 1, 157
MM, 21, 25, 115
MM, 29, 27, 8
MM, 467, 570, 8
MM, 481, 574, 4
MM, 21, 0, 0
MM, 33, 2, 16
MM, 4, 3, 0
MM, 16, 4, 15
MM, 27, 4, 0
MM, 35, 6, 16
MM, 558, 583, 0
MM, 3, 7, 16
MM, 7, 7, 0
MM, 10, 8, 15
MM, 11, 8, 0
MM, 14, 8, 16
MM, 16, 9, 0
MM, 18, 9, 15
MM, 20, 9, 0
MM, 22, 9, 16
MM, 25, 11, 0
MM, 27, 12, 16
MM, 29, 12, 15
MM, 33, 13, 0
MM, 36, 14, 16
MM, 597, 591, 8
MM, 599, 591, 8
MM, 601, 592, 8
MM, 1, 17, 8
MM, 5, 19, 7
MM, 7, 19, 0
MM, 11, 20, 16
MM, 16, 20, 0
MM, 21, 21, 15
MM, 25, 22, 0
MM, 28, 22, 16
MM, 634, 598, 0
MM, 635, 598, 18
MM, 636, 598, 114
MM, 637, 598, 15
MM, 638, 598, 0
MM, 639, 598, 16
MM, 0, 22, 15
MM, 1, 22, 16
MM, 2, 22, 31
MM, 3, 22, 33
MM, 4, 21, 16
MM, 5, 20, 16
MM, 5, 19, 8
MM, 5, 18, 8
MM, 8, 17, 8
MM, 8, 16, 8
MM, 9, 16, 8
MM, 9, 15, 8
MC, 1, 272
MM, 10, 16, 187
MM, 11, 17, 16
MM, 11, 19, 0
MM, 14, 22, 16
MM, 18, 24, 0
MM, 22, 26, 15
MM, 27, 29, 0
MM, 674, 608, 16
MM, 680, 611, 0
MM, 688, 613, 15
MM, 694, 616, 0
MM, 702, 617, 16
MM, 710, 618, 0
MM, 719, 621, 24
MM, 726, 623, 7
MM, 733, 626, 8
MM, 737, 628, 7
MM, 742, 630, 0
MM, 745, 631, 16
MM, 746, 631, 0
MM, 748, 632, 15
MM, 751, 634, 0
MM, 753, 635, 16
MM, 758, 638, 0
MM, 762, 641, 15
MM, 768, 644, 0
MM, 774, 647, 16
MM, 780, 651, 0
MM, 786, 654, 16
MM, 789, 655, 0
MM, 791, 657, 15
MM, 793, 658, 0
MM, 795, 659, 16
MM, 797, 660, 0
MM, 799, 661, 16
MM, 800, 661, 0
MM, 801, 661, 15
MM, 802, 662, 0
MM, 803, 662, 37
MM, 804, 662, 8
MM, 805, 662, 24
MM, 806, 662, 0
MM, 807, 662, 15
MM, 808, 662, 0
MM, 809, 662, 16
MM, 813, 663, 0
MM, 816, 663, 16
MM, 817, 663, 0
MM, 819, 664, 15
MM, 820, 664, 0
MM, 822, 664, 18
MM, 823, 664, 16
MM, 824, 664, 8
MM, 825, 665, 0
MM, 826, 665, 16
MM, 827, 665, 0
MM, 828, 665, 16
MM, 829, 665, 0
MM, 831, 665, 16
MM, 832, 665, 0
MM, 834, 664, 15
MM, 835, 664, 34
MM, 836, 664, 0
MM, 837, 664, 15
MM, 838, 664, 0
MM, 839, 663, 16
MM, 840, 663, 0
MM, 841, 663, 16
MM, 842, 663, 15
MM, 0, 13, 78
MM, 1, 13, 32
MM, 2, 11, 15
MM, 2, 10, 0
MM, 4, 10, 16
MM, 5, 9, 20
MM, 5, 10, 934
MM, 4, 10, 16
MM, 3, 10, 0
MM, 2, 10, 31
MM, 842, 660, 0
MM, 839, 659, 16
MM, 837, 658, 0
MM, 835, 657, 15
MM, 834, 656, 0
MM, 831, 655, 16
MM, 828, 654, 0
MM, 825, 652, 16
MM, 821, 650, 0
MM, 813, 646, 15
MM, 806, 644, 0
MM, 795, 641, 16
MM, 784, 639, 0
MM, 773, 634, 15
MM, 761, 630, 0
MM, 750, 628, 16
MM, 741, 623, 0
MM, 731, 620, 16
MM, 725, 617, 0
MM, 719, 613, 15
MM, 714, 609, 0
MM, 711, 607, 23
MM, 706, 603, 9
MM, 702, 599, 8
MM, 697, 595, 7
MM, 689, 590, 8
MM, 678, 578, 8
MM, 26, 24, 2
MM, 12, 9, 0
MM, 634, 534, 16
MM, 12, 20, 0
MM, 5, 9, 15
MM, 602, 499, 0
MM, 31, 24, 16
MM, 25, 15, 0
MM, 20, 9, 17
MM, 16, 5, 0
MM, 13, 1, 15
MM, 574, 463, 0
MM, 572, 459, 16
MM, 571, 456, 16
MM, 569, 455, 0
MM, 568, 453, 15
MM, 568, 451, 0
MM, 565, 449, 16
MM, 565, 447, 0
MM, 299, 88, 16
MM, 297, 84, 8
MM, 296, 83, 9
MM, 294, 81, 7
MM, 292, 78, 2
MM, 288, 74, 0
MM, 286, 69, 16
MM, 282, 64, 0
MM, 278, 60, 15
MM, 275, 55, 0
MM, 273, 51, 16
MM, 270, 46, 0
MM, 268, 43, 16
MM, 266, 41, 15
