********************************************************************************
LOGGING TIME: 20161111_223656
CLIENT IP: 10.105.74.162
USERNAME: V.Uday
OS: Windows 8
**********************************Emotional database********************************************************************************
MM, 592, 694, 1477468750449
MM, 583, 682, 0
MM, 570, 665, 16
MM, 553, 645, 0
MM, 136, 3, 16
MM, 24, 12, 0
MM, 6, 18, 15
MM, 459, 537, 0
MM, 3, 15, 16
MM, 431, 501, 0
MM, 34, 25, 15
MM, 29, 15, 0
MM, 26, 5, 16
MM, 415, 461, 0
MM, 414, 449, 16
MM, 148, 80, 0
MM, 147, 65, 15
MM, 145, 48, 0
MM, 145, 29, 16
MM, 145, 10, 0
MM, 409, 347, 16
MM, 410, 332, 0
MM, 415, 318, 15
MM, 159, 75, 0
MM, 165, 66, 16
MM, 170, 60, 0
MM, 174, 55, 15
MM, 179, 51, 16
MM, 182, 48, 0
MM, 185, 44, 16
MM, 186, 41, 0
MM, 188, 39, 15
MM, 189, 37, 0
MM, 190, 36, 16
MM, 192, 35, 0
MM, 192, 36, 188
MM, 193, 41, 15
MM, 194, 42, 0
MM, 196, 45, 16
MM, 197, 45, 0
MM, 198, 47, 15
MM, 198, 48, 16
MM, 200, 48, 94
MM, 201, 47, 15
MM, 202, 46, 16
MM, 202, 45, 16
MM, 203, 44, 0
MM, 203, 43, 15
MM, 203, 42, 16
MM, 203, 41, 16
MM, 204, 41, 124583
MM, 205, 45, 31
MM, 207, 54, 0
MM, 212, 63, 16
MM, 220, 72, 0
MM, 226, 82, 15
MM, 495, 319, 0
MM, 500, 326, 16
MM, 504, 333, 0
MM, 507, 342, 15
MM, 509, 346, 0
MM, 512, 352, 16
MM, 249, 2, 0
MM, 251, 8, 16
MM, 253, 15, 0
MM, 254, 23, 15
MM, 257, 31, 0
MM, 259, 41, 16
MM, 260, 48, 16
MM, 261, 56, 0
MM, 263, 63, 15
MM, 265, 72, 0
MM, 266, 78, 16
MM, 267, 84, 0
MM, 533, 448, 15
MM, 535, 453, 0
MM, 538, 461, 16
MM, 22, 3, 0
MM, 26, 8, 16
MM, 29, 12, 0
MM, 33, 17, 15
MM, 557, 486, 0
MM, 0, 25, 16
MM, 5, 29, 0
MM, 571, 496, 16
MM, 574, 498, 0
MM, 577, 499, 15
MM, 583, 501, 0
MM, 26, 0, 16
MM, 33, 2, 0
MM, 602, 504, 16
MM, 1, 3, 0
MM, 6, 3, 16
MM, 11, 4, 0
MM, 14, 4, 15
MM, 17, 5, 0
MM, 22, 6, 18
MM, 27, 7, 0
MM, 30, 8, 17
MM, 639, 510, 0
MM, 640, 510, 14
MM, 641, 510, 16
MM, 642, 510, 0
MM, 643, 510, 16
MM, 643, 509, 0
MM, 0, 7, 15
MM, 0, 6, 0
MM, 2, 4, 16
MM, 3, 2, 0
MM, 5, 0, 15
MM, 651, 500, 0
MM, 652, 497, 16
MM, 654, 496, 0
MM, 11, 29, 16
MM, 13, 29, 0
MM, 13, 28, 15
MM, 14, 27, 0
MM, 14, 26, 16
MM, 16, 26, 0
MM, 17, 26, 16
MM, 18, 24, 0
MM, 23, 23, 15
MM, 27, 22, 16
MM, 31, 22, 0
MM, 681, 486, 15
MM, 1, 21, 0
MM, 5, 20, 17
MM, 9, 18, 0
MM, 12, 18, 15
MM, 14, 18, 0
MM, 15, 18, 94
MM, 16, 19, 18
MM, 16, 20, 0
MM, 17, 25, 16
MM, 17, 29, 0
MM, 703, 498, 16
MM, 18, 1, 0
MM, 19, 3, 15
MM, 19, 4, 0
MM, 19, 6, 16
MM, 19, 7, 47
MM, 19, 8, 15
MM, 19, 9, 16
MM, 19, 10, 0
MM, 19, 11, 16
MM, 19, 12, 15
MM, 18, 14, 16
MC, 1, 236
MM, 18, 15, 16
MM, 16, 15, 15
MM, 15, 15, 0
MM, 12, 15, 16
MM, 8, 15, 0
MM, 4, 15, 16
MM, 684, 517, 0
MM, 33, 15, 15
MM, 24, 15, 0
MM, 13, 14, 16
MM, 643, 515, 0
MM, 19, 10, 16
MM, 603, 511, 0
MM, 16, 4, 15
MM, 562, 505, 0
MM, 29, 2, 16
MM, 19, 0, 0
MM, 536, 501, 16
MM, 533, 501, 0
MM, 532, 500, 15
MM, 531, 500, 47
MM, 530, 500, 16
MM, 525, 500, 0
MM, 520, 499, 15
MM, 511, 497, 0
MM, 501, 496, 16
MM, 491, 496, 0
MM, 0, 30, 15
MM, 31, 28, 16
MM, 21, 28, 0
MM, 13, 26, 16
MM, 8, 26, 0
MM, 5, 26, 15
MM, 3, 26, 94
MM, 2, 26, 16
MM, 2, 27, 15
MM, 2, 30, 16
MM, 441, 499, 0
MM, 441, 500, 16
MM, 3, 0, 15
MM, 4, 0, 0
MM, 4, 1, 16
MM, 5, 1, 16
MM, 7, 3, 15
MM, 8, 3, 16
MM, 9, 4, 0
MM, 11, 4, 31
MM, 11, 5, 62
MC, 1, 219
MM, 11, 6, 47
MM, 11, 7, 0
MM, 8, 7, 16
MM, 5, 8, 0
MM, 3, 9, 15
MM, 1, 9, 16
MM, 437, 512, 0
MM, 435, 512, 16
MM, 35, 10, 0
MM, 32, 10, 15
MM, 30, 10, 0
MM, 28, 10, 78
MM, 27, 10, 16
MM, 26, 10, 16
MM, 24, 11, 0
MC, 1, 203
MM, 23, 11, 47
MM, 24, 11, 15
MM, 27, 10, 16
MM, 33, 9, 0
MM, 433, 510, 16
MM, 0, 8, 0
MM, 5, 8, 15
MM, 12, 8, 0
MM, 18, 8, 16
MM, 23, 8, 0
MM, 26, 8, 15
MM, 28, 8, 0
MM, 29, 8, 16
MM, 30, 8, 16
MM, 31, 8, 0
MM, 32, 8, 15
MM, 33, 8, 16
MM, 34, 8, 0
MM, 35, 8, 16
MM, 477, 510, 0
MM, 479, 510, 15
MM, 0, 8, 0
MM, 3, 8, 16
MM, 6, 9, 0
MM, 8, 9, 15
MM, 10, 9, 0
MM, 11, 9, 16
MM, 12, 9, 0
MM, 13, 9, 109
MC, 1, 188
MC, 2, 156
MM, 14, 9, 63
MM, 15, 9, 0
MM, 18, 9, 15
MM, 21, 8, 0
MM, 24, 7, 16
MM, 27, 6, 0
MM, 30, 5, 16
MM, 31, 5, 15
MM, 33, 5, 0
MM, 517, 507, 16
MM, 520, 507, 0
MM, 0, 5, 15
MM, 2, 6, 0
MM, 4, 6, 16
MM, 5, 6, 0
MM, 7, 6, 16
MM, 8, 7, 15
MM, 9, 7, 0
MM, 10, 7, 16
MC, 1, 219
MM, 11, 7, 15
MM, 11, 8, 16
MM, 11, 9, 0
MM, 8, 12, 16
MM, 6, 15, 15
MM, 2, 20, 0
MM, 0, 26, 16
MM, 519, 534, 0
MM, 4, 3, 15
MM, 0, 13, 0
MM, 506, 562, 16
MM, 33, 28, 0
MM, 500, 571, 16
MM, 23, 0, 0
MM, 20, 3, 15
MM, 19, 7, 16
MM, 15, 9, 0
MM, 13, 12, 16
MM, 12, 15, 0
MM, 10, 19, 15
MM, 8, 23, 0
MM, 6, 27, 16
MM, 478, 608, 0
MM, 85, 1, 15
MM, 80, 6, 0
MM, 75, 12, 16
MM, 71, 17, 0
MM, 67, 22, 16
MM, 63, 24, 0
MM, 59, 28, 15
MM, 58, 30, 0
MM, 445, 646, 16
MM, 444, 650, 0
MM, 442, 652, 16
MM, 441, 653, 0
MM, 441, 655, 15
MM, 440, 655, 172
MM, 440, 654, 0
MM, 441, 653, 16
MM, 441, 651, 0
MM, 442, 649, 15
MM, 443, 646, 0
MM, 444, 644, 17
MM, 55, 29, 0
MM, 57, 27, 16
MM, 57, 25, 0
MM, 58, 24, 16
MM, 59, 23, 0
MM, 59, 21, 15
MM, 60, 21, 0
MM, 60, 20, 16
MM, 61, 20, 0
MM, 61, 19, 16
MM, 61, 18, 15
MM, 61, 17, 0
MM, 61, 16, 16
MM, 62, 16, 0
MM, 62, 14, 15
MM, 63, 14, 0
MC, 1, 191
MM, 63, 13, 47
MM, 63, 12, 0
MM, 63, 9, 16
MM, 62, 6, 0
MM, 61, 4, 15
MM, 60, 1, 0
MM, 449, 612, 16
MM, 447, 611, 0
MM, 447, 608, 16
MM, 9, 29, 0
MM, 7, 26, 15
MM, 3, 21, 0
MM, 433, 592, 16
MM, 431, 589, 0
MM, 430, 585, 15
MM, 428, 582, 16
MM, 33, 3, 0
MM, 421, 574, 16
MM, 35, 30, 0
MM, 32, 26, 15
MM, 28, 14, 80
MM, 27, 13, 15
MM, 27, 11, 35
MM, 26, 10, 109
MM, 25, 10, 0
MM, 25, 9, 16
MM, 24, 7, 0
MM, 23, 5, 15
MM, 19, 2, 0
MM, 402, 538, 19
MM, 401, 537, 16
MM, 401, 536, 0
MM, 400, 536, 15
MM, 399, 535, 0
MM, 398, 535, 16
MM, 398, 534, 31
MM, 397, 533, 16
MM, 396, 532, 16
MM, 395, 531, 0
MM, 395, 530, 15
MM, 393, 529, 0
MM, 393, 527, 16
MM, 392, 526, 0
MM, 391, 526, 16
MM, 38, 23, 0
MM, 38, 22, 17
MM, 37, 22, 32
MM, 36, 21, 18
MM, 35, 21, 30
MM, 35, 20, 15
MM, 35, 19, 110
MM, 36, 19, 15
MM, 37, 19, 0
MM, 391, 521, 22
MM, 394, 521, 0
MM, 396, 521, 15
MM, 0, 19, 0
MM, 1, 19, 16
MM, 2, 19, 0
MM, 3, 19, 16
MM, 4, 19, 16
MM, 5, 18, 15
MM, 5, 17, 0
MM, 6, 17, 16
MM, 7, 16, 0
MM, 7, 15, 17
MC, 1, 234
MM, 8, 15, 94
MM, 8, 16, 0
MM, 11, 19, 16
MM, 14, 24, 0
MM, 20, 30, 15
MM, 426, 539, 0
MM, 10, 7, 16
MM, 22, 14, 0
MM, 464, 558, 18
MM, 5, 23, 4
MM, 13, 26, 0
MM, 21, 29, 16
MM, 30, 30, 0
MM, 504, 572, 17
MM, 509, 572, 0
MM, 512, 573, 16
MM, 514, 575, 0
MM, 516, 575, 16
MM, 0, 0, 15
MM, 1, 1, 0
MM, 2, 2, 16
MM, 3, 3, 0
MM, 4, 3, 16
MM, 7, 5, 0
MM, 9, 6, 19
MM, 11, 8, 0
MM, 13, 11, 13
MM, 16, 13, 0
MM, 19, 15, 16
MM, 21, 17, 0
MM, 24, 19, 15
MM, 27, 20, 0
MM, 28, 22, 16
MM, 30, 23, 0
MM, 32, 23, 16
MM, 34, 23, 0
MM, 35, 25, 15
MM, 554, 601, 0
MM, 556, 601, 21
MM, 558, 601, 0
MM, 559, 601, 16
MM, 1, 24, 0
MM, 4, 23, 16
MM, 6, 21, 0
MM, 7, 19, 16
MM, 8, 18, 0
MM, 9, 16, 16
MM, 11, 16, 0
MM, 11, 14, 16
MM, 12, 14, 16
MM, 12, 13, 31
MM, 13, 12, 16
MM, 14, 12, 0
MM, 14, 10, 15
MM, 15, 10, 16
MM, 16, 10, 0
MC, 1, 175
MM, 17, 9, 31
MM, 18, 8, 16
MM, 21, 6, 0
MM, 25, 1, 16
MM, 592, 572, 0
MM, 3, 29, 15
MM, 10, 26, 0
MM, 19, 22, 16
MM, 26, 18, 0
MM, 633, 554, 15
MM, 0, 11, 0
MM, 5, 9, 16
MM, 10, 7, 0
MM, 13, 4, 16
MM, 15, 2, 15
MM, 18, 0, 0
MM, 656, 537, 16
MM, 658, 536, 15
MM, 659, 535, 0
MM, 660, 534, 47
MM, 661, 534, 16
MM, 661, 533, 16
MM, 662, 533, 0
MM, 19, 30, 15
MM, 20, 29, 0
MM, 20, 28, 16
MM, 21, 28, 0
MM, 21, 27, 16
MM, 23, 26, 0
MM, 23, 25, 18
MM, 24, 23, 14
MM, 24, 22, 31
MM, 24, 20, 219
MC, 1, 125
MM, 23, 20, 63
MM, 22, 21, 0
MM, 19, 22, 15
MM, 14, 22, 0
MM, 9, 23, 16
MM, 1, 23, 0
MM, 27, 23, 15
MM, 16, 23, 0
MM, 3, 23, 16
MM, 29, 21, 0
MM, 16, 20, 16
MM, 4, 17, 15
MM, 558, 518, 0
MM, 30, 16, 16
MM, 25, 16, 0
MM, 24, 16, 203
MM, 21, 16, 16
MM, 16, 15, 15
MM, 10, 14, 0
MM, 3, 13, 16
MM, 522, 514, 0
MM, 33, 12, 16
MM, 28, 11, 0
MM, 21, 11, 15
MM, 19, 11, 0
MM, 17, 9, 19
MC, 1, 265
MM, 17, 8, 47
MM, 19, 7, 16
MM, 23, 6, 0
MM, 30, 6, 16
MM, 520, 508, 0
MM, 7, 7, 15
MM, 18, 8, 0
MM, 29, 9, 16
MM, 562, 514, 0
MM, 6, 13, 15
MM, 10, 13, 0
MM, 13, 13, 16
MM, 14, 13, 0
MM, 15, 13, 125
MM, 16, 13, 0
MM, 17, 13, 16
MM, 18, 14, 0
MM, 19, 15, 15
MM, 21, 15, 0
MM, 22, 15, 16
MM, 24, 15, 0
MM, 24, 16, 16
MM, 26, 16, 0
MM, 27, 16, 15
MM, 29, 16, 16
MM, 32, 16, 16
MM, 34, 16, 0
MM, 601, 518, 15
MM, 604, 518, 0
MM, 606, 518, 16
MM, 1, 16, 0
MM, 2, 16, 15
MC, 1, 282
MM, 3, 16, 94
MM, 6, 16, 15
MM, 9, 16, 0
MM, 14, 16, 16
MM, 643, 518, 47
MM, 1, 15, 15
MM, 2, 15, 0
MM, 4, 15, 16
MM, 6, 15, 16
MM, 6, 14, 16
MM, 7, 13, 0
MM, 8, 13, 15
MM, 10, 13, 16
MM, 10, 12, 0
MM, 12, 12, 16
MM, 13, 12, 15
MM, 16, 12, 16
MM, 18, 12, 0
MM, 20, 12, 15
MM, 22, 12, 0
MM, 23, 12, 19
MC, 1, 363
MM, 22, 12, 62
MM, 17, 13, 16
MM, 12, 15, 15
MM, 5, 19, 16
MM, 643, 525, 0
MM, 30, 25, 16
MM, 23, 29, 0
MM, 624, 535, 16
MM, 618, 537, 0
MM, 17, 1, 16
MM, 13, 3, 0
MM, 10, 4, 16
MM, 8, 5, 0
MM, 7, 6, 15
MM, 6, 7, 0
MM, 4, 8, 16
MM, 3, 9, 16
MM, 2, 10, 0
MM, 1, 11, 16
MM, 594, 554, 0
MM, 592, 556, 15
MM, 36, 18, 0
MM, 33, 21, 16
MM, 31, 22, 0
MM, 28, 24, 16
MM, 27, 24, 0
MM, 25, 25, 15
MM, 25, 26, 0
MM, 23, 26, 16
MM, 22, 26, 0
MM, 22, 27, 16
MM, 20, 27, 47
MM, 20, 28, 15
MM, 18, 29, 0
MM, 17, 30, 16
MM, 569, 571, 15
MM, 565, 574, 0
MM, 3, 0, 21
MM, 2, 0, 0
MM, 558, 577, 16
MM, 557, 577, 0
MM, 556, 579, 16
MM, 555, 579, 0
MM, 33, 4, 15
MM, 33, 5, 0
MM, 32, 5, 16
MM, 29, 7, 0
MM, 26, 7, 16
MM, 23, 8, 0
MM, 20, 10, 16
MM, 16, 12, 0
MM, 13, 13, 15
MM, 11, 15, 0
MM, 8, 15, 17
MM, 7, 17, 187
MM, 8, 17, 32
MM, 9, 17, 15
MM, 11, 16, 16
MM, 13, 16, 16
MM, 14, 16, 0
MM, 15, 15, 15
MM, 16, 15, 0
MM, 16, 14, 16
MM, 17, 13, 109
MC, 1, 98
MM, 15, 13, 31
MM, 12, 13, 15
MM, 10, 12, 0
MM, 6, 11, 16
MM, 1, 10, 0
MM, 35, 8, 16
MM, 22, 5, 0
MM, 8, 0, 16
MM, 469, 572, 0
MM, 28, 28, 15
MM, 16, 25, 0
MM, 5, 20, 16
MM, 425, 557, 0
MM, 34, 17, 16
MM, 30, 16, 0
MM, 28, 16, 15
MM, 27, 15, 0
MM, 26, 15, 47
MM, 25, 15, 172
MM, 24, 15, 16
MM, 18, 15, 0
MM, 12, 15, 15
MM, 5, 15, 0
MM, 0, 15, 19
MM, 380, 554, 0
MM, 29, 14, 16
MM, 26, 13, 0
MM, 24, 13, 15
MC, 1, 313
MM, 23, 13, 16
MM, 23, 12, 0
MM, 23, 11, 15
MM, 24, 11, 0
MM, 27, 10, 16
MM, 32, 10, 0
MM, 384, 549, 15
MM, 12, 10, 0
MM, 26, 10, 16
MM, 4, 10, 0
MM, 30, 11, 16
MM, 22, 12, 0
MM, 17, 14, 15
MM, 7, 14, 0
MM, 34, 14, 16
MM, 13, 14, 0
MM, 28, 14, 16
MM, 635, 554, 0
MM, 8, 16, 15
MM, 12, 16, 0
MM, 14, 16, 16
MM, 15, 16, 0
MM, 17, 16, 15
MM, 18, 16, 16
MM, 19, 16, 16
MM, 20, 16, 15
MM, 21, 16, 0
MM, 23, 16, 16
MM, 25, 16, 16
MM, 28, 16, 15
MM, 33, 16, 0
MM, 673, 555, 16
MM, 677, 556, 0
MM, 0, 17, 16
MM, 1, 17, 0
MM, 3, 17, 16
MM, 5, 19, 31
MM, 6, 19, 16
MM, 7, 19, 16
MM, 9, 19, 0
MM, 11, 18, 15
MM, 12, 18, 0
MM, 14, 18, 16
MM, 15, 18, 0
MM, 16, 18, 16
MM, 17, 18, 47
MM, 17, 16, 0
MM, 18, 16, 15
MM, 18, 15, 0
MM, 19, 15, 19
MM, 20, 14, 0
MC, 1, 203
MM, 19, 14, 63
MM, 18, 14, 15
MM, 17, 15, 16
MM, 16, 16, 0
MM, 13, 18, 16
MM, 11, 20, 0
MM, 7, 23, 15
MM, 3, 26, 0
MM, 677, 566, 16
MM, 674, 568, 0
MM, 670, 570, 16
MM, 668, 571, 0
MM, 666, 572, 15
MM, 665, 573, 0
MM, 664, 573, 16
MM, 663, 574, 0
MM, 662, 574, 15
MM, 662, 575, 0
MM, 21, 0, 16
MM, 20, 2, 0
MM, 19, 3, 16
MM, 18, 5, 31
MM, 17, 5, 109
MM, 17, 6, 16
MM, 16, 6, 31
MM, 16, 8, 16
MM, 15, 9, 31
MC, 1, 303
MC, 2, 203
MC, 1, 1242
MM, 15, 11, 125
MM, 14, 11, 0
MM, 13, 12, 15
MM, 7, 17, 16
MM, 1, 20, 0
MM, 634, 599, 16
MM, 22, 29, 0
MM, 614, 610, 16
MM, 603, 616, 0
MM, 592, 620, 16
MM, 582, 624, 8
MM, 573, 629, 0
MM, 565, 633, 15
MM, 560, 636, 0
MM, 555, 640, 16
MM, 160, 28, 0
MM, 156, 30, 15
MM, 543, 644, 0
MM, 540, 645, 16
MM, 539, 645, 15
MM, 536, 646, 0
MM, 535, 646, 16
MM, 534, 646, 0
MM, 533, 646, 16
MM, 532, 646, 0
MM, 531, 646, 15
MM, 528, 646, 0
MM, 526, 645, 16
MM, 525, 644, 0
MM, 524, 644, 16
MM, 133, 29, 0
MM, 132, 26, 15
MM, 129, 23, 0
MM, 127, 21, 16
MM, 127, 20, 0
MM, 126, 18, 16
MM, 125, 16, 15
MM, 125, 15, 16
MM, 125, 14, 0
MM, 125, 13, 31
MM, 124, 10, 0
MM, 124, 9, 16
MM, 124, 8, 16
MM, 124, 7, 0
MM, 124, 6, 15
MC, 1, 126
MM, 123, 5, 157
MM, 123, 4, 0
MM, 123, 2, 15
MM, 122, 0, 0
MM, 509, 609, 16
MM, 31, 28, 0
MM, 27, 22, 15
MM, 22, 17, 16
MM, 18, 11, 0
MM, 13, 5, 16
MM, 483, 575, 0
MM, 7, 28, 15
MM, 5, 24, 0
MM, 3, 22, 16
MM, 1, 19, 0
MM, 0, 16, 16
MM, 469, 552, 0
MM, 468, 550, 15
MM, 468, 549, 0
MM, 467, 545, 16
MM, 467, 544, 0
MM, 467, 541, 15
MM, 467, 538, 0
MM, 467, 536, 16
MM, 467, 534, 0
MM, 28, 30, 16
MM, 28, 29, 0
MM, 28, 27, 15
MM, 28, 26, 0
MM, 29, 25, 16
MM, 30, 22, 0
MM, 30, 21, 16
MM, 30, 20, 0
MM, 31, 19, 15
MM, 32, 17, 16
MM, 33, 17, 0
MM, 33, 15, 15
MM, 34, 14, 0
MM, 35, 13, 16
MM, 36, 13, 0
MM, 476, 514, 16
MM, 477, 514, 15
MM, 478, 513, 0
MM, 480, 513, 47
MM, 481, 513, 16
MM, 2, 10, 0
MM, 3, 10, 15
MM, 4, 10, 16
MM, 5, 10, 0
MM, 6, 10, 16
MM, 7, 10, 15
MM, 8, 10, 0
MM, 10, 11, 16
MM, 11, 11, 0
MM, 12, 11, 16
MM, 14, 12, 0
MM, 16, 13, 15
MM, 17, 14, 0
MM, 19, 14, 16
MC, 1, 383
MM, 19, 15, 78
MM, 20, 18, 16
MM, 22, 20, 15
MM, 24, 24, 0
MM, 26, 25, 16
MM, 28, 28, 0
MM, 514, 534, 16
MM, 517, 536, 0
MM, 520, 538, 15
MM, 11, 1, 16
MM, 13, 2, 0
MM, 14, 3, 16
MM, 16, 4, 218
MM, 17, 5, 0
MM, 18, 5, 16
MM, 19, 5, 0
MM, 20, 5, 16
MM, 22, 6, 0
MM, 24, 7, 15
MM, 27, 7, 0
MM, 29, 8, 22
MM, 30, 8, 0
MM, 31, 8, 16
MM, 32, 8, 16
MM, 33, 9, 17
MM, 34, 9, 15
MM, 36, 9, 0
MM, 549, 548, 16
MM, 550, 549, 0
MM, 552, 551, 16
MM, 0, 12, 0
MM, 2, 13, 15
MM, 4, 14, 0
MM, 6, 14, 16
MM, 7, 15, 0
MM, 8, 16, 15
MM, 9, 16, 127
MM, 10, 16, 15
MM, 11, 16, 20
MM, 12, 16, 16
MC, 1, 219
MM, 8, 16, 16
MM, 4, 15, 0
MM, 552, 553, 15
MM, 35, 13, 0
MM, 28, 12, 16
MM, 22, 12, 0
MM, 11, 11, 15
MM, 0, 9, 16
MM, 30, 7, 0
MM, 17, 6, 16
MM, 0, 3, 0
MM, 25, 1, 15
MM, 432, 538, 0
MM, 417, 536, 16
MM, 405, 534, 0
MM, 388, 533, 31
MM, 25, 28, 0
MM, 19, 28, 0
MM, 13, 28, 0
MM, 11, 28, 16
MM, 11, 29, 187
MM, 12, 30, 0
MM, 365, 534, 16
MM, 366, 536, 0
MM, 367, 537, 16
MM, 23, 0, 15
MM, 24, 0, 0
MM, 24, 2, 16
MM, 24, 3, 15
MM, 24, 4, 16
MM, 24, 5, 16
MM, 24, 6, 0
MM, 24, 7, 15
MC, 1, 188
MM, 25, 8, 62
MM, 27, 7, 16
MM, 29, 7, 16
MM, 32, 6, 0
MM, 33, 5, 15
MM, 380, 542, 0
MM, 384, 542, 16
MM, 4, 3, 0
MM, 8, 2, 15
MM, 12, 2, 0
MM, 16, 1, 16
MM, 21, 0, 0
MM, 411, 538, 16
MM, 415, 538, 0
MM, 420, 537, 15
MM, 424, 536, 0
MM, 427, 536, 16
MM, 430, 535, 0
MM, 432, 534, 16
MM, 434, 533, 0
MM, 435, 533, 15
MM, 438, 532, 0
MM, 3, 28, 16
MM, 5, 28, 0
MM, 8, 28, 15
MM, 9, 28, 0
MM, 10, 28, 16
MM, 12, 27, 0
MM, 12, 26, 16
MM, 13, 26, 0
MM, 13, 25, 15
MM, 14, 25, 0
MM, 15, 24, 16
MM, 16, 23, 0
MM, 17, 22, 16
MM, 20, 20, 0
MM, 24, 20, 15
MM, 25, 19, 0
MM, 27, 18, 16
MM, 28, 18, 0
MM, 30, 18, 15
MM, 31, 18, 16
MM, 32, 18, 16
MM, 33, 18, 15
MM, 34, 18, 16
MM, 35, 17, 0
MM, 36, 17, 16
MM, 476, 519, 15
MM, 477, 519, 0
MM, 478, 519, 16
MM, 480, 519, 15
MM, 481, 519, 0
MM, 1, 17, 16
MM, 2, 17, 0
MM, 4, 17, 16
MM, 5, 17, 47
MM, 6, 16, 15
MM, 6, 15, 16
MM, 7, 15, 16
MM, 8, 14, 78
MC, 1, 93
MM, 7, 14, 47
MM, 7, 15, 16
MM, 7, 16, 0
MM, 5, 20, 16
MM, 2, 26, 0
MM, 481, 535, 18
MM, 8, 1, 0
MM, 5, 7, 14
MM, 1, 14, 0
MM, 469, 561, 16
MM, 468, 570, 0
MM, 33, 3, 15
MM, 30, 11, 0
MM, 29, 16, 16
MM, 28, 21, 0
MM, 26, 26, 15
MM, 26, 29, 0
MM, 460, 607, 16
MM, 460, 608, 0
MM, 460, 609, 235
MM, 459, 611, 15
MM, 459, 612, 0
MM, 69, 0, 16
MM, 69, 3, 0
MM, 68, 5, 16
MM, 66, 8, 0
MM, 66, 11, 15
MM, 66, 13, 0
MM, 66, 17, 16
MM, 66, 20, 0
MC, 1, 234
MM, 66, 19, 32
MM, 66, 17, 0
MM, 66, 13, 15
MM, 66, 10, 0
MM, 66, 4, 16
MM, 455, 610, 0
MM, 20, 27, 15
MM, 19, 23, 0
MM, 18, 19, 16
MM, 18, 16, 0
MM, 17, 13, 16
MM, 17, 11, 0
MM, 16, 7, 15
MM, 15, 4, 0
MM, 14, 2, 16
MM, 13, 0, 0
MM, 447, 572, 16
MM, 20, 30, 0
MM, 20, 27, 15
MM, 20, 24, 0
MM, 20, 22, 16
MM, 20, 19, 0
MM, 20, 17, 15
MM, 20, 16, 0
MM, 20, 15, 22
MM, 20, 14, 0
MM, 20, 13, 16
MM, 20, 12, 11
MM, 20, 11, 16
MM, 20, 10, 16
MM, 20, 9, 0
MM, 20, 8, 15
MM, 20, 6, 16
MM, 20, 4, 0
MM, 21, 2, 16
MM, 22, 0, 15
MM, 450, 537, 5
MM, 450, 534, 0
MM, 12, 29, 15
MM, 13, 27, 0
MM, 13, 26, 16
MM, 13, 25, 0
MM, 13, 24, 16
MM, 13, 23, 15
MM, 13, 22, 16
MM, 13, 21, 15
MM, 14, 20, 172
MC, 1, 125
MM, 12, 19, 63
MM, 11, 19, 15
MM, 8, 18, 0
MM, 6, 17, 16
MM, 5, 17, 0
MM, 3, 17, 16
MM, 1, 16, 78
MM, 1, 15, 0
MM, 0, 15, 109
MM, 438, 517, 16
MM, 437, 517, 15
MM, 435, 517, 16
MM, 433, 516, 0
MM, 35, 14, 16
MM, 34, 14, 0
MM, 31, 14, 15
MM, 28, 14, 0
MM, 25, 12, 16
MM, 22, 12, 0
MC, 1, 266
MM, 18, 12, 62
MM, 18, 13, 16
MM, 16, 13, 0
MM, 13, 17, 15
MM, 9, 20, 0
MM, 6, 23, 16
MM, 5, 26, 0
MM, 2, 26, 16
MM, 0, 29, 15
MM, 395, 531, 7
MM, 395, 533, 12
MM, 393, 534, 16
MM, 392, 535, 31
MM, 392, 536, 0
MM, 391, 536, 16
MM, 391, 537, 0
MM, 390, 537, 15
MM, 389, 538, 0
MM, 4, 1, 16
MM, 2, 2, 0
MM, 1, 5, 15
MM, 0, 5, 16
MM, 384, 545, 0
MM, 384, 546, 16
MM, 383, 547, 0
MM, 382, 549, 20
MM, 381, 550, 75
MM, 380, 550, 0
MM, 380, 551, 15
MM, 379, 551, 0
MM, 34, 13, 17
MM, 33, 14, 0
MM, 32, 14, 17
MM, 31, 15, 1
MM, 30, 16, 15
MC, 1, 298
MM, 28, 17, 156
MM, 28, 18, 18
MM, 29, 20, 0
MM, 31, 21, 16
MM, 34, 24, 0
MM, 380, 564, 16
MM, 381, 565, 0
MM, 382, 567, 16
MM, 384, 568, 0
MM, 1, 30, 15
MM, 388, 571, 16
MM, 390, 573, 15
MM, 391, 573, 0
MM, 392, 574, 17
MM, 393, 575, 0
MM, 3, 0, 16
MM, 4, 0, 0
MM, 5, 1, 15
MM, 6, 1, 0
MM, 6, 2, 16
MM, 7, 2, 0
MM, 9, 3, 17
MM, 10, 4, 0
MM, 12, 5, 15
MM, 13, 7, 0
MM, 14, 8, 16
MM, 16, 9, 0
MM, 16, 11, 16
MM, 17, 11, 47
MC, 1, 187
MM, 18, 11, 16
MM, 18, 10, 15
MM, 19, 8, 16
MM, 19, 6, 0
MM, 20, 4, 16
MM, 22, 2, 0
MM, 23, 0, 16
MM, 417, 573, 0
MM, 422, 568, 15
MM, 1, 24, 0
MM, 9, 18, 16
MM, 20, 13, 0
MM, 34, 9, 16
MM, 8, 6, 0
MM, 20, 1, 15
MM, 504, 536, 0
MM, 514, 533, 16
MM, 522, 530, 0
MM, 2, 27, 15
MM, 4, 27, 0
MM, 4, 26, 32
MM, 4, 25, 187
MM, 3, 24, 16
MM, 3, 23, 0
MM, 1, 22, 15
MM, 0, 21, 0
MM, 521, 522, 16
MM, 519, 521, 0
MM, 517, 520, 16
MM, 34, 18, 0
MM, 33, 17, 15
MM, 31, 17, 0
MM, 29, 17, 16
MM, 28, 16, 0
MM, 27, 16, 16
MM, 26, 16, 15
MM, 24, 15, 47
MM, 23, 14, 125
MC, 1, 94
MM, 23, 13, 62
MM, 25, 12, 16
MM, 27, 12, 0
MM, 30, 11, 19
MM, 34, 10, 0
MM, 3, 10, 13
MM, 12, 10, 0
MM, 23, 11, 16
MM, 558, 514, 0
MM, 2, 13, 16
MM, 9, 15, 0
MM, 16, 16, 15
MM, 20, 16, 0
MM, 22, 16, 16
MM, 25, 17, 0
MM, 26, 17, 250
MM, 27, 17, 16
MM, 28, 17, 0
MM, 28, 16, 31
MM, 30, 16, 0
MM, 31, 16, 15
MM, 33, 16, 16
MM, 34, 16, 0
MM, 601, 518, 16
MM, 603, 518, 0
MM, 604, 518, 15
MM, 605, 518, 0
MM, 0, 16, 47
MM, 1, 16, 32
MM, 2, 16, 15
MM, 3, 16, 31
MM, 4, 16, 32
MM, 5, 16, 31
MM, 6, 16, 0
MM, 7, 16, 16
MM, 8, 15, 46
MC, 1, 207
MM, 9, 14, 47
MM, 10, 13, 31
MM, 11, 13, 0
MM, 12, 13, 15
MM, 12, 12, 16
MM, 13, 12, 0
MM, 14, 12, 16
MM, 16, 12, 0
MM, 18, 12, 16
MM, 20, 11, 0
MM, 22, 10, 16
MM, 26, 9, 0
MM, 28, 9, 15
MM, 638, 511, 0
MM, 640, 511, 16
MM, 641, 511, 0
MM, 642, 511, 17
MM, 643, 511, 6
MM, 1, 9, 0
MM, 2, 9, 16
MM, 3, 9, 0
MM, 4, 9, 15
MM, 6, 9, 0
MM, 7, 9, 16
MM, 8, 9, 32
MM, 9, 9, 16
MM, 11, 10, 16
MM, 12, 10, 0
MM, 13, 10, 15
MM, 13, 11, 16
MM, 14, 11, 78
MC, 1, 164
MM, 14, 13, 31
MM, 11, 13, 0
MM, 11, 14, 16
MM, 9, 17, 0
MM, 5, 18, 16
MM, 1, 22, 0
MM, 639, 527, 15
MM, 632, 533, 0
MM, 29, 1, 16
MM, 22, 6, 0
MM, 13, 11, 16
MM, 6, 18, 0
MM, 595, 562, 15
MM, 591, 566, 0
MM, 33, 28, 16
MM, 584, 570, 0
MM, 582, 571, 15
MM, 581, 572, 16
MM, 580, 573, 156
MM, 580, 575, 16
MM, 20, 0, 16
MM, 19, 0, 15
MM, 18, 2, 0
MM, 18, 3, 31
MM, 17, 4, 0
MM, 15, 5, 16
MM, 14, 6, 0
MM, 13, 6, 16
MM, 11, 7, 0
MM, 6, 10, 15
MM, 4, 11, 0
MM, 1, 11, 16
MM, 0, 11, 109
MM, 558, 587, 47
MM, 554, 587, 16
MM, 35, 11, 16
MM, 31, 11, 0
MM, 29, 10, 16
MM, 28, 10, 0
MM, 24, 9, 15
MM, 22, 8, 0
MC, 1, 319
MM, 21, 8, 47
MM, 20, 8, 15
MM, 20, 9, 0
MM, 15, 12, 20
MM, 12, 15, 0
MM, 9, 17, 13
MM, 6, 21, 0
MM, 2, 24, 15
MM, 514, 604, 0
MM, 508, 607, 20
MM, 505, 611, 0
MM, 112, 1, 16
MM, 109, 4, 0
MM, 107, 5, 16
MM, 107, 6, 0
MM, 106, 7, 15
MM, 105, 8, 0
MM, 105, 9, 16
MM, 103, 10, 0
MM, 102, 11, 172
MM, 102, 12, 0
MM, 100, 12, 22
MM, 99, 13, 22
MM, 97, 14, 26
MC, 1, 373
MM, 98, 13, 47
MM, 100, 9, 15
MM, 104, 6, 0
MM, 107, 3, 16
MM, 501, 611, 0
MM, 32, 30, 15
MM, 515, 601, 0
MM, 6, 19, 16
MM, 21, 11, 0
MM, 3, 0, 16
MM, 591, 568, 0
MM, 15, 23, 15
MM, 26, 19, 0
MM, 632, 556, 16
MM, 3, 13, 0
MM, 10, 11, 16
MM, 13, 9, 15
MM, 16, 7, 0
MM, 16, 6, 16
MM, 17, 5, 0
MM, 18, 5, 15
MM, 18, 4, 16
MM, 19, 3, 16
MM, 19, 2, 0
MM, 20, 1, 15
MM, 20, 0, 32
MM, 658, 538, 15
MM, 658, 537, 63
MM, 659, 537, 0
MM, 659, 536, 15
MM, 659, 534, 32
MM, 659, 533, 31
MM, 15, 29, 37
MM, 15, 28, 16
MM, 15, 26, 47
MM, 15, 25, 15
MM, 15, 22, 17
MM, 15, 21, 16
MM, 15, 19, 0
MM, 15, 18, 15
MM, 15, 17, 0
MM, 15, 15, 16
MM, 15, 14, 0
MM, 15, 13, 19
MM, 15, 12, 8
MC, 1, 156
MM, 14, 12, 31
MM, 13, 12, 16
MM, 9, 14, 15
MM, 7, 15, 0
MM, 4, 16, 16
MM, 1, 18, 0
MM, 643, 521, 16
MM, 30, 22, 0
MM, 26, 24, 15
MM, 21, 27, 0
MM, 14, 29, 16
MM, 615, 533, 0
MM, 608, 535, 16
MM, 603, 536, 15
MM, 594, 539, 0
MM, 35, 1, 16
MM, 29, 2, 0
MM, 23, 5, 15
MM, 20, 5, 0
MM, 18, 5, 16
MM, 15, 6, 0
MM, 13, 7, 16
MM, 10, 8, 0
MM, 8, 8, 15
MM, 5, 8, 0
MM, 3, 9, 16
MM, 1, 10, 0
MM, 552, 550, 16
MM, 550, 550, 0
MM, 549, 550, 15
MM, 548, 550, 0
MM, 36, 12, 16
MM, 35, 12, 15
MM, 33, 12, 16
MM, 29, 13, 16
MM, 27, 13, 0
MM, 24, 13, 19
MM, 21, 13, 0
MM, 17, 12, 13
MM, 11, 10, 0
MM, 4, 8, 15
MM, 1, 7, 0
MM, 508, 545, 16
MM, 507, 544, 0
MM, 506, 544, 109
MM, 505, 544, 16
MM, 34, 5, 0
MM, 33, 5, 16
MM, 32, 5, 0
MM, 28, 5, 15
MM, 26, 5, 0
MM, 24, 5, 17
MM, 21, 5, 0
MM, 20, 5, 16
MM, 18, 5, 0
MM, 17, 5, 48
MM, 16, 5, 15
MM, 15, 5, 0
MM, 15, 6, 17
MM, 13, 6, 1
MM, 12, 7, 15
MM, 12, 8, 188
MM, 12, 9, 16
MM, 13, 9, 15
MC, 1, 188
MM, 14, 10, 78
MM, 14, 12, 15
MM, 14, 19, 0
MM, 14, 26, 16
MM, 483, 572, 0
MM, 7, 3, 16
MM, 7, 11, 0
MM, 6, 19, 15
MM, 6, 23, 0
MM, 6, 26, 16
MM, 7, 29, 0
MM, 483, 607, 16
MM, 484, 609, 15
MM, 484, 610, 16
MM, 485, 611, 15
MM, 95, 0, 16
MM, 96, 2, 0
MM, 96, 4, 16
MM, 97, 6, 0
MM, 97, 9, 15
MC, 1, 327
MM, 97, 10, 15
MM, 98, 8, 16
MM, 100, 2, 0
MM, 491, 611, 16
MM, 16, 30, 0
MM, 16, 24, 16
MM, 16, 19, 0
MM, 16, 15, 15
MM, 16, 13, 0
MM, 16, 10, 16
MM, 16, 7, 0
MM, 17, 4, 15
MM, 17, 2, 0
MM, 17, 0, 16
MM, 492, 574, 0
MM, 492, 571, 16
MM, 22, 29, 0
MM, 22, 26, 15
MM, 22, 24, 0
MM, 22, 22, 16
MM, 22, 20, 0
MM, 22, 18, 16
MM, 22, 17, 0
MM, 22, 16, 15
MM, 22, 15, 16
MM, 22, 14, 15
MM, 22, 13, 16
MM, 22, 10, 0
MM, 22, 8, 16
MM, 22, 7, 15
MM, 22, 4, 16
MM, 22, 3, 0
MM, 23, 0, 16
MM, 493, 538, 0
MM, 494, 536, 15
MM, 495, 534, 0
MM, 13, 29, 16
MM, 16, 28, 0
MM, 16, 26, 16
MM, 17, 25, 0
MM, 18, 24, 16
MM, 18, 23, 15
MM, 19, 22, 33
MM, 21, 22, 31
MM, 21, 21, 0
MM, 22, 21, 78
MC, 1, 94
MM, 22, 22, 141
MM, 24, 24, 0
MM, 27, 28, 17
MM, 30, 30, 8
MM, 513, 534, 8
MM, 516, 536, 1
MM, 520, 538, 15
MM, 12, 0, 0
MM, 16, 1, 16
MM, 21, 2, 0
MM, 24, 4, 16
MM, 27, 4, 0
MM, 30, 4, 15
MM, 31, 5, 0
MM, 33, 5, 16
MM, 36, 5, 0
MM, 549, 545, 16
MM, 551, 546, 0
MM, 552, 546, 16
MM, 1, 8, 0
MM, 5, 9, 16
MM, 9, 10, 0
MM, 13, 12, 16
MM, 16, 12, 0
MM, 19, 13, 16
MM, 20, 13, 0
MC, 1, 250
MM, 20, 14, 62
MM, 17, 15, 0
MM, 14, 15, 16
MM, 13, 15, 0
MM, 9, 16, 16
MM, 6, 16, 0
MM, 2, 16, 15
MM, 552, 555, 0
MM, 548, 555, 16
MM, 34, 16, 0
MM, 31, 16, 16
MM, 28, 16, 0
MM, 26, 16, 15
MM, 23, 16, 0
MM, 21, 16, 16
MM, 17, 16, 0
MM, 14, 15, 18
MM, 8, 13, 0
MM, 4, 13, 14
MM, 0, 12, 0
MM, 506, 548, 16
MM, 32, 8, 0
MM, 29, 7, 16
MM, 25, 6, 0
MM, 23, 5, 15
MM, 22, 4, 78
MM, 19, 3, 16
MM, 18, 2, 0
MM, 16, 1, 16
MM, 14, 0, 0
MM, 480, 537, 15
MM, 477, 536, 0
MM, 473, 535, 16
MM, 28, 30, 0
MM, 20, 29, 15
MM, 13, 27, 0
MM, 6, 25, 16
MM, 3, 24, 16
MM, 1, 24, 0
MM, 0, 23, 250
MM, 438, 525, 0
MM, 438, 524, 16
MM, 437, 524, 0
MM, 433, 523, 21
MM, 34, 19, 0
MM, 30, 18, 13
MM, 28, 17, 0
MM, 26, 15, 16
MM, 23, 14, 0
MM, 22, 13, 15
MM, 21, 13, 0
MC, 1, 266
MM, 21, 12, 16
MM, 22, 11, 15
MM, 23, 10, 0
MM, 25, 9, 16
MM, 28, 7, 0
MM, 33, 6, 15
MM, 438, 508, 0
MM, 8, 6, 20
MM, 17, 6, 0
MM, 32, 9, 13
MM, 4, 10, 0
MM, 19, 11, 15
MM, 32, 14, 0
MM, 3, 18, 16
MM, 13, 19, 0
MM, 20, 20, 16
MM, 28, 21, 0
MM, 32, 21, 16
MM, 558, 523, 0
MM, 559, 523, 16
MM, 561, 523, 31
MM, 562, 523, 21
MM, 563, 523, 11
MM, 2, 21, 0
MM, 5, 21, 16
MM, 7, 21, 0
MM, 9, 21, 15
MM, 12, 21, 0
MM, 13, 21, 16
MM, 16, 21, 0
MM, 17, 21, 16
MM, 19, 21, 0
MM, 20, 21, 15
MM, 22, 21, 16
MM, 24, 21, 0
MM, 27, 21, 16
MM, 29, 21, 0
MM, 31, 21, 15
MM, 32, 21, 16
MM, 34, 21, 17
MM, 35, 21, 0
MM, 601, 523, 22
MM, 602, 523, 0
MM, 603, 523, 16
MM, 604, 523, 0
MM, 606, 523, 16
MM, 606, 522, 31
MM, 1, 20, 31
MM, 1, 19, 0
MM, 2, 19, 16
MM, 2, 18, 0
MM, 3, 17, 15
MM, 4, 17, 0
MM, 5, 16, 16
MC, 1, 204
MM, 5, 15, 63
MM, 3, 16, 15
MM, 1, 18, 16
MM, 0, 18, 0
MM, 606, 521, 16
MM, 602, 523, 0
MM, 34, 23, 15
MM, 31, 23, 0
MM, 27, 23, 16
MM, 21, 23, 0
MM, 15, 23, 16
MM, 8, 23, 0
MM, 3, 23, 15
MM, 560, 525, 0
MM, 32, 23, 16
MM, 26, 23, 0
MM, 21, 23, 16
MM, 16, 23, 0
MM, 13, 23, 15
MM, 10, 23, 0
MM, 8, 23, 16
MM, 6, 23, 0
MM, 4, 23, 20
MM, 1, 22, 0
MM, 521, 524, 12
MM, 14, 16, 63
MM, 11, 16, 15
MM, 9, 15, 0
MM, 6, 13, 16
MM, 4, 13, 0
MM, 2, 13, 15
MM, 0, 12, 0
MM, 481, 514, 16
MM, 479, 513, 0
MM, 478, 513, 16
MM, 476, 512, 0
MM, 33, 10, 15
MM, 31, 10, 0
MM, 29, 9, 16
MM, 27, 9, 0
MM, 25, 9, 16
MM, 20, 9, 16
MM, 19, 8, 15
MC, 1, 235
MM, 18, 8, 62
MM, 16, 8, 16
MM, 16, 10, 0
MM, 16, 14, 17
MM, 16, 22, 0
MM, 455, 533, 15
MM, 28, 2, 0
MM, 29, 13, 16
MM, 31, 24, 0
MM, 460, 574, 16
MM, 28, 7, 0
MM, 31, 14, 15
MM, 33, 21, 0
MM, 470, 602, 16
MM, 472, 605, 0
MM, 473, 609, 15
MM, 474, 612, 0
MM, 85, 1, 16
MM, 86, 3, 156
MM, 86, 6, 32
MM, 87, 10, 0
MM, 87, 11, 93
MM, 87, 12, 16
MM, 87, 13, 16
MM, 87, 14, 18
MM, 87, 15, 0
MC, 1, 191
MM, 87, 14, 15
MM, 87, 13, 0
MM, 87, 9, 16
MM, 87, 4, 0
MM, 476, 612, 16
MM, 476, 608, 0
MM, 1, 28, 16
MM, 1, 25, 0
MM, 1, 21, 15
MM, 1, 19, 0
MM, 1, 16, 16
MM, 1, 13, 0
MM, 3, 11, 15
MM, 3, 8, 0
MM, 3, 6, 16
MM, 4, 3, 0
MM, 5, 1, 16
MM, 5, 0, 0
MM, 480, 574, 15
MM, 480, 573, 0
MM, 480, 572, 16
MM, 481, 570, 0
MM, 11, 30, 31
MM, 12, 29, 0
MM, 12, 28, 78
MM, 13, 27, 16
MM, 13, 26, 0
MM, 14, 25, 16
MM, 14, 24, 15
MM, 14, 23, 16
MC, 1, 156
MM, 13, 23, 63
MM, 8, 23, 15
MM, 4, 23, 0
MM, 468, 562, 16
MM, 36, 23, 0
MM, 31, 23, 15
MM, 25, 23, 0
MM, 19, 22, 16
MM, 14, 22, 0
MM, 8, 21, 16
MM, 2, 21, 0
MM, 423, 560, 15
MM, 32, 21, 0
MM, 27, 20, 16
MM, 20, 19, 0
MM, 16, 18, 16
MM, 12, 18, 0
MM, 6, 17, 15
MM, 3, 17, 0
MM, 384, 556, 16
MM, 381, 556, 0
MM, 34, 17, 15
MM, 33, 17, 0
MM, 31, 17, 127
MC, 1, 218
MM, 29, 16, 63
MM, 29, 15, 0
MM, 30, 15, 16
MM, 31, 13, 0
MM, 34, 13, 17
MM, 384, 551, 0
MM, 4, 12, 15
MM, 10, 12, 0
MM, 14, 12, 16
MM, 20, 13, 0
MM, 27, 14, 15
MM, 35, 15, 0
MM, 2, 16, 16
MM, 12, 17, 0
MM, 25, 20, 15
MM, 469, 561, 0
MM, 19, 23, 16
MM, 507, 565, 0
MM, 9, 28, 16
MM, 20, 28, 0
MM, 28, 29, 15
MM, 545, 570, 0
MM, 548, 571, 16
MM, 550, 572, 0
MM, 551, 572, 109
MM, 552, 572, 63
MM, 553, 573, 19
MM, 555, 574, 0
MM, 558, 575, 16
MM, 0, 0, 0
MM, 2, 1, 16
MM, 3, 1, 79
MM, 3, 2, 0
MM, 4, 4, 16
MM, 5, 4, 0
MM, 6, 6, 16
MM, 7, 6, 0
MM, 7, 7, 17
MM, 8, 7, 0
MM, 8, 9, 16
MM, 9, 9, 7
MM, 10, 10, 0
MM, 11, 11, 16
MM, 12, 11, 17
MC, 1, 215
MM, 13, 11, 0
MM, 13, 10, 16
MM, 14, 9, 0
MM, 15, 5, 15
MM, 16, 2, 0
MM, 576, 575, 16
MM, 578, 573, 0
MM, 579, 570, 17
MM, 26, 29, 0
MM, 27, 27, 15
MM, 29, 24, 0
MM, 30, 24, 16
MM, 33, 21, 0
MM, 34, 20, 16
MM, 36, 18, 0
MM, 592, 555, 15
MM, 594, 554, 0
MM, 596, 552, 16
MM, 1, 12, 0
MM, 1, 10, 16
MM, 2, 9, 0
MM, 4, 8, 15
MM, 4, 7, 0
MM, 5, 6, 16
MM, 5, 5, 0
MM, 7, 4, 15
MM, 7, 2, 0
MM, 8, 1, 16
MM, 9, 0, 0
MM, 607, 538, 16
MM, 607, 537, 0
MM, 608, 536, 15
MM, 608, 535, 32
MM, 608, 534, 0
MM, 609, 533, 15
MM, 3, 30, 0
MM, 4, 29, 16
MM, 5, 27, 15
MM, 7, 24, 0
MM, 10, 22, 16
MM, 13, 16, 0
MM, 16, 10, 16
MM, 18, 5, 1
MM, 21, 3, 15
MM, 21, 2, 0
MM, 22, 1, 16
MC, 1, 250
MM, 22, 2, 109
MM, 21, 2, 32
MM, 21, 3, 15
MM, 20, 4, 0
MM, 20, 5, 16
MM, 20, 8, 15
MM, 20, 11, 0
MM, 20, 14, 19
MM, 21, 15, 7
MM, 21, 17, 0
MM, 22, 18, 11
MM, 23, 20, 0
MM, 25, 21, 16
MM, 26, 22, 0
MM, 27, 25, 15
MM, 29, 25, 0
MM, 638, 529, 16
MM, 640, 530, 0
MM, 641, 530, 22
MM, 0, 28, 0
MM, 3, 29, 12
MM, 5, 30, 0
MM, 9, 30, 20
MM, 11, 30, 0
MM, 657, 534, 16
MM, 660, 535, 0
MM, 662, 536, 17
MM, 664, 538, 0
MM, 30, 0, 15
MM, 35, 3, 0
MM, 676, 543, 16
MM, 2, 7, 0
MM, 4, 8, 16
MM, 5, 10, 0
MM, 8, 10, 15
MC, 1, 281
MM, 7, 10, 31
MM, 6, 10, 16
MM, 3, 10, 15
MM, 0, 10, 0
MM, 675, 549, 16
MM, 35, 10, 0
MM, 32, 10, 15
MM, 26, 10, 0
MM, 22, 10, 16
MM, 16, 9, 0
MM, 10, 9, 16
MM, 4, 8, 0
MM, 635, 545, 15
MM, 33, 4, 0
MM, 27, 3, 16
MM, 21, 1, 0
MM, 612, 538, 16
MM, 609, 537, 0
MM, 605, 537, 15
MM, 601, 537, 0
MM, 599, 537, 16
MM, 596, 537, 0
MM, 594, 536, 16
MM, 592, 535, 0
MM, 590, 535, 15
MM, 589, 535, 0
MM, 587, 535, 16
MM, 585, 535, 0
MM, 583, 534, 16
MM, 581, 534, 0
MM, 13, 30, 15
MM, 8, 28, 16
MM, 5, 28, 0
MM, 0, 27, 15
MM, 559, 527, 0
MM, 33, 23, 16
MM, 30, 23, 0
MM, 28, 22, 16
MM, 27, 21, 281
MM, 26, 19, 16
MM, 24, 17, 16
MM, 23, 16, 0
MM, 21, 15, 15
MM, 21, 14, 0
MM, 21, 13, 17
MM, 20, 12, 1
MC, 1, 203
MM, 18, 13, 62
MM, 16, 14, 0
MM, 13, 18, 16
MM, 12, 23, 0
MM, 8, 29, 16
MM, 528, 537, 0
MM, 14, 5, 15
MM, 9, 12, 0
MM, 5, 19, 16
MM, 3, 26, 0
MM, 511, 571, 15
MM, 33, 1, 0
MM, 31, 6, 16
MM, 28, 12, 16
MM, 26, 18, 0
MM, 23, 21, 15
MM, 23, 23, 0
MM, 22, 25, 16
MM, 22, 27, 0
MM, 22, 28, 95
MM, 22, 29, 16
MM, 22, 30, 0
MM, 497, 607, 15
MM, 496, 609, 16
MM, 496, 610, 109
MM, 496, 611, 0
MM, 496, 612, 16
MM, 106, 3, 15
MM, 105, 5, 0
MM, 105, 6, 16
MM, 105, 8, 0
MM, 105, 9, 16
MM, 105, 10, 15
MM, 105, 11, 16
MM, 105, 12, 94
MC, 1, 156
MM, 104, 12, 16
MM, 102, 10, 15
MM, 102, 7, 0
MM, 100, 5, 16
MM, 99, 2, 0
MM, 487, 610, 16
MM, 9, 29, 0
MM, 5, 21, 15
MM, 0, 14, 16
MM, 470, 580, 0
MM, 463, 570, 15
MM, 32, 25, 0
MM, 29, 19, 16
MM, 27, 16, 0
MM, 25, 14, 16
MM, 25, 11, 0
MM, 25, 10, 15
MM, 24, 9, 0
MM, 23, 7, 16
MM, 23, 6, 0
MM, 23, 4, 16
MM, 23, 3, 15
MM, 23, 2, 94
MM, 22, 1, 20
MM, 21, 0, 14
MM, 448, 538, 0
MM, 447, 538, 16
MM, 446, 536, 0
MM, 444, 534, 19
MM, 441, 533, 0
MM, 0, 29, 15
MM, 437, 530, 0
MM, 434, 528, 16
MM, 433, 527, 0
MM, 34, 25, 16
MM, 33, 25, 0
MM, 30, 23, 15
MM, 29, 23, 0
MM, 28, 23, 16
MM, 27, 22, 32
MM, 25, 22, 125
MM, 22, 21, 16
MM, 19, 21, 0
MM, 16, 19, 16
MM, 13, 19, 0
MM, 10, 19, 15
MM, 6, 18, 0
MM, 3, 18, 22
MM, 0, 17, 0
MM, 395, 519, 16
MM, 394, 519, 125
MM, 392, 519, 18
MM, 37, 17, 0
MM, 33, 17, 16
MM, 30, 17, 0
MM, 28, 17, 16
MM, 28, 16, 0
MC, 1, 312
MM, 28, 15, 47
MM, 28, 14, 18
MM, 29, 14, 14
MM, 30, 14, 16
MM, 33, 14, 0
MM, 391, 516, 17
MM, 1, 16, 0
MM, 8, 17, 16
MM, 19, 21, 0
MM, 28, 23, 16
MM, 35, 25, 0
MM, 3, 27, 16
MM, 453, 533, 0
MM, 461, 535, 15
MM, 467, 536, 0
MM, 472, 538, 17
MM, 478, 538, 0
MM, 481, 538, 16
MM, 483, 538, 0
MM, 485, 538, 15
MM, 487, 538, 0
MM, 489, 538, 16
MM, 490, 538, 0
MM, 491, 538, 16
MM, 492, 538, 15
MM, 493, 538, 16
MM, 494, 538, 16
MM, 495, 538, 31
MM, 496, 538, 0
MM, 497, 538, 19
MM, 499, 538, 0
MM, 32, 0, 16
MM, 34, 1, 0
MM, 507, 541, 16
MM, 509, 541, 15
MM, 510, 541, 0
MM, 2, 4, 16
MM, 4, 4, 0
MM, 6, 4, 16
MM, 9, 5, 0
MM, 11, 5, 15
MM, 13, 7, 0
MM, 16, 7, 16
MM, 18, 7, 0
MM, 18, 8, 16
MM, 20, 9, 15
MM, 21, 9, 16
MM, 22, 9, 0
MM, 23, 9, 15
MM, 25, 9, 0
MM, 26, 10, 16
MM, 28, 10, 0
MM, 30, 11, 16
MM, 33, 12, 0
MM, 35, 12, 15
MM, 35, 13, 0
MM, 548, 552, 21
MM, 549, 552, 0
MM, 551, 552, 16
MM, 553, 553, 16
MM, 1, 15, 16
MM, 2, 15, 0
MM, 4, 16, 16
MM, 5, 16, 31
MM, 6, 16, 16
MM, 7, 16, 16
MM, 8, 16, 15
MM, 9, 16, 0
MM, 10, 16, 16
MM, 11, 15, 0
MC, 1, 219
MM, 11, 14, 15
MM, 10, 14, 32
MM, 9, 14, 0
MM, 4, 15, 15
MM, 0, 15, 16
MM, 550, 554, 0
MM, 35, 15, 16
MM, 31, 15, 0
MM, 25, 15, 16
MM, 21, 15, 0
MM, 16, 15, 16
MM, 9, 15, 0
MM, 1, 14, 17
MM, 34, 13, 0
MM, 24, 11, 15
MM, 13, 8, 0
MM, 2, 6, 16
MM, 34, 2, 0
MM, 25, 0, 15
MM, 445, 536, 0
MM, 438, 535, 16
MM, 434, 533, 0
MM, 433, 533, 109
MM, 433, 532, 63
MM, 433, 531, 0
MM, 433, 530, 22
MM, 433, 529, 15
MM, 35, 25, 0
MM, 35, 24, 16
MM, 34, 23, 0
MM, 34, 22, 31
MM, 33, 21, 16
MM, 32, 20, 31
MM, 31, 19, 32
MC, 1, 249
MM, 32, 21, 78
MM, 35, 24, 0
MM, 437, 531, 20
MM, 444, 536, 0
MM, 27, 2, 13
MM, 35, 8, 0
MM, 3, 13, 15
MM, 14, 20, 0
MM, 24, 24, 16
MM, 33, 27, 0
MM, 509, 570, 16
MM, 514, 571, 0
MM, 515, 573, 15
MM, 516, 573, 0
MM, 518, 573, 16
MM, 519, 573, 173
MM, 520, 574, 16
MM, 521, 574, 0
MM, 6, 0, 15
MM, 7, 1, 0
MM, 9, 2, 16
MM, 11, 3, 0
MM, 12, 4, 15
MM, 13, 5, 0
MM, 13, 6, 63
MM, 13, 7, 16
MM, 13, 8, 0
MM, 13, 9, 15
MM, 14, 13, 0
MM, 15, 14, 16
MM, 15, 17, 0
MC, 1, 237
MM, 15, 18, 47
MM, 14, 19, 16
MM, 11, 22, 0
MM, 8, 25, 16
MM, 3, 29, 0
MM, 515, 609, 15
MM, 121, 2, 0
MM, 116, 6, 16
MM, 114, 9, 0
MM, 111, 11, 16
MM, 110, 13, 0
MM, 109, 14, 173
MM, 109, 15, 0
MM, 109, 16, 15
MM, 109, 17, 16
MM, 109, 18, 0
MC, 1, 187
MM, 108, 18, 16
MM, 107, 16, 16
MM, 107, 14, 0
MM, 107, 11, 15
MM, 107, 8, 0
MM, 107, 5, 16
MM, 107, 2, 0
MM, 497, 612, 19
MM, 497, 608, 0
MM, 22, 28, 13
MM, 22, 22, 0
MM, 22, 17, 16
MM, 22, 11, 0
MM, 22, 6, 16
MM, 22, 3, 0
MM, 22, 0, 15
MM, 497, 575, 0
MM, 497, 573, 16
MM, 497, 572, 0
MM, 497, 571, 15
MM, 498, 570, 0
MM, 28, 29, 16
MM, 28, 28, 16
MM, 28, 26, 16
MM, 29, 25, 0
MM, 29, 24, 15
MM, 30, 21, 0
MM, 31, 18, 16
MM, 32, 16, 0
MM, 33, 13, 16
MM, 33, 11, 0
MM, 505, 547, 15
MM, 505, 544, 16
MM, 506, 542, 0
MM, 506, 540, 15
MM, 506, 538, 0
MM, 507, 537, 16
MM, 507, 535, 16
MM, 508, 534, 0
MM, 508, 533, 157
MM, 26, 30, 20
MM, 26, 29, 15
MM, 26, 28, 0
MM, 26, 27, 16
MM, 26, 26, 16
MM, 26, 25, 62
MM, 26, 23, 47
MM, 25, 23, 97
MM, 25, 22, 47
MM, 25, 21, 16
MM, 25, 20, 15
MM, 24, 19, 0
MM, 23, 19, 16
MC, 1, 148
MM, 24, 19, 125
MM, 26, 20, 16
MM, 29, 21, 0
MM, 33, 23, 16
MM, 517, 527, 0
MM, 519, 529, 15
MM, 0, 30, 0
MM, 525, 533, 16
MM, 526, 536, 0
MM, 527, 537, 15
MM, 529, 538, 0
MM, 21, 0, 16
MM, 23, 3, 0
MM, 25, 3, 16
MM, 26, 3, 0
MM, 29, 5, 15
MM, 30, 5, 0
MM, 31, 6, 16
MM, 33, 6, 0
MM, 34, 6, 15
MM, 35, 7, 16
MM, 548, 546, 1
MM, 549, 547, 15
MM, 550, 547, 0
MM, 552, 547, 16
MM, 553, 547, 31
MM, 1, 8, 31
MM, 2, 8, 16
MM, 2, 7, 16
MM, 4, 7, 0
MC, 1, 250
MM, 3, 7, 62
MM, 2, 7, 16
MM, 553, 546, 0
MM, 550, 546, 15
MM, 36, 8, 0
MM, 32, 8, 16
MM, 30, 8, 0
MM, 27, 8, 16
MM, 25, 8, 0
MM, 23, 8, 16
MM, 21, 8, 0
MM, 20, 8, 15
MM, 18, 8, 0
MM, 16, 7, 16
MM, 14, 7, 0
MM, 13, 6, 16
MM, 9, 6, 0
MM, 6, 4, 15
MM, 1, 3, 0
MM, 505, 540, 16
MM, 26, 0, 0
MM, 490, 538, 15
MM, 481, 537, 0
MM, 474, 535, 16
MM, 28, 30, 0
MM, 23, 29, 16
MM, 16, 28, 0
MM, 9, 26, 15
MM, 3, 24, 0
MM, 436, 526, 16
MM, 433, 525, 0
MM, 34, 22, 16
MM, 32, 21, 15
MM, 30, 20, 0
MM, 29, 20, 63
MM, 28, 19, 15
MM, 27, 19, 0
MM, 26, 18, 16
MM, 24, 17, 0
MM, 23, 16, 17
MM, 22, 16, 0
MM, 21, 15, 15
MC, 1, 192
MM, 22, 14, 47
MM, 23, 13, 15
MM, 25, 12, 16
MM, 26, 12, 0
MM, 28, 11, 15
MM, 31, 11, 0
MM, 35, 11, 16
MM, 438, 513, 0
MM, 5, 11, 16
MM, 14, 11, 0
MM, 20, 12, 15
MM, 28, 12, 0
MM, 34, 13, 21
MM, 480, 515, 0
MM, 1, 14, 12
MM, 4, 14, 0
MM, 5, 14, 16
MM, 7, 14, 0
MM, 9, 14, 15
MM, 10, 14, 16
MM, 12, 14, 21
MM, 13, 14, 0
MM, 16, 14, 11
MM, 18, 14, 0
MM, 21, 14, 16
MM, 25, 15, 0
MM, 28, 15, 15
MM, 31, 15, 0
MM, 33, 16, 16
MM, 518, 518, 0
MM, 519, 519, 16
MM, 522, 519, 0
MM, 2, 17, 15
MM, 3, 17, 0
MM, 6, 17, 16
MM, 7, 17, 16
MM, 9, 17, 0
MM, 11, 17, 15
MM, 13, 17, 0
MM, 14, 17, 16
MM, 15, 17, 0
MM, 16, 17, 16
MM, 16, 16, 0
MM, 17, 16, 15
MM, 18, 15, 16
MM, 18, 14, 0
MM, 19, 14, 15
MM, 20, 14, 0
MC, 1, 200
MM, 19, 14, 31
MM, 17, 16, 16
MM, 14, 21, 15
MM, 13, 26, 0
MM, 10, 30, 20
MM, 530, 537, 0
MM, 17, 4, 13
MM, 14, 10, 0
MM, 11, 15, 15
MM, 7, 23, 0
MM, 3, 30, 16
MM, 35, 1, 0
MM, 33, 5, 16
MM, 30, 8, 0
MM, 30, 11, 15
MM, 28, 12, 0
MM, 28, 13, 16
MM, 28, 14, 31
MM, 28, 16, 16
MM, 28, 17, 15
MM, 27, 20, 16
MM, 27, 22, 1
MM, 27, 23, 15
MM, 27, 24, 31
MM, 27, 25, 0
MM, 27, 26, 16
MM, 27, 27, 16
MM, 27, 28, 0
MM, 27, 29, 15
MM, 502, 607, 0
MM, 502, 608, 18
MM, 502, 609, 47
MM, 502, 610, 15
MM, 502, 611, 16
MM, 502, 612, 0
MM, 112, 0, 17
MM, 112, 1, 0
MM, 112, 2, 16
MM, 112, 3, 16
MM, 113, 5, 31
MM, 113, 6, 62
MM, 113, 7, 16
MM, 113, 8, 0
MC, 1, 219
MM, 114, 9, 0
MM, 114, 8, 16
MM, 116, 7, 0
MM, 117, 5, 15
MM, 119, 4, 0
MM, 119, 2, 17
MM, 121, 1, 0
MM, 512, 611, 15
MM, 513, 611, 0
MM, 515, 610, 16
MM, 516, 608, 0
MM, 518, 607, 16
MM, 3, 30, 0
MM, 5, 29, 15
MM, 6, 28, 0
MM, 9, 28, 16
MM, 10, 27, 0
MM, 12, 25, 16
MM, 14, 25, 0
MM, 16, 25, 15
MM, 16, 24, 0
MM, 17, 23, 16
MM, 20, 22, 0
MM, 22, 21, 16
MM, 25, 20, 0
MM, 28, 20, 16
MM, 33, 18, 0
MM, 554, 593, 15
MM, 557, 592, 0
MM, 559, 592, 16
MM, 2, 15, 0
MM, 4, 15, 15
MM, 5, 14, 0
MM, 7, 14, 16
MM, 9, 14, 16
MM, 11, 13, 15
MM, 13, 12, 22
MM, 15, 12, 0
MM, 16, 12, 16
MM, 17, 11, 0
MM, 18, 10, 43
MM, 19, 10, 21
MM, 20, 10, 0
MC, 1, 190
MM, 16, 10, 47
MM, 10, 10, 15
MM, 3, 10, 0
MM, 555, 585, 16
MM, 31, 5, 0
MM, 23, 4, 20
MM, 13, 2, 0
MM, 519, 574, 12
MM, 33, 30, 0
MM, 17, 26, 16
MM, 6, 23, 0
MM, 468, 558, 16
MM, 34, 17, 0
MM, 29, 14, 15
MM, 28, 13, 0
MM, 28, 12, 141
MM, 27, 11, 17
MM, 26, 11, 0
MM, 25, 10, 15
MM, 22, 7, 0
MM, 19, 6, 17
MM, 16, 4, 1
MM, 12, 2, 0
MM, 11, 1, 15
MM, 10, 0, 16
MM, 9, 0, 0
MM, 434, 538, 16
MM, 434, 537, 23
MM, 433, 536, 11
MM, 432, 535, 0
MM, 431, 535, 16
MM, 430, 534, 0
MM, 430, 533, 15
MM, 33, 30, 47
MM, 32, 29, 16
MM, 31, 28, 15
MM, 30, 27, 47
MM, 30, 26, 32
MM, 30, 25, 0
MM, 29, 24, 15
MM, 28, 24, 16
MM, 28, 23, 16
MM, 27, 22, 15
MM, 26, 21, 16
MC, 1, 263
MC, 2, 156
MM, 26, 20, 63
MM, 29, 18, 15
MM, 31, 17, 0
MM, 34, 16, 16
MM, 433, 516, 0
MM, 436, 516, 16
MM, 1, 14, 0
MM, 5, 14, 16
MM, 9, 14, 0
MM, 13, 14, 15
MM, 16, 14, 0
MM, 18, 15, 16
MM, 20, 16, 0
MM, 23, 16, 16
MM, 24, 16, 0
MM, 25, 16, 15
MM, 27, 16, 0
MM, 29, 16, 16
MM, 31, 16, 0
MM, 34, 16, 19
MM, 476, 518, 0
MM, 479, 518, 13
MM, 481, 518, 0
MM, 1, 16, 20
MM, 4, 17, 0
MM, 5, 17, 16
MM, 6, 18, 16
MM, 7, 18, 0
MM, 8, 18, 15
MM, 9, 18, 16
MM, 10, 18, 0
MM, 11, 18, 16
MM, 12, 18, 15
MM, 13, 19, 0
MM, 14, 19, 31
MM, 15, 20, 16
MM, 17, 20, 0
MC, 1, 203
MM, 18, 21, 31
MM, 18, 22, 16
MM, 18, 23, 16
MM, 15, 26, 0
MM, 14, 30, 15
MM, 25, 0, 0
MM, 22, 7, 16
MM, 19, 15, 0
MM, 16, 24, 16
MM, 485, 574, 0
MM, 8, 8, 15
MM, 6, 19, 0
MM, 5, 29, 19
MM, 89, 0, 0
MM, 88, 7, 14
MM, 88, 12, 0
MM, 88, 15, 15
MM, 88, 17, 0
MM, 88, 18, 16
MC, 1, 359
MM, 89, 16, 63
MM, 89, 13, 0
MM, 90, 9, 16
MM, 90, 5, 0
MM, 90, 1, 21
MM, 480, 608, 0
MM, 5, 27, 11
MM, 5, 22, 0
MM, 5, 15, 16
MM, 5, 9, 0
MM, 6, 4, 15
MM, 482, 574, 0
MM, 14, 29, 16
MM, 15, 25, 15
MM, 16, 22, 0
MM, 17, 21, 16
MM, 17, 18, 0
MM, 17, 16, 16
MM, 18, 13, 0
MM, 20, 10, 16
MM, 20, 8, 0
MM, 21, 7, 15
MM, 21, 6, 0
MM, 21, 4, 16
MM, 22, 3, 0
MM, 22, 1, 15
MM, 22, 0, 16
MM, 492, 538, 17
MM, 492, 537, 0
MM, 492, 535, 16
MM, 493, 534, 31
MM, 11, 30, 47
MM, 12, 30, 16
MM, 12, 29, 16
MM, 13, 28, 0
MM, 15, 27, 15
MM, 15, 26, 0
MM, 16, 25, 16
MM, 17, 25, 0
MM, 17, 24, 15
MC, 1, 219
MM, 18, 24, 94
MM, 19, 24, 16
MM, 21, 25, 15
MM, 23, 26, 0
MM, 27, 29, 16
MM, 32, 30, 0
MM, 518, 533, 20
MM, 523, 536, 0
MM, 529, 538, 16
MM, 22, 2, 0
MM, 27, 4, 16
MM, 32, 7, 0
MM, 35, 8, 15
MM, 549, 549, 0
MM, 551, 549, 16
MM, 553, 550, 0
MM, 1, 11, 16
MM, 2, 11, 0
MM, 4, 12, 15
MM, 5, 12, 16
MM, 7, 13, 0
MM, 8, 13, 31
MM, 9, 13, 16
MM, 10, 13, 15
MM, 11, 13, 16
MM, 12, 13, 16
MM, 13, 13, 0
MM, 15, 14, 15
MM, 16, 15, 0
MM, 18, 16, 16
MM, 19, 17, 0
MM, 20, 17, 15
MM, 21, 18, 0
MC, 1, 182
MM, 21, 19, 32
MM, 20, 19, 16
MM, 18, 19, 0
MM, 11, 19, 16
MM, 5, 19, 0
MM, 550, 557, 16
MM, 32, 16, 0
MM, 23, 12, 17
MM, 14, 10, 0
MM, 2, 6, 15
MM, 32, 5, 0
MM, 19, 0, 16
MM, 475, 537, 0
MM, 464, 535, 16
MM, 455, 533, 0
MM, 10, 28, 15
MM, 7, 28, 0
MM, 4, 27, 16
MM, 3, 27, 47
MM, 2, 27, 0
MM, 1, 27, 16
MM, 0, 27, 15
MM, 438, 529, 0
MM, 437, 529, 16
MM, 436, 529, 16
MM, 435, 529, 15
MM, 35, 27, 0
MM, 34, 27, 16
MM, 33, 27, 0
MM, 32, 27, 16
MM, 31, 27, 15
MM, 28, 27, 21
MM, 26, 27, 0
MM, 23, 25, 12
MM, 21, 24, 0
MM, 19, 24, 15
MM, 16, 23, 0
MC, 1, 219
MM, 17, 24, 47
MM, 20, 26, 0
MM, 26, 30, 15
MM, 429, 537, 0
MM, 8, 3, 16
MM, 14, 7, 0
MM, 23, 14, 16
MM, 30, 20, 0
MM, 466, 566, 15
MM, 475, 572, 0
MM, 10, 4, 16
MM, 18, 12, 0
MM, 26, 18, 19
MM, 34, 23, 0
MM, 516, 605, 13
MM, 521, 607, 0
MM, 526, 608, 16
MM, 526, 609, 0
MM, 528, 609, 16
MM, 529, 609, 31
MM, 530, 609, 15
MM, 531, 609, 0
MM, 532, 609, 16
MM, 532, 608, 0
MM, 534, 607, 16
MM, 18, 30, 15
MM, 18, 29, 16
MM, 21, 27, 0
MM, 21, 26, 16
MM, 22, 24, 0
MM, 24, 22, 15
MM, 25, 21, 0
MM, 26, 20, 16
MM, 27, 19, 0
MM, 28, 18, 15
MM, 28, 17, 16
MM, 29, 16, 0
MM, 30, 16, 16
MM, 30, 15, 15
MM, 31, 15, 0
MM, 32, 14, 16
MM, 33, 14, 16
MM, 34, 14, 31
MM, 35, 14, 0
MM, 36, 14, 16
MM, 555, 590, 0
MM, 558, 590, 15
MM, 2, 14, 0
MM, 5, 14, 21
MM, 7, 14, 0
MM, 10, 14, 16
MM, 11, 14, 0
MM, 12, 14, 16
MM, 14, 14, 0
MC, 1, 235
MM, 11, 17, 46
MM, 6, 20, 16
MM, 1, 23, 0
MM, 556, 604, 16
MM, 551, 608, 0
MM, 548, 611, 15
MM, 546, 612, 0
MM, 154, 1, 16
MM, 153, 1, 0
MM, 152, 1, 16
MM, 151, 1, 0
MM, 150, 1, 15
MM, 149, 2, 0
MM, 146, 4, 16
MM, 145, 5, 0
MM, 142, 6, 15
MM, 141, 8, 0
MM, 137, 9, 18
MM, 136, 11, 0
MM, 134, 13, 16
MM, 132, 14, 0
MM, 131, 14, 16
MM, 130, 15, 0
MM, 129, 16, 15
MM, 127, 18, 16
MM, 126, 18, 0
MC, 1, 241
MM, 125, 18, 16
MM, 127, 16, 16
MM, 129, 13, 15
MM, 132, 8, 0
MM, 136, 2, 16
MM, 530, 607, 0
MM, 18, 25, 16
MM, 25, 19, 0
MM, 31, 14, 15
MM, 36, 10, 0
MM, 559, 582, 16
MM, 3, 2, 0
MM, 567, 575, 15
MM, 570, 573, 0
MM, 20, 30, 16
MM, 22, 28, 0
MM, 26, 25, 16
MM, 30, 23, 0
MM, 33, 20, 15
MM, 35, 18, 0
MM, 593, 554, 16
MM, 595, 553, 0
MM, 596, 551, 16
MM, 1, 10, 0
MM, 3, 9, 20
MM, 4, 8, 0
MM, 6, 8, 12
MM, 6, 7, 16
MM, 7, 7, 0
MM, 7, 6, 15
MM, 8, 6, 16
MM, 8, 5, 0
MM, 10, 4, 16
MM, 11, 2, 0
MM, 12, 1, 15
MM, 13, 0, 0
MM, 611, 537, 22
MM, 612, 536, 14
MM, 612, 535, 16
MM, 613, 534, 16
MM, 614, 534, 15
MM, 615, 533, 0
MM, 8, 29, 16
MM, 9, 28, 0
MM, 11, 25, 15
MM, 13, 24, 0
MM, 14, 23, 18
MM, 15, 21, 0
MM, 16, 19, 17
MC, 1, 233
MM, 15, 20, 32
MM, 14, 20, 15
MM, 8, 24, 0
MM, 2, 27, 16
MM, 601, 533, 0
MM, 594, 535, 16
MM, 31, 0, 0
MM, 24, 3, 15
MM, 17, 6, 0
MM, 11, 8, 16
MM, 4, 10, 0
MM, 553, 551, 18
MM, 36, 14, 0
MM, 30, 15, 14
MM, 24, 18, 0
MM, 19, 19, 16
MM, 12, 20, 0
MM, 7, 23, 15
MM, 3, 25, 0
MM, 508, 566, 16
MM, 32, 27, 0
MM, 27, 28, 16
MM, 20, 28, 0
MM, 13, 28, 15
MM, 8, 28, 0
MM, 0, 28, 16
MM, 465, 567, 0
MM, 33, 28, 16
MM, 30, 28, 0
MM, 29, 28, 16
MM, 28, 28, 62
MM, 27, 28, 0
MM, 23, 28, 31
MM, 22, 28, 0
MM, 21, 28, 16
MM, 18, 28, 0
MM, 16, 28, 16
MM, 15, 28, 0
MM, 13, 27, 15
MM, 10, 26, 17
MM, 8, 26, 0
MM, 6, 25, 16
MM, 4, 24, 0
MM, 2, 24, 15
MM, 422, 560, 47
MM, 421, 559, 0
MM, 35, 20, 16
MM, 34, 20, 0
MM, 33, 20, 16
MM, 31, 20, 0
MM, 30, 19, 15
MC, 1, 378
MM, 29, 19, 94
MM, 30, 21, 16
MM, 31, 23, 15
MM, 34, 27, 0
MM, 35, 30, 16
MM, 423, 572, 0
MM, 34, 0, 16
MM, 36, 3, 0
MM, 430, 583, 15
MM, 432, 586, 0
MM, 2, 13, 16
MM, 4, 15, 0
MM, 8, 19, 16
MM, 10, 21, 0
MM, 12, 22, 16
MM, 15, 25, 0
MM, 17, 25, 15
MM, 18, 27, 0
MM, 20, 28, 16
MM, 20, 29, 0
MM, 21, 29, 15
MM, 455, 607, 16
MM, 457, 607, 31
MM, 457, 608, 16
MM, 458, 610, 16
MM, 459, 611, 15
MM, 460, 612, 0
MM, 70, 1, 16
MM, 71, 2, 0
MM, 72, 3, 78
MM, 72, 4, 0
MM, 73, 6, 15
MM, 74, 7, 32
MC, 1, 234
MM, 74, 8, 31
MM, 75, 8, 16
MM, 76, 7, 0
MM, 77, 6, 16
MM, 78, 3, 0
MM, 80, 1, 15
MM, 82, 0, 0
MM, 474, 611, 16
MM, 476, 610, 0
MM, 479, 607, 15
MM, 481, 607, 0
MM, 11, 29, 16
MM, 17, 26, 0
MM, 25, 23, 16
MM, 32, 20, 0
MM, 1, 15, 15
MM, 16, 12, 0
MM, 28, 7, 16
MM, 556, 579, 0
MM, 567, 574, 16
MM, 577, 571, 0
MM, 34, 29, 15
MM, 1, 26, 0
MM, 9, 24, 16
MM, 15, 21, 0
MM, 19, 20, 15
MM, 21, 19, 0
MM, 23, 18, 16
MM, 24, 16, 16
MM, 27, 15, 0
MM, 32, 10, 15
MM, 634, 545, 0
MM, 2, 2, 16
MM, 646, 537, 0
MM, 10, 30, 16
MM, 17, 25, 0
MM, 20, 24, 15
MM, 21, 23, 0
MM, 22, 22, 16
MM, 23, 21, 47
MM, 25, 21, 15
MM, 26, 21, 94
MM, 28, 21, 0
MM, 30, 21, 16
MM, 31, 22, 15
MM, 32, 22, 0
MM, 34, 23, 16
MM, 681, 525, 0
MM, 684, 525, 16
MM, 685, 525, 15
MM, 1, 23, 0
MM, 4, 23, 16
MM, 5, 22, 0
MM, 8, 22, 15
MM, 10, 21, 0
MM, 12, 20, 16
MM, 13, 19, 0
MM, 14, 17, 16
MM, 15, 17, 0
MM, 15, 15, 15
MC, 1, 235
MM, 12, 16, 0
MM, 10, 17, 15
MM, 7, 20, 0
MM, 1, 22, 16
MM, 683, 525, 16
MM, 32, 25, 0
MM, 24, 27, 15
MM, 17, 29, 0
MM, 654, 533, 16
MM, 646, 536, 0
MM, 638, 536, 16
MM, 628, 536, 0
MM, 620, 536, 15
MM, 616, 536, 0
MM, 609, 536, 17
MM, 601, 536, 0
MM, 594, 535, 16
MM, 584, 533, 0
MM, 6, 30, 15
MM, 33, 29, 0
MM, 19, 27, 16
MM, 8, 25, 0
MM, 522, 526, 15
MM, 31, 23, 0
MM, 25, 22, 16
MM, 22, 22, 0
MM, 21, 21, 16
MM, 20, 21, 203
MM, 19, 21, 0
MM, 16, 21, 16
MM, 13, 20, 0
MM, 11, 20, 16
MM, 7, 20, 7
MM, 2, 19, 0
MM, 479, 521, 11
MM, 34, 18, 0
MM, 29, 17, 15
MM, 25, 17, 0
MM, 21, 16, 22
MM, 18, 16, 0
MM, 16, 15, 13
MM, 15, 15, 0
MC, 1, 281
MM, 15, 14, 31
MM, 16, 13, 16
MM, 18, 13, 16
MM, 21, 11, 0
MM, 24, 9, 15
MM, 29, 8, 0
MM, 478, 507, 16
MM, 8, 5, 0
MM, 22, 3, 16
MM, 34, 3, 0
MM, 7, 2, 15
MM, 18, 1, 0
MM, 27, 1, 16
MM, 560, 503, 0
MM, 4, 1, 15
MM, 8, 1, 0
MM, 11, 1, 16
MM, 13, 1, 0
MM, 14, 1, 31
MM, 15, 1, 16
MM, 16, 2, 16
MM, 18, 2, 0
MM, 21, 2, 15
MM, 24, 2, 0
MM, 26, 3, 16
MM, 29, 5, 0
MM, 31, 5, 15
MM, 32, 5, 0
MM, 34, 5, 16
MM, 35, 6, 157
MM, 36, 6, 15
MM, 601, 509, 0
MM, 602, 511, 16
MM, 603, 511, 0
MM, 604, 511, 16
MM, 604, 512, 15
MM, 605, 514, 0
MM, 606, 514, 17
MM, 0, 12, 0
MM, 1, 12, 15
MM, 2, 12, 0
MC, 1, 266
MM, 3, 13, 31
MM, 3, 14, 0
MM, 2, 15, 16
MM, 1, 15, 0
MM, 0, 17, 15
MM, 606, 519, 0
MM, 36, 20, 16
MM, 32, 22, 0
MM, 26, 24, 17
MM, 19, 26, 0
MM, 12, 27, 15
MM, 7, 28, 0
MM, 562, 531, 16
MM, 34, 30, 16
MM, 551, 534, 0
MM, 544, 535, 0
MM, 540, 536, 15
MM, 535, 538, 16
MM, 20, 0, 0
MM, 17, 1, 15
MM, 14, 2, 0
MM, 12, 3, 16
MM, 11, 3, 0
MM, 7, 6, 16
MM, 5, 8, 0
MM, 2, 10, 15
MM, 0, 12, 0
MM, 508, 552, 16
MM, 506, 555, 0
MM, 505, 556, 16
MM, 33, 18, 0
MM, 30, 18, 15
MM, 29, 19, 0
MM, 28, 20, 16
MM, 27, 20, 0
MM, 26, 21, 16
MM, 25, 22, 0
MM, 23, 22, 31
MM, 23, 23, 0
MM, 22, 24, 15
MM, 22, 25, 16
MM, 21, 25, 16
MM, 20, 26, 0
MM, 19, 26, 15
MM, 18, 26, 0
MM, 17, 27, 16
MM, 14, 30, 0
MM, 482, 570, 21
MM, 480, 571, 0
MM, 477, 572, 17
MM, 475, 572, 8
MM, 473, 573, 0
MM, 471, 573, 16
MM, 470, 573, 0
MM, 469, 574, 15
MM, 468, 574, 0
MM, 465, 574, 16
MM, 463, 574, 16
MM, 462, 574, 15
MM, 460, 575, 16
MM, 25, 0, 16
MM, 24, 0, 0
MM, 22, 1, 16
MM, 20, 2, 0
MM, 19, 2, 15
MM, 16, 5, 0
MM, 12, 6, 16
MM, 8, 7, 0
MM, 5, 9, 15
MM, 4, 9, 0
MM, 3, 9, 16
MM, 2, 9, 0
MM, 0, 9, 63
MM, 429, 586, 15
MM, 428, 586, 16
MM, 36, 10, 0
MM, 34, 12, 15
MM, 33, 12, 0
MM, 32, 12, 32
MM, 31, 12, 15
MM, 30, 13, 0
MM, 29, 13, 16
MM, 28, 13, 15
MM, 27, 13, 0
MM, 26, 14, 16
MM, 24, 14, 63
MM, 23, 14, 0
MM, 21, 13, 206
MM, 21, 12, 16
MM, 21, 9, 0
MM, 21, 6, 15
MM, 21, 3, 0
MM, 412, 575, 16
MM, 26, 30, 0
MM, 26, 25, 16
MM, 26, 22, 0
MM, 26, 21, 15
MM, 26, 18, 0
MM, 26, 15, 16
MM, 26, 13, 0
MM, 26, 10, 15
MM, 26, 6, 0
MM, 27, 3, 16
MM, 413, 537, 0
MM, 414, 534, 16
MM, 415, 533, 15
MM, 19, 29, 0
MM, 19, 27, 16
MM, 19, 26, 0
MM, 20, 25, 16
MM, 20, 24, 1
MM, 20, 23, 15
MM, 21, 22, 16
MM, 21, 21, 15
MM, 21, 20, 47
MM, 21, 19, 16
MC, 1, 144
MM, 21, 18, 0
MM, 22, 18, 31
MM, 23, 18, 16
MM, 26, 18, 0
MM, 32, 18, 15
MM, 1, 19, 0
MM, 13, 20, 16
MM, 30, 22, 0
MM, 9, 28, 19
MM, 519, 531, 0
MM, 548, 538, 13
MM, 25, 2, 0
MM, 8, 7, 16
MM, 31, 10, 0
MM, 7, 13, 16
MM, 19, 15, 0
MM, 30, 16, 15
MM, 34, 16, 0
MM, 674, 555, 16
MM, 675, 555, 0
MM, 677, 555, 78
MM, 0, 16, 0
MM, 1, 16, 16
MM, 2, 16, 15
MM, 3, 16, 0
MM, 4, 16, 16
MM, 5, 16, 0
MM, 7, 15, 15
MM, 8, 15, 16
MM, 9, 15, 172
MM, 10, 15, 0
MM, 12, 15, 16
MM, 13, 15, 20
MM, 14, 15, 14
MM, 14, 14, 31
MC, 1, 125
MM, 13, 14, 47
MM, 10, 14, 16
MM, 4, 14, 0
MM, 677, 553, 15
MM, 33, 14, 0
MM, 25, 14, 16
MM, 15, 14, 0
MM, 5, 13, 16
MM, 631, 551, 0
MM, 24, 11, 16
MM, 15, 10, 0
MM, 8, 9, 15
MM, 0, 7, 0
MM, 36, 6, 16
MM, 27, 6, 0
MM, 18, 5, 15
MM, 12, 4, 0
MM, 1, 1, 16
MM, 34, 1, 0
MM, 24, 0, 16
MM, 521, 537, 0
MM, 512, 535, 15
MM, 500, 535, 0
MM, 489, 534, 16
MM, 480, 534, 0
MM, 470, 533, 16
MM, 464, 533, 0
MM, 19, 30, 15
MM, 14, 28, 0
MM, 12, 28, 16
MM, 10, 27, 78
MM, 9, 27, 16
MM, 7, 27, 15
MM, 6, 26, 0
MM, 5, 25, 16
MM, 2, 24, 15
MM, 0, 23, 0
MM, 437, 524, 16
MM, 437, 523, 47
MM, 436, 522, 0
MM, 435, 522, 16
MM, 434, 521, 15
MM, 434, 520, 0
MM, 35, 17, 16
MM, 34, 17, 0
MM, 34, 16, 15
MM, 33, 16, 16
MC, 1, 344
MM, 32, 16, 109
MM, 30, 16, 16
MM, 30, 17, 0
MM, 27, 20, 15
MM, 25, 22, 16
MM, 22, 26, 0
MM, 21, 28, 16
MM, 19, 29, 0
MM, 415, 534, 16
MM, 413, 535, 1
MM, 411, 536, 0
MM, 411, 537, 16
MM, 410, 538, 15
MM, 24, 0, 0
MM, 24, 1, 16
MM, 24, 2, 0
MM, 24, 3, 16
MM, 23, 4, 15
MM, 23, 5, 594
MM, 23, 6, 0
MC, 1, 476
MC, 2, 172
MM, 23, 7, 1072
MM, 24, 11, 16
MM, 30, 16, 0
MM, 425, 559, 15
MM, 6, 26, 0
MM, 441, 570, 16
MM, 451, 574, 16
MM, 24, 2, 0
MM, 32, 7, 15
MM, 473, 584, 0
MM, 7, 11, 16
MM, 11, 12, 0
MM, 14, 12, 16
MM, 17, 14, 0
MM, 19, 14, 15
MM, 20, 14, 0
MM, 21, 14, 16
MM, 22, 14, 15
MM, 24, 14, 16
MM, 25, 15, 16
MM, 26, 15, 0
MM, 29, 15, 15
MM, 31, 15, 0
MM, 34, 15, 16
MM, 513, 591, 0
MM, 0, 15, 16
MM, 6, 15, 0
MM, 13, 15, 15
MM, 21, 15, 0
MM, 27, 15, 16
MM, 35, 15, 0
MM, 558, 590, 15
MM, 4, 13, 0
MM, 11, 12, 16
MM, 15, 11, 0
MM, 19, 10, 16
MM, 24, 8, 0
MM, 27, 7, 15
MM, 29, 7, 0
MM, 32, 7, 16
MM, 34, 7, 0
MM, 597, 583, 16
MM, 598, 583, 15
MM, 599, 583, 0
MM, 600, 583, 16
MM, 602, 583, 31
MM, 0, 7, 16
MM, 2, 7, 16
MM, 4, 7, 0
MM, 6, 7, 16
MM, 8, 7, 0
MM, 11, 7, 15
MM, 15, 7, 0
MM, 16, 7, 16
MM, 19, 7, 0
MM, 21, 7, 16
MM, 24, 7, 0
MM, 28, 7, 15
MM, 634, 583, 0
MM, 636, 582, 16
MM, 637, 581, 0
MM, 638, 581, 16
MM, 639, 581, 109
MM, 0, 5, 0
MM, 0, 6, 15
MM, 1, 6, 0
MM, 2, 8, 16
MM, 3, 9, 0
MM, 3, 10, 16
MM, 4, 11, 15
MM, 5, 11, 32
MM, 5, 12, 0
MM, 6, 13, 15
MM, 6, 15, 16
MM, 8, 15, 0
MC, 1, 846
MC, 2, 141
MM, 9, 17, 286
MM, 10, 17, 0
MM, 14, 18, 16
MM, 23, 22, 0
MM, 674, 603, 15
MM, 689, 609, 0
MM, 703, 614, 16
MM, 717, 619, 0
MM, 727, 624, 15
MM, 738, 630, 0
MM, 746, 634, 16
MM, 755, 638, 0
MM, 762, 642, 16
MM, 768, 645, 0
MM, 771, 647, 15
MM, 773, 649, 0
MM, 775, 649, 16
MM, 776, 649, 47
MM, 777, 649, 15
MM, 778, 650, 0
MM, 781, 651, 16
MM, 784, 652, 0
MM, 787, 654, 16
MM, 791, 656, 0
MM, 794, 657, 15
MM, 797, 658, 0
MM, 800, 659, 16
MM, 802, 659, 0
MM, 803, 659, 16
MM, 806, 659, 0
MM, 807, 659, 15
MM, 808, 659, 0
MM, 811, 658, 16
MM, 812, 657, 0
MM, 813, 656, 15
MM, 814, 655, 16
MM, 816, 654, 0
MM, 817, 652, 16
MM, 819, 652, 15
MM, 821, 651, 16
MM, 822, 651, 16
MM, 823, 651, 15
MM, 825, 651, 16
MM, 827, 651, 15
MM, 832, 651, 0
MM, 834, 651, 16
MM, 837, 651, 0
MM, 840, 652, 16
MM, 842, 652, 0
MM, 0, 2, 94
MM, 1, 2, 15
MM, 3, 3, 16
MM, 5, 4, 0
MM, 7, 5, 15
MM, 9, 7, 16
MM, 10, 7, 0
MM, 12, 8, 0
MM, 13, 9, 16
MM, 16, 12, 15
MM, 17, 13, 16
MM, 15, 13, 828
MM, 13, 13, 16
MM, 7, 13, 0
MM, 3, 13, 15
MM, 839, 662, 0
MM, 831, 660, 16
MM, 821, 654, 0
MM, 811, 650, 16
MM, 800, 644, 0
MM, 785, 634, 15
MM, 773, 625, 0
MM, 756, 612, 16
MM, 737, 597, 0
MM, 714, 579, 16
MM, 13, 23, 0
MM, 27, 2, 15
MM, 26, 14, 0
MM, 0, 29, 16
MM, 13, 7, 15
MM, 558, 459, 0
MM, 550, 450, 16
MM, 278, 87, 0
MM, 276, 83, 16
MM, 274, 83, 0
MM, 274, 80, 15
MM, 273, 77, 0
MM, 271, 72, 16
MM, 267, 63, 0
MM, 262, 55, 16
MM, 260, 45, 0
