********************************************************************************
LOGGING TIME: 20161112_160359
CLIENT IP: 10.105.74.162
USERNAME: V.Uday
OS: Windows 8
**********************************Emotional database********************************************************************************
MM, 639, 692, 1477468750517
MM, 635, 681, 8
MM, 629, 669, 8
MM, 625, 657, 8
MM, 621, 646, 8
MM, 618, 635, 7
MM, 617, 623, 8
MM, 616, 608, 8
MM, 13, 14, 9
MM, 19, 29, 7
MM, 19, 7, 9
MM, 9, 20, 8
MM, 616, 500, 8
MM, 13, 18, 8
MM, 14, 3, 8
MM, 618, 456, 7
MM, 355, 87, 8
MM, 356, 79, 9
MM, 359, 69, 8
MM, 363, 58, 8
MM, 366, 47, 7
MM, 367, 36, 9
MM, 368, 26, 8
MM, 371, 16, 8
MM, 372, 8, 7
MM, 373, 1, 8
MM, 637, 351, 9
MM, 637, 346, 7
MM, 639, 341, 9
MM, 641, 335, 8
MM, 641, 327, 7
MM, 643, 322, 9
MM, 646, 313, 8
MM, 384, 76, 8
MM, 388, 67, 8
MM, 389, 61, 10
MM, 391, 56, 6
MM, 392, 53, 8
MM, 394, 50, 8
MM, 395, 48, 8
MM, 396, 45, 8
MM, 397, 44, 8
MM, 398, 42, 8
MM, 399, 41, 7
MM, 399, 40, 8
MM, 399, 38, 9
MM, 400, 38, 7
MM, 401, 36, 8
MM, 402, 35, 121
MM, 402, 34, 37632
MM, 394, 37, 8
MM, 383, 41, 8
MM, 374, 43, 8
MM, 370, 45, 7
MM, 367, 46, 8
MM, 365, 46, 9
MM, 363, 47, 72
MM, 360, 48, 15
MM, 354, 49, 8
MM, 349, 51, 9
MM, 344, 52, 8
MM, 337, 56, 8
MM, 328, 60, 7
MM, 320, 63, 8
MM, 309, 68, 9
MM, 296, 75, 8
MM, 546, 314, 8
MM, 526, 329, 8
MM, 511, 342, 8
MM, 230, 0, 8
MM, 213, 13, 7
MM, 199, 24, 9
MM, 189, 33, 8
MM, 179, 40, 7
MM, 171, 46, 8
MM, 165, 53, 8
MM, 162, 55, 8
MM, 158, 56, 9
MM, 156, 56, 8
MM, 156, 57, 152
MM, 155, 58, 7
MM, 154, 61, 9
MM, 154, 64, 7
MM, 154, 68, 8
MM, 154, 71, 9
MM, 154, 74, 7
MM, 154, 78, 9
MM, 154, 80, 8
MM, 154, 84, 8
MM, 154, 87, 8
MM, 417, 448, 8
MM, 416, 449, 8
MM, 416, 450, 8
MM, 414, 456, 7
MM, 413, 458, 9
MM, 412, 460, 8
MM, 410, 463, 8
MM, 18, 0, 7
MM, 17, 4, 9
MM, 14, 8, 7
MM, 13, 11, 9
MM, 12, 14, 7
MM, 12, 15, 281
MM, 11, 15, 7
MM, 10, 16, 8
MM, 8, 18, 9
MM, 6, 21, 8
MM, 5, 23, 7
MM, 5, 24, 144
MM, 4, 25, 8
MM, 2, 25, 9
MM, 1, 27, 8
MM, 385, 496, 8
MM, 382, 499, 8
MM, 28, 0, 7
MM, 27, 3, 8
MM, 26, 5, 9
MM, 26, 6, 8
MM, 26, 7, 144
MM, 25, 11, 16
MM, 24, 14, 7
MM, 23, 17, 8
MM, 20, 21, 8
MM, 19, 24, 8
MM, 18, 26, 9
MM, 17, 27, 8
MM, 17, 29, 8
MM, 17, 30, 16
MM, 369, 533, 8
MM, 369, 534, 7
MM, 369, 535, 8
MM, 369, 536, 72
MM, 369, 537, 9
MM, 25, 2, 16
MM, 25, 4, 8
MM, 25, 6, 8
MM, 25, 8, 7
MM, 25, 9, 8
MM, 25, 11, 9
MM, 25, 13, 8
MM, 25, 15, 8
MM, 26, 16, 16
MM, 27, 16, 31
MM, 28, 16, 8
MM, 30, 16, 17
MM, 33, 16, 16
MM, 380, 555, 7
MM, 382, 554, 8
MM, 384, 554, 8
MM, 2, 14, 8
MM, 5, 14, 8
MM, 8, 14, 8
MM, 11, 14, 9
MM, 13, 14, 8
MM, 14, 14, 8
MC, 1, 287
MM, 15, 14, 48
MM, 19, 13, 9
MM, 422, 552, 7
MM, 28, 13, 8
MM, 20, 13, 8
MM, 20, 13, 9
MM, 18, 13, 8
MM, 13, 13, 8
MM, 5, 13, 8
MM, 24, 13, 8
MM, 675, 552, 7
MM, 8, 13, 9
MM, 17, 12, 8
MM, 23, 10, 8
MM, 26, 10, 7
MM, 27, 9, 9
MM, 28, 8, 7
MM, 29, 7, 9
MM, 30, 6, 15
MM, 31, 6, 16
MM, 32, 5, 25
MM, 33, 5, 23
MM, 34, 3, 8
MM, 714, 542, 9
MM, 715, 542, 8
MM, 717, 541, 8
MM, 718, 540, 8
MM, 719, 540, 7
MM, 719, 539, 8
MM, 716, 539, 152
MM, 711, 538, 9
MM, 706, 538, 8
MM, 699, 536, 8
MM, 692, 534, 8
MM, 686, 532, 7
MM, 682, 532, 9
MM, 32, 29, 7
MM, 27, 28, 8
MM, 23, 28, 9
MM, 20, 28, 8
MM, 20, 27, 184
MM, 20, 26, 8
MM, 20, 25, 16
MM, 20, 24, 23
MM, 20, 22, 17
MM, 21, 22, 15
MC, 1, 256
MM, 22, 23, 64
MM, 26, 27, 8
MM, 675, 534, 8
MM, 1, 0, 8
MM, 5, 5, 9
MM, 10, 10, 8
MM, 16, 14, 8
MM, 19, 17, 8
MM, 22, 19, 9
MC, 1, 246
MM, 19, 19, 57
MM, 15, 19, 7
MM, 10, 19, 9
MM, 3, 19, 8
MM, 675, 559, 7
MM, 30, 22, 8
MM, 21, 22, 8
MM, 11, 23, 9
MM, 2, 23, 8
MM, 30, 23, 7
MM, 18, 23, 8
MM, 6, 23, 9
MM, 591, 562, 7
MM, 28, 23, 9
MM, 19, 23, 7
MM, 11, 23, 9
MM, 4, 23, 8
MM, 550, 562, 8
MM, 33, 23, 8
MM, 28, 23, 8
MM, 23, 23, 7
MM, 18, 23, 8
MM, 15, 23, 9
MM, 14, 23, 8
MM, 11, 23, 8
MM, 8, 22, 7
MM, 5, 21, 9
MM, 3, 21, 7
MM, 508, 559, 8
MM, 33, 18, 8
MM, 28, 17, 9
MM, 23, 15, 8
MM, 18, 13, 8
MM, 16, 12, 8
MM, 14, 12, 8
MM, 12, 12, 48
MM, 10, 11, 8
MM, 9, 10, 8
MM, 7, 10, 7
MM, 4, 9, 8
MM, 1, 8, 9
MM, 467, 544, 7
MM, 464, 543, 8
MM, 35, 4, 8
MM, 33, 4, 145
MM, 32, 4, 8
MM, 28, 7, 7
MM, 26, 7, 9
MM, 25, 7, 7
MM, 25, 8, 8
MM, 24, 9, 9
MM, 23, 9, 8
MM, 22, 9, 8
MM, 22, 10, 16
MM, 21, 11, 31
MC, 1, 169
MM, 23, 10, 56
MM, 26, 8, 7
MM, 32, 7, 9
MM, 466, 546, 8
MM, 4, 4, 7
MM, 11, 0, 9
MM, 491, 536, 7
MM, 500, 535, 9
MM, 506, 534, 8
MM, 31, 29, 8
MM, 518, 530, 8
MM, 0, 27, 8
MM, 5, 25, 7
MM, 7, 24, 8
MM, 12, 24, 8
MM, 14, 22, 9
MM, 16, 20, 8
MM, 19, 19, 8
MM, 21, 18, 7
MM, 22, 17, 8
MM, 24, 16, 8
MM, 25, 16, 8
MM, 26, 15, 8
MM, 29, 14, 9
MM, 32, 13, 7
MM, 558, 514, 10
MM, 561, 514, 7
MM, 563, 513, 8
MM, 0, 10, 8
MM, 2, 10, 8
MM, 4, 9, 7
MM, 5, 9, 40
MM, 6, 9, 9
MM, 8, 9, 8
MM, 11, 11, 7
MM, 15, 11, 8
MM, 18, 12, 8
MM, 22, 13, 8
MM, 26, 14, 9
MM, 31, 15, 8
MM, 34, 15, 8
MM, 36, 16, 8
MM, 602, 518, 7
MM, 603, 518, 8
MM, 604, 518, 9
MM, 605, 518, 8
MM, 606, 518, 8
MM, 1, 16, 15
MM, 2, 16, 9
MM, 3, 16, 15
MM, 4, 16, 9
MM, 5, 16, 8
MM, 6, 16, 16
MM, 8, 16, 16
MM, 9, 16, 15
MM, 11, 16, 17
MM, 12, 16, 8
MC, 1, 175
MM, 10, 16, 49
MM, 7, 16, 8
MM, 606, 518, 7
MM, 34, 16, 8
MM, 24, 16, 8
MM, 16, 16, 9
MM, 7, 16, 7
MM, 560, 518, 9
MM, 27, 16, 8
MM, 17, 16, 7
MM, 9, 16, 8
MM, 4, 16, 8
MM, 521, 518, 8
MM, 33, 16, 8
MM, 27, 16, 8
MM, 21, 16, 8
MM, 12, 18, 8
MM, 4, 19, 8
MM, 476, 521, 8
MM, 26, 19, 8
MM, 17, 19, 9
MM, 7, 19, 8
MM, 0, 20, 8
MM, 435, 522, 7
MM, 433, 522, 9
MM, 32, 20, 120
MM, 31, 20, 16
MM, 28, 19, 8
MM, 28, 18, 8
MM, 25, 17, 24
MM, 25, 16, 8
MM, 24, 16, 80
MM, 23, 15, 8
MC, 1, 231
MM, 23, 14, 40
MM, 24, 14, 9
MM, 28, 14, 7
MM, 434, 516, 9
MM, 1, 14, 8
MM, 6, 13, 8
MM, 10, 13, 8
MM, 14, 12, 8
MM, 16, 12, 8
MM, 17, 12, 8
MM, 18, 11, 7
MC, 1, 272
MM, 16, 13, 33
MM, 15, 13, 7
MM, 8, 18, 8
MM, 5, 21, 8
MM, 3, 23, 8
MM, 0, 24, 9
MM, 437, 529, 7
MM, 436, 529, 8
MM, 434, 529, 9
MM, 434, 530, 7
MM, 34, 29, 8
MM, 33, 30, 8
MM, 427, 533, 8
MM, 426, 534, 8
MM, 424, 535, 9
MM, 423, 535, 8
MM, 422, 536, 8
MM, 421, 536, 8
MM, 419, 537, 8
MM, 415, 538, 7
MM, 29, 0, 8
MM, 28, 0, 9
MM, 27, 1, 8
MM, 26, 1, 71
MM, 24, 1, 8
MM, 23, 2, 25
MM, 22, 4, 16
MM, 21, 7, 7
MM, 21, 8, 8
MM, 17, 10, 8
MC, 1, 201
MM, 16, 11, 32
MM, 16, 13, 15
MM, 16, 16, 8
MM, 18, 19, 8
MM, 21, 21, 8
MM, 22, 23, 8
MM, 27, 28, 9
MM, 415, 572, 8
MM, 26, 0, 7
MM, 30, 6, 9
MM, 34, 11, 7
MM, 428, 592, 8
MM, 430, 595, 8
MM, 432, 598, 9
MM, 433, 601, 8
MM, 0, 25, 8
MM, 1, 26, 7
MM, 1, 27, 8
MM, 2, 29, 8
MM, 436, 607, 8
MM, 437, 608, 8
MM, 438, 609, 9
MM, 50, 0, 7
MM, 52, 3, 9
MM, 53, 5, 8
MM, 54, 7, 8
MM, 54, 8, 7
MM, 54, 9, 8
MM, 55, 14, 8
MC, 1, 281
MM, 55, 15, 7
MM, 53, 15, 17
MM, 52, 14, 8
MM, 50, 10, 7
MM, 49, 7, 9
MM, 44, 1, 7
MM, 431, 607, 9
MM, 429, 602, 8
MM, 35, 23, 8
MM, 34, 21, 8
MM, 33, 20, 7
MM, 33, 19, 8
MM, 33, 18, 9
MM, 32, 17, 8
MM, 31, 17, 8
MM, 30, 16, 8
MM, 30, 15, 7
MM, 29, 14, 9
MM, 28, 12, 7
MM, 27, 11, 8
MM, 25, 9, 9
MM, 24, 7, 8
MM, 21, 6, 8
MM, 20, 3, 8
MM, 19, 3, 7
MM, 17, 2, 8
MM, 15, 0, 9
MM, 404, 572, 7
MM, 401, 570, 9
MM, 14, 29, 7
MM, 12, 28, 8
MM, 10, 26, 9
MM, 7, 22, 8
MM, 4, 20, 8
MM, 2, 19, 8
MM, 0, 17, 7
MM, 383, 555, 16
MM, 381, 555, 9
MM, 380, 554, 8
MM, 379, 554, 16
MM, 33, 15, 175
MM, 32, 15, 17
MM, 29, 15, 8
MM, 27, 15, 16
MM, 26, 15, 24
MC, 1, 231
MM, 29, 15, 48
MM, 34, 16, 9
MM, 382, 556, 8
MM, 6, 18, 8
MM, 14, 19, 7
MM, 23, 19, 8
MM, 31, 21, 8
MM, 0, 22, 8
MM, 7, 24, 8
MM, 11, 25, 9
MM, 14, 25, 7
MM, 18, 26, 8
MM, 20, 26, 8
MM, 22, 27, 8
MM, 24, 27, 9
MM, 26, 28, 7
MM, 29, 29, 8
MM, 32, 29, 9
MM, 36, 30, 7
MM, 466, 569, 8
MM, 468, 569, 8
MM, 471, 570, 8
MM, 473, 571, 8
MM, 474, 571, 8
MM, 476, 571, 8
MM, 478, 571, 8
MM, 480, 571, 8
MM, 482, 571, 8
MM, 486, 571, 8
MM, 488, 571, 9
MM, 490, 572, 7
MM, 493, 572, 8
MM, 495, 573, 8
MM, 496, 574, 8
MM, 497, 574, 9
MM, 498, 574, 7
MM, 499, 575, 8
MM, 500, 575, 9
MM, 501, 575, 8
MM, 502, 575, 7
MM, 29, 0, 9
MM, 30, 1, 8
MM, 31, 2, 8
MM, 33, 2, 8
MM, 34, 4, 128
MM, 35, 5, 8
MM, 511, 582, 7
MM, 512, 582, 9
MM, 512, 583, 8
MM, 513, 584, 8
MM, 514, 585, 7
MM, 515, 585, 8
MM, 515, 586, 9
MM, 516, 587, 8
MM, 1, 12, 8
MM, 3, 12, 16
MM, 4, 13, 8
MM, 5, 14, 7
MM, 6, 14, 8
MM, 7, 14, 9
MC, 1, 239
MM, 3, 14, 56
MM, 1, 14, 9
MM, 516, 590, 8
MM, 513, 590, 7
MM, 512, 590, 8
MM, 34, 14, 8
MM, 32, 14, 8
MM, 29, 13, 16
MM, 28, 12, 9
MM, 25, 12, 15
MM, 25, 10, 17
MM, 24, 10, 8
MM, 22, 9, 8
MM, 21, 8, 15
MM, 19, 7, 8
MM, 18, 7, 8
MM, 17, 6, 8
MM, 15, 6, 8
MM, 14, 4, 9
MM, 11, 4, 7
MM, 9, 3, 16
MM, 474, 576, 49
MM, 472, 575, 7
MM, 469, 575, 9
MM, 467, 573, 7
MM, 464, 572, 8
MM, 462, 572, 8
MM, 461, 571, 8
MM, 32, 30, 9
MM, 30, 29, 16
MM, 28, 29, 8
MM, 27, 27, 7
MM, 26, 26, 17
MM, 26, 25, 7
MM, 25, 24, 8
MM, 24, 23, 8
MM, 24, 22, 9
MM, 22, 20, 8
MM, 20, 20, 8
MC, 1, 224
MM, 20, 24, 64
MM, 21, 30, 7
MM, 449, 573, 9
MM, 18, 1, 8
MM, 19, 4, 8
MM, 22, 9, 8
MM, 24, 12, 7
MM, 26, 14, 9
MM, 27, 17, 8
MM, 28, 19, 7
MM, 30, 20, 8
MM, 31, 22, 9
MM, 32, 23, 23
MM, 33, 23, 32
MM, 34, 25, 8
MM, 34, 26, 17
MM, 469, 603, 8
MM, 469, 605, 8
MM, 469, 606, 7
MM, 469, 608, 8
MM, 469, 609, 9
MM, 469, 611, 8
MM, 469, 612, 7
MM, 79, 0, 8
MM, 79, 1, 8
MM, 79, 2, 8
MM, 79, 3, 185
MM, 79, 4, 8
MM, 79, 6, 16
MM, 79, 7, 7
MM, 79, 8, 16
MM, 79, 9, 8
MM, 79, 10, 9
MM, 80, 12, 8
MC, 1, 231
MM, 81, 11, 8
MM, 81, 10, 9
MM, 81, 7, 8
MM, 82, 2, 7
MM, 473, 611, 8
MM, 473, 606, 9
MM, 473, 602, 7
MM, 473, 598, 8
MM, 473, 595, 8
MM, 474, 593, 9
MM, 0, 15, 8
MM, 0, 11, 8
MM, 1, 8, 8
MM, 2, 3, 7
MM, 478, 575, 9
MM, 8, 30, 7
MM, 9, 26, 8
MM, 10, 22, 9
MM, 12, 17, 7
MM, 13, 13, 9
MM, 13, 10, 7
MM, 14, 7, 9
MM, 16, 4, 8
MM, 16, 1, 8
MM, 487, 538, 7
MM, 487, 537, 8
MM, 489, 535, 9
MM, 489, 534, 8
MM, 8, 30, 8
MM, 9, 28, 8
MM, 11, 26, 8
MM, 12, 26, 7
MM, 12, 24, 8
MM, 13, 22, 8
MM, 14, 20, 9
MM, 15, 19, 8
MM, 16, 18, 7
MM, 17, 17, 10
MM, 18, 15, 6
MM, 18, 13, 9
MM, 19, 13, 7
MM, 19, 12, 8
MM, 19, 11, 8
MM, 19, 10, 8
MC, 1, 320
MM, 21, 10, 40
MM, 23, 13, 8
MM, 27, 19, 8
MM, 31, 23, 8
MM, 517, 530, 8
MM, 520, 533, 8
MM, 525, 536, 8
MM, 19, 0, 9
MM, 22, 3, 7
MM, 25, 4, 9
MM, 28, 6, 8
MM, 30, 6, 8
MM, 32, 7, 7
MM, 33, 8, 9
MM, 34, 8, 7
MM, 35, 8, 8
MM, 36, 9, 9
MM, 548, 549, 7
MM, 550, 549, 8
MM, 551, 549, 8
MM, 0, 11, 8
MM, 3, 13, 9
MM, 4, 13, 8
MM, 5, 14, 7
MM, 6, 14, 201
MC, 1, 200
MM, 3, 16, 39
MM, 1, 16, 9
MM, 551, 555, 8
MM, 36, 16, 7
MM, 32, 16, 9
MM, 28, 16, 8
MM, 23, 16, 8
MM, 19, 15, 7
MM, 17, 15, 8
MM, 15, 14, 8
MM, 13, 13, 8
MM, 11, 12, 9
MM, 10, 11, 7
MM, 7, 9, 10
MM, 5, 6, 7
MM, 2, 5, 8
MM, 507, 540, 7
MM, 502, 536, 8
MM, 496, 533, 9
MM, 8, 29, 9
MM, 3, 27, 6
MM, 477, 525, 9
MM, 34, 20, 8
MM, 31, 19, 8
MM, 23, 14, 7
MM, 18, 10, 9
MM, 15, 9, 7
MM, 13, 9, 8
MM, 12, 8, 9
MM, 9, 7, 8
MM, 7, 7, 8
MM, 4, 6, 7
MM, 1, 6, 9
MM, 438, 508, 7
MM, 437, 508, 9
MM, 434, 507, 8
MM, 33, 2, 8
MM, 31, 2, 8
MM, 27, 0, 8
MM, 422, 500, 7
MM, 420, 500, 9
MM, 419, 500, 8
MM, 417, 498, 7
MM, 415, 497, 8
MM, 413, 497, 9
MM, 411, 496, 7
MM, 410, 496, 9
MM, 409, 496, 7
MM, 15, 30, 8
MM, 11, 29, 8
MM, 10, 29, 8
MM, 8, 29, 128
MM, 8, 30, 8
MM, 402, 496, 8
MM, 407, 501, 9
MM, 14, 3, 8
MM, 17, 5, 8
MM, 19, 8, 8
MM, 20, 9, 8
MM, 21, 10, 8
MM, 21, 12, 15
MM, 22, 12, 25
MC, 1, 247
MM, 24, 12, 57
MM, 27, 12, 7
MM, 32, 12, 8
MM, 438, 515, 9
MM, 7, 14, 8
MM, 19, 15, 8
MM, 32, 19, 8
MM, 3, 20, 7
MM, 16, 21, 8
MM, 33, 23, 8
MM, 4, 24, 8
MM, 16, 25, 8
MM, 25, 25, 8
MM, 32, 25, 10
MM, 563, 527, 7
MM, 4, 25, 8
MM, 9, 25, 8
MM, 10, 25, 7
MM, 13, 25, 8
MM, 14, 25, 49
MM, 15, 25, 7
MM, 15, 24, 8
MM, 16, 24, 8
MM, 18, 23, 9
MM, 20, 23, 8
MM, 23, 22, 7
MM, 26, 20, 9
MM, 29, 20, 8
MM, 31, 20, 7
MM, 34, 20, 8
MM, 36, 19, 9
MM, 36, 18, 8
MM, 601, 520, 7
MM, 602, 519, 65
MM, 603, 519, 16
MM, 604, 519, 16
MM, 605, 518, 8
MM, 606, 518, 15
MM, 606, 517, 8
MM, 0, 14, 9
MM, 2, 13, 16
MM, 2, 12, 8
MM, 3, 12, 8
MM, 3, 11, 7
MM, 5, 11, 8
MM, 6, 10, 105
MC, 1, 312
MM, 2, 10, 72
MM, 604, 512, 8
MM, 34, 11, 7
MM, 30, 12, 9
MM, 24, 12, 7
MM, 20, 13, 9
MM, 14, 14, 7
MM, 8, 14, 8
MM, 1, 14, 9
MM, 558, 516, 8
MM, 26, 14, 8
MM, 16, 14, 8
MM, 10, 14, 7
MM, 1, 13, 8
MM, 33, 12, 8
MM, 23, 10, 9
MM, 15, 9, 8
MM, 8, 8, 8
MM, 3, 7, 7
MM, 481, 509, 9
MM, 478, 509, 8
MM, 476, 509, 128
MM, 36, 7, 48
MM, 35, 7, 151
MM, 31, 7, 9
MM, 29, 9, 7
MM, 27, 11, 8
MM, 26, 12, 8
MM, 25, 12, 17
MM, 24, 12, 7
MM, 24, 13, 9
MM, 23, 13, 8
MM, 23, 14, 8
MM, 21, 14, 7
MC, 1, 208
MM, 21, 15, 41
MM, 21, 18, 7
MM, 20, 24, 8
MM, 20, 30, 8
MM, 32, 0, 9
MM, 33, 8, 36
MM, 34, 30, 0
MM, 27, 0, 3
MM, 28, 3, 10
MM, 30, 7, 6
MM, 30, 10, 9
MM, 31, 10, 8
MM, 31, 11, 79
MM, 31, 12, 9
MM, 32, 14, 8
MM, 32, 17, 8
MM, 32, 21, 7
MM, 33, 28, 8
MM, 467, 608, 8
MM, 467, 611, 9
MM, 77, 1, 8
MM, 77, 3, 8
MM, 76, 6, 8
MM, 76, 9, 8
MM, 75, 10, 7
MM, 75, 11, 8
MM, 75, 12, 8
MM, 75, 13, 9
MM, 75, 15, 8
MM, 76, 17, 7
MM, 76, 19, 10
MM, 77, 20, 6
MM, 78, 20, 241
MM, 78, 19, 23
MM, 78, 18, 8
MM, 79, 17, 8
MM, 79, 16, 8
MC, 1, 177
MM, 79, 15, 56
MM, 79, 12, 8
MM, 79, 6, 8
MM, 80, 0, 7
MM, 471, 608, 8
MM, 472, 601, 9
MM, 473, 595, 8
MM, 0, 15, 8
MM, 1, 10, 8
MM, 4, 7, 7
MM, 5, 4, 9
MM, 482, 575, 7
MM, 484, 572, 8
MM, 484, 570, 8
MM, 16, 27, 8
MM, 17, 24, 9
MM, 18, 21, 8
MM, 20, 20, 8
MM, 21, 17, 8
MM, 21, 16, 8
MM, 21, 15, 7
MM, 22, 14, 8
MC, 1, 257
MM, 22, 13, 48
MM, 19, 14, 16
MM, 15, 14, 7
MM, 11, 14, 8
MM, 7, 14, 8
MM, 3, 15, 9
MM, 0, 16, 8
MM, 466, 555, 8
MM, 34, 16, 8
MM, 30, 16, 8
MM, 25, 16, 7
MM, 21, 16, 8
MM, 15, 16, 9
MM, 11, 16, 7
MM, 5, 16, 9
MM, 426, 556, 8
MM, 423, 556, 8
MM, 35, 17, 8
MM, 34, 17, 7
MM, 32, 17, 8
MM, 31, 17, 25
MM, 30, 17, 8
MM, 29, 17, 8
MM, 25, 17, 8
MM, 23, 17, 7
MM, 22, 17, 9
MM, 20, 17, 7
MM, 16, 17, 8
MM, 14, 17, 8
MM, 13, 16, 9
MM, 11, 16, 8
MM, 8, 15, 48
MM, 5, 15, 16
MM, 4, 15, 7
MM, 3, 15, 8
MM, 383, 552, 8
MM, 380, 551, 8
MM, 34, 12, 8
MM, 33, 12, 9
MM, 32, 12, 8
MM, 30, 12, 7
MM, 29, 12, 9
MM, 28, 12, 8
MM, 27, 12, 15
MM, 25, 12, 9
MM, 24, 12, 16
MM, 23, 12, 8
MM, 22, 12, 8
MC, 1, 208
MM, 20, 12, 32
MM, 21, 12, 16
MM, 26, 12, 7
MM, 34, 14, 9
MM, 3, 16, 8
MM, 16, 18, 8
MM, 30, 21, 7
MM, 0, 24, 9
MM, 12, 26, 7
MM, 24, 27, 9
MM, 31, 28, 8
MM, 36, 29, 8
MM, 469, 569, 8
MM, 3, 30, 7
MM, 477, 570, 8
MM, 482, 570, 8
MM, 485, 570, 8
MM, 488, 570, 9
MM, 491, 571, 8
MM, 494, 572, 8
MM, 496, 572, 7
MM, 499, 573, 9
MM, 502, 573, 8
MM, 506, 574, 8
MM, 511, 574, 8
MM, 515, 575, 7
MM, 2, 0, 9
MM, 5, 1, 7
MM, 8, 2, 9
MM, 13, 3, 8
MM, 16, 4, 8
MM, 18, 5, 8
MM, 20, 5, 7
MM, 21, 6, 64
MM, 23, 6, 16
MM, 24, 6, 9
MM, 26, 8, 7
MM, 28, 8, 9
MM, 31, 8, 7
MM, 33, 10, 9
MM, 36, 10, 7
MM, 555, 586, 8
MM, 557, 587, 8
MM, 558, 587, 9
MM, 559, 587, 8
MM, 0, 11, 64
MM, 1, 11, 7
MM, 3, 12, 9
MM, 5, 12, 8
MC, 1, 231
MM, 7, 12, 41
MM, 9, 11, 15
MM, 11, 8, 9
MM, 14, 4, 7
MM, 16, 2, 9
MM, 17, 0, 7
MM, 581, 571, 9
MM, 31, 29, 8
MM, 35, 23, 7
MM, 593, 558, 8
MM, 0, 14, 8
MM, 3, 9, 8
MM, 6, 6, 9
MM, 7, 1, 8
MM, 606, 538, 8
MM, 607, 536, 7
MM, 607, 535, 8
MM, 608, 534, 8
MM, 609, 533, 8
MM, 2, 30, 16
MM, 3, 30, 89
MM, 3, 29, 23
MM, 3, 28, 8
MM, 3, 27, 8
MM, 4, 25, 25
MM, 5, 24, 8
MM, 6, 23, 8
MM, 7, 22, 7
MM, 7, 21, 8
MM, 7, 20, 8
MM, 8, 18, 26
MC, 1, 262
MM, 9, 17, 57
MM, 10, 17, 8
MM, 14, 18, 16
MM, 20, 22, 8
MM, 30, 26, 7
MM, 648, 533, 9
MM, 659, 537, 8
MM, 33, 2, 8
MM, 0, 6, 8
MM, 9, 9, 8
MM, 16, 12, 8
MM, 21, 15, 7
MM, 25, 16, 8
MM, 29, 19, 8
MM, 31, 19, 8
MM, 32, 19, 8
MC, 1, 409
MM, 32, 20, 55
MM, 31, 20, 17
MM, 31, 21, 8
MM, 30, 21, 7
MM, 29, 21, 9
MM, 28, 21, 8
MM, 26, 21, 7
MM, 24, 21, 9
MM, 23, 21, 7
MM, 17, 21, 9
MM, 9, 21, 8
MM, 1, 21, 7
MM, 35, 20, 9
MM, 25, 19, 7
MM, 16, 18, 10
MM, 6, 15, 6
MM, 634, 553, 8
MM, 29, 13, 8
MM, 21, 13, 9
MM, 11, 12, 8
MM, 4, 10, 8
MM, 594, 547, 8
MM, 33, 7, 7
MM, 26, 5, 8
MM, 21, 4, 8
MM, 15, 4, 9
MM, 11, 3, 8
MM, 7, 3, 7
MM, 4, 3, 9
MM, 1, 2, 7
MM, 551, 540, 8
MM, 548, 540, 8
MM, 34, 0, 9
MM, 31, 0, 8
MM, 538, 537, 8
MM, 535, 535, 7
MM, 530, 534, 9
MM, 526, 533, 8
MM, 0, 30, 7
MM, 518, 531, 8
MM, 34, 28, 9
MM, 32, 28, 168
MM, 32, 27, 7
MM, 32, 26, 9
MM, 33, 25, 15
MM, 34, 25, 9
MM, 519, 525, 8
MM, 521, 523, 16
MM, 522, 522, 7
MM, 1, 19, 8
MM, 2, 18, 17
MM, 3, 17, 7
MM, 4, 17, 128
MM, 5, 16, 16
MC, 1, 209
MM, 4, 17, 80
MM, 3, 19, 7
MM, 3, 24, 8
MM, 2, 29, 8
MM, 524, 535, 8
MM, 13, 2, 9
MM, 12, 7, 8
MM, 11, 13, 7
MM, 10, 19, 9
MM, 10, 24, 7
MM, 9, 28, 9
MM, 518, 572, 7
MM, 517, 575, 8
MM, 516, 579, 8
MM, 516, 582, 9
MM, 515, 585, 8
MM, 513, 588, 8
MM, 513, 591, 8
MM, 512, 594, 8
MM, 511, 597, 8
MM, 35, 23, 7
MM, 33, 25, 8
MM, 33, 28, 8
MM, 32, 30, 9
MM, 506, 608, 8
MM, 506, 610, 8
MM, 506, 612, 8
MM, 116, 1, 8
MM, 116, 2, 7
MM, 116, 4, 105
MM, 116, 5, 16
MM, 116, 9, 7
MM, 116, 11, 8
MC, 1, 225
MM, 116, 12, 7
MM, 117, 12, 9
MM, 118, 11, 16
MM, 120, 11, 7
MM, 121, 10, 9
MM, 123, 10, 8
MM, 124, 8, 8
MM, 125, 6, 8
MM, 129, 5, 7
MM, 132, 3, 8
MM, 134, 2, 9
MM, 137, 1, 7
MM, 531, 612, 8
MM, 533, 611, 8
MM, 535, 610, 8
MM, 539, 608, 9
MM, 543, 607, 8
MM, 29, 29, 8
MM, 31, 27, 8
MM, 34, 26, 8
MM, 555, 601, 8
MM, 558, 601, 8
MM, 0, 25, 8
MM, 2, 24, 8
MM, 4, 24, 8
MM, 5, 24, 8
MM, 6, 24, 8
MM, 7, 23, 8
MM, 8, 23, 15
MM, 8, 22, 8
MM, 9, 21, 8
MM, 10, 20, 25
MM, 11, 20, 16
MM, 11, 19, 7
MM, 12, 19, 8
MC, 1, 232
MM, 11, 18, 33
MM, 10, 18, 7
MM, 5, 17, 9
MM, 559, 591, 8
MM, 36, 12, 8
MM, 28, 10, 7
MM, 18, 5, 9
MM, 9, 1, 8
MM, 516, 574, 7
MM, 509, 570, 9
MM, 30, 27, 8
MM, 24, 24, 9
MM, 18, 21, 7
MM, 15, 19, 7
MM, 13, 19, 8
MM, 10, 17, 9
MM, 6, 15, 7
MM, 3, 14, 8
MM, 1, 12, 8
MM, 469, 551, 8
MM, 465, 550, 9
MM, 35, 11, 8
MM, 32, 11, 8
MM, 29, 10, 8
MM, 25, 8, 7
MM, 22, 8, 8
MM, 18, 7, 9
MM, 13, 6, 8
MM, 11, 6, 8
MM, 9, 6, 8
MM, 8, 5, 7
MM, 7, 4, 9
MM, 6, 4, 8
MM, 5, 4, 8
MM, 4, 3, 8
MM, 3, 3, 104
MM, 3, 1, 8
MM, 430, 538, 7
MM, 430, 534, 8
MM, 429, 533, 9
MM, 32, 30, 7
MM, 31, 29, 9
MM, 31, 27, 8
MM, 31, 26, 8
MM, 31, 24, 7
MM, 31, 23, 24
MM, 30, 21, 8
MM, 30, 20, 9
MC, 1, 248
MM, 434, 524, 79
MM, 4, 26, 9
MM, 455, 534, 8
MM, 464, 539, 8
MM, 7, 6, 7
MM, 17, 11, 9
MM, 25, 15, 7
MM, 32, 19, 9
MM, 508, 560, 8
MM, 0, 23, 8
MM, 2, 24, 8
MM, 4, 25, 7
MM, 5, 26, 17
MM, 6, 27, 15
MM, 7, 27, 16
MM, 9, 27, 9
MM, 11, 27, 8
MM, 12, 28, 8
MM, 14, 29, 8
MM, 15, 29, 7
MM, 16, 30, 8
MM, 17, 30, 9
MM, 529, 570, 31
MM, 530, 571, 9
MM, 531, 572, 15
MM, 533, 573, 9
MM, 534, 574, 8
MM, 535, 574, 8
MM, 536, 575, 8
MM, 20, 0, 8
MM, 21, 0, 7
MM, 22, 1, 16
MM, 23, 2, 8
MM, 24, 2, 9
MM, 25, 2, 8
MM, 27, 3, 8
MM, 31, 4, 8
MM, 34, 4, 8
MM, 36, 4, 8
MM, 558, 580, 8
MM, 0, 5, 7
MM, 2, 5, 8
MM, 4, 6, 9
MM, 5, 6, 8
MM, 6, 6, 32
MM, 7, 6, 8
MM, 8, 6, 8
MM, 9, 7, 8
MM, 10, 7, 8
MM, 11, 7, 8
MC, 1, 279
MM, 12, 8, 28
MM, 11, 10, 12
MM, 8, 10, 8
MM, 5, 10, 8
MM, 0, 11, 8
MM, 557, 589, 8
MM, 36, 14, 8
MM, 31, 15, 8
MM, 28, 15, 8
MM, 27, 15, 9
MM, 26, 16, 7
MM, 24, 16, 8
MM, 23, 17, 8
MM, 22, 17, 17
MM, 21, 17, 23
MM, 20, 17, 9
MM, 17, 17, 7
MM, 15, 17, 9
MM, 13, 17, 7
MM, 12, 17, 129
MM, 11, 17, 16
MM, 10, 17, 8
MM, 7, 17, 7
MM, 5, 17, 8
MM, 2, 17, 8
MM, 0, 17, 9
MM, 515, 593, 8
MM, 513, 593, 8
MM, 35, 17, 8
MM, 34, 17, 8
MC, 1, 336
MM, 33, 17, 143
MM, 32, 17, 8
MM, 28, 15, 8
MM, 24, 13, 8
MM, 21, 12, 9
MM, 18, 9, 8
MM, 14, 7, 8
MM, 11, 5, 7
MM, 7, 2, 8
MM, 6, 1, 8
MM, 477, 573, 9
MM, 475, 570, 8
MM, 474, 570, 8
MM, 1, 30, 8
MM, 0, 28, 7
MM, 468, 566, 8
MM, 467, 564, 9
MM, 465, 562, 8
MM, 36, 23, 8
MM, 34, 20, 8
MM, 33, 19, 8
MM, 31, 17, 7
MM, 31, 16, 9
MM, 30, 15, 7
MM, 29, 15, 9
MM, 28, 14, 7
MM, 28, 13, 16
MM, 27, 12, 9
MM, 26, 11, 8
MM, 25, 10, 8
MM, 24, 10, 8
MM, 24, 9, 7
MM, 23, 8, 8
MM, 22, 7, 8
MM, 20, 6, 8
MM, 17, 4, 8
MM, 17, 3, 9
MM, 15, 2, 8
MM, 439, 537, 8
MM, 438, 536, 8
MM, 436, 535, 7
MM, 435, 534, 8
MM, 34, 28, 8
MM, 33, 28, 9
MM, 32, 25, 8
MM, 30, 24, 8
MM, 29, 23, 8
MM, 28, 21, 8
MM, 26, 19, 15
MM, 25, 18, 25
MC, 1, 248
MM, 24, 18, 40
MM, 24, 16, 8
MM, 25, 15, 8
MM, 26, 14, 8
MM, 27, 14, 8
MM, 30, 14, 8
MM, 34, 14, 8
MM, 435, 515, 7
MM, 438, 515, 8
MM, 3, 11, 9
MM, 5, 10, 7
MM, 6, 10, 8
MM, 7, 10, 72
MM, 9, 9, 16
MM, 10, 9, 8
MM, 11, 9, 17
MC, 1, 231
MM, 12, 9, 40
MM, 11, 9, 8
MM, 10, 11, 9
MM, 9, 12, 16
MM, 8, 12, 8
MM, 6, 15, 7
MM, 5, 16, 8
MM, 5, 17, 9
MM, 3, 17, 8
MM, 0, 21, 8
MM, 437, 524, 7
MM, 433, 526, 8
MM, 32, 26, 8
MM, 30, 28, 9
MM, 29, 29, 8
MM, 28, 30, 8
MM, 420, 535, 8
MM, 420, 536, 8
MM, 420, 537, 7
MM, 419, 538, 8
MM, 418, 538, 9
MM, 32, 0, 32
MM, 31, 1, 8
MM, 30, 1, 137
MM, 30, 2, 6
MM, 29, 2, 8
MM, 27, 3, 9
MM, 27, 4, 39
MM, 26, 4, 8
MM, 26, 5, 16
MM, 25, 5, 9
MM, 25, 6, 8
MM, 24, 7, 8
MM, 24, 8, 8
MM, 23, 8, 8
MM, 23, 9, 7
MM, 21, 10, 8
MM, 21, 11, 8
MC, 1, 233
MM, 20, 12, 48
MM, 20, 16, 8
MM, 22, 19, 8
MM, 22, 23, 8
MM, 25, 28, 7
MM, 413, 572, 8
MM, 415, 575, 9
MM, 27, 5, 8
MM, 29, 9, 8
MM, 33, 13, 7
MM, 428, 593, 8
MM, 431, 596, 9
MM, 1, 24, 8
MM, 5, 26, 8
MM, 9, 28, 7
MM, 12, 28, 9
MM, 14, 29, 8
MM, 15, 30, 8
MM, 17, 30, 8
MM, 451, 607, 8
MM, 452, 608, 8
MM, 454, 609, 15
MM, 455, 610, 16
MM, 456, 611, 9
MM, 457, 612, 16
MM, 67, 0, 7
MM, 68, 1, 9
MM, 69, 1, 7
MM, 70, 3, 8
MM, 71, 3, 81
MM, 72, 4, 8
MM, 73, 6, 23
MM, 74, 6, 8
MM, 74, 7, 17
MM, 74, 9, 8
MM, 75, 10, 96
MC, 1, 128
MM, 76, 10, 16
MM, 77, 7, 16
MM, 78, 5, 8
MM, 78, 1, 8
MM, 469, 612, 8
MM, 470, 611, 7
MM, 471, 609, 8
MM, 472, 608, 9
MM, 473, 606, 7
MM, 474, 604, 9
MM, 0, 27, 8
MM, 0, 26, 8
MM, 2, 25, 7
MM, 2, 24, 9
MM, 2, 23, 7
MM, 3, 21, 16
MM, 4, 21, 8
MM, 4, 20, 8
MC, 1, 385
MM, 5, 20, 32
MM, 6, 18, 8
MM, 8, 16, 8
MM, 13, 15, 8
MM, 20, 13, 8
MM, 29, 12, 7
MM, 514, 587, 8
MM, 7, 10, 9
MM, 18, 7, 8
MM, 28, 3, 8
MM, 557, 577, 8
MM, 565, 575, 7
MM, 571, 573, 8
MM, 576, 571, 9
MM, 579, 570, 7
MM, 27, 28, 8
MM, 29, 27, 8
MM, 32, 25, 8
MM, 33, 24, 9
MM, 35, 22, 8
MM, 591, 559, 8
MM, 593, 557, 8
MM, 595, 556, 8
MM, 1, 15, 7
MM, 3, 13, 9
MM, 5, 10, 7
MM, 8, 9, 9
MM, 9, 7, 7
MM, 11, 5, 9
MM, 11, 4, 7
MM, 13, 3, 8
MM, 14, 3, 8
MM, 15, 1, 9
MM, 16, 0, 8
MM, 614, 538, 8
MM, 615, 536, 16
MM, 616, 535, 8
MM, 617, 534, 7
MM, 11, 30, 8
MM, 12, 29, 9
MM, 14, 26, 8
MM, 14, 25, 7
MM, 16, 24, 9
MM, 18, 23, 8
MM, 19, 22, 8
MM, 22, 21, 8
MM, 23, 19, 7
MM, 26, 18, 8
MM, 29, 15, 8
MM, 638, 516, 8
MM, 640, 514, 9
MM, 641, 514, 8
MM, 642, 513, 8
MM, 643, 512, 8
MM, 1, 10, 8
MM, 2, 9, 7
MM, 3, 9, 8
MM, 5, 9, 17
MM, 7, 9, 8
MM, 9, 9, 8
MM, 11, 9, 8
MM, 12, 9, 8
MM, 13, 9, 8
MM, 14, 9, 71
MC, 1, 177
MM, 8, 10, 31
MM, 4, 10, 8
MM, 0, 10, 8
MM, 639, 513, 9
MM, 27, 12, 8
MM, 22, 13, 8
MM, 15, 14, 8
MM, 10, 14, 7
MM, 2, 14, 9
MM, 602, 516, 8
MM, 26, 14, 8
MM, 16, 14, 8
MM, 4, 14, 8
MM, 33, 14, 8
MM, 22, 14, 8
MM, 13, 14, 10
MM, 1, 13, 6
MM, 32, 12, 8
MM, 25, 11, 8
MM, 17, 11, 8
MM, 9, 9, 8
MM, 2, 6, 7
MM, 479, 506, 9
MM, 476, 505, 8
MM, 36, 3, 7
MM, 35, 3, 264
MM, 36, 3, 16
MM, 476, 505, 8
MM, 479, 505, 9
MM, 0, 3, 8
MM, 3, 3, 7
MM, 6, 5, 9
MM, 8, 5, 7
MM, 10, 5, 8
MM, 13, 5, 8
MM, 15, 5, 9
MM, 16, 5, 8
MC, 1, 391
MM, 17, 6, 16
MM, 18, 10, 9
MM, 22, 14, 8
MM, 26, 18, 7
MM, 28, 20, 8
MM, 517, 529, 9
MM, 525, 533, 8
MM, 532, 537, 8
MM, 28, 2, 8
MM, 34, 6, 7
MM, 551, 548, 9
MM, 2, 12, 8
MM, 4, 13, 8
MM, 5, 13, 7
MM, 6, 13, 41
MM, 8, 13, 112
MM, 9, 13, 15
MM, 10, 13, 17
MM, 11, 13, 7
MM, 12, 13, 8
MM, 13, 13, 8
MM, 14, 13, 10
MM, 15, 13, 6
MC, 1, 176
MM, 16, 13, 8
MM, 16, 14, 49
MM, 15, 15, 7
MM, 14, 15, 8
MM, 9, 18, 8
MM, 5, 19, 9
MM, 2, 21, 7
MM, 552, 563, 9
MM, 549, 567, 8
MM, 34, 30, 8
MM, 542, 571, 7
MM, 538, 574, 9
MM, 16, 2, 7
MM, 13, 4, 9
MM, 11, 6, 8
MM, 8, 8, 8
MM, 6, 9, 8
MM, 5, 11, 8
MM, 4, 11, 7
MM, 516, 589, 8
MM, 515, 592, 8
MM, 513, 592, 9
MM, 512, 595, 7
MM, 511, 595, 17
MM, 35, 19, 40
MM, 34, 21, 8
MM, 33, 22, 16
MM, 32, 23, 15
MM, 31, 24, 8
MM, 31, 25, 8
MM, 30, 30, 8
MM, 503, 607, 8
MM, 503, 608, 9
MM, 503, 609, 7
MM, 502, 609, 8
MM, 502, 611, 8
MM, 501, 612, 9
MM, 110, 0, 7
MM, 110, 1, 8
MM, 109, 1, 17
MM, 109, 2, 41
MM, 109, 3, 7
MM, 109, 4, 7
MM, 108, 4, 8
MM, 107, 6, 8
MM, 107, 7, 9
MM, 107, 8, 7
MM, 106, 10, 9
MC, 1, 208
MM, 105, 11, 39
MM, 104, 11, 9
MM, 102, 10, 8
MM, 99, 9, 8
MM, 95, 6, 8
MM, 90, 2, 7
MM, 476, 612, 8
MM, 471, 608, 9
MM, 31, 29, 8
MM, 25, 24, 7
MM, 19, 19, 10
MM, 14, 15, 7
MM, 9, 11, 8
MM, 6, 10, 7
MM, 3, 8, 8
MM, 2, 7, 9
MM, 0, 6, 8
MM, 433, 582, 8
MM, 433, 581, 8
MM, 431, 581, 8
MM, 430, 580, 7
MM, 36, 4, 8
MM, 34, 3, 9
MM, 31, 2, 7
MM, 28, 2, 8
MM, 27, 1, 9
MM, 413, 574, 8
MM, 411, 573, 8
MM, 411, 572, 7
MM, 408, 572, 8
MM, 22, 30, 8
MM, 19, 30, 9
MM, 16, 29, 7
MM, 14, 27, 9
MM, 11, 27, 8
MM, 8, 26, 8
MM, 8, 25, 8
MM, 7, 25, 8
MM, 3, 23, 7
MM, 1, 22, 8
MM, 384, 559, 17
MM, 382, 559, 8
MM, 381, 559, 15
MM, 380, 559, 9
MM, 32, 18, 15
MM, 31, 18, 9
MM, 29, 18, 8
MM, 27, 18, 8
MM, 26, 18, 8
MM, 25, 18, 8
MM, 24, 18, 15
MM, 22, 17, 8
MM, 20, 16, 280
MM, 21, 15, 16
MM, 22, 15, 16
MM, 23, 15, 16
MC, 1, 153
MM, 24, 15, 112
MM, 27, 15, 7
MM, 30, 13, 8
MM, 33, 12, 8
MM, 379, 550, 9
MM, 380, 548, 8
MM, 382, 547, 8
MM, 1, 5, 8
MM, 5, 2, 7
MM, 394, 538, 8
MM, 400, 536, 8
MM, 406, 533, 8
MM, 17, 28, 9
MM, 24, 25, 8
MM, 31, 21, 8
MM, 434, 520, 8
MM, 0, 15, 8
MM, 2, 13, 7
MM, 3, 13, 8
MM, 4, 13, 8
MM, 5, 12, 16
MM, 6, 11, 25
MM, 7, 11, 16
MM, 8, 11, 80
MM, 9, 11, 8
MM, 11, 11, 8
MC, 1, 175
MM, 10, 11, 72
MM, 9, 11, 9
MM, 5, 11, 16
MM, 3, 11, 7
MM, 2, 11, 8
MM, 1, 11, 8
MM, 438, 513, 8
MM, 437, 514, 8
MM, 436, 514, 56
MM, 435, 514, 80
MM, 33, 12, 9
MM, 29, 12, 7
MM, 26, 12, 9
MM, 23, 12, 8
MM, 20, 12, 8
MM, 17, 12, 8
MC, 1, 271
MM, 15, 12, 65
MM, 15, 13, 7
MM, 17, 17, 8
MM, 18, 21, 8
MM, 21, 26, 9
MM, 421, 533, 8
MM, 423, 539, 8
MM, 0, 8, 7
MM, 2, 15, 9
MM, 5, 22, 7
MM, 7, 28, 9
MM, 437, 574, 8
MM, 6, 4, 8
MM, 8, 7, 7
MM, 9, 10, 10
MM, 10, 11, 7
MM, 11, 13, 8
MM, 11, 14, 10
MM, 12, 14, 6
MM, 13, 15, 16
MM, 14, 16, 23
MM, 14, 17, 17
MM, 15, 17, 8
MM, 15, 18, 8
MM, 16, 20, 8
MM, 17, 21, 8
MM, 18, 22, 8
MM, 19, 23, 7
MM, 20, 25, 9
MM, 20, 26, 23
MM, 20, 29, 8
MM, 22, 29, 9
MM, 456, 607, 16
MM, 457, 609, 16
MM, 458, 609, 7
MM, 458, 611, 8
MM, 459, 611, 32
MM, 459, 612, 40
MM, 69, 1, 8
MM, 70, 5, 16
MM, 71, 8, 32
MM, 72, 9, 8
MM, 72, 11, 8
MM, 72, 12, 9
MM, 72, 14, 16
MM, 73, 17, 16
MC, 1, 208
MM, 74, 16, 31
MM, 74, 13, 9
MM, 74, 9, 8
MM, 74, 5, 8
MM, 74, 0, 8
MM, 30, 30, 7
MM, 30, 27, 8
MM, 30, 25, 9
MM, 32, 23, 8
MM, 33, 21, 8
MM, 469, 594, 8
MM, 471, 592, 7
MM, 473, 590, 9
MM, 474, 588, 7
MM, 0, 8, 9
MM, 1, 6, 8
MM, 4, 5, 8
MM, 4, 3, 8
MM, 6, 1, 8
MM, 481, 575, 8
MM, 482, 574, 7
MM, 483, 573, 8
MM, 484, 572, 8
MM, 485, 571, 8
MM, 486, 570, 9
MM, 17, 29, 8
MM, 19, 29, 8
MM, 19, 27, 8
MM, 23, 26, 7
MM, 24, 25, 11
MM, 27, 24, 5
MM, 31, 22, 8
MM, 33, 21, 9
MM, 506, 559, 8
MM, 509, 558, 9
MM, 0, 18, 7
MM, 2, 17, 8
MM, 5, 17, 8
MM, 7, 16, 8
MM, 9, 15, 7
MM, 11, 14, 8
MM, 12, 14, 8
MM, 13, 13, 128
MC, 1, 137
MM, 13, 12, 39
MM, 12, 12, 17
MM, 7, 11, 8
MM, 2, 9, 7
MM, 509, 545, 9
MM, 34, 5, 7
MM, 30, 3, 9
MM, 25, 0, 7
MM, 492, 536, 8
MM, 489, 535, 8
MM, 487, 533, 9
MM, 3, 29, 8
MM, 2, 27, 8
MM, 1, 27, 7
MM, 0, 25, 17
MM, 481, 526, 7
MM, 478, 524, 16
MM, 477, 522, 8
MM, 36, 19, 16
MM, 35, 18, 8
MM, 34, 17, 8
MM, 31, 15, 9
MM, 29, 15, 7
MM, 27, 14, 8
MM, 25, 12, 8
MM, 24, 12, 9
MC, 1, 416
MM, 23, 12, 23
MM, 22, 12, 9
MM, 18, 12, 8
MM, 11, 12, 8
MM, 3, 12, 8
MM, 434, 514, 8
MM, 27, 12, 7
MM, 20, 12, 8
MM, 14, 12, 8
MM, 9, 12, 9
MM, 6, 12, 8
MC, 1, 295
MM, 5, 12, 129
MM, 3, 13, 7
MM, 2, 14, 9
MM, 1, 14, 8
MM, 394, 522, 8
MM, 392, 524, 7
MM, 38, 25, 8
MM, 36, 28, 8
MM, 32, 29, 9
MM, 383, 534, 8
MM, 381, 536, 8
MM, 378, 538, 8
MM, 32, 2, 8
MM, 31, 2, 7
MM, 31, 3, 8
MM, 30, 4, 8
MM, 30, 5, 89
MM, 29, 5, 16
MM, 29, 6, 7
MM, 28, 7, 8
MM, 27, 8, 16
MM, 27, 9, 9
MM, 26, 10, 8
MM, 24, 11, 16
MC, 1, 215
MM, 24, 12, 25
MM, 26, 12, 16
MM, 28, 11, 8
MM, 31, 10, 8
MM, 34, 7, 7
MM, 383, 543, 8
MM, 4, 2, 8
MM, 9, 1, 9
MM, 401, 537, 7
MM, 407, 537, 8
MM, 414, 536, 9
MM, 419, 535, 7
MM, 424, 534, 8
MM, 431, 533, 8
MM, 435, 531, 8
MM, 1, 27, 9
MM, 6, 26, 8
MM, 11, 25, 7
MM, 14, 25, 9
MM, 15, 25, 8
MM, 17, 25, 7
MM, 18, 25, 8
MM, 20, 25, 9
MM, 22, 24, 16
MM, 25, 24, 8
MM, 27, 24, 8
MM, 30, 24, 8
MM, 33, 22, 8
MM, 476, 524, 7
MM, 480, 524, 8
MM, 0, 21, 8
MM, 2, 21, 8
MM, 4, 21, 9
MM, 5, 21, 7
MM, 6, 20, 8
MM, 7, 19, 73
MM, 8, 19, 8
MM, 9, 18, 8
MM, 10, 18, 7
MM, 10, 17, 9
MM, 11, 16, 8
MM, 12, 15, 8
MM, 13, 15, 8
MM, 14, 13, 7
MM, 16, 12, 8
MM, 17, 11, 8
MM, 19, 9, 8
MM, 20, 8, 8
MM, 21, 8, 24
MC, 1, 153
MM, 21, 9, 120
MM, 21, 10, 8
MM, 21, 15, 8
MM, 21, 18, 7
MM, 22, 22, 8
MM, 24, 28, 8
MM, 509, 536, 9
MM, 5, 6, 8
MM, 11, 12, 8
MM, 18, 18, 8
MM, 28, 26, 8
MM, 550, 572, 7
MM, 0, 0, 8
MM, 9, 6, 9
MM, 17, 9, 7
MM, 27, 11, 9
MM, 34, 14, 7
MM, 602, 592, 9
MM, 7, 17, 8
MM, 15, 18, 7
MM, 24, 19, 8
MM, 29, 20, 9
MM, 638, 597, 7
MM, 3, 21, 8
MM, 8, 22, 9
MM, 10, 22, 8
MM, 11, 22, 8
MM, 12, 22, 8
MM, 13, 22, 79
MM, 15, 22, 16
MM, 16, 22, 9
MM, 18, 22, 15
MM, 19, 22, 17
MM, 19, 21, 400
MM, 19, 20, 8
MM, 17, 20, 8
MM, 17, 18, 8
MM, 16, 18, 8
MM, 14, 17, 8
MC, 1, 375
MM, 13, 16, 56
MM, 12, 16, 9
MM, 10, 17, 8
MM, 6, 18, 8
MM, 3, 21, 8
MM, 638, 599, 7
MM, 634, 601, 9
MM, 24, 27, 8
MM, 621, 607, 8
MM, 614, 609, 7
MM, 608, 611, 8
MM, 600, 613, 9
MM, 594, 615, 7
MM, 587, 616, 8
MM, 583, 616, 9
MM, 579, 616, 7
MM, 576, 617, 9
MM, 573, 617, 8
MM, 571, 617, 7
MM, 569, 618, 9
MM, 567, 619, 8
MM, 563, 619, 8
MM, 559, 619, 8
MM, 555, 619, 7
MM, 161, 6, 9
MM, 155, 6, 8
MM, 150, 6, 8
MM, 144, 6, 7
MM, 139, 6, 9
MM, 133, 6, 8
MM, 129, 6, 8
MM, 126, 7, 8
MM, 123, 7, 7
MM, 122, 8, 9
MM, 121, 8, 10
MM, 121, 9, 6
MM, 120, 10, 8
MM, 118, 10, 15
MC, 1, 257
MM, 117, 10, 56
MM, 118, 8, 8
MM, 121, 3, 8
MM, 515, 610, 8
MM, 3, 29, 8
MM, 7, 25, 8
MM, 13, 22, 8
MM, 19, 17, 7
MM, 26, 12, 9
MM, 30, 7, 8
MM, 35, 3, 7
MM, 556, 576, 8
MM, 561, 572, 9
MM, 11, 30, 8
MM, 17, 25, 8
MM, 21, 22, 7
MM, 27, 16, 9
MM, 32, 11, 7
MM, 591, 547, 9
MM, 595, 543, 8
MM, 0, 3, 7
MM, 1, 0, 9
MM, 2, 0, 8
MM, 599, 538, 7
MM, 599, 536, 185
MM, 599, 535, 8
MM, 599, 534, 8
MM, 600, 533, 7
MM, 36, 30, 8
MM, 36, 28, 9
MM, 36, 27, 7
MM, 36, 25, 9
MM, 601, 527, 8
MM, 601, 525, 7
MM, 601, 524, 16
MM, 602, 524, 8
MM, 602, 523, 8
MM, 602, 521, 9
MM, 602, 519, 33
MM, 603, 518, 23
MM, 604, 518, 7
MM, 604, 517, 9
MM, 605, 516, 9
MM, 606, 515, 135
MM, 0, 13, 8
MM, 2, 13, 8
MM, 4, 13, 8
MM, 6, 12, 7
MM, 7, 11, 8
MM, 8, 11, 8
MM, 9, 11, 9
MM, 10, 11, 8
MM, 11, 11, 8
MM, 12, 11, 16
MC, 1, 264
MM, 10, 12, 55
MM, 8, 12, 8
MM, 5, 14, 8
MM, 1, 15, 8
MM, 602, 519, 8
MM, 32, 18, 8
MM, 28, 19, 9
MM, 25, 20, 8
MM, 20, 21, 7
MM, 17, 22, 9
MM, 14, 23, 8
MM, 13, 23, 7
MM, 12, 23, 9
MM, 11, 24, 7
MM, 6, 24, 9
MM, 4, 24, 8
MM, 1, 24, 7
MM, 561, 526, 9
MM, 34, 24, 7
MM, 30, 24, 8
MM, 26, 24, 8
MM, 19, 22, 8
MM, 12, 21, 9
MM, 7, 21, 7
MM, 1, 21, 8
MM, 520, 523, 9
MM, 33, 21, 7
MM, 30, 21, 9
MM, 27, 21, 8
MM, 27, 20, 223
MM, 26, 18, 9
MM, 25, 16, 8
MM, 25, 13, 7
MM, 22, 11, 8
MM, 22, 10, 8
MM, 21, 9, 8
MM, 21, 8, 8
MC, 1, 208
MM, 20, 7, 56
MM, 19, 8, 9
MM, 18, 12, 7
MM, 16, 18, 9
MM, 15, 25, 8
MM, 496, 534, 7
MM, 26, 3, 8
MM, 26, 13, 8
MM, 26, 22, 8
MM, 26, 27, 8
MM, 496, 574, 8
MM, 21, 3, 8
MM, 20, 9, 9
MM, 19, 15, 8
MM, 19, 18, 8
MM, 19, 20, 7
MM, 19, 22, 8
MM, 19, 23, 8
MM, 19, 24, 17
MM, 19, 25, 16
MM, 19, 26, 7
MM, 19, 27, 8
MM, 19, 29, 9
MM, 494, 607, 8
MM, 493, 612, 8
MM, 103, 1, 7
MM, 103, 3, 9
MM, 103, 5, 7
MM, 103, 6, 9
MM, 103, 7, 8
MM, 103, 8, 87
MM, 103, 9, 8
MM, 103, 10, 9
MM, 103, 11, 24
MM, 103, 12, 7
MM, 103, 13, 11
MM, 103, 14, 14
MM, 103, 15, 8
MC, 1, 183
MM, 103, 12, 32
MM, 103, 9, 9
MM, 103, 6, 7
MM, 103, 4, 9
MM, 493, 612, 8
MM, 493, 609, 7
MM, 18, 29, 8
MM, 18, 25, 9
MM, 18, 21, 7
MM, 18, 15, 8
MM, 18, 11, 9
MM, 18, 8, 7
MM, 18, 4, 8
MM, 18, 1, 8
MM, 493, 573, 8
MM, 493, 571, 8
MM, 493, 570, 9
MM, 23, 29, 8
MM, 23, 28, 8
MM, 21, 25, 7
MM, 20, 24, 8
MM, 18, 23, 8
MM, 18, 21, 81
MM, 17, 18, 7
MM, 16, 16, 9
MM, 16, 15, 8
MM, 16, 12, 8
MM, 16, 10, 7
MM, 16, 7, 9
MM, 15, 5, 7
MM, 15, 4, 8
MM, 15, 3, 9
MC, 1, 216
MM, 14, 2, 208
MM, 14, 3, 31
MM, 14, 4, 17
MM, 14, 5, 8
MM, 14, 6, 8
MM, 13, 6, 8
MM, 13, 7, 15
MM, 12, 9, 8
MM, 11, 9, 9
MM, 10, 9, 8
MM, 10, 10, 7
MM, 8, 10, 9
MM, 7, 10, 8
MM, 1, 10, 15
MM, 468, 548, 8
MM, 466, 548, 8
MM, 36, 8, 9
MM, 31, 6, 8
MM, 27, 3, 8
MM, 23, 1, 8
MM, 21, 0, 8
MM, 446, 538, 8
MM, 443, 537, 8
MM, 441, 536, 24
MM, 440, 536, 17
MM, 439, 534, 15
MM, 438, 534, 8
MM, 436, 533, 7
MM, 435, 531, 8
MM, 433, 531, 8
MM, 34, 28, 8
MM, 33, 27, 9
MM, 32, 26, 8
MM, 27, 23, 7
MM, 26, 21, 8
MM, 24, 20, 8
MM, 22, 18, 8
MM, 21, 17, 9
MM, 20, 16, 8
MM, 19, 15, 7
MM, 19, 14, 9
MM, 18, 13, 31
MM, 17, 12, 16
MM, 16, 11, 9
MM, 15, 11, 8
MC, 1, 199
MC, 2, 176
MM, 14, 10, 57
MM, 14, 9, 8
MM, 18, 9, 8
MM, 32, 12, 7
MM, 3, 14, 9
MM, 28, 18, 8
MM, 19, 22, 8
MM, 22, 27, 7
MM, 582, 533, 8
MM, 27, 1, 8
MM, 18, 6, 9
MM, 4, 8, 7
MM, 25, 10, 9
MM, 719, 552, 7
MM, 732, 553, 8
MM, 742, 554, 8
MM, 748, 556, 8
MM, 751, 556, 9
MM, 753, 556, 8
MM, 748, 556, 247
MM, 740, 556, 8
MM, 733, 556, 8
MM, 726, 555, 9
MM, 721, 554, 8
MM, 718, 554, 8
MM, 717, 554, 8
MM, 715, 554, 7
MM, 714, 554, 16
MM, 34, 15, 8
MM, 33, 15, 9
MM, 31, 15, 7
MM, 30, 15, 17
MC, 1, 327
MM, 29, 15, 49
MM, 22, 17, 8
MM, 17, 17, 8
MM, 9, 18, 8
MM, 0, 19, 7
MM, 32, 20, 9
MM, 20, 22, 8
MM, 8, 23, 7
MM, 634, 562, 8
MM, 24, 23, 9
MM, 12, 24, 7
MM, 2, 24, 9
MM, 594, 564, 8
MM, 591, 565, 8
MM, 36, 27, 23
MM, 35, 27, 17
MM, 31, 28, 15
MM, 27, 29, 9
MM, 24, 29, 8
MM, 20, 29, 7
MM, 14, 29, 8
MM, 11, 29, 8
MM, 7, 29, 9
MM, 4, 29, 8
MM, 0, 29, 7
MM, 551, 568, 9
MM, 548, 568, 8
MM, 35, 29, 7
MM, 32, 29, 8
MM, 28, 29, 8
MM, 24, 29, 9
MM, 20, 29, 8
MM, 14, 29, 8
MM, 9, 28, 7
MM, 4, 27, 9
MM, 2, 27, 7
MM, 0, 27, 8
MM, 510, 566, 9
MM, 509, 566, 8
MM, 507, 566, 8
MM, 33, 27, 8
MM, 29, 27, 8
MM, 25, 27, 8
MM, 21, 27, 8
MM, 15, 27, 8
MM, 9, 26, 7
MM, 4, 24, 8
MM, 1, 24, 8
MM, 467, 563, 9
MM, 464, 563, 8
MM, 34, 24, 7
MM, 30, 24, 9
MM, 26, 23, 7
MM, 23, 23, 8
MM, 21, 23, 8
MM, 18, 23, 8
MM, 14, 23, 9
MM, 12, 23, 7
MM, 11, 22, 9
MM, 8, 21, 8
MM, 6, 21, 8
MM, 5, 21, 15
MM, 3, 21, 9
MM, 0, 21, 8
MM, 424, 560, 8
MM, 35, 21, 7
MM, 30, 21, 8
MM, 27, 21, 8
MM, 25, 21, 8
MM, 23, 21, 8
MM, 22, 21, 9
MM, 21, 21, 8
MC, 1, 368
MM, 20, 21, 64
MM, 20, 23, 7
MM, 23, 27, 9
MM, 28, 29, 7
MM, 418, 573, 9
MM, 33, 3, 8
MM, 431, 584, 8
MM, 3, 12, 8
MM, 6, 15, 8
MM, 10, 19, 8
MM, 13, 21, 8
MM, 16, 24, 7
MM, 18, 25, 8
MM, 19, 26, 8
MM, 20, 27, 8
MM, 22, 28, 41
MM, 23, 29, 24
MM, 24, 30, 8
MM, 25, 30, 7
MM, 459, 607, 9
MM, 461, 608, 8
MM, 461, 609, 16
MM, 462, 610, 47
MM, 464, 610, 16
MM, 464, 611, 9
MM, 465, 612, 16
MM, 76, 0, 24
MM, 77, 0, 15
MM, 77, 1, 17
MM, 78, 2, 8
MM, 78, 4, 8
MM, 79, 5, 8
MM, 80, 6, 7
MM, 81, 9, 8
MM, 82, 12, 8
MM, 83, 14, 8
MM, 85, 16, 9
MC, 1, 232
MM, 85, 12, 15
MM, 85, 6, 9
MM, 85, 4, 8
MM, 86, 2, 7
MM, 87, 0, 9
MM, 479, 608, 8
MM, 7, 28, 7
MM, 11, 23, 9
MM, 16, 19, 7
MM, 22, 15, 9
MM, 30, 10, 8
MM, 512, 581, 7
MM, 519, 575, 8
MM, 527, 570, 8
MM, 19, 27, 8
MM, 23, 24, 8
MM, 24, 22, 9
MM, 26, 20, 7
MM, 27, 18, 8
MM, 29, 16, 9
MM, 29, 15, 8
MM, 30, 15, 8
MM, 31, 13, 7
MM, 32, 13, 25
MM, 32, 12, 7
MM, 33, 12, 33
MM, 34, 11, 16
MM, 35, 10, 8
MM, 34, 11, 264
MM, 33, 11, 15
MM, 31, 11, 8
MC, 1, 313
MM, 31, 13, 95
MM, 30, 13, 9
MM, 27, 13, 8
MM, 21, 13, 7
MM, 17, 11, 8
MM, 10, 10, 9
MM, 4, 7, 7
MM, 509, 543, 8
MM, 33, 1, 9
MM, 499, 538, 7
MM, 495, 536, 9
MM, 494, 535, 8
MM, 492, 533, 8
MM, 491, 533, 8
MM, 8, 30, 8
MM, 8, 28, 15
MM, 7, 27, 9
MM, 6, 26, 8
MM, 5, 25, 7
MM, 2, 24, 8
MM, 1, 24, 8
MM, 0, 23, 8
MM, 481, 524, 8
MM, 480, 524, 9
MM, 479, 523, 7
MM, 477, 522, 152
MM, 477, 521, 32
MM, 476, 521, 8
MM, 35, 18, 8
MM, 33, 18, 9
MM, 29, 17, 8
MM, 26, 17, 8
MM, 22, 15, 8
MM, 17, 14, 7
MM, 13, 13, 8
MM, 11, 12, 8
MM, 8, 11, 8
MC, 1, 384
MM, 7, 11, 153
MM, 4, 11, 7
MM, 437, 512, 9
MM, 34, 10, 8
MM, 29, 10, 8
MM, 23, 10, 8
MM, 21, 10, 7
MM, 20, 10, 8
MC, 1, 264
MM, 19, 10, 57
MM, 17, 10, 8
MM, 13, 11, 8
MM, 8, 14, 8
MM, 2, 17, 8
MM, 394, 522, 8
MM, 36, 23, 7
MM, 33, 24, 9
MM, 30, 27, 8
MM, 29, 28, 8
MM, 27, 29, 7
MM, 376, 534, 8
MM, 375, 536, 8
MM, 372, 537, 9
MM, 372, 538, 8
MM, 26, 0, 8
MM, 24, 1, 128
MM, 23, 3, 8
MM, 22, 4, 8
MM, 21, 4, 7
MM, 18, 9, 8
MM, 17, 10, 8
MM, 16, 11, 9
MM, 16, 12, 16
MC, 1, 247
MM, 17, 11, 33
MM, 22, 8, 8
MM, 27, 6, 7
MM, 34, 4, 9
MM, 1, 2, 8
MM, 398, 537, 8
MM, 12, 30, 7
MM, 22, 24, 9
MM, 33, 19, 8
MM, 438, 519, 7
MM, 6, 15, 8
MM, 11, 14, 8
MM, 14, 13, 8
MM, 16, 13, 9
MM, 17, 11, 8
MM, 20, 11, 8
MM, 21, 10, 8
MM, 22, 9, 8
MM, 24, 9, 7
MM, 24, 8, 8
MM, 26, 7, 8
MM, 28, 7, 8
MM, 30, 7, 8
MM, 31, 7, 8
MM, 32, 6, 8
MM, 34, 5, 8
MM, 35, 5, 8
MM, 36, 5, 9
MM, 476, 506, 7
MM, 477, 506, 8
MM, 479, 506, 8
MM, 481, 506, 8
MM, 1, 3, 8
MM, 2, 3, 8
MM, 3, 3, 136
MM, 5, 3, 9
MM, 7, 4, 9
MM, 8, 5, 14
MM, 9, 6, 17
MM, 10, 8, 16
MM, 11, 9, 23
MM, 12, 10, 8
MM, 14, 12, 17
MC, 1, 207
MM, 14, 13, 64
MM, 13, 18, 9
MM, 11, 23, 7
MM, 9, 28, 9
MM, 489, 537, 8
MM, 17, 8, 7
MM, 14, 18, 8
MM, 12, 29, 9
MM, 7, 4, 8
MM, 6, 15, 8
MM, 6, 22, 8
MM, 481, 608, 8
MM, 91, 3, 7
MM, 92, 9, 8
MM, 92, 16, 8
MM, 93, 20, 8
MM, 93, 22, 8
MM, 94, 24, 9
MM, 94, 25, 8
MM, 95, 26, 7
MM, 96, 26, 40
MM, 97, 26, 73
MM, 97, 25, 175
MM, 96, 23, 8
MM, 96, 22, 8
MM, 96, 20, 8
MM, 97, 19, 9
MM, 97, 18, 8
MM, 97, 17, 16
MM, 98, 16, 8
MM, 99, 16, 7
MM, 100, 14, 8
MC, 1, 233
MM, 100, 13, 40
MM, 100, 10, 7
MM, 101, 2, 9
MM, 491, 609, 8
MM, 17, 28, 8
MM, 19, 21, 7
MM, 21, 15, 9
MM, 23, 8, 8
MM, 27, 1, 8
MM, 506, 569, 8
MM, 508, 565, 8
MM, 1, 21, 8
MM, 4, 15, 8
MM, 6, 9, 8
MM, 9, 6, 8
MM, 9, 4, 8
MM, 10, 2, 8
MM, 11, 1, 8
MM, 11, 0, 7
MM, 523, 538, 33
MM, 523, 537, 167
MM, 523, 535, 9
MM, 521, 534, 7
MM, 520, 532, 9
MM, 518, 531, 7
MM, 517, 530, 8
MM, 34, 27, 9
MM, 33, 26, 8
MM, 32, 25, 7
MM, 31, 24, 8
MM, 29, 23, 9
MM, 27, 22, 8
MC, 1, 408
MM, 25, 22, 64
MM, 25, 21, 8
MM, 27, 20, 7
MM, 29, 18, 8
MM, 32, 16, 8
MM, 518, 516, 9
MM, 0, 12, 8
MM, 10, 12, 8
MM, 20, 12, 8
MM, 32, 12, 8
MM, 2, 12, 8
MM, 15, 12, 8
MM, 27, 13, 8
MM, 602, 516, 8
MM, 2, 15, 7
MM, 6, 15, 9
MM, 9, 15, 8
MM, 9, 16, 7
MM, 11, 17, 8
MM, 12, 17, 25
MM, 13, 17, 8
MM, 14, 17, 7
MM, 15, 17, 9
MM, 16, 17, 8
MM, 18, 17, 7
MM, 20, 17, 8
MM, 22, 17, 17
MM, 24, 17, 8
MM, 26, 16, 8
MM, 27, 16, 8
MM, 28, 16, 7
MM, 30, 15, 17
MM, 30, 14, 7
MM, 638, 516, 25
MM, 639, 516, 32
MM, 640, 516, 7
MM, 641, 516, 8
MM, 0, 13, 17
MM, 1, 13, 8
MM, 4, 13, 8
MM, 5, 13, 7
MM, 6, 13, 9
MC, 1, 304
MM, 5, 13, 32
MM, 3, 15, 7
MM, 641, 521, 9
MM, 26, 26, 8
MM, 625, 533, 8
MM, 617, 538, 8
MM, 12, 5, 8
MM, 2, 11, 8
MM, 34, 18, 8
MM, 23, 23, 7
MM, 14, 28, 8
MM, 560, 570, 9
MM, 555, 574, 8
MM, 33, 0, 8
MM, 30, 2, 8
MM, 27, 4, 8
MM, 25, 4, 7
MM, 24, 5, 8
MM, 23, 6, 9
MM, 22, 6, 8
MM, 21, 7, 7
MM, 16, 9, 9
MM, 14, 10, 8
MM, 12, 12, 8
MM, 9, 12, 8
MM, 8, 13, 8
MM, 6, 14, 8
MM, 2, 16, 8
MM, 515, 595, 8
MM, 513, 596, 8
MM, 34, 21, 7
MM, 31, 23, 9
MM, 28, 25, 8
MM, 26, 26, 7
MM, 24, 27, 8
MM, 23, 28, 8
MM, 22, 28, 9
MM, 22, 29, 7
MM, 21, 30, 9
MM, 495, 607, 96
MM, 494, 607, 7
MM, 494, 608, 8
MM, 493, 610, 8
MM, 492, 611, 9
MM, 492, 612, 8
MM, 101, 0, 8
MM, 99, 4, 7
MM, 99, 5, 9
MM, 99, 6, 7
MM, 98, 7, 16
MC, 1, 369
MM, 97, 8, 15
MM, 96, 8, 8
MM, 94, 5, 17
MM, 91, 2, 7
MM, 477, 610, 9
MM, 473, 604, 8
MM, 469, 599, 7
MM, 30, 18, 8
MM, 26, 12, 8
MM, 21, 7, 8
MM, 18, 3, 9
MM, 449, 574, 7
MM, 446, 570, 8
MM, 14, 27, 9
MM, 12, 23, 8
MM, 8, 18, 7
MM, 4, 13, 9
MM, 0, 9, 8
MM, 423, 544, 8
MM, 35, 2, 7
MM, 34, 1, 9
MM, 416, 538, 8
MM, 416, 537, 7
MM, 414, 536, 8
MM, 413, 535, 24
MM, 412, 534, 9
MM, 411, 533, 8
MM, 12, 30, 15
MM, 11, 29, 8
MM, 10, 28, 9
MM, 8, 27, 7
MM, 7, 25, 8
MM, 6, 25, 9
MM, 6, 24, 8
MM, 5, 24, 8
MM, 4, 23, 8
MM, 3, 22, 16
MM, 1, 22, 16
MM, 1, 21, 8
MM, 0, 21, 8
MM, 394, 522, 7
MM, 392, 522, 9
MM, 38, 19, 8
MM, 37, 19, 8
MM, 36, 19, 7
MM, 35, 19, 689
MM, 34, 19, 7
MM, 32, 18, 8
MM, 31, 18, 9
MM, 30, 17, 8
MM, 28, 17, 15
MM, 26, 16, 17
MM, 25, 15, 24
MM, 24, 15, 8
MM, 23, 14, 8
MM, 22, 13, 15
MC, 1, 272
MM, 21, 13, 41
MM, 20, 13, 8
MM, 20, 16, 7
MM, 19, 19, 8
MM, 19, 21, 8
MM, 18, 25, 8
MM, 369, 533, 8
MM, 368, 536, 8
MM, 368, 538, 8
MM, 24, 2, 8
MM, 23, 4, 8
MM, 23, 5, 8
MM, 23, 6, 24
MM, 23, 7, 8
MM, 22, 8, 16
MM, 22, 9, 24
MM, 22, 10, 17
MC, 1, 231
MM, 23, 10, 33
MM, 25, 9, 8
MM, 26, 9, 8
MM, 27, 7, 8
MM, 28, 7, 8
MM, 29, 7, 8
MM, 33, 6, 8
MM, 380, 544, 7
MM, 383, 544, 8
MM, 4, 4, 9
MM, 11, 2, 7
MM, 17, 1, 8
MM, 24, 0, 8
MM, 420, 538, 8
MM, 427, 536, 8
MM, 434, 536, 8
MM, 442, 535, 9
MM, 448, 534, 8
MM, 451, 533, 7
MM, 454, 533, 8
MM, 16, 30, 8
MM, 17, 29, 9
MM, 18, 29, 8
MM, 19, 28, 16
MM, 20, 28, 8
MM, 21, 27, 7
MM, 22, 26, 8
MM, 24, 26, 8
MM, 25, 25, 8
MM, 26, 24, 8
MM, 26, 23, 8
MM, 27, 23, 8
MM, 28, 22, 9
MM, 29, 20, 8
MM, 30, 20, 7
MM, 31, 19, 9
MM, 32, 18, 23
MM, 34, 17, 16
MM, 34, 16, 8
MM, 35, 16, 8
MM, 476, 517, 17
MM, 477, 516, 8
MM, 478, 515, 7
MM, 480, 515, 8
MM, 481, 515, 8
MM, 0, 12, 9
MM, 1, 12, 8
MM, 2, 12, 31
MM, 3, 12, 9
MM, 4, 12, 7
MM, 5, 12, 8
MM, 6, 12, 9
MM, 7, 12, 7
MM, 8, 12, 17
MM, 9, 12, 7
MC, 1, 249
MM, 10, 12, 39
MM, 9, 12, 9
MM, 9, 13, 7
MM, 8, 14, 10
MM, 7, 15, 7
MM, 3, 22, 8
MM, 0, 26, 8
MM, 478, 531, 7
MM, 474, 536, 8
MM, 0, 1, 8
MM, 467, 544, 8
MM, 36, 9, 9
MM, 34, 12, 8
MM, 32, 15, 8
MM, 31, 17, 7
MM, 29, 18, 9
MM, 28, 20, 8
MM, 27, 21, 16
MM, 26, 21, 7
MM, 26, 22, 8
MM, 23, 23, 9
MM, 21, 24, 8
MM, 21, 25, 8
MM, 18, 25, 7
MM, 16, 27, 8
MM, 441, 570, 8
MM, 439, 572, 9
MM, 437, 574, 8
MM, 434, 575, 8
MM, 432, 577, 8
MM, 431, 579, 7
MM, 429, 580, 8
MM, 428, 581, 8
MM, 33, 8, 9
MM, 31, 9, 8
MM, 30, 10, 7
MM, 29, 10, 8
MM, 29, 11, 9
MM, 25, 12, 7
MM, 24, 12, 8
MM, 23, 13, 8
MM, 22, 13, 17
MM, 21, 13, 8
MM, 19, 14, 8
MM, 18, 14, 16
MM, 17, 14, 8
MM, 16, 14, 15
MM, 14, 15, 8
MM, 13, 15, 8
MC, 1, 200
MM, 15, 15, 40
MM, 18, 15, 8
MM, 24, 14, 9
MM, 30, 14, 8
MM, 428, 588, 7
MM, 2, 9, 9
MM, 8, 8, 8
MM, 16, 5, 7
MM, 20, 3, 8
MM, 25, 1, 9
MM, 29, 0, 8
MM, 32, 0, 8
MM, 468, 575, 8
MM, 471, 573, 8
MM, 473, 573, 7
MM, 476, 573, 9
MM, 478, 572, 7
MM, 480, 570, 9
MM, 14, 30, 7
MM, 20, 29, 9
MM, 26, 28, 7
MM, 30, 26, 9
MM, 505, 563, 8
MM, 508, 562, 7
MM, 0, 22, 9
MM, 2, 21, 7
MM, 4, 20, 8
MM, 8, 19, 8
MM, 11, 18, 8
MM, 14, 16, 8
MM, 16, 15, 9
MM, 20, 13, 7
MM, 25, 12, 9
MM, 29, 12, 8
MM, 32, 11, 7
MM, 34, 10, 8
MM, 36, 10, 8
MM, 548, 549, 48
MM, 550, 549, 16
MM, 552, 549, 9
MM, 1, 10, 7
MM, 6, 10, 9
MM, 7, 10, 8
MM, 9, 10, 7
MM, 10, 10, 49
MM, 11, 10, 8
MM, 13, 10, 15
MM, 14, 10, 9
MM, 15, 9, 7
MC, 1, 216
MM, 14, 11, 24
MM, 10, 12, 8
MM, 7, 15, 8
MM, 2, 20, 9
MM, 552, 564, 7
MM, 548, 567, 9
MM, 542, 573, 7
MM, 18, 5, 9
MM, 14, 12, 8
MM, 9, 17, 7
MM, 5, 22, 8
MM, 3, 25, 8
MM, 1, 29, 9
MM, 516, 606, 8
MM, 515, 607, 8
MM, 514, 608, 8
MM, 514, 609, 7
MM, 512, 609, 9
MM, 512, 610, 23
MM, 511, 610, 9
MM, 510, 611, 8
MM, 509, 612, 7
MM, 118, 0, 17
MM, 117, 1, 8
MM, 114, 5, 8
MM, 114, 6, 8
MM, 113, 7, 8
MM, 112, 8, 7
MM, 111, 10, 17
MM, 111, 11, 8
MM, 110, 12, 16
MM, 109, 13, 7
MC, 1, 257
MM, 109, 10, 40
MM, 109, 7, 8
MM, 109, 4, 8
MM, 109, 1, 8
MM, 499, 611, 9
MM, 501, 607, 7
MM, 26, 27, 8
MM, 26, 22, 8
MM, 26, 18, 8
MM, 26, 11, 8
MM, 27, 5, 9
MM, 28, 0, 7
MM, 504, 570, 7
MM, 506, 565, 8
MM, 507, 560, 8
MM, 507, 556, 8
MM, 509, 552, 8
MM, 0, 9, 9
MM, 1, 4, 7
MM, 2, 1, 9
MM, 514, 536, 8
MM, 34, 30, 7
MM, 518, 529, 8
MM, 518, 527, 9
MM, 519, 526, 8
MM, 519, 523, 8
MM, 519, 522, 152
MM, 518, 521, 7
MM, 34, 18, 8
MM, 32, 17, 8
MM, 30, 17, 8
MM, 30, 16, 9
MC, 1, 352
MM, 33, 17, 192
MM, 520, 522, 8
MM, 3, 23, 8
MM, 8, 26, 8
MM, 11, 27, 7
MM, 15, 30, 8
MM, 540, 534, 9
MM, 544, 535, 8
MM, 547, 536, 7
MM, 550, 537, 9
MM, 551, 537, 9
MM, 552, 537, 7
MM, 553, 538, 8
MM, 0, 0, 87
MM, 1, 0, 8
MM, 2, 1, 9
MM, 3, 2, 8
MM, 5, 3, 8
MM, 6, 4, 143
MM, 8, 4, 8
MM, 9, 5, 8
MM, 9, 6, 9
MM, 10, 7, 7
MM, 11, 7, 9
MC, 1, 264
MM, 13, 8, 40
MM, 14, 8, 7
MM, 15, 8, 8
MM, 17, 7, 8
MM, 20, 6, 9
MM, 21, 5, 8
MM, 22, 5, 8
MM, 23, 5, 8
MM, 24, 4, 7
MM, 25, 4, 8
MM, 26, 3, 9
MM, 27, 2, 8
MM, 29, 1, 8
MM, 30, 1, 7
MM, 32, 0, 8
MM, 588, 538, 9
MM, 590, 537, 8
MM, 591, 536, 8
MM, 593, 536, 8
MM, 593, 534, 7
MM, 594, 534, 8
MM, 595, 534, 8
MM, 597, 533, 9
MM, 33, 30, 8
MM, 34, 29, 8
MM, 35, 28, 8
MM, 601, 530, 8
MM, 601, 529, 7
MM, 602, 529, 8
MM, 603, 527, 9
MM, 604, 527, 8
MM, 604, 525, 16
MM, 605, 525, 8
MM, 605, 524, 7
MM, 606, 524, 16
MM, 0, 22, 9
MM, 0, 21, 7
MM, 2, 20, 8
MM, 3, 20, 9
MM, 3, 19, 8
MM, 4, 19, 7
MM, 5, 19, 8
MM, 6, 18, 8
MM, 7, 18, 16
MM, 8, 17, 17
MM, 8, 16, 8
MM, 9, 16, 15
MC, 1, 128
MM, 8, 17, 41
MM, 7, 17, 7
MM, 6, 17, 9
MM, 3, 19, 8
MM, 0, 20, 7
MM, 603, 523, 9
MM, 35, 23, 8
MM, 29, 25, 8
MM, 24, 29, 7
MM, 582, 535, 9
MM, 574, 537, 8
MM, 10, 1, 8
MM, 553, 542, 8
MM, 31, 7, 7
MM, 21, 8, 8
MM, 11, 10, 9
MM, 4, 11, 8
MM, 510, 551, 7
MM, 505, 552, 9
MM, 31, 14, 7
MM, 27, 16, 8
MM, 24, 16, 8
MM, 20, 17, 9
MM, 18, 18, 8
MM, 16, 18, 7
MM, 15, 18, 9
MM, 14, 18, 8
MM, 13, 18, 8
MM, 12, 18, 7
MM, 11, 18, 25
MM, 10, 18, 8
MM, 9, 18, 8
MM, 8, 18, 8
MM, 7, 18, 7
MM, 6, 18, 9
MM, 4, 18, 7
MM, 3, 18, 80
MM, 2, 18, 8
MM, 0, 18, 8
MM, 467, 558, 9
MM, 36, 19, 8
MM, 30, 19, 8
MM, 26, 19, 8
MM, 19, 18, 7
MM, 13, 17, 8
MM, 8, 17, 8
MM, 4, 16, 9
MM, 1, 16, 7
MM, 425, 555, 9
MM, 424, 555, 64
MM, 423, 555, 8
MM, 34, 16, 15
MM, 33, 16, 16
MM, 32, 16, 80
MM, 31, 16, 8
MM, 28, 16, 8
MM, 27, 16, 16
MC, 1, 233
MM, 26, 16, 80
MM, 27, 18, 16
MM, 30, 21, 8
MM, 35, 26, 8
MM, 424, 567, 8
MM, 0, 30, 8
MM, 429, 571, 8
MM, 432, 573, 7
MM, 434, 575, 9
MM, 3, 0, 8
MM, 5, 2, 8
MM, 9, 4, 8
MM, 12, 6, 8
MM, 16, 9, 8
MM, 18, 12, 8
MM, 23, 15, 8
MM, 26, 17, 8
MM, 30, 20, 8
MM, 33, 22, 8
MM, 469, 601, 8
MM, 471, 603, 7
MM, 472, 605, 8
MM, 475, 607, 8
MM, 476, 609, 9
MM, 479, 612, 8
MM, 89, 0, 8
MM, 91, 4, 8
MM, 92, 6, 8
MM, 93, 7, 8
MM, 95, 9, 7
MM, 95, 11, 9
MM, 97, 13, 8
MM, 98, 14, 8
MM, 99, 15, 7
MM, 100, 16, 65
MM, 101, 16, 328
MC, 1, 256
MM, 101, 15, 128
MM, 101, 13, 8
MM, 101, 12, 7
MM, 100, 11, 8
MM, 99, 10, 8
MM, 97, 8, 9
MM, 95, 6, 7
MM, 93, 4, 8
MM, 92, 2, 8
MM, 90, 1, 9
MM, 89, 0, 7
MM, 87, 0, 9
MM, 476, 612, 8
MM, 475, 610, 8
MM, 473, 609, 8
MM, 473, 608, 8
MM, 471, 605, 7
MM, 470, 605, 8
MM, 469, 603, 8
MM, 33, 25, 9
MM, 32, 24, 8
MM, 31, 22, 8
MC, 1, 319
MM, 31, 21, 65
MM, 31, 20, 8
MM, 33, 19, 8
MM, 469, 592, 8
MM, 474, 590, 7
MM, 4, 10, 8
MM, 10, 5, 8
MM, 17, 0, 8
MM, 501, 573, 10
MM, 509, 568, 7
MM, 9, 25, 8
MM, 19, 21, 7
MM, 30, 17, 9
MM, 549, 553, 7
MM, 0, 10, 8
MM, 5, 7, 9
MM, 8, 5, 8
MM, 11, 3, 7
MM, 12, 2, 9
MM, 13, 1, 8
MM, 14, 0, 8
MM, 569, 538, 7
MM, 570, 537, 8
MM, 571, 536, 8
MM, 572, 535, 17
MM, 574, 534, 8
MM, 574, 533, 8
MM, 10, 30, 7
MM, 11, 30, 8
MM, 12, 30, 8
MM, 13, 28, 17
MM, 14, 27, 16
MM, 15, 27, 8
MM, 16, 27, 8
MM, 18, 26, 7
MM, 20, 25, 8
MM, 21, 24, 8
MM, 24, 23, 8
MM, 27, 22, 8
MM, 27, 21, 9
MM, 29, 21, 8
MM, 30, 20, 15
MM, 31, 20, 8
MM, 33, 20, 8
MM, 34, 20, 8
MM, 35, 20, 8
MM, 36, 20, 9
MM, 601, 522, 7
MM, 603, 522, 9
MM, 604, 522, 16
MM, 605, 522, 7
MM, 606, 522, 17
MM, 0, 20, 24
MM, 1, 20, 8
MM, 2, 20, 8
MM, 3, 20, 32
MM, 4, 20, 24
MM, 5, 20, 15
MM, 6, 19, 9
MM, 7, 19, 15
MC, 1, 225
MM, 7, 18, 23
MM, 6, 19, 17
MM, 3, 20, 8
MM, 0, 22, 8
MM, 604, 526, 7
MM, 36, 25, 9
MM, 31, 27, 7
MM, 27, 29, 8
MM, 587, 533, 8
MM, 583, 535, 9
MM, 577, 536, 8
MM, 571, 538, 8
MM, 12, 0, 8
MM, 6, 2, 8
MM, 0, 4, 8
MM, 36, 5, 7
MM, 30, 5, 8
MM, 25, 6, 9
MM, 20, 7, 8
MM, 14, 7, 8
MM, 9, 7, 8
MM, 6, 7, 8
MM, 2, 7, 7
MM, 510, 546, 9
MM, 508, 546, 8
MM, 505, 547, 8
MM, 30, 8, 7
MM, 27, 8, 9
MM, 24, 8, 8
MM, 23, 8, 7
MM, 22, 8, 9
MM, 20, 9, 8
MM, 19, 9, 8
MM, 18, 9, 15
MM, 17, 9, 8
MM, 16, 9, 41
MM, 14, 10, 23
MM, 13, 10, 9
MM, 12, 10, 39
MM, 11, 11, 16
MM, 9, 11, 9
MM, 7, 12, 16
MM, 3, 12, 8
MM, 0, 12, 7
MM, 468, 551, 8
MM, 466, 551, 8
MM, 465, 551, 8
MM, 464, 552, 9
MM, 35, 14, 8
MM, 34, 14, 15
MM, 33, 14, 9
MM, 32, 14, 8
MM, 30, 14, 7
MM, 29, 14, 8
MM, 28, 14, 16
MM, 27, 14, 112
MC, 1, 216
MM, 25, 14, 40
MM, 24, 12, 41
MM, 20, 7, 8
MM, 15, 3, 7
MM, 12, 0, 9
MM, 437, 537, 7
MM, 434, 533, 8
MM, 35, 29, 9
MM, 34, 28, 7
MM, 33, 27, 9
MM, 33, 26, 7
MM, 32, 26, 104
MM, 31, 25, 8
MM, 31, 24, 8
MM, 30, 22, 9
MM, 28, 22, 8
MM, 27, 19, 8
MM, 26, 18, 15
MM, 25, 16, 8
MC, 1, 288
MM, 26, 14, 49
MM, 29, 13, 8
MM, 34, 13, 8
MM, 437, 515, 8
MM, 8, 13, 8
MM, 15, 13, 7
MM, 25, 13, 8
MM, 36, 13, 8
MM, 3, 13, 8
MM, 15, 13, 8
MM, 27, 13, 9
MM, 1, 13, 7
MM, 15, 13, 9
MM, 30, 13, 8
MM, 2, 13, 8
MM, 17, 14, 8
MM, 29, 15, 7
MM, 602, 518, 8
MM, 2, 16, 8
MM, 7, 16, 8
MM, 14, 16, 9
MM, 17, 16, 8
MM, 20, 16, 8
MM, 22, 16, 8
MM, 25, 16, 7
MM, 26, 16, 8
MM, 28, 16, 8
MM, 29, 16, 8
MM, 30, 16, 41
MM, 638, 518, 47
MM, 639, 518, 9
MM, 641, 518, 7
MM, 643, 518, 8
MM, 0, 16, 8
MM, 2, 16, 8
MM, 3, 16, 9
MM, 4, 16, 8
MM, 5, 16, 55
MM, 6, 15, 25
MM, 7, 15, 8
MM, 8, 15, 7
MM, 9, 15, 8
MC, 1, 208
MM, 10, 15, 145
MM, 9, 16, 24
MM, 8, 17, 16
MM, 8, 18, 8
MM, 8, 19, 7
MM, 7, 21, 8
MM, 7, 22, 9
MM, 6, 24, 7
MM, 5, 25, 8
MM, 4, 29, 8
MM, 647, 534, 9
MM, 647, 537, 7
MM, 10, 1, 8
MM, 10, 4, 8
MM, 10, 7, 8
MM, 10, 9, 8
MM, 10, 10, 8
MM, 10, 11, 9
MM, 10, 12, 8
MM, 10, 13, 8
MM, 10, 14, 7
MM, 10, 15, 16
MM, 10, 16, 9
MM, 10, 17, 7
MM, 10, 18, 25
MM, 11, 22, 7
MM, 12, 24, 257
MM, 13, 25, 31
MM, 15, 26, 8
MM, 15, 27, 8
MM, 16, 28, 8
MM, 18, 29, 16
MM, 19, 30, 16
MM, 657, 570, 33
MM, 658, 571, 15
MM, 658, 572, 17
MM, 659, 572, 7
MM, 659, 573, 48
MM, 660, 574, 32
MM, 661, 575, 32
MM, 22, 0, 328
MM, 23, 1, 8
MM, 24, 1, 25
MM, 24, 2, 8
MM, 25, 2, 9
MM, 27, 2, 7
MM, 28, 3, 16
MM, 29, 3, 8
MM, 671, 579, 7
MM, 671, 580, 8
MM, 672, 580, 8
MM, 672, 581, 88
MM, 672, 582, 90
MM, 672, 583, 23
MM, 672, 584, 15
MM, 671, 584, 8
MM, 30, 8, 8
MM, 29, 10, 8
MM, 27, 11, 16
MM, 26, 11, 8
MM, 25, 12, 8
MM, 25, 13, 9
MM, 23, 15, 8
MM, 22, 15, 120
MM, 21, 15, 32
MM, 20, 15, 7
MM, 19, 15, 41
MM, 18, 15, 15
MM, 17, 15, 8
MM, 16, 15, 25
MM, 15, 15, 8
MM, 14, 15, 16
MC, 1, 1063
MM, 16, 15, 281
MM, 19, 15, 7
MM, 23, 15, 8
MM, 26, 15, 8
MM, 29, 15, 9
MM, 671, 591, 8
MM, 672, 591, 8
MM, 675, 592, 8
MM, 676, 592, 8
MM, 677, 592, 8
MM, 678, 592, 7
MM, 679, 593, 8
MM, 680, 593, 8
MM, 683, 594, 9
MM, 685, 594, 8
MM, 687, 594, 8
MM, 690, 594, 8
MM, 692, 595, 8
MM, 693, 595, 8
MM, 696, 595, 7
MM, 697, 595, 8
MM, 698, 596, 9
MM, 699, 596, 24
MM, 700, 596, 8
MM, 701, 597, 7
MM, 703, 598, 16
MM, 704, 598, 8
MM, 705, 598, 8
MM, 707, 599, 17
MM, 708, 599, 7
MM, 709, 600, 9
MM, 710, 600, 8
MM, 711, 600, 8
MM, 712, 601, 16
MM, 713, 601, 8
MM, 714, 601, 8
MM, 715, 601, 7
MM, 716, 601, 8
MM, 717, 601, 9
MM, 720, 602, 7
MM, 722, 602, 8
MM, 723, 602, 8
MM, 725, 602, 8
MM, 726, 602, 81
MM, 727, 603, 8
MM, 728, 603, 7
MM, 729, 604, 8
MM, 731, 604, 8
MM, 733, 605, 8
MM, 736, 607, 9
MM, 738, 608, 8
MM, 740, 608, 8
MM, 743, 609, 8
MM, 746, 611, 8
MM, 749, 612, 7
MM, 752, 613, 8
MM, 756, 615, 8
MM, 757, 615, 8
MM, 758, 616, 9
MM, 760, 616, 144
MM, 766, 617, 1703
MM, 775, 617, 9
MM, 784, 617, 8
MM, 794, 617, 7
MM, 800, 617, 9
MM, 806, 617, 8
MM, 813, 617, 7
MM, 817, 617, 9
MM, 821, 617, 7
MM, 822, 616, 8
MM, 823, 616, 8
MM, 824, 616, 64
MM, 825, 616, 8
MM, 827, 616, 9
MM, 832, 618, 8
MM, 836, 620, 8
MM, 841, 623, 8
MM, 846, 626, 8
MM, 849, 628, 7
MM, 851, 629, 8
MM, 852, 630, 8
MM, 853, 631, 8
MM, 855, 633, 9
MM, 856, 634, 15
MM, 857, 635, 9
MM, 859, 636, 7
MM, 859, 637, 8
MM, 861, 639, 8
MM, 862, 640, 9
MM, 864, 641, 15
MM, 864, 642, 40
MM, 865, 645, 8
MM, 866, 648, 17
MM, 24, 0, 16
MM, 24, 1, 7
MM, 24, 2, 16
MM, 26, 6, 9
MM, 27, 7, 7
MM, 27, 8, 24
MM, 28, 9, 17
MM, 28, 10, 360
MM, 28, 11, 7
MM, 25, 11, 8
MM, 22, 10, 8
MM, 17, 7, 8
MM, 11, 3, 9
MM, 846, 646, 7
MM, 838, 640, 9
MM, 830, 635, 8
MM, 822, 629, 7
MM, 812, 623, 9
MM, 804, 617, 7
MM, 795, 611, 9
MM, 785, 604, 7
MM, 775, 598, 8
MM, 758, 587, 9
MM, 740, 577, 7
MM, 723, 571, 8
MM, 25, 22, 9
MM, 5, 11, 8
MM, 663, 538, 8
MM, 2, 25, 8
MM, 18, 15, 8
MM, 2, 6, 8
MM, 595, 496, 8
MM, 21, 21, 7
MM, 8, 13, 9
MM, 34, 1, 7
MM, 540, 454, 9
MM, 259, 83, 7
MM, 247, 71, 10
MM, 238, 64, 6
MM, 232, 58, 8
MM, 228, 53, 9
MM, 226, 51, 7
MM, 222, 47, 8
MM, 219, 42, 9
