**********************************
LOGGING TIME: 20161112_105347
CLIENT IP: 10.105.74.162
USERNAME: V.Uday
OS: Windows 8
*********************Neutral database**********************************
MM, 400, 0, 1477468753075
MM, 124, 30, 2747
MM, 126, 9, 16
MM, 131, 20, 16
MM, 137, 5, 0
MM, 301, 3, 565
MM, 364, 9, 0
MM, 102, 29, 1958
MM, 97, 27, 19
MM, 91, 26, 0
MM, 87, 24, 16
MM, 81, 22, 0
MM, 75, 21, 15
MM, 67, 19, 0
MM, 60, 17, 18
MM, 48, 14, 9
MM, 35, 10, 0
MM, 23, 7, 16
MM, 12, 4, 0
MM, 5, 2, 15
MM, 1, 0, 0
MM, 21, 28, 154
MM, 23, 25, 16
MM, 28, 21, 15
MM, 31, 15, 0
MM, 35, 8, 17
MM, 39, 3, 7
MM, 0, 5, 384
MM, 1, 4, 2
MM, 2, 3, 40
MC, 1, 523
MM, 3, 3, 125
MM, 5, 7, 16
MM, 7, 14, 15
MM, 89, 13, 32
MM, 104, 18, 15
MM, 3, 11, 94
MM, 6, 22, 16
MM, 22, 0, 31
MM, 26, 9, 15
MM, 30, 17, 0
MM, 34, 23, 16
MM, 37, 29, 0
MM, 35, 4, 16
MM, 38, 9, 15
MM, 40, 13, 0
MM, 42, 17, 16
MM, 1, 30, 31
MM, 3, 26, 110
MM, 7, 23, 0
MM, 12, 20, 15
MM, 15, 18, 0
MM, 19, 16, 16
MM, 21, 14, 0
MM, 22, 14, 16
MM, 25, 12, 0
MM, 26, 10, 15
MM, 28, 9, 0
MM, 30, 8, 16
MM, 33, 5, 0
MM, 36, 3, 15
MM, 39, 0, 0
MM, 7, 30, 32
MM, 10, 27, 0
MM, 13, 25, 15
MM, 17, 21, 0
MM, 23, 17, 16
MM, 29, 13, 0
MM, 37, 9, 16
MM, 9, 31, 31
MM, 12, 30, 0
MM, 13, 30, 15
MM, 14, 30, 0
MM, 15, 30, 32
MM, 16, 30, 140
MM, 18, 29, 16
MM, 20, 28, 0
MM, 22, 28, 15
MM, 25, 28, 0
MM, 27, 28, 16
MM, 30, 28, 0
MM, 33, 28, 16
MM, 36, 28, 0
MM, 40, 28, 15
MM, 43, 28, 0
MM, 0, 28, 16
MM, 3, 28, 16
MM, 6, 28, 0
MM, 9, 28, 15
MM, 11, 28, 0
MM, 13, 28, 16
MM, 15, 28, 0
MM, 17, 28, 15
MM, 18, 28, 0
MM, 20, 28, 16
MM, 20, 27, 0
MM, 21, 27, 16
MM, 21, 25, 219
MM, 21, 24, 16
MM, 21, 22, 16
MM, 21, 21, 15
MM, 21, 20, 32
MM, 21, 19, 31
MM, 21, 18, 31
MC, 1, 156
MM, 21, 17, 63
MM, 20, 17, 32
MM, 16, 19, 0
MM, 12, 22, 15
MM, 6, 24, 0
MM, 43, 30, 16
MM, 18, 2, 31
MM, 11, 6, 0
MM, 37, 16, 31
MM, 26, 20, 0
MM, 18, 21, 16
MM, 11, 23, 0
MM, 5, 24, 16
MM, 1, 24, 0
MM, 43, 24, 125
MM, 39, 24, 15
MM, 38, 24, 16
MM, 37, 24, 0
MM, 32, 24, 18
MM, 30, 24, 0
MM, 27, 23, 14
MM, 24, 22, 0
MM, 21, 21, 16
MM, 16, 19, 0
MM, 12, 19, 16
MM, 8, 18, 0
MM, 1, 18, 15
MM, 40, 17, 16
MM, 37, 16, 0
MM, 34, 15, 15
MM, 33, 15, 0
MM, 31, 15, 16
MM, 30, 15, 16
MM, 29, 15, 0
MC, 1, 313
MM, 28, 15, 32
MM, 23, 15, 15
MM, 18, 15, 16
MM, 11, 15, 0
MM, 5, 16, 15
MM, 41, 17, 16
MM, 32, 18, 0
MM, 24, 20, 16
MM, 16, 20, 0
MM, 9, 20, 15
MM, 3, 20, 0
MM, 42, 20, 125
MM, 40, 20, 16
MM, 39, 20, 16
MM, 37, 20, 31
MM, 36, 20, 0
MM, 35, 20, 15
MM, 32, 20, 16
MM, 31, 20, 0
MM, 28, 19, 16
MC, 1, 265
MM, 28, 18, 63
MM, 30, 17, 0
MM, 34, 16, 15
MM, 41, 15, 0
MM, 2, 15, 16
MM, 18, 14, 0
MM, 43, 12, 16
MM, 21, 12, 0
MM, 18, 11, 15
MM, 37, 11, 16
MM, 2, 10, 0
MM, 15, 10, 16
MM, 29, 10, 0
MM, 39, 10, 15
MM, 10, 30, 360
MM, 12, 28, 16
MM, 14, 26, 0
MM, 16, 25, 15
MM, 17, 22, 0
MM, 20, 22, 16
MM, 20, 21, 0
MM, 21, 20, 16
MM, 22, 19, 15
MM, 23, 19, 16
MC, 1, 219
MM, 23, 17, 62
MM, 25, 17, 16
MM, 27, 16, 15
MM, 30, 14, 0
MM, 34, 12, 16
MM, 8, 12, 16
MM, 24, 12, 0
MM, 12, 12, 15
MM, 31, 12, 16
MM, 4, 12, 0
MM, 17, 12, 16
MM, 29, 12, 0
MM, 2, 12, 17
MM, 5, 12, 15
MM, 7, 12, 0
MM, 8, 12, 16
MM, 10, 12, 0
MM, 13, 11, 15
MM, 14, 10, 16
MM, 16, 10, 16
MM, 17, 10, 15
MM, 18, 9, 0
MM, 21, 8, 16
MM, 24, 8, 0
MM, 26, 8, 15
MM, 28, 8, 0
MM, 29, 7, 16
MM, 31, 5, 0
MM, 32, 5, 16
MM, 33, 5, 15
MM, 34, 5, 0
MM, 35, 5, 32
MM, 0, 4, 62
MM, 1, 4, 16
MM, 3, 4, 47
MM, 4, 5, 15
MM, 5, 5, 0
MM, 6, 5, 16
MM, 8, 7, 0
MM, 12, 8, 15
MM, 12, 10, 0
MM, 15, 10, 16
MM, 16, 11, 0
MM, 18, 11, 16
MM, 19, 12, 0
MM, 20, 13, 15
MM, 22, 13, 63
MC, 1, 203
MM, 22, 14, 78
MM, 21, 14, 0
MM, 21, 16, 16
MM, 16, 19, 0
MM, 14, 22, 17
MM, 11, 22, 0
MM, 6, 25, 15
MM, 33, 27, 16
MM, 26, 29, 0
MM, 18, 29, 15
MM, 11, 30, 0
MM, 2, 31, 16
MM, 29, 31, 16
MM, 20, 31, 0
MM, 10, 31, 15
MM, 26, 29, 16
MM, 9, 28, 0
MM, 41, 28, 15
MM, 24, 26, 0
MM, 9, 25, 16
MM, 32, 22, 16
MM, 22, 22, 0
MM, 11, 22, 15
MM, 0, 22, 0
MM, 24, 31, 440
MM, 22, 31, 46
MM, 22, 30, 47
MM, 21, 29, 32
MM, 20, 27, 31
MM, 19, 27, 0
MM, 19, 26, 16
MM, 19, 25, 31
MM, 19, 24, 15
MM, 19, 23, 32
MM, 19, 22, 31
MM, 20, 21, 0
MM, 20, 20, 16
MM, 21, 20, 0
MM, 22, 19, 15
MM, 24, 18, 0
MM, 24, 16, 23
MM, 26, 16, 0
MM, 27, 15, 16
MM, 29, 14, 31
MC, 1, 175
MM, 30, 14, 78
MM, 32, 13, 16
MM, 34, 13, 0
MM, 39, 13, 20
MM, 4, 13, 12
MM, 13, 13, 0
MM, 21, 13, 16
MM, 27, 13, 0
MM, 32, 13, 15
MM, 35, 13, 0
MM, 36, 13, 16
MM, 38, 13, 0
MM, 39, 13, 62
MM, 41, 13, 31
MM, 42, 13, 16
MM, 43, 12, 15
MM, 1, 9, 47
MM, 2, 9, 16
MM, 5, 8, 0
MM, 8, 7, 15
MM, 10, 6, 0
MM, 13, 6, 19
MM, 15, 6, 0
MM, 16, 5, 14
MM, 18, 4, 0
MM, 20, 3, 16
MM, 21, 3, 0
MM, 22, 3, 15
MM, 24, 3, 0
MM, 23, 3, 179
MM, 23, 4, 0
MM, 22, 4, 15
MM, 21, 5, 0
MM, 20, 5, 16
MM, 19, 7, 0
MM, 18, 7, 16
MM, 17, 8, 0
MC, 1, 315
MM, 17, 10, 78
MM, 17, 13, 16
MM, 16, 18, 16
MM, 15, 22, 0
MM, 14, 25, 15
MM, 14, 28, 0
MM, 14, 30, 16
MC, 1, 653
MM, 28, 0, 164
MM, 28, 3, 16
MM, 28, 4, 0
MM, 28, 5, 16
MM, 28, 8, 0
MM, 28, 11, 15
MM, 28, 14, 0
MM, 28, 18, 16
MM, 27, 26, 0
MM, 18, 1, 15
MM, 16, 9, 17
MM, 16, 12, 0
MM, 15, 16, 16
MM, 15, 19, 0
MM, 15, 21, 15
MM, 15, 22, 63
MC, 1, 381
MM, 15, 23, 47
MM, 16, 21, 16
MM, 18, 17, 15
MM, 20, 14, 0
MM, 22, 10, 16
MM, 24, 6, 0
MM, 26, 1, 16
MM, 38, 28, 16
MM, 40, 25, 0
MM, 42, 23, 15
MM, 43, 20, 0
MM, 43, 18, 16
MM, 26, 30, 252
MM, 28, 27, 0
MM, 30, 25, 16
MM, 33, 21, 0
MM, 34, 18, 16
MM, 35, 15, 0
MM, 36, 14, 16
MM, 36, 13, 0
MM, 37, 13, 15
MM, 36, 13, 278
MM, 35, 13, 0
MM, 33, 13, 16
MM, 32, 13, 16
MM, 31, 13, 0
MM, 30, 14, 15
MM, 29, 14, 16
MM, 28, 14, 16
MC, 1, 218
MM, 27, 14, 62
MM, 27, 15, 32
MM, 28, 15, 0
MM, 29, 14, 15
MM, 30, 14, 0
MM, 32, 14, 16
MM, 37, 14, 0
MC, 1, 705
MC, 1, 921
MM, 43, 18, 1199
MM, 42, 18, 16
MM, 40, 18, 0
MM, 39, 18, 15
MM, 38, 18, 16
MM, 37, 18, 0
MM, 36, 18, 15
MM, 34, 18, 16
MM, 33, 18, 16
MM, 31, 18, 15
MM, 30, 18, 16
MM, 27, 18, 31
MC, 1, 197
MM, 29, 16, 79
MM, 31, 14, 15
MM, 34, 13, 0
MM, 38, 11, 16
MC, 1, 969
MM, 13, 0, 219
MM, 13, 1, 15
MM, 13, 2, 16
MM, 13, 4, 16
MM, 13, 5, 0
MM, 13, 6, 15
MM, 14, 8, 0
MM, 14, 10, 16
MM, 15, 12, 0
MM, 15, 13, 16
MM, 16, 16, 0
MM, 18, 19, 16
MM, 18, 22, 0
MM, 18, 24, 16
MM, 18, 27, 0
MC, 1, 753
MM, 46, 1, 900
MM, 43, 1, 15
MM, 39, 0, 0
MM, 35, 0, 16
MM, 7, 29, 31
MM, 24, 21, 0
MM, 27, 3, 16
MM, 171, 63, 125
MM, 161, 55, 0
MM, 147, 46, 16
MM, 136, 36, 0
MM, 121, 24, 15
MM, 112, 15, 0
MM, 102, 8, 17
MC, 1, 5671
MM, 116, 3, 18473
MM, 118, 8, 0
MM, 119, 14, 16
MM, 119, 19, 0
MM, 120, 24, 15
MM, 120, 29, 0
MM, 121, 34, 16
MM, 121, 37, 0
MM, 122, 40, 15
MM, 122, 42, 0
MM, 122, 44, 16
MM, 123, 45, 300
MM, 124, 45, 47
MM, 124, 44, 16
MM, 125, 43, 0
MM, 126, 42, 15
MM, 127, 41, 16
MM, 128, 40, 16
MM, 128, 39, 0
MC, 1, 292
MM, 128, 41, 265
MM, 126, 44, 0
MM, 126, 49, 16
MM, 125, 57, 0
MM, 38, 8, 31
MM, 43, 17, 16
MM, 37, 30, 221
MM, 39, 26, 0
MM, 42, 21, 16
MM, 43, 17, 125
MM, 40, 15, 0
MM, 32, 12, 18
MM, 22, 10, 0
MM, 5, 6, 14
MM, 3, 27, 298
MM, 8, 24, 0
MM, 11, 22, 17
MM, 13, 21, 0
MM, 15, 20, 16
MM, 16, 20, 0
MM, 18, 19, 15
MM, 20, 19, 0
MM, 24, 19, 17
MM, 26, 18, 0
MM, 27, 17, 15
MM, 28, 17, 0
MM, 29, 17, 16
MM, 30, 17, 0
MM, 29, 17, 241
MC, 1, 237
MC, 2, 157
MM, 28, 17, 140
MM, 29, 17, 0
MM, 35, 22, 16
MM, 44, 1, 31
MM, 7, 19, 0
MM, 32, 5, 19
MM, 33, 16, 15
MM, 13, 31, 480
MM, 13, 30, 0
MM, 13, 29, 16
MM, 13, 27, 0
MM, 13, 26, 15
MM, 14, 23, 16
MM, 14, 22, 0
MM, 15, 21, 16
MM, 15, 20, 0
MM, 16, 20, 15
MM, 17, 18, 32
MM, 17, 17, 15
MM, 17, 15, 32
MM, 18, 15, 0
MM, 18, 14, 15
MC, 1, 219
MM, 17, 15, 109
MM, 16, 15, 16
MM, 13, 17, 0
MM, 9, 17, 15
MM, 6, 20, 0
MM, 0, 22, 16
MM, 41, 25, 0
MM, 31, 26, 16
MM, 24, 28, 0
MM, 12, 30, 15
MM, 1, 31, 0
MM, 36, 31, 63
MM, 27, 27, 0
MM, 21, 24, 15
MM, 17, 19, 16
MM, 15, 16, 0
MM, 11, 12, 16
MM, 9, 9, 0
MM, 7, 8, 15
MM, 5, 5, 0
MM, 3, 3, 16
MM, 0, 1, 0
MM, 44, 21, 47
MM, 41, 18, 0
MM, 37, 16, 15
MM, 36, 14, 0
MM, 33, 12, 16
MM, 29, 8, 0
MM, 27, 6, 16
MM, 25, 5, 0
MM, 23, 3, 15
MM, 21, 1, 17
MM, 20, 0, 0
MC, 1, 469
MM, 2, 18, 140
MM, 18, 18, 0
MM, 30, 18, 16
MM, 39, 18, 0
MM, 43, 18, 15
MM, 0, 17, 219
MM, 1, 17, 0
MM, 3, 17, 17
MM, 6, 17, 7
MM, 8, 16, 0
MM, 10, 15, 16
MM, 13, 15, 0
MM, 16, 15, 15
MM, 18, 15, 0
MM, 19, 14, 16
MC, 1, 312
MM, 20, 14, 32
MM, 18, 15, 15
MM, 17, 16, 18
MM, 16, 17, 0
MM, 13, 19, 15
MM, 11, 21, 0
MM, 8, 23, 15
MM, 3, 27, 0
MM, 37, 0, 32
MM, 34, 4, 0
MM, 32, 6, 15
MM, 29, 8, 0
MM, 27, 10, 16
MM, 26, 11, 0
MM, 24, 13, 15
MM, 23, 14, 16
MM, 23, 15, 0
MM, 21, 16, 16
MM, 20, 17, 15
MM, 20, 18, 0
MM, 18, 19, 16
MM, 17, 19, 0
MM, 13, 21, 16
MM, 11, 23, 0
MM, 10, 23, 15
MM, 7, 25, 0
MM, 3, 27, 16
MM, 0, 28, 0
MM, 34, 0, 109
MM, 33, 0, 0
MM, 31, 1, 16
MM, 30, 2, 0
MM, 29, 3, 16
MM, 27, 3, 0
MM, 27, 4, 15
MM, 26, 4, 0
MM, 25, 4, 16
MM, 24, 5, 16
MM, 23, 6, 15
MM, 23, 7, 0
MM, 22, 7, 16
MM, 21, 9, 0
MM, 19, 9, 16
MM, 19, 10, 0
MM, 18, 10, 15
MM, 18, 11, 0
MM, 17, 12, 16
MC, 1, 456
MC, 2, 172
MM, 15, 12, 109
MM, 14, 11, 16
MM, 12, 9, 0
MM, 10, 7, 15
MM, 7, 3, 0
MM, 5, 1, 16
MM, 2, 29, 15
MM, 43, 23, 0
MM, 32, 18, 16
MM, 18, 11, 0
MM, 14, 30, 188
MM, 15, 30, 16
MM, 15, 29, 31
MM, 16, 28, 78
MM, 17, 28, 16
MM, 19, 30, 0
MC, 1, 698
MC, 1, 499
MM, 6, 2, 127
MM, 6, 7, 17
MM, 6, 11, 0
MM, 6, 13, 15
MM, 6, 16, 0
MM, 6, 19, 16
MM, 6, 21, 0
MM, 6, 23, 16
MM, 6, 25, 0
MM, 6, 26, 16
MM, 6, 28, 0
MM, 7, 31, 16
MM, 64, 0, 248
MM, 64, 3, 0
MM, 64, 4, 24
MM, 64, 5, 0
MM, 64, 6, 16
MM, 63, 6, 0
MM, 63, 7, 32
MM, 63, 8, 0
MM, 63, 9, 16
MM, 63, 10, 15
MM, 63, 11, 0
MM, 63, 12, 16
MM, 62, 17, 0
MM, 62, 19, 18
MM, 61, 20, 7
MM, 61, 21, 31
MC, 1, 238
MM, 60, 21, 16
MM, 60, 20, 15
MM, 61, 17, 0
MM, 62, 13, 16
MM, 63, 12, 0
MM, 64, 10, 15
MM, 66, 8, 0
MM, 67, 6, 16
MM, 68, 5, 0
MM, 69, 3, 16
MM, 70, 3, 0
MM, 71, 2, 15
MM, 72, 1, 0
MM, 20, 31, 78
MM, 23, 30, 0
MM, 26, 28, 16
MM, 28, 28, 0
MM, 31, 27, 16
MM, 33, 27, 0
MM, 35, 27, 15
MM, 37, 27, 0
MM, 39, 26, 16
MM, 40, 26, 0
MM, 42, 26, 16
MM, 2, 24, 31
MM, 4, 24, 0
MM, 6, 23, 15
MM, 8, 22, 0
MM, 10, 21, 16
MM, 13, 21, 0
MM, 14, 21, 16
MM, 14, 20, 0
MM, 15, 20, 156
MC, 1, 156
MM, 15, 19, 47
MM, 13, 18, 16
MM, 10, 18, 0
MM, 4, 17, 15
MM, 38, 16, 16
MM, 27, 13, 0
MM, 16, 12, 16
MM, 10, 11, 0
MM, 3, 10, 15
MM, 42, 8, 16
MM, 39, 7, 15
MM, 37, 7, 0
MM, 36, 6, 16
MM, 33, 5, 16
MM, 31, 4, 0
MM, 25, 3, 0
MM, 19, 2, 16
MM, 10, 1, 15
MM, 32, 31, 32
MM, 30, 30, 15
MM, 28, 30, 0
MM, 26, 29, 16
MM, 25, 28, 0
MM, 24, 28, 16
MM, 22, 27, 0
MM, 20, 25, 15
MM, 18, 25, 0
MM, 17, 24, 16
MM, 14, 24, 0
MM, 12, 23, 17
MM, 10, 21, 0
MM, 8, 21, 15
MM, 6, 20, 0
MM, 5, 20, 16
MM, 4, 20, 0
MM, 3, 18, 15
MM, 1, 18, 0
MM, 0, 18, 16
MM, 43, 15, 16
MM, 41, 15, 15
MM, 39, 14, 0
MM, 37, 14, 16
MM, 35, 14, 0
MM, 34, 14, 16
MM, 32, 13, 0
MM, 30, 13, 62
MM, 29, 13, 63
MC, 1, 175
MM, 32, 13, 78
MM, 36, 13, 0
MM, 41, 13, 16
MM, 5, 14, 15
MM, 12, 15, 0
MM, 22, 16, 16
MM, 36, 17, 0
MM, 14, 22, 15
MM, 27, 23, 18
MM, 41, 24, 0
MM, 5, 26, 15
MM, 8, 26, 15
MM, 9, 26, 16
MM, 11, 27, 32
MM, 12, 27, 15
MM, 15, 27, 0
MM, 19, 28, 16
MM, 23, 30, 0
MM, 16, 0, 189
MM, 17, 0, 0
MM, 20, 1, 16
MM, 21, 1, 0
MM, 24, 1, 15
MM, 25, 2, 0
MM, 26, 2, 16
MM, 28, 3, 31
MM, 28, 4, 16
MM, 30, 4, 0
MM, 30, 5, 15
MM, 32, 6, 0
MM, 32, 7, 16
MM, 34, 8, 0
MM, 35, 8, 16
MM, 36, 9, 15
MM, 37, 10, 0
MM, 39, 11, 16
MM, 40, 11, 0
MM, 42, 11, 16
MM, 43, 13, 15
MM, 0, 13, 63
MM, 3, 13, 15
MM, 5, 13, 0
MM, 7, 13, 16
MM, 10, 14, 16
MM, 11, 14, 0
MM, 12, 14, 16
MM, 14, 15, 0
MM, 15, 15, 15
MM, 16, 15, 16
MM, 17, 15, 31
MM, 18, 15, 16
MM, 19, 15, 31
MC, 1, 160
MM, 18, 15, 31
MM, 17, 15, 16
MM, 11, 15, 0
MM, 8, 15, 15
MM, 5, 15, 0
MM, 1, 15, 16
MM, 40, 14, 16
MM, 36, 13, 15
MM, 30, 13, 16
MM, 27, 13, 0
MM, 24, 12, 0
MM, 20, 11, 15
MM, 15, 9, 0
MM, 9, 7, 16
MM, 6, 7, 0
MM, 2, 6, 16
MM, 0, 4, 0
MM, 43, 2, 62
MM, 42, 1, 0
MM, 41, 1, 16
MM, 39, 1, 0
MM, 35, 1, 15
MM, 32, 1, 0
MM, 28, 0, 16
MM, 24, 0, 0
MM, 14, 31, 94
MM, 12, 30, 15
MM, 11, 30, 0
MM, 10, 29, 16
MM, 8, 28, 0
MM, 7, 28, 16
MM, 3, 25, 0
MM, 1, 25, 15
MM, 0, 24, 0
MM, 43, 22, 47
MM, 41, 21, 31
MM, 40, 21, 32
MM, 37, 20, 31
MM, 36, 19, 0
MM, 35, 19, 16
MM, 33, 19, 0
MM, 32, 19, 15
MM, 31, 19, 0
MM, 28, 18, 16
MM, 26, 17, 0
MM, 25, 17, 16
MM, 24, 17, 15
MM, 21, 15, 16
MM, 19, 13, 0
MM, 18, 13, 47
MC, 1, 159
MM, 17, 12, 16
MM, 13, 12, 47
MM, 10, 12, 0
MM, 7, 12, 16
MM, 3, 12, 0
MM, 0, 12, 15
MM, 43, 11, 16
MM, 41, 11, 0
MM, 39, 11, 22
MM, 38, 11, 12
MM, 37, 11, 0
MM, 36, 10, 16
MM, 34, 10, 0
MM, 33, 10, 156
MC, 1, 172
MM, 33, 12, 109
MM, 34, 14, 0
MM, 38, 18, 16
MM, 42, 23, 0
MM, 2, 5, 47
MM, 4, 8, 16
MM, 7, 11, 0
MM, 12, 13, 15
MM, 15, 16, 0
MM, 19, 20, 16
MM, 22, 23, 0
MM, 26, 25, 16
MM, 29, 28, 0
MM, 32, 29, 15
MM, 57, 0, 34
MM, 59, 2, 0
MM, 60, 5, 16
MM, 61, 6, 0
MM, 63, 7, 15
MM, 64, 10, 0
MM, 65, 11, 16
MM, 66, 12, 0
MM, 66, 13, 15
MM, 66, 14, 0
MM, 67, 16, 16
MM, 68, 16, 0
MM, 68, 17, 18
MM, 69, 19, 0
MM, 70, 20, 14
MM, 70, 22, 0
MM, 72, 23, 16
MM, 72, 24, 0
MM, 73, 25, 19
MM, 74, 26, 10
MM, 75, 27, 0
MM, 75, 26, 93
MM, 75, 25, 160
MM, 75, 24, 2
MM, 75, 21, 16
MM, 77, 19, 0
MM, 78, 19, 22
MM, 78, 17, 0
MC, 1, 157
MM, 79, 17, 47
MM, 79, 16, 15
MM, 80, 16, 16
MM, 81, 14, 0
MM, 82, 13, 16
MM, 82, 12, 0
MM, 83, 11, 15
MM, 85, 10, 0
MM, 87, 9, 16
MM, 88, 8, 0
MM, 89, 8, 15
MM, 91, 7, 0
MM, 97, 6, 16
MM, 102, 5, 0
MM, 113, 3, 16
MM, 129, 3, 15
MM, 156, 3, 0
MM, 181, 3, 16
MM, 26, 30, 47
MM, 33, 28, 0
MM, 38, 26, 15
MM, 41, 23, 0
MM, 43, 22, 16
MM, 1, 15, 31
MM, 4, 14, 0
MM, 6, 12, 16
MM, 8, 10, 0
MM, 9, 9, 16
MM, 11, 8, 0
MM, 11, 7, 15
MM, 13, 5, 0
MM, 14, 4, 16
MM, 15, 3, 0
MM, 16, 1, 15
MM, 32, 31, 64
MM, 33, 31, 62
MM, 33, 30, 16
MM, 32, 30, 31
MM, 29, 29, 16
MM, 28, 28, 0
MM, 26, 26, 16
MM, 25, 26, 15
MM, 23, 24, 0
MM, 22, 23, 16
MM, 21, 23, 15
MM, 20, 21, 0
MM, 20, 20, 63
MM, 18, 19, 250
MM, 17, 19, 0
MM, 11, 19, 16
MM, 3, 19, 0
MM, 42, 19, 15
MM, 30, 19, 0
MM, 17, 19, 16
MM, 4, 19, 0
MM, 38, 19, 15
MM, 24, 19, 0
MM, 5, 20, 17
MM, 40, 22, 0
MM, 25, 24, 15
MM, 7, 26, 0
MM, 38, 30, 16
MM, 42, 28, 480
MM, 40, 27, 16
MM, 38, 25, 16
MM, 37, 23, 0
MM, 36, 22, 15
MM, 34, 21, 0
MM, 32, 20, 16
MM, 31, 20, 0
MM, 30, 19, 15
MM, 30, 18, 0
MM, 29, 17, 21
MM, 28, 17, 0
MM, 28, 16, 12
MM, 27, 15, 16
MC, 1, 234
MM, 28, 15, 63
MM, 33, 15, 15
MM, 3, 16, 16
MM, 7, 16, 0
MM, 10, 16, 15
MM, 11, 16, 0
MM, 12, 16, 16
MM, 13, 16, 78
MC, 1, 219
MM, 14, 16, 31
MM, 15, 16, 16
MM, 17, 15, 0
MM, 21, 14, 15
MM, 31, 13, 0
MM, 16, 13, 22
MM, 36, 12, 10
MM, 5, 12, 0
MM, 22, 12, 16
MM, 38, 12, 0
MM, 0, 11, 22
MM, 10, 10, 0
MM, 15, 10, 11
MM, 17, 9, 0
MM, 18, 9, 15
MM, 19, 8, 94
MM, 19, 7, 16
MM, 20, 7, 0
MM, 21, 6, 16
MM, 22, 6, 0
MM, 22, 5, 16
MM, 23, 5, 0
MM, 25, 4, 15
MM, 26, 3, 17
MM, 27, 2, 0
MM, 27, 1, 16
MM, 28, 1, 0
MM, 28, 0, 15
MM, 29, 0, 32
MC, 1, 510
MM, 31, 0, 290
MM, 24, 1, 0
MM, 18, 4, 16
MM, 10, 6, 0
MM, 0, 9, 16
MM, 40, 11, 0
MM, 30, 14, 15
MM, 22, 15, 0
MM, 16, 16, 16
MM, 13, 19, 0
MM, 10, 19, 15
MM, 7, 20, 0
MM, 6, 20, 284
MM, 6, 22, 16
MM, 6, 25, 15
MM, 6, 27, 16
MM, 1, 0, 16
MM, 8, 6, 0
MM, 18, 13, 15
MM, 33, 22, 0
MM, 91, 2, 16
MM, 104, 9, 16
MM, 114, 15, 0
MM, 120, 18, 18
MM, 122, 18, 0
MM, 123, 19, 16
MM, 123, 20, 62
MM, 123, 21, 17
MM, 123, 22, 16
MM, 123, 23, 0
MM, 123, 27, 15
MM, 123, 30, 0
MM, 123, 31, 16
MM, 123, 33, 16
MM, 123, 34, 0
MM, 122, 35, 15
MM, 121, 34, 185
MM, 121, 33, 0
MM, 121, 31, 15
MM, 119, 29, 0
MM, 119, 28, 16
MM, 119, 27, 0
MM, 118, 26, 16
MM, 118, 25, 0
MM, 117, 23, 18
MM, 117, 22, 16
MM, 117, 21, 0
MM, 117, 20, 17
MC, 1, 821
MM, 117, 19, 110
MM, 117, 18, 15
MM, 119, 15, 0
MM, 122, 11, 16
MM, 126, 9, 0
MM, 128, 6, 16
MM, 133, 3, 0
MM, 139, 0, 21
MM, 5, 27, 16
MM, 21, 22, 17
MM, 43, 17, 0
MM, 1, 13, 16
MM, 20, 9, 0
MM, 34, 4, 16
MM, 38, 30, 15
MM, 2, 26, 16
MM, 5, 25, 16
MM, 5, 24, 31
MM, 6, 24, 31
MM, 7, 24, 16
MM, 8, 23, 0
MM, 10, 23, 31
MM, 12, 22, 16
MM, 13, 21, 0
MM, 16, 20, 15
MM, 18, 20, 0
MM, 20, 19, 16
MM, 21, 18, 0
MM, 22, 17, 21
MM, 23, 17, 0
MM, 24, 16, 16
MC, 1, 302
MM, 24, 14, 47
MM, 23, 12, 15
MM, 23, 9, 0
MM, 20, 5, 16
MM, 18, 1, 0
MM, 25, 30, 31
MM, 25, 28, 0
MM, 24, 26, 16
MM, 23, 24, 0
MM, 23, 23, 16
MM, 23, 22, 0
MM, 23, 21, 19
MM, 23, 20, 13
MM, 23, 19, 0
MM, 23, 17, 31
MM, 23, 16, 125
MC, 1, 171
MM, 22, 16, 63
MM, 20, 16, 16
MM, 19, 16, 0
MM, 13, 19, 15
MM, 9, 22, 0
MM, 0, 27, 16
MM, 35, 31, 15
MM, 21, 2, 16
MM, 14, 5, 0
MM, 7, 8, 16
MM, 1, 12, 0
MM, 41, 17, 15
MM, 36, 20, 16
MM, 31, 22, 0
MM, 28, 24, 16
MM, 25, 27, 0
MM, 21, 29, 15
MM, 36, 9, 47
MM, 28, 11, 16
MM, 21, 13, 0
MM, 12, 15, 15
MM, 3, 20, 0
MM, 43, 22, 16
MM, 36, 25, 0
MM, 30, 27, 16
MM, 27, 29, 0
MM, 26, 31, 218
MM, 26, 30, 16
MM, 27, 30, 0
MM, 30, 30, 16
MM, 33, 28, 0
MM, 35, 27, 15
MM, 37, 27, 0
MM, 39, 26, 16
MM, 40, 26, 0
MM, 41, 25, 16
MM, 42, 25, 0
MM, 2, 20, 50
MM, 3, 20, 0
MM, 5, 19, 15
MM, 6, 19, 47
MM, 6, 18, 16
MM, 8, 17, 0
MM, 9, 17, 15
MM, 10, 17, 0
MM, 11, 16, 16
MM, 12, 15, 0
MM, 12, 14, 16
MC, 1, 266
MM, 11, 14, 62
MM, 9, 13, 16
MM, 8, 12, 0
MM, 6, 11, 15
MM, 5, 10, 16
MM, 2, 10, 0
MM, 1, 9, 16
MM, 0, 7, 0
MM, 43, 0, 47
MM, 45, 31, 46
MM, 38, 24, 47
MM, 37, 23, 0
MM, 36, 23, 16
MM, 36, 21, 0
MM, 34, 21, 16
MM, 34, 20, 0
MM, 32, 18, 31
MM, 30, 17, 0
MC, 1, 234
MM, 28, 17, 63
MM, 25, 17, 15
MM, 21, 17, 0
MM, 15, 17, 16
MM, 8, 16, 0
MM, 39, 10, 16
MM, 30, 8, 15
MM, 21, 6, 0
MM, 14, 4, 19
MM, 8, 2, 0
MM, 5, 1, 14
MM, 1, 0, 0
MC, 1, 436
MC, 1, 474
MM, 13, 5, 111
MM, 11, 12, 0
MM, 10, 17, 15
MM, 10, 23, 0
MM, 10, 28, 16
MM, 2, 1, 16
MM, 2, 5, 0
MM, 2, 10, 15
MM, 3, 14, 16
MM, 3, 16, 0
MM, 3, 17, 15
MM, 3, 18, 0
MM, 3, 19, 16
MM, 3, 20, 0
MM, 3, 24, 16
MM, 3, 25, 0
MM, 3, 26, 16
MM, 3, 27, 15
MM, 3, 29, 0
MM, 69, 1, 47
MM, 70, 2, 16
MM, 70, 4, 0
MM, 70, 5, 16
MM, 70, 7, 0
MM, 70, 9, 15
MM, 70, 11, 0
MM, 70, 12, 16
MM, 70, 13, 0
MM, 70, 14, 16
MM, 71, 18, 19
MM, 71, 19, 0
MM, 71, 20, 13
MM, 71, 21, 0
MM, 71, 22, 16
MM, 72, 25, 19
MM, 72, 26, 12
MC, 1, 219
MM, 70, 23, 47
MM, 65, 17, 16
MM, 62, 11, 0
MM, 58, 5, 15
MM, 53, 0, 0
MM, 28, 23, 16
MM, 20, 16, 16
MM, 13, 7, 0
MM, 9, 1, 15
MM, 12, 30, 16
MM, 10, 29, 0
MM, 9, 26, 15
MM, 8, 24, 0
MM, 6, 21, 16
MM, 5, 18, 0
MM, 4, 15, 16
MM, 2, 13, 0
MM, 1, 10, 15
MC, 1, 641
MM, 37, 0, 219
MM, 40, 1, 0
MM, 42, 1, 15
MM, 43, 1, 0
MM, 44, 1, 80
MM, 46, 2, 31
MM, 0, 8, 141
MM, 1, 8, 15
MM, 2, 8, 16
MM, 4, 9, 0
MM, 6, 10, 15
MM, 8, 10, 0
MM, 9, 11, 17
MM, 10, 11, 0
MM, 11, 11, 172
MC, 1, 140
MM, 8, 11, 63
MM, 7, 10, 0
MM, 2, 9, 16
MM, 46, 5, 31
MM, 43, 5, 15
MM, 42, 5, 0
MM, 39, 4, 16
MM, 39, 3, 0
MM, 37, 3, 16
MM, 37, 2, 0
MM, 36, 2, 15
MM, 34, 1, 16
MM, 33, 0, 0
MC, 1, 751
MM, 7, 1, 187
MM, 20, 8, 16
MM, 31, 15, 0
MM, 12, 27, 16
MM, 28, 31, 15
MM, 42, 1, 20
MM, 0, 2, 0
MM, 6, 2, 16
MM, 10, 3, 0
MM, 12, 3, 15
MM, 15, 3, 0
MM, 17, 3, 16
MM, 17, 4, 0
MM, 19, 4, 31
MM, 20, 5, 16
MM, 21, 5, 0
MM, 23, 6, 16
MM, 23, 7, 0
MM, 24, 7, 15
MM, 26, 7, 0
MM, 26, 8, 16
MM, 27, 8, 347
MM, 27, 9, 16
MC, 1, 422
MM, 27, 10, 93
MM, 26, 11, 16
MM, 24, 15, 0
MM, 20, 17, 16
MM, 16, 21, 0
MM, 12, 25, 15
MM, 7, 29, 0
MM, 2, 31, 16
MM, 157, 1, 21
MM, 153, 6, 0
MM, 146, 11, 16
MM, 140, 16, 0
MM, 133, 21, 15
MM, 128, 26, 0
MM, 122, 30, 17
MM, 119, 33, 0
MM, 116, 34, 17
MM, 115, 34, 156
MM, 115, 33, 16
MM, 115, 32, 15
MM, 115, 31, 16
MM, 115, 30, 16
MC, 1, 234
MM, 115, 29, 78
MM, 114, 25, 0
MM, 113, 22, 16
MM, 112, 18, 0
MM, 110, 13, 16
MM, 109, 9, 0
MM, 109, 4, 15
MM, 43, 29, 16
MM, 43, 22, 0
MM, 42, 15, 16
MM, 40, 10, 0
MM, 40, 4, 15
MM, 39, 0, 0
MM, 43, 8, 94
MM, 42, 5, 16
MM, 40, 1, 0
MC, 1, 487
MC, 1, 535
MM, 12, 1, 156
MM, 15, 5, 16
MM, 17, 7, 0
MM, 19, 9, 15
MM, 21, 11, 0
MM, 22, 12, 16
MM, 23, 14, 16
MM, 24, 15, 15
MM, 25, 15, 0
MC, 1, 391
MM, 26, 15, 31
MM, 26, 14, 16
MM, 26, 11, 0
MM, 25, 9, 15
MM, 25, 7, 0
MM, 25, 4, 16
MM, 25, 2, 0
MM, 25, 0, 19
MC, 1, 295
MM, 8, 17, 142
MM, 21, 17, 19
MM, 31, 16, 0
MM, 38, 15, 15
MM, 43, 15, 0
MM, 0, 13, 16
MM, 2, 12, 17
MM, 4, 11, 0
MM, 5, 11, 15
MM, 6, 11, 0
MM, 7, 10, 16
MM, 8, 10, 0
MM, 9, 10, 17
MM, 11, 10, 0
MM, 13, 9, 15
MM, 15, 8, 0
MM, 17, 8, 16
MM, 20, 8, 0
MM, 23, 7, 15
MM, 26, 7, 0
MM, 28, 7, 19
MM, 30, 7, 7
MM, 32, 7, 0
MM, 33, 7, 78
MM, 34, 7, 16
MM, 35, 7, 0
MM, 36, 7, 15
MM, 37, 7, 0
MM, 38, 7, 16
MM, 40, 8, 0
MM, 42, 8, 16
MM, 43, 8, 0
MM, 0, 10, 44
MM, 4, 14, 0
MM, 6, 14, 16
MM, 7, 16, 0
MM, 8, 17, 16
MM, 10, 17, 15
MM, 11, 17, 31
MM, 13, 18, 0
MM, 15, 18, 16
MM, 16, 18, 16
MC, 1, 272
MM, 17, 18, 31
MM, 17, 19, 0
MM, 17, 20, 16
MM, 15, 20, 0
MM, 12, 21, 15
MM, 9, 22, 0
MM, 6, 24, 16
MM, 1, 24, 0
MM, 41, 26, 16
MM, 38, 28, 16
MM, 36, 29, 0
MM, 34, 29, 16
MM, 31, 29, 0
MM, 31, 30, 15
MM, 30, 31, 0
MM, 16, 0, 112
MM, 13, 0, 0
MM, 10, 1, 16
MM, 5, 2, 0
MM, 1, 4, 19
MM, 43, 5, 13
MM, 40, 6, 0
MM, 36, 7, 16
MM, 32, 7, 0
MM, 29, 8, 16
MM, 26, 8, 0
MM, 23, 8, 15
MM, 21, 9, 0
MM, 20, 9, 16
MM, 15, 9, 0
MM, 14, 9, 15
MM, 12, 9, 0
MM, 7, 10, 16
MM, 5, 11, 0
MM, 2, 12, 16
MM, 0, 12, 0
MM, 43, 12, 141
MM, 42, 12, 16
MM, 41, 12, 16
MM, 40, 12, 0
MM, 39, 12, 15
MM, 38, 12, 0
MM, 37, 12, 16
MM, 36, 12, 16
MM, 35, 13, 0
MC, 1, 250
MM, 34, 13, 31
MM, 36, 12, 16
MM, 37, 11, 15
MM, 40, 10, 0
MM, 43, 9, 16
MM, 0, 5, 15
MM, 7, 3, 0
MM, 1, 31, 47
MM, 7, 28, 0
MM, 12, 27, 16
MM, 15, 27, 0
MM, 19, 25, 16
MM, 21, 24, 0
MM, 24, 24, 15
MM, 27, 24, 0
MM, 29, 24, 16
MM, 31, 23, 0
MM, 32, 23, 15
MM, 35, 23, 0
MM, 37, 23, 16
MM, 40, 23, 0
MM, 42, 22, 16
MM, 43, 22, 0
MM, 0, 21, 48
MM, 1, 21, 31
MM, 2, 21, 31
MM, 3, 20, 0
MM, 4, 20, 31
MM, 6, 20, 0
MM, 6, 19, 16
MM, 8, 18, 0
MM, 9, 18, 17
MM, 10, 18, 0
MM, 11, 18, 31
MM, 13, 18, 31
MM, 13, 17, 31
MM, 14, 16, 0
MC, 1, 173
MM, 12, 16, 78
MM, 8, 17, 0
MM, 3, 18, 15
MM, 39, 23, 16
MM, 32, 25, 0
MM, 26, 26, 16
MM, 17, 26, 0
MM, 11, 27, 15
MM, 1, 27, 0
MM, 42, 27, 16
MM, 35, 27, 0
MM, 27, 27, 15
MM, 23, 27, 0
MM, 18, 27, 16
MM, 14, 27, 0
MM, 11, 27, 16
MM, 9, 27, 0
MM, 6, 27, 15
MM, 3, 27, 0
MC, 1, 760
MM, 3, 1, 220
MM, 0, 2, 15
MM, 43, 4, 16
MM, 42, 4, 125
MM, 41, 5, 31
MM, 40, 5, 32
MM, 39, 5, 0
MM, 39, 6, 15
MM, 38, 7, 0
MM, 37, 7, 16
MM, 35, 7, 0
MM, 34, 7, 30
MM, 33, 7, 35
MM, 32, 8, 16
MM, 30, 8, 31
MM, 30, 10, 281
MM, 31, 9, 16
MM, 33, 9, 15
MM, 38, 8, 0
MM, 43, 6, 16
MM, 2, 5, 0
MM, 11, 4, 15
MM, 22, 3, 0
MM, 31, 1, 16
MC, 1, 784
MC, 1, 660
MM, 36, 1, 175
MM, 37, 4, 0
MM, 39, 8, 16
MM, 40, 10, 0
MM, 41, 11, 15
MM, 41, 12, 266
MM, 40, 12, 47
MM, 39, 12, 15
MM, 38, 12, 16
MM, 37, 12, 0
MM, 36, 12, 21
MM, 34, 12, 16
MM, 33, 12, 13
MM, 32, 12, 16
MM, 31, 12, 15
MM, 30, 12, 16
MM, 29, 12, 16
MM, 28, 13, 15
MM, 27, 13, 0
MC, 1, 188
MM, 30, 13, 94
MM, 38, 13, 0
MM, 4, 14, 15
MM, 10, 14, 16
MM, 20, 15, 0
MM, 27, 16, 16
MM, 35, 18, 0
MM, 42, 19, 15
MM, 2, 19, 0
MM, 14, 20, 16
MM, 26, 22, 0
MM, 40, 23, 15
MM, 10, 23, 16
MM, 23, 23, 0
MM, 33, 23, 16
MM, 41, 22, 0
MM, 1, 21, 31
MM, 3, 20, 0
MM, 4, 19, 16
MM, 5, 19, 15
MM, 7, 19, 16
MM, 9, 19, 15
MM, 11, 18, 0
MM, 14, 18, 16
MM, 17, 18, 0
MM, 20, 18, 16
MM, 22, 18, 0
MM, 25, 18, 15
MM, 27, 18, 0
MM, 30, 18, 16
MM, 33, 18, 0
MM, 36, 18, 18
MM, 38, 18, 0
MM, 41, 18, 16
MM, 0, 20, 31
MM, 2, 21, 16
MM, 3, 21, 0
MM, 4, 22, 15
MM, 5, 22, 16
MM, 5, 23, 0
MM, 8, 24, 15
MM, 10, 24, 0
MM, 13, 26, 19
MM, 16, 26, 0
MM, 20, 27, 14
MM, 21, 27, 0
MM, 22, 27, 16
MM, 23, 28, 0
MM, 23, 29, 15
MM, 25, 29, 31
MM, 26, 30, 16
MM, 27, 30, 0
MM, 29, 31, 20
MM, 32, 0, 31
MM, 34, 1, 0
MM, 38, 3, 16
MM, 40, 4, 0
MM, 43, 6, 16
MM, 0, 7, 31
MM, 1, 8, 0
MM, 3, 8, 15
MM, 4, 8, 0
MM, 5, 8, 16
MM, 7, 9, 16
MM, 8, 9, 0
MM, 9, 9, 15
MM, 10, 9, 17
MM, 12, 10, 0
MM, 14, 10, 16
MM, 16, 10, 0
MM, 17, 11, 15
MM, 19, 13, 0
MM, 21, 13, 16
MM, 23, 13, 0
MM, 24, 14, 16
MC, 1, 484
MM, 23, 14, 347
MM, 22, 14, 0
MM, 17, 14, 16
MM, 10, 13, 0
MM, 3, 13, 16
MM, 42, 12, 15
MM, 34, 12, 0
MM, 27, 11, 16
MM, 19, 11, 0
MM, 14, 11, 23
MM, 10, 11, 4
MM, 6, 11, 0
MM, 1, 11, 16
MM, 41, 12, 31
MM, 35, 11, 0
MM, 30, 10, 20
MM, 22, 9, 0
MM, 16, 8, 12
MM, 13, 8, 0
MM, 9, 7, 16
MM, 6, 7, 0
MM, 2, 7, 15
MM, 42, 7, 47
MM, 38, 7, 16
MM, 31, 7, 0
MM, 23, 6, 16
MM, 13, 5, 0
MM, 3, 3, 15
MM, 39, 3, 16
MM, 27, 3, 0
MM, 17, 3, 16
MM, 8, 3, 0
MM, 41, 3, 16
MM, 32, 3, 16
MM, 25, 3, 0
MM, 19, 3, 15
MM, 13, 3, 0
MM, 5, 3, 16
MM, 1, 4, 0
MM, 41, 5, 16
MM, 38, 6, 15
MM, 33, 7, 0
MM, 30, 8, 16
MM, 27, 9, 0
MM, 23, 9, 16
MM, 20, 9, 0
MM, 18, 9, 15
MM, 15, 10, 0
MM, 13, 12, 16
MM, 10, 12, 0
MM, 9, 12, 16
MM, 7, 13, 0
MM, 5, 14, 15
MM, 4, 15, 16
MM, 3, 16, 0
MM, 2, 16, 15
MM, 0, 17, 0
MM, 43, 23, 52
MM, 42, 24, 0
MM, 38, 27, 16
MM, 36, 27, 0
MM, 35, 28, 15
MM, 34, 28, 0
MM, 31, 30, 16
MM, 29, 31, 0
MM, 28, 31, 15
MP, 1, 211702
MR, 1, 92
MC, 1, 0
MM, 313, 7, 4488
MM, 314, 18, 8
MM, 319, 34, 8
MM, 323, 52, 8
MM, 1, 4, 32
MM, 9, 22, 8
MM, 15, 11, 16
MM, 20, 20, 9
MM, 23, 31, 8
MM, 16, 0, 8
MM, 18, 7, 7
MM, 20, 14, 8
MM, 20, 20, 8
MM, 20, 23, 8
MM, 20, 26, 8
MM, 20, 28, 9
MM, 20, 29, 8
MM, 20, 30, 8
MM, 104, 7, 183
MM, 103, 7, 8
MM, 102, 7, 8
MM, 101, 7, 8
MM, 100, 7, 8
MM, 99, 7, 16
MM, 98, 7, 8
MM, 97, 7, 8
MM, 92, 7, 8
MM, 89, 7, 8
MM, 85, 7, 8
MM, 80, 8, 8
MM, 75, 9, 8
MM, 71, 11, 8
MM, 67, 12, 8
MM, 64, 14, 8
MM, 62, 15, 8
MM, 61, 16, 8
MM, 59, 16, 8
