**********************************
LOGGING TIME: 20161112_114035
CLIENT IP: 10.105.74.162
USERNAME: V.Uday
OS: Windows 8
*********************Neutral database**********************************
MM, 12, 27, 1477468750913
MM, 9, 24, 8
MM, 5, 23, 8
MM, 1, 20, 8
MM, 174, 15, 16
MM, 169, 13, 8
MM, 166, 10, 8
MM, 161, 7, 8
MM, 157, 4, 8
MM, 135, 24, 39
MM, 131, 18, 8
MM, 129, 11, 8
MM, 127, 7, 8
MM, 125, 2, 8
MM, 41, 17, 57
MM, 39, 14, 8
MM, 37, 10, 8
MM, 35, 8, 8
MM, 33, 7, 8
MM, 32, 4, 8
MM, 31, 4, 8
MM, 31, 3, 8
MM, 30, 3, 146
MM, 29, 3, 70
MM, 28, 3, 8
MM, 27, 3, 8
MM, 25, 3, 16
MM, 23, 3, 8
MM, 22, 3, 8
MM, 19, 4, 8
MM, 18, 4, 8
MM, 17, 4, 10
MM, 17, 5, 8
MM, 15, 5, 16
MM, 14, 6, 232
MM, 13, 6, 24
MM, 12, 7, 8
MM, 11, 7, 8
MM, 10, 7, 8
MM, 10, 8, 8
MM, 8, 9, 24
MM, 7, 9, 16
MC, 1, 911
MM, 7, 10, 393
MM, 7, 12, 8
MM, 7, 15, 8
MM, 7, 17, 8
MM, 87, 0, 224
MM, 87, 1, 8
MM, 87, 2, 8
MM, 88, 2, 8
MM, 88, 3, 16
MM, 89, 6, 8
MM, 90, 6, 8
MM, 91, 8, 4
MM, 92, 11, 12
MM, 93, 14, 8
MM, 94, 16, 8
MM, 97, 19, 8
MM, 98, 23, 8
MM, 100, 27, 8
MM, 118, 5, 36
MM, 123, 11, 12
MM, 129, 20, 4
MM, 363, 0, 684
MM, 366, 5, 4
MM, 370, 9, 12
MM, 373, 14, 4
MM, 377, 18, 8
MM, 381, 24, 9
MM, 385, 29, 8
MM, 388, 33, 7
MM, 392, 37, 9
MM, 395, 42, 7
MM, 398, 44, 9
MM, 399, 46, 8
MM, 400, 48, 8
MM, 401, 48, 7
MM, 402, 50, 9
MM, 402, 51, 8
MM, 403, 52, 8
MM, 404, 54, 8
MM, 404, 55, 8
MM, 404, 58, 8
MM, 405, 60, 8
MM, 406, 63, 8
MM, 18, 1, 160
MM, 3, 2, 8
MM, 39, 4, 8
MM, 20, 5, 8
MM, 3, 5, 8
MM, 37, 5, 8
MM, 22, 5, 8
MM, 13, 5, 8
MM, 3, 5, 8
MM, 2, 18, 313
MM, 9, 21, 8
MM, 17, 22, 8
MM, 21, 23, 8
MM, 26, 25, 8
MM, 29, 26, 8
MM, 30, 26, 8
MM, 31, 26, 8
MM, 32, 26, 56
MM, 33, 26, 8
MM, 35, 26, 8
MM, 38, 26, 8
MM, 41, 25, 8
MM, 43, 24, 8
MM, 1, 23, 16
MM, 4, 22, 8
MM, 7, 21, 8
MM, 8, 20, 8
MM, 10, 20, 8
MM, 11, 20, 8
MM, 12, 20, 8
MM, 12, 19, 8
MM, 13, 19, 16
MM, 14, 19, 8
MM, 15, 18, 8
MM, 15, 17, 8
MM, 17, 17, 8
MM, 18, 17, 8
MM, 19, 17, 8
MM, 21, 17, 8
MM, 22, 16, 16
MC, 1, 310
MM, 22, 15, 32
MM, 21, 15, 8
MM, 18, 15, 16
MM, 13, 15, 12
MM, 8, 15, 5
MM, 42, 15, 16
MM, 35, 15, 8
MM, 27, 15, 8
MM, 20, 15, 8
MM, 12, 15, 8
MM, 2, 15, 8
MM, 25, 0, 282
MM, 24, 1, 8
MM, 22, 1, 8
MM, 18, 2, 8
MM, 17, 2, 8
MM, 16, 3, 8
MM, 15, 3, 8
MM, 11, 4, 7
MM, 10, 4, 16
MM, 9, 4, 8
MM, 8, 4, 16
MM, 7, 4, 8
MM, 6, 4, 8
MM, 4, 4, 16
MM, 3, 4, 8
MM, 2, 4, 8
MM, 41, 4, 24
MM, 39, 4, 8
MM, 35, 4, 8
MM, 31, 4, 8
MM, 26, 4, 8
MM, 22, 4, 8
MM, 18, 4, 8
MM, 16, 4, 8
MC, 1, 292
MM, 14, 4, 47
MM, 9, 7, 16
MM, 7, 7, 0
MM, 4, 8, 15
MM, 1, 8, 16
MM, 38, 9, 24
MM, 34, 9, 8
MM, 32, 9, 8
MM, 29, 9, 8
MM, 26, 9, 8
MM, 24, 9, 8
MM, 22, 9, 8
MM, 19, 9, 8
MM, 18, 9, 8
MM, 17, 9, 8
MM, 16, 9, 8
MM, 14, 9, 5
MM, 11, 9, 8
MM, 9, 9, 4
MM, 7, 9, 0
MM, 6, 9, 16
MM, 5, 9, 15
MM, 2, 9, 0
MM, 42, 9, 32
MM, 38, 9, 8
MM, 35, 8, 0
MM, 32, 8, 15
MM, 28, 7, 0
MM, 26, 6, 16
MM, 24, 6, 8
MM, 22, 6, 8
MC, 1, 234
MM, 22, 5, 54
MM, 23, 5, 8
MM, 28, 4, 8
MM, 35, 3, 8
MM, 2, 1, 17
MM, 14, 1, 8
MM, 25, 1, 7
MM, 37, 1, 9
MM, 5, 1, 8
MM, 19, 1, 5
MM, 30, 0, 8
MM, 0, 10, 731
MM, 2, 10, 23
MM, 3, 10, 16
MM, 4, 9, 8
MM, 5, 9, 0
MM, 7, 9, 16
MM, 10, 9, 0
MM, 11, 9, 16
MM, 14, 9, 0
MM, 16, 9, 15
MM, 18, 9, 0
MM, 20, 9, 16
MM, 21, 9, 9
MM, 24, 9, 24
MC, 1, 223
MM, 25, 9, 47
MM, 27, 9, 0
MM, 35, 9, 15
MM, 16, 6, 16
MM, 32, 6, 0
MM, 3, 6, 15
MM, 26, 7, 0
MM, 8, 7, 16
MM, 34, 10, 0
MM, 10, 10, 20
MM, 27, 11, 8
MM, 7, 11, 16
MM, 12, 11, 0
MM, 15, 11, 15
MM, 17, 11, 0
MM, 18, 11, 16
MM, 19, 11, 216
MM, 20, 11, 0
MM, 22, 12, 15
MM, 25, 12, 0
MM, 27, 12, 18
MM, 29, 12, 0
MC, 1, 172
MM, 29, 13, 98
MM, 28, 13, 0
MM, 25, 14, 16
MM, 19, 15, 0
MM, 13, 16, 15
MM, 5, 18, 0
MM, 35, 18, 16
MM, 23, 18, 0
MM, 7, 18, 20
MM, 36, 18, 0
MM, 20, 18, 15
MM, 0, 18, 0
MM, 26, 18, 16
MM, 9, 18, 0
MM, 32, 15, 24
MM, 20, 13, 8
MM, 10, 12, 0
MM, 2, 11, 15
MM, 39, 9, 8
MM, 34, 9, 16
MM, 28, 8, 8
MM, 23, 6, 8
MM, 17, 6, 8
MM, 10, 3, 10
MM, 3, 1, 6
MM, 41, 23, 134
MM, 38, 22, 0
MM, 37, 22, 15
MM, 34, 22, 0
MM, 33, 21, 16
MM, 30, 21, 0
MM, 27, 21, 20
MM, 25, 20, 4
MM, 22, 20, 0
MM, 19, 20, 15
MM, 15, 20, 0
MM, 12, 19, 16
MM, 10, 19, 0
MM, 6, 17, 16
MM, 3, 17, 0
MM, 0, 17, 19
MM, 42, 17, 24
MM, 40, 17, 0
MM, 37, 17, 16
MM, 34, 17, 0
MM, 32, 17, 16
MM, 31, 17, 15
MM, 30, 16, 0
MM, 29, 16, 16
MM, 28, 16, 20
MM, 26, 16, 0
MM, 25, 16, 15
MM, 24, 16, 16
MM, 23, 16, 9
MM, 22, 16, 5
MM, 21, 16, 8
MM, 19, 16, 0
MM, 17, 16, 15
MM, 16, 16, 0
MM, 14, 16, 20
MM, 10, 15, 16
MM, 5, 12, 0
MM, 2, 11, 15
MM, 0, 10, 4
MM, 42, 8, 36
MM, 40, 7, 0
MM, 39, 7, 15
MM, 38, 6, 9
MM, 37, 6, 0
MM, 35, 6, 15
MM, 32, 6, 0
MM, 30, 5, 16
MM, 26, 5, 0
MM, 24, 4, 15
MM, 22, 3, 11
MC, 1, 471
MM, 25, 3, 55
MM, 31, 4, 16
MM, 36, 5, 0
MM, 5, 10, 23
MM, 15, 12, 0
MM, 25, 17, 16
MM, 33, 20, 0
MM, 39, 20, 16
MM, 43, 21, 8
MM, 0, 21, 44
MM, 2, 21, 0
MM, 3, 21, 20
MM, 4, 20, 8
MM, 6, 19, 8
MM, 7, 19, 8
MM, 9, 19, 8
MM, 9, 18, 8
MM, 9, 17, 48
MM, 10, 17, 15
MM, 11, 16, 35
MC, 1, 193
MM, 12, 16, 63
MM, 13, 16, 0
MM, 18, 16, 15
MM, 29, 16, 8
MM, 37, 17, 8
MC, 1, 1204
MM, 33, 1, 140
MM, 33, 2, 0
MM, 33, 3, 15
MM, 33, 4, 0
MM, 33, 5, 16
MM, 33, 6, 16
MM, 33, 7, 8
MM, 33, 9, 8
MM, 33, 10, 16
MM, 33, 11, 12
MM, 33, 13, 15
MM, 33, 15, 16
MM, 33, 16, 0
MM, 33, 17, 15
MM, 33, 20, 0
MM, 33, 23, 16
MM, 33, 25, 8
MM, 33, 28, 8
MM, 33, 31, 9
MM, 25, 0, 16
MM, 25, 2, 16
MM, 26, 3, 0
MM, 26, 5, 15
MM, 26, 6, 16
MM, 26, 7, 16
MM, 26, 8, 25
MC, 1, 243
MM, 26, 7, 60
MM, 25, 3, 7
MM, 30, 26, 20
MM, 29, 21, 0
MM, 28, 15, 16
MM, 28, 11, 0
MM, 29, 6, 15
MM, 31, 2, 0
MM, 23, 30, 116
MM, 23, 29, 4
MM, 23, 28, 0
MM, 23, 27, 31
MM, 23, 26, 0
MM, 23, 25, 16
MM, 25, 25, 16
MC, 1, 308
MM, 26, 25, 62
MM, 26, 24, 22
MM, 28, 24, 5
MM, 33, 23, 8
MM, 42, 21, 0
MC, 1, 622
MC, 1, 811
MM, 43, 19, 537
MM, 40, 19, 8
MM, 37, 19, 8
MM, 35, 18, 8
MM, 32, 17, 8
MM, 31, 16, 4
MM, 29, 16, 0
MM, 28, 16, 193
MC, 1, 94
MM, 28, 15, 38
MM, 30, 14, 8
MM, 37, 14, 8
MM, 35, 0, 48
MM, 29, 2, 4
MM, 8, 4, 12
MM, 21, 5, 8
MM, 29, 5, 8
MM, 32, 5, 6
MM, 34, 5, 8
MM, 35, 5, 78
MM, 1, 2, 32
MM, 4, 1, 19
MM, 6, 0, 8
MM, 7, 0, 9
MM, 8, 0, 31
MM, 9, 0, 30
MC, 1, 633
MM, 31, 1, 847
MM, 29, 4, 8
MM, 29, 6, 8
MM, 27, 9, 8
MM, 26, 10, 8
MM, 26, 12, 8
MM, 25, 12, 8
MM, 23, 18, 8
MM, 23, 20, 8
MM, 23, 22, 8
MM, 23, 25, 8
MM, 23, 28, 8
MM, 23, 30, 8
MC, 1, 626
MM, 30, 27, 273
MM, 20, 24, 7
MM, 12, 21, 6
MM, 1, 19, 4
MM, 33, 18, 0
MM, 23, 16, 16
MM, 13, 13, 15
MM, 2, 10, 0
MM, 42, 7, 16
MM, 31, 4, 0
MM, 22, 1, 15
MM, 167, 63, 80
MM, 155, 53, 8
MM, 146, 46, 8
MM, 136, 38, 8
MM, 128, 31, 8
MM, 120, 24, 8
MM, 114, 16, 8
MM, 108, 11, 8
MM, 103, 6, 8
MM, 99, 0, 8
MC, 1, 1126
MM, 116, 0, 35165
MM, 112, 8, 18
MM, 110, 14, 0
MM, 104, 20, 16
MM, 98, 28, 0
MM, 92, 32, 15
MM, 85, 35, 0
MM, 78, 38, 20
MM, 73, 40, 9
MM, 68, 41, 7
MM, 63, 41, 8
MM, 60, 41, 8
MM, 59, 41, 0
MM, 58, 41, 31
MM, 56, 40, 16
MM, 54, 38, 15
MM, 51, 37, 0
MM, 47, 34, 16
MM, 44, 33, 0
MM, 42, 33, 15
MM, 40, 33, 0
MM, 38, 33, 16
MM, 37, 33, 16
MM, 36, 33, 0
MM, 35, 34, 15
MM, 35, 35, 0
MM, 32, 39, 16
MM, 31, 42, 0
MM, 31, 47, 20
MM, 30, 52, 0
MM, 30, 59, 15
MM, 30, 0, 34
MM, 29, 3, 16
MM, 28, 6, 0
MM, 27, 7, 16
MM, 27, 8, 0
MM, 25, 13, 16
MM, 24, 14, 0
MM, 24, 15, 15
MM, 23, 16, 0
MM, 23, 17, 16
MM, 22, 18, 0
MC, 1, 325
MM, 22, 20, 51
MM, 23, 20, 0
MM, 27, 20, 16
MM, 36, 20, 0
MM, 10, 23, 15
MM, 28, 25, 16
MM, 22, 31, 16
MM, 41, 31, 0
MM, 32, 23, 237
MM, 20, 21, 0
MM, 10, 21, 20
MM, 3, 19, 9
MM, 10, 18, 351
MM, 18, 18, 0
MM, 24, 18, 17
MM, 31, 18, 6
MM, 34, 18, 10
MM, 36, 18, 8
MM, 37, 18, 4
MM, 36, 18, 279
MM, 35, 18, 0
MM, 34, 18, 16
MM, 33, 18, 0
MM, 32, 18, 15
MM, 31, 18, 0
MC, 1, 290
MM, 31, 19, 63
MM, 36, 22, 16
MM, 8, 29, 46
MM, 29, 1, 16
MM, 39, 6, 0
MM, 2, 13, 31
MM, 7, 15, 4
MM, 10, 16, 12
MM, 12, 17, 8
MM, 14, 17, 4
MM, 15, 17, 16
MM, 18, 17, 16
MM, 21, 18, 0
MM, 25, 19, 15
MM, 30, 21, 0
MM, 37, 24, 16
MM, 5, 1, 31
MM, 9, 4, 0
MM, 12, 5, 16
MM, 14, 5, 0
MM, 15, 6, 15
MM, 15, 7, 16
MM, 17, 7, 16
MM, 18, 7, 63
MM, 20, 7, 16
MM, 22, 7, 15
MM, 25, 8, 0
MM, 28, 9, 16
MM, 31, 10, 0
MM, 37, 12, 16
MM, 41, 14, 0
MM, 0, 21, 33
MM, 0, 22, 46
MM, 1, 22, 16
MM, 2, 22, 0
MM, 3, 22, 16
MM, 4, 22, 19
MM, 5, 22, 0
MM, 6, 21, 225
MC, 1, 135
MM, 6, 20, 63
MM, 5, 19, 0
MM, 3, 18, 16
MM, 2, 17, 0
MM, 40, 7, 31
MM, 32, 2, 0
MM, 22, 31, 19
MM, 11, 26, 0
MM, 36, 20, 16
MM, 26, 17, 16
MM, 18, 15, 0
MM, 9, 12, 15
MM, 4, 11, 0
MM, 1, 11, 20
MM, 42, 9, 24
MM, 41, 9, 15
MM, 37, 7, 0
MM, 34, 7, 16
MM, 33, 6, 0
MM, 29, 4, 16
MM, 24, 2, 0
MM, 9, 31, 35
MM, 7, 29, 16
MM, 5, 28, 0
MM, 2, 26, 15
MM, 1, 25, 0
MC, 1, 890
MM, 1, 2, 154
MM, 43, 6, 31
MM, 42, 7, 16
MM, 41, 8, 0
MM, 40, 8, 15
MM, 39, 9, 0
MM, 38, 9, 16
MM, 37, 9, 16
MM, 36, 10, 0
MM, 35, 11, 15
MM, 34, 11, 16
MM, 33, 12, 9
MM, 32, 12, 35
MM, 31, 12, 0
MM, 30, 12, 16
MM, 30, 13, 0
MM, 29, 14, 21
MM, 28, 15, 0
MM, 26, 15, 12
MC, 1, 177
MM, 27, 15, 36
MM, 31, 15, 31
MM, 37, 13, 0
MM, 43, 12, 16
MM, 0, 10, 0
MM, 9, 8, 15
MM, 18, 6, 0
MM, 28, 4, 16
MM, 39, 2, 0
MM, 2, 0, 16
MC, 1, 637
MC, 1, 500
MM, 0, 5, 104
MM, 2, 7, 0
MM, 3, 8, 16
MM, 5, 9, 0
MM, 6, 9, 62
MM, 8, 9, 0
MM, 8, 10, 15
MM, 9, 10, 0
MM, 10, 11, 16
MM, 12, 12, 0
MM, 13, 13, 15
MM, 14, 14, 16
MC, 1, 192
MM, 14, 15, 31
MM, 14, 16, 0
MM, 13, 17, 16
MM, 9, 22, 0
MM, 7, 25, 21
MM, 4, 29, 0
MM, 41, 14, 42
MM, 39, 17, 16
MM, 36, 21, 0
MM, 35, 22, 15
MM, 35, 23, 0
MM, 35, 25, 20
MM, 35, 26, 0
MM, 35, 27, 16
MM, 34, 28, 0
MM, 34, 29, 19
MM, 34, 30, 0
MM, 146, 0, 64
MM, 146, 1, 16
MM, 145, 2, 78
MM, 145, 3, 16
MM, 145, 4, 15
MM, 145, 5, 0
MM, 145, 6, 16
MM, 144, 8, 16
MM, 143, 8, 0
MM, 142, 10, 19
MM, 141, 11, 16
MC, 1, 196
MM, 140, 11, 36
MM, 143, 7, 15
MM, 148, 2, 0
MM, 7, 23, 38
MM, 18, 20, 9
MM, 29, 18, 4
MM, 41, 14, 0
MM, 7, 7, 15
MM, 20, 3, 16
MM, 30, 0, 0
MM, 6, 31, 31
MM, 12, 29, 0
MM, 15, 26, 16
MM, 17, 25, 0
MM, 19, 24, 15
MM, 19, 23, 0
MM, 20, 23, 16
MM, 21, 23, 16
MM, 22, 22, 15
MM, 22, 21, 16
MM, 23, 20, 31
MM, 23, 19, 0
MM, 23, 18, 16
MM, 23, 16, 0
MM, 23, 13, 15
MM, 23, 12, 16
MM, 22, 10, 0
MM, 21, 9, 16
MM, 20, 8, 0
MM, 18, 7, 27
MM, 17, 6, 32
MM, 16, 4, 0
MM, 15, 2, 31
MM, 15, 0, 0
MM, 12, 31, 78
MM, 12, 30, 0
MM, 12, 29, 16
MM, 12, 27, 15
MM, 12, 26, 271
MM, 12, 24, 28
MM, 12, 23, 16
MM, 13, 21, 15
MM, 13, 20, 16
MC, 1, 159
MM, 11, 21, 47
MM, 5, 22, 0
MM, 42, 25, 21
MM, 29, 29, 5
MM, 36, 4, 8
MM, 24, 10, 16
MM, 4, 16, 0
MM, 45, 20, 16
MM, 30, 25, 0
MM, 11, 30, 15
MM, 17, 4, 16
MM, 9, 4, 15
MM, 3, 5, 0
MM, 43, 6, 52
MM, 42, 6, 8
MM, 41, 6, 17
MM, 37, 6, 8
MM, 34, 6, 8
MM, 31, 6, 0
MM, 27, 6, 15
MM, 22, 5, 0
MM, 19, 5, 16
MM, 16, 5, 0
MM, 13, 5, 16
MM, 11, 4, 0
MM, 10, 4, 15
MM, 8, 4, 0
MM, 6, 3, 16
MM, 4, 3, 0
MM, 3, 2, 16
MM, 2, 2, 31
MM, 43, 28, 79
MM, 42, 27, 0
MM, 40, 26, 15
MM, 40, 25, 16
MC, 1, 394
MM, 39, 25, 63
MM, 42, 30, 16
MM, 3, 15, 20
MM, 12, 23, 12
MM, 44, 6, 16
MM, 49, 14, 15
MM, 52, 17, 0
MM, 56, 22, 16
MM, 59, 24, 0
MM, 60, 27, 15
MM, 61, 27, 0
MM, 63, 29, 52
MM, 65, 29, 0
MM, 66, 29, 33
MC, 1, 263
MM, 67, 29, 31
MM, 68, 27, 15
MM, 70, 22, 16
MM, 75, 18, 0
MM, 80, 12, 16
MM, 85, 5, 0
MM, 29, 28, 27
MM, 35, 20, 0
MM, 42, 12, 16
MM, 15, 30, 16
MM, 18, 27, 16
MM, 21, 23, 0
MM, 23, 20, 15
MM, 24, 18, 0
MM, 26, 16, 16
MM, 27, 15, 0
MM, 28, 13, 16
MM, 29, 13, 0
MM, 30, 12, 15
MM, 32, 10, 4
MM, 34, 9, 0
MM, 36, 7, 16
MM, 37, 6, 0
MM, 41, 5, 15
MM, 42, 3, 16
MM, 43, 3, 0
MM, 44, 3, 40
MM, 44, 2, 16
MM, 44, 1, 5
MM, 45, 1, 8
MM, 46, 0, 8
MC, 1, 517
MM, 0, 15, 118
MM, 4, 20, 0
MM, 5, 21, 16
MM, 6, 22, 0
MM, 7, 23, 15
MM, 9, 23, 0
MM, 10, 24, 16
MM, 10, 25, 0
MM, 12, 25, 31
MM, 13, 25, 47
MM, 14, 25, 12
MM, 14, 23, 242
MM, 13, 22, 15
MM, 13, 21, 0
MM, 11, 21, 16
MM, 10, 20, 0
MM, 9, 18, 16
MM, 8, 18, 0
MM, 6, 17, 19
MM, 4, 16, 8
MM, 2, 14, 0
MM, 40, 8, 32
MM, 34, 7, 15
MM, 27, 6, 0
MM, 20, 4, 20
MM, 15, 4, 8
MM, 9, 3, 8
MM, 4, 3, 8
MM, 38, 0, 24
MC, 1, 493
MM, 1, 10, 75
MM, 7, 18, 0
MM, 13, 27, 15
MM, 19, 7, 16
MM, 25, 16, 0
MM, 32, 23, 15
MM, 35, 25, 9
MM, 37, 27, 8
MM, 38, 28, 47
MM, 39, 29, 0
MM, 40, 31, 16
MM, 109, 0, 31
MM, 109, 3, 0
MM, 110, 5, 15
MM, 111, 6, 0
MM, 111, 7, 20
MC, 1, 328
MM, 112, 9, 111
MM, 113, 9, 0
MM, 116, 9, 16
MM, 120, 9, 0
MM, 127, 9, 17
MM, 134, 9, 8
MM, 143, 9, 8
MM, 151, 8, 8
MM, 162, 7, 8
MM, 173, 6, 8
MM, 181, 2, 0
MM, 32, 28, 31
MM, 34, 24, 0
MM, 38, 20, 16
MM, 41, 15, 0
MM, 20, 30, 63
MM, 25, 25, 16
MM, 29, 22, 8
MM, 33, 19, 8
MM, 37, 18, 8
MM, 41, 15, 8
MM, 2, 11, 34
MM, 5, 10, 8
MM, 7, 8, 8
MM, 10, 8, 8
MM, 11, 7, 4
MM, 14, 6, 0
MM, 17, 4, 20
MM, 18, 3, 0
MM, 21, 3, 12
MM, 23, 1, 0
MM, 25, 1, 16
MM, 26, 0, 0
MM, 28, 0, 15
MM, 30, 0, 0
MM, 32, 0, 16
MM, 0, 29, 68
MM, 1, 27, 0
MM, 2, 26, 16
MM, 3, 24, 0
MM, 4, 24, 16
MM, 4, 23, 47
MM, 5, 22, 8
MM, 5, 21, 8
MM, 6, 21, 8
MM, 7, 20, 8
MM, 9, 18, 8
MM, 9, 17, 8
MM, 10, 16, 8
MM, 11, 15, 8
MM, 11, 14, 10
MM, 11, 13, 243
MM, 10, 13, 15
MM, 8, 15, 0
MM, 4, 18, 20
MP, 1, 90
MR, 1, 91
MC, 1, 0
MM, 0, 21, 301
MM, 1, 20, 16
MM, 1, 19, 0
MM, 3, 18, 117
MM, 4, 18, 16
MM, 6, 17, 16
MM, 7, 17, 15
MM, 9, 16, 47
MM, 10, 16, 28
MC, 1, 201
MM, 9, 16, 62
MM, 8, 17, 8
MM, 3, 20, 0
MM, 2, 22, 15
MM, 35, 25, 16
MM, 29, 29, 0
MM, 22, 31, 16
MM, 9, 3, 16
MM, 1, 8, 0
MM, 39, 14, 15
MM, 28, 18, 0
MM, 16, 20, 16
MM, 6, 23, 0
MM, 38, 29, 16
MM, 22, 0, 35
MM, 20, 1, 16
MM, 20, 2, 66
MM, 20, 3, 16
MM, 19, 5, 23
MM, 19, 7, 16
MM, 19, 8, 0
MM, 19, 9, 10
MM, 19, 11, 31
MC, 1, 369
MM, 19, 12, 15
MM, 22, 12, 16
MM, 30, 11, 16
MM, 40, 10, 15
MM, 6, 8, 16
MM, 20, 6, 0
MM, 33, 3, 16
MM, 5, 0, 15
MM, 38, 31, 83
MM, 39, 30, 16
MM, 40, 30, 0
MM, 42, 30, 15
MM, 43, 29, 0
MM, 0, 25, 50
MM, 2, 24, 0
MM, 2, 23, 102
MM, 2, 21, 0
MM, 3, 21, 15
MM, 4, 19, 16
MM, 5, 18, 8
MM, 5, 17, 0
MM, 6, 16, 15
MM, 7, 14, 0
MM, 8, 13, 16
MM, 8, 11, 0
MM, 9, 11, 17
MM, 9, 10, 8
MM, 9, 9, 5
MC, 1, 195
MM, 5, 10, 31
MM, 1, 11, 15
MM, 37, 14, 16
MM, 29, 15, 0
MM, 18, 15, 16
MM, 7, 15, 0
MM, 43, 15, 15
MM, 30, 15, 0
MM, 15, 15, 16
MM, 1, 15, 4
MM, 39, 14, 0
MM, 27, 12, 16
MM, 15, 11, 15
MM, 5, 10, 0
MM, 43, 5, 32
MM, 36, 4, 0
MM, 32, 1, 15
MM, 27, 0, 0
MM, 23, 0, 16
MM, 1, 20, 742
MM, 2, 19, 16
MM, 3, 19, 0
MM, 3, 18, 15
MM, 4, 18, 0
MM, 5, 18, 16
MM, 6, 17, 98
MC, 1, 205
MM, 6, 16, 79
MM, 5, 16, 15
MM, 5, 19, 0
MM, 3, 21, 16
MM, 3, 22, 0
MM, 0, 28, 16
MM, 33, 6, 62
MM, 31, 14, 0
MM, 29, 23, 16
MM, 28, 27, 0
MM, 28, 29, 16
MM, 28, 31, 0
MM, 143, 2, 139
MM, 143, 5, 0
MM, 143, 7, 21
MM, 143, 9, 0
MM, 143, 10, 11
MM, 143, 11, 75
MM, 143, 12, 19
MM, 143, 13, 16
MM, 143, 14, 0
MM, 143, 17, 15
MM, 143, 18, 0
MM, 143, 19, 16
MM, 143, 20, 217
MM, 144, 19, 16
MM, 146, 16, 16
MM, 149, 13, 4
MM, 152, 12, 0
MM, 154, 10, 15
MM, 156, 9, 0
MM, 157, 9, 21
MC, 1, 129
MM, 158, 9, 119
MM, 159, 8, 8
MM, 161, 7, 6
MM, 163, 5, 10
MM, 170, 5, 5
MM, 176, 4, 8
MM, 182, 1, 11
MM, 41, 30, 30
MM, 5, 11, 31
MM, 13, 3, 0
MM, 40, 26, 16
MM, 6, 12, 16
MM, 12, 8, 15
MM, 17, 4, 0
MM, 19, 2, 16
MM, 21, 1, 0
MM, 22, 0, 16
MM, 31, 31, 137
MM, 32, 29, 16
MM, 34, 28, 0
MM, 1, 22, 47
MM, 2, 21, 19
MM, 6, 20, 4
MM, 7, 19, 0
MM, 10, 18, 16
MM, 14, 17, 0
MM, 19, 17, 16
MM, 23, 16, 0
MM, 27, 16, 19
MM, 31, 16, 0
MM, 35, 16, 16
MM, 2, 16, 15
MM, 6, 16, 16
MM, 9, 16, 0
MM, 12, 16, 16
MM, 14, 16, 0
MC, 1, 331
MM, 13, 17, 31
MM, 12, 19, 16
MM, 12, 20, 0
MM, 8, 26, 15
MM, 7, 27, 0
MM, 6, 28, 16
MM, 5, 29, 0
MM, 36, 0, 56
MM, 36, 1, 4
MM, 35, 2, 16
MC, 1, 285
MM, 35, 3, 25
MM, 34, 3, 24
MM, 33, 3, 4
MM, 31, 3, 0
MM, 29, 4, 16
MM, 29, 5, 0
MM, 25, 8, 16
MM, 22, 10, 0
MM, 18, 14, 15
MM, 15, 18, 0
MM, 10, 22, 16
MM, 6, 23, 0
MM, 1, 26, 15
MM, 35, 2, 115
MM, 22, 2, 0
MM, 10, 2, 16
MM, 43, 2, 16
MM, 30, 2, 0
MM, 20, 2, 15
MM, 8, 2, 0
MM, 35, 0, 16
MM, 2, 30, 31
MM, 40, 28, 16
MM, 34, 27, 15
MM, 27, 27, 0
MM, 22, 27, 16
MM, 19, 27, 0
MM, 15, 27, 16
MM, 9, 26, 0
MM, 5, 26, 15
MM, 41, 23, 16
MM, 38, 23, 15
MM, 36, 22, 16
MM, 32, 21, 0
MM, 29, 20, 16
MM, 28, 19, 8
MM, 27, 19, 5
MM, 26, 19, 4
MM, 22, 19, 16
MM, 16, 18, 0
MM, 13, 17, 15
MM, 10, 17, 16
MM, 8, 17, 0
MM, 4, 16, 16
MM, 43, 12, 22
MM, 41, 12, 16
MM, 38, 11, 0
MM, 35, 11, 31
MM, 34, 11, 0
MM, 30, 11, 16
MM, 27, 11, 0
MM, 25, 11, 16
MM, 22, 11, 0
MM, 19, 11, 19
MM, 18, 11, 8
MM, 17, 11, 8
MM, 16, 11, 4
MM, 15, 11, 0
MM, 13, 11, 16
MM, 12, 11, 0
MM, 10, 11, 16
MM, 9, 11, 0
MM, 4, 11, 15
MM, 1, 11, 0
MM, 43, 11, 429
MM, 39, 11, 0
MM, 36, 11, 15
MM, 32, 11, 8
MM, 28, 11, 4
MM, 26, 11, 0
MM, 25, 11, 16
MC, 1, 215
MM, 24, 11, 32
MM, 24, 12, 46
MM, 26, 14, 0
MM, 33, 16, 16
MM, 42, 20, 0
MM, 4, 23, 16
MM, 17, 27, 4
MM, 36, 0, 15
MM, 7, 8, 16
MM, 12, 10, 0
MM, 15, 11, 16
MM, 19, 11, 0
MM, 20, 11, 21
MM, 21, 11, 26
MM, 24, 11, 0
MM, 25, 11, 20
MM, 29, 10, 4
MM, 35, 10, 0
MM, 39, 10, 16
MM, 43, 9, 0
MM, 0, 8, 15
MM, 2, 8, 16
MM, 3, 8, 0
MM, 4, 8, 16
MM, 5, 8, 15
MM, 6, 8, 16
MM, 8, 8, 8
MM, 9, 8, 5
MM, 11, 8, 11
MM, 13, 7, 8
MM, 14, 7, 5
MM, 16, 6, 4
MM, 17, 6, 0
MM, 18, 5, 16
MM, 19, 5, 15
MM, 19, 4, 16
MM, 20, 3, 15
MM, 21, 3, 0
MM, 22, 3, 16
MM, 24, 1, 0
MM, 27, 1, 17
MM, 30, 0, 0
MM, 33, 0, 15
MM, 37, 0, 0
MM, 39, 0, 16
MM, 42, 0, 0
MM, 1, 1, 47
MM, 3, 3, 0
MM, 6, 3, 15
MM, 12, 5, 0
MM, 17, 8, 16
MM, 20, 10, 0
MM, 25, 12, 16
MM, 28, 12, 0
MM, 29, 13, 15
MM, 30, 14, 0
MM, 32, 14, 16
MM, 33, 14, 0
MM, 35, 16, 20
MM, 37, 16, 8
MM, 39, 17, 8
MM, 43, 18, 8
MM, 1, 21, 22
MM, 3, 21, 0
MM, 5, 22, 15
MM, 6, 22, 51
MM, 7, 22, 12
MM, 8, 22, 8
MM, 10, 22, 8
MM, 11, 22, 0
MM, 14, 23, 16
MM, 15, 23, 0
MM, 16, 23, 15
MM, 17, 23, 0
MM, 18, 23, 16
MM, 19, 23, 0
MC, 1, 285
MM, 20, 23, 7
MM, 19, 22, 19
MM, 18, 22, 0
MM, 17, 21, 16
MM, 16, 21, 16
MM, 14, 20, 0
MM, 13, 19, 19
MM, 11, 18, 4
MM, 8, 17, 0
MM, 4, 15, 23
MM, 40, 7, 11
MM, 27, 1, 0
MM, 10, 27, 16
MM, 37, 19, 16
MM, 29, 17, 15
MM, 23, 15, 0
MM, 19, 13, 16
MM, 17, 12, 0
MM, 16, 10, 16
MM, 15, 10, 0
MM, 13, 9, 46
MM, 11, 8, 16
MM, 10, 8, 8
MM, 7, 7, 8
MM, 5, 6, 7
MM, 1, 6, 9
MM, 40, 3, 11
MM, 35, 1, 16
MM, 32, 0, 0
MC, 1, 557
MC, 1, 640
MM, 9, 5, 94
MM, 7, 13, 0
MM, 6, 21, 15
MM, 6, 28, 0
MM, 109, 1, 203
MM, 109, 2, 0
MM, 108, 3, 16
MC, 1, 412
MM, 108, 4, 141
MM, 110, 3, 15
MM, 112, 1, 16
MM, 8, 31, 31
MM, 11, 26, 0
MM, 12, 23, 16
MM, 14, 20, 0
MM, 16, 17, 15
MM, 16, 15, 0
MM, 17, 12, 16
MM, 19, 11, 0
MM, 20, 8, 16
MM, 22, 5, 4
MM, 23, 2, 0
MM, 36, 31, 16
MM, 37, 28, 16
MM, 38, 23, 0
MM, 39, 19, 16
MM, 40, 16, 0
MM, 41, 13, 15
MM, 42, 11, 0
MM, 43, 8, 16
MM, 43, 5, 0
MM, 44, 5, 15
MM, 45, 3, 16
MM, 0, 15, 83
MC, 1, 554
MM, 0, 7, 78
MM, 5, 14, 16
MM, 10, 19, 0
MM, 14, 25, 16
MM, 18, 29, 0
MM, 19, 31, 15
MM, 20, 31, 0
MM, 22, 31, 315
MM, 21, 29, 16
MM, 21, 27, 0
MM, 20, 25, 15
MM, 19, 24, 0
MM, 18, 22, 20
MM, 18, 21, 0
MM, 17, 19, 16
MM, 17, 18, 0
MM, 16, 18, 15
MC, 1, 266
MM, 16, 16, 15
MM, 15, 16, 16
MM, 13, 16, 8
MM, 9, 18, 8
MM, 3, 19, 8
MM, 42, 22, 8
MM, 29, 23, 16
MM, 17, 24, 0
MM, 5, 26, 16
MM, 41, 26, 0
MM, 31, 26, 15
MM, 21, 26, 0
MM, 13, 26, 16
MM, 8, 26, 0
MM, 1, 26, 16
MM, 43, 26, 14
MM, 39, 26, 11
MM, 37, 26, 5
MM, 34, 26, 11
MM, 31, 26, 5
MM, 28, 26, 8
MM, 24, 26, 0
MM, 20, 26, 15
MM, 16, 26, 0
MM, 10, 26, 16
MM, 5, 26, 0
MM, 1, 26, 16
MM, 40, 26, 15
MM, 34, 26, 0
MM, 27, 25, 16
MM, 23, 24, 0
MM, 19, 24, 16
MM, 14, 24, 0
MM, 10, 24, 15
MM, 7, 24, 0
MM, 3, 24, 16
MM, 1, 24, 0
MM, 43, 21, 110
MM, 42, 21, 0
MM, 40, 20, 15
MM, 36, 19, 0
MM, 33, 18, 16
MM, 31, 17, 8
MM, 27, 15, 4
MM, 25, 14, 0
MM, 24, 13, 16
MM, 22, 13, 0
MC, 1, 254
MM, 22, 11, 31
MM, 24, 11, 16
MM, 28, 11, 16
MM, 35, 9, 0
MM, 42, 8, 16
MM, 1, 6, 0
MM, 11, 4, 16
MM, 22, 3, 0
MM, 33, 2, 16
MC, 1, 699
MM, 10, 6, 103
MM, 8, 16, 16
MM, 7, 27, 0
MM, 0, 29, 125
MM, 0, 30, 0
MM, 117, 2, 47
MM, 118, 4, 0
MM, 118, 6, 16
MM, 118, 9, 0
MM, 118, 11, 15
MM, 118, 12, 0
MM, 118, 13, 16
MM, 118, 15, 0
MC, 1, 316
MM, 118, 14, 87
MM, 120, 10, 8
MM, 123, 5, 8
MM, 20, 31, 4
MM, 27, 22, 15
MM, 35, 12, 0
MM, 43, 3, 16
MM, 7, 26, 16
MM, 12, 20, 0
MM, 18, 17, 15
MM, 25, 14, 0
MM, 30, 11, 22
MM, 34, 10, 8
MM, 36, 8, 4
MM, 38, 7, 0
MM, 40, 7, 16
MM, 41, 4, 0
MM, 0, 2, 31
MM, 2, 1, 16
MM, 6, 0, 0
MM, 17, 31, 55
MM, 19, 30, 15
MM, 20, 28, 0
MM, 22, 28, 16
MM, 26, 27, 0
MM, 31, 24, 23
MM, 37, 22, 8
MM, 0, 20, 16
MM, 4, 18, 8
MM, 8, 18, 8
MM, 10, 17, 8
MM, 11, 16, 8
MC, 1, 319
MM, 7, 17, 47
MM, 1, 20, 10
MM, 42, 23, 7
MM, 31, 27, 4
MM, 16, 30, 0
MM, 16, 3, 32
MM, 32, 9, 15
MM, 11, 12, 0
MM, 41, 15, 16
MM, 23, 17, 0
MM, 6, 18, 16
MM, 42, 21, 0
MM, 31, 22, 15
MM, 23, 23, 0
MM, 19, 24, 16
MM, 16, 24, 15
MM, 13, 24, 0
MM, 11, 25, 16
MM, 9, 25, 0
MM, 7, 26, 16
MM, 6, 26, 0
MM, 5, 26, 15
MM, 42, 27, 25
MM, 41, 27, 4
MM, 40, 27, 0
MM, 39, 27, 15
MM, 37, 27, 0
MM, 36, 27, 16
MM, 35, 27, 0
MM, 34, 27, 21
MM, 31, 27, 11
MM, 30, 27, 0
MM, 28, 27, 16
MM, 27, 27, 0
MM, 23, 27, 16
MM, 22, 27, 0
MM, 21, 27, 98
MM, 19, 27, 15
MM, 19, 26, 0
MM, 17, 25, 20
MM, 17, 24, 8
MM, 16, 21, 7
MM, 14, 19, 8
MM, 14, 17, 4
MM, 14, 16, 0
MM, 14, 14, 21
MM, 14, 13, 11
MM, 14, 12, 0
MM, 14, 11, 16
MC, 1, 243
MM, 15, 12, 78
MM, 20, 14, 20
MM, 32, 20, 8
MM, 43, 27, 8
MM, 14, 2, 12
MM, 29, 10, 0
MM, 42, 15, 15
MM, 0, 21, 0
MM, 9, 26, 16
MM, 89, 1, 20
MM, 91, 3, 12
MM, 93, 6, 0
MM, 94, 7, 16
MM, 96, 9, 0
MM, 98, 11, 21
MM, 99, 13, 0
MM, 100, 14, 16
MM, 100, 16, 8
MM, 100, 17, 0
MM, 101, 19, 11
MC, 1, 314
MM, 103, 19, 97
MM, 104, 19, 16
MM, 106, 16, 0
MM, 111, 12, 16
MM, 115, 10, 0
MM, 121, 8, 15
MM, 128, 3, 11
MM, 135, 1, 5
MM, 37, 31, 24
MM, 1, 23, 16
MM, 6, 21, 0
MM, 12, 18, 15
MM, 18, 16, 0
MM, 21, 13, 20
MM, 23, 12, 8
MM, 32, 3, 28
MM, 33, 3, 78
MM, 34, 2, 0
MM, 35, 1, 16
MM, 36, 1, 15
MM, 36, 0, 20
MM, 35, 1, 187
MM, 35, 2, 16
MM, 34, 3, 0
MM, 33, 4, 16
MM, 32, 4, 15
MM, 30, 8, 0
MM, 30, 9, 16
MM, 30, 10, 0
MM, 29, 10, 17
MM, 29, 11, 0
MM, 29, 12, 16
MM, 28, 13, 0
MC, 1, 264
MM, 30, 13, 35
MM, 33, 10, 0
MM, 38, 7, 16
MM, 27, 30, 46
MM, 35, 28, 0
MM, 40, 26, 23
MM, 42, 25, 0
MM, 0, 21, 25
MM, 2, 20, 0
MM, 3, 18, 16
MM, 5, 16, 16
MM, 5, 15, 15
MM, 6, 14, 0
MM, 6, 13, 16
MM, 6, 12, 4
MM, 8, 11, 0
MM, 8, 9, 16
MM, 9, 9, 0
MM, 10, 7, 20
MM, 11, 6, 0
MM, 12, 5, 12
MM, 12, 2, 0
MM, 13, 1, 16
MM, 19, 31, 55
MM, 20, 30, 0
MM, 21, 30, 15
MM, 22, 30, 0
MM, 24, 29, 16
MM, 25, 28, 0
MM, 26, 28, 22
MM, 28, 28, 0
MM, 29, 27, 10
MM, 31, 27, 0
MM, 32, 26, 20
MM, 34, 26, 8
MM, 0, 23, 40
MM, 2, 22, 16
MM, 3, 21, 8
MM, 4, 20, 8
MM, 6, 19, 8
MM, 8, 19, 8
MM, 10, 17, 8
MM, 11, 17, 8
MM, 11, 16, 8
MM, 12, 15, 8
MM, 13, 15, 8
MM, 13, 14, 8
MM, 13, 13, 20
MM, 14, 12, 0
MM, 14, 11, 16
MC, 1, 206
MM, 12, 11, 37
MM, 12, 12, 8
MM, 8, 14, 9
MM, 6, 15, 0
MM, 3, 16, 15
MM, 0, 17, 0
MM, 34, 22, 35
MM, 29, 24, 0
MM, 25, 25, 16
MM, 20, 27, 0
MM, 13, 28, 16
MM, 6, 29, 0
MM, 1, 29, 15
MM, 36, 29, 16
MM, 26, 29, 0
MM, 20, 28, 16
MM, 10, 28, 0
MM, 3, 27, 15
MM, 42, 25, 33
MM, 41, 24, 43
MM, 40, 23, 15
MM, 38, 23, 0
MM, 35, 22, 16
MM, 31, 21, 0
MM, 27, 20, 16
MM, 22, 19, 15
MM, 18, 18, 1
MM, 15, 18, 15
MM, 12, 18, 0
MM, 9, 18, 16
MM, 6, 17, 0
MM, 4, 16, 16
MM, 3, 16, 116
MM, 2, 16, 8
MC, 1, 468
MM, 22, 3, 112
MM, 19, 10, 5
MM, 18, 20, 11
MM, 7, 5, 16
MM, 5, 15, 0
MM, 4, 25, 16
MM, 119, 2, 88
MM, 119, 4, 18
MM, 120, 5, 0
MM, 120, 6, 16
MM, 120, 7, 0
MM, 121, 8, 15
MM, 121, 10, 0
MM, 121, 11, 16
MM, 122, 12, 15
MM, 123, 14, 67
MM, 124, 14, 0
MM, 124, 15, 16
MM, 124, 16, 15
MC, 1, 215
MM, 125, 17, 31
MM, 126, 17, 4
MM, 127, 15, 16
MM, 129, 12, 0
MM, 131, 9, 15
MM, 135, 6, 0
MM, 137, 2, 16
MM, 139, 1, 0
MM, 35, 28, 31
MM, 39, 26, 20
MM, 42, 23, 0
MM, 0, 19, 15
MM, 4, 16, 16
MM, 6, 14, 0
MM, 7, 13, 16
MM, 9, 12, 0
MM, 9, 11, 16
MM, 10, 10, 62
MM, 12, 10, 16
MC, 1, 313
MM, 9, 10, 32
MM, 3, 10, 15
MM, 41, 10, 16
MM, 33, 10, 0
MM, 24, 10, 20
MM, 12, 8, 4
MM, 34, 5, 15
MM, 15, 4, 0
MM, 22, 31, 31
MM, 12, 29, 0
MM, 3, 28, 16
MM, 42, 27, 20
MM, 38, 26, 8
MM, 35, 25, 11
MM, 32, 25, 8
MM, 31, 24, 8
MM, 29, 24, 8
MM, 27, 23, 6
MM, 24, 22, 4
MM, 21, 21, 0
MM, 19, 21, 15
MM, 16, 20, 0
MM, 14, 19, 16
MM, 12, 18, 0
MM, 9, 17, 16
MM, 5, 16, 15
MM, 3, 16, 8
MM, 0, 16, 4
MM, 42, 13, 16
MM, 40, 13, 16
MM, 38, 13, 0
MM, 35, 12, 20
MM, 34, 11, 0
MC, 1, 302
MM, 38, 11, 69
MM, 5, 14, 21
MM, 15, 17, 0
MM, 29, 19, 12
MM, 16, 27, 15
MM, 32, 30, 0
MM, 42, 0, 56
MM, 0, 1, 15
MM, 4, 1, 16
MM, 7, 1, 0
MM, 12, 1, 20
MM, 18, 1, 10
MM, 22, 1, 8
MM, 28, 1, 8
MM, 35, 2, 6
MM, 40, 2, 4
MM, 1, 3, 15
MM, 3, 3, 16
MM, 6, 4, 0
MM, 8, 5, 16
MM, 10, 5, 15
MM, 12, 5, 0
MM, 15, 5, 16
MM, 18, 5, 0
MM, 22, 5, 15
MM, 26, 5, 9
MM, 32, 5, 0
MM, 38, 5, 15
MM, 0, 7, 31
MM, 5, 7, 0
MM, 7, 7, 16
MM, 9, 7, 86
MM, 11, 8, 16
MM, 11, 9, 0
MM, 13, 9, 16
MM, 15, 9, 0
MM, 17, 9, 20
MM, 17, 10, 8
MM, 18, 10, 4
MM, 20, 10, 0
MC, 1, 261
MM, 18, 10, 47
MM, 13, 10, 7
MM, 4, 9, 8
MM, 41, 4, 16
MM, 45, 25, 32
MM, 35, 21, 0
MM, 26, 18, 15
MM, 17, 14, 0
MM, 10, 10, 16
MM, 4, 7, 4
MC, 1, 545
MM, 27, 0, 190
MM, 27, 1, 16
MM, 27, 2, 0
MM, 27, 3, 16
MM, 27, 5, 27
MM, 27, 6, 60
MM, 27, 8, 15
MC, 1, 270
MM, 26, 9, 63
MM, 26, 12, 19
MM, 26, 15, 9
MM, 26, 19, 6
MM, 26, 22, 8
MM, 26, 26, 10
MM, 26, 31, 0
MM, 19, 4, 15
MM, 19, 11, 16
MM, 20, 16, 0
MM, 20, 19, 15
MM, 22, 22, 0
MM, 23, 24, 16
MM, 23, 26, 0
MM, 24, 29, 16
MM, 26, 30, 4
MM, 26, 31, 0
MM, 44, 0, 62
MM, 45, 3, 16
MM, 45, 4, 16
MM, 46, 7, 8
MM, 46, 9, 16
MM, 48, 10, 13
MM, 48, 11, 16
MC, 1, 301
MM, 46, 9, 72
MM, 41, 7, 0
MM, 35, 2, 15
MM, 9, 31, 16
MM, 2, 26, 0
MM, 41, 18, 31
MM, 36, 14, 0
MM, 33, 11, 16
MM, 29, 8, 0
MM, 27, 7, 16
MM, 24, 4, 8
MM, 22, 4, 0
MM, 21, 3, 16
MM, 20, 2, 0
MM, 17, 1, 16
MM, 16, 0, 0
MM, 14, 0, 16
MM, 14, 31, 15
MM, 10, 30, 16
MM, 5, 28, 9
MM, 2, 26, 7
MM, 42, 23, 24
MM, 40, 22, 16
MM, 39, 22, 0
MM, 37, 21, 15
MM, 37, 20, 0
MM, 36, 20, 16
MM, 31, 18, 16
MM, 28, 17, 0
MM, 26, 16, 15
MM, 25, 16, 8
MM, 23, 15, 4
MM, 22, 15, 16
MM, 20, 15, 31
MM, 19, 15, 16
MC, 1, 218
MM, 17, 14, 51
MM, 20, 13, 16
MM, 28, 13, 15
MM, 39, 13, 0
MM, 8, 17, 16
MM, 23, 18, 0
MM, 42, 22, 15
MM, 17, 24, 0
MM, 42, 25, 21
MM, 14, 29, 7
MM, 31, 31, 6
MM, 40, 31, 11
MM, 40, 28, 243
MM, 34, 25, 0
MM, 28, 21, 15
MM, 23, 18, 0
MM, 17, 16, 20
MM, 13, 13, 4
MM, 10, 13, 0
MM, 8, 12, 15
MM, 7, 10, 0
MM, 9, 11, 283
MM, 11, 12, 9
MM, 15, 12, 11
MM, 18, 13, 8
MM, 20, 14, 8
MM, 22, 15, 8
MM, 24, 15, 8
MC, 1, 260
MM, 26, 15, 36
MM, 28, 15, 15
MM, 30, 13, 16
MM, 32, 12, 0
MM, 34, 10, 17
MM, 35, 9, 8
MM, 37, 8, 7
MM, 39, 6, 9
MM, 40, 5, 8
MM, 43, 3, 8
MC, 1, 624
MC, 1, 695
MC, 1, 1022
MM, 35, 3, 103
MM, 35, 13, 16
MM, 35, 21, 0
MM, 35, 31, 15
MM, 27, 4, 0
MM, 27, 15, 16
MM, 29, 22, 0
MM, 29, 25, 16
MM, 29, 26, 0
MM, 30, 27, 15
MM, 30, 28, 126
MM, 30, 29, 4
MM, 30, 30, 20
MM, 30, 31, 15
MM, 97, 0, 121
MM, 97, 2, 26
MM, 97, 3, 15
MM, 97, 5, 16
MM, 97, 6, 31
MM, 97, 8, 0
MM, 97, 9, 16
MM, 97, 12, 0
MM, 97, 13, 16
MM, 97, 14, 15
MC, 1, 191
MM, 97, 15, 32
MM, 96, 15, 15
MM, 91, 13, 0
MM, 85, 10, 16
MM, 79, 6, 0
MM, 73, 2, 16
MM, 29, 27, 27
MM, 17, 22, 0
MM, 4, 16, 16
MM, 43, 11, 0
MM, 33, 6, 16
MM, 28, 3, 0
MM, 24, 2, 15
MM, 21, 1, 0
MM, 18, 0, 17
MM, 5, 31, 110
MM, 4, 31, 10
MM, 0, 29, 8
MM, 40, 24, 15
MM, 37, 22, 0
MM, 35, 20, 16
MM, 32, 18, 0
MM, 31, 18, 113
MM, 30, 17, 0
MM, 28, 16, 16
MC, 1, 253
MM, 29, 17, 67
MM, 35, 20, 15
MM, 25, 8, 16
MM, 19, 28, 16
MM, 63, 4, 25
MM, 71, 9, 5
MM, 76, 12, 11
MM, 79, 14, 5
MM, 79, 15, 11
MM, 81, 15, 8
MM, 82, 16, 57
MM, 84, 16, 31
MC, 1, 290
MM, 85, 14, 67
MM, 86, 6, 0
MM, 25, 28, 27
MM, 26, 20, 6
MM, 29, 13, 7
MM, 32, 5, 4
MM, 35, 0, 0
MM, 0, 26, 33
MM, 0, 25, 15
MM, 0, 24, 0
MM, 1, 23, 16
MM, 2, 23, 63
MM, 3, 23, 4
MM, 3, 22, 15
MM, 4, 22, 0
MM, 4, 20, 16
MM, 7, 20, 0
MM, 8, 20, 16
MM, 9, 19, 21
MC, 1, 291
MM, 10, 19, 76
MM, 12, 17, 16
MM, 17, 16, 0
MM, 28, 14, 15
MM, 41, 11, 0
MM, 13, 9, 18
MM, 29, 5, 16
MM, 43, 4, 0
MM, 5, 2, 15
MM, 17, 0, 0
MM, 41, 31, 145
MM, 43, 31, 16
MM, 1, 27, 125
MM, 4, 27, 0
MM, 5, 25, 19
MM, 8, 24, 0
MM, 10, 24, 16
MM, 11, 24, 0
MM, 12, 24, 16
MM, 13, 24, 0
MM, 14, 23, 31
MM, 15, 23, 8
MM, 17, 23, 6
MM, 19, 22, 11
MM, 22, 21, 8
MM, 25, 20, 8
MM, 27, 20, 0
MM, 30, 19, 16
MM, 32, 18, 0
MM, 33, 17, 31
MM, 34, 16, 41
MM, 35, 16, 8
MM, 35, 15, 8
MM, 0, 13, 31
MM, 1, 13, 0
MM, 2, 12, 16
MC, 1, 376
MM, 35, 15, 126
MM, 29, 18, 0
MM, 21, 19, 15
MM, 12, 22, 0
MM, 3, 23, 16
MM, 43, 24, 0
MM, 31, 26, 20
MM, 20, 27, 8
MM, 10, 29, 8
MM, 0, 31, 8
MM, 21, 1, 15
MM, 15, 2, 16
MM, 7, 5, 0
MM, 40, 9, 31
MM, 35, 9, 16
MM, 29, 10, 0
MM, 24, 10, 16
MM, 20, 10, 0
MM, 15, 10, 15
MM, 10, 10, 0
MM, 6, 11, 16
MM, 0, 12, 0
MM, 40, 13, 15
MM, 36, 13, 16
MM, 32, 13, 0
MM, 29, 13, 20
MM, 27, 13, 4
MM, 26, 13, 0
MM, 25, 13, 15
MM, 24, 13, 36
MM, 23, 13, 15
MM, 22, 13, 0
MM, 19, 13, 16
MM, 17, 13, 16
MM, 9, 12, 0
MM, 6, 12, 15
MM, 2, 12, 0
MM, 41, 10, 32
MM, 39, 9, 8
MM, 37, 9, 0
MM, 36, 9, 109
MC, 1, 251
MM, 35, 9, 133
MM, 39, 12, 16
MM, 4, 20, 15
MM, 13, 22, 0
MM, 22, 28, 16
MM, 32, 31, 0
MM, 2, 0, 31
MM, 10, 3, 16
MM, 17, 3, 0
MM, 24, 4, 15
MM, 30, 4, 0
MM, 37, 5, 16
MM, 43, 5, 0
MM, 0, 6, 16
MM, 4, 6, 17
MM, 6, 7, 8
MM, 8, 7, 8
MM, 11, 7, 6
MM, 14, 8, 8
MM, 15, 8, 4
MM, 18, 8, 0
MM, 21, 8, 15
MM, 22, 9, 0
MM, 25, 10, 16
MM, 28, 10, 0
MM, 30, 10, 16
MM, 33, 12, 15
MM, 35, 12, 0
MM, 36, 12, 16
MM, 40, 14, 0
MM, 41, 14, 16
MM, 43, 15, 0
MM, 1, 23, 40
MM, 6, 24, 0
MM, 9, 26, 11
MM, 12, 28, 0
MM, 15, 29, 16
MM, 17, 30, 0
MM, 17, 31, 71
MM, 18, 31, 15
MM, 19, 31, 0
MM, 40, 31, 276
MM, 42, 29, 8
MM, 1, 25, 47
MM, 2, 25, 16
MM, 3, 24, 15
MM, 4, 24, 21
MM, 6, 24, 0
MM, 7, 24, 12
MM, 10, 24, 0
MM, 11, 24, 16
MM, 14, 24, 0
MM, 17, 24, 15
MM, 19, 24, 0
MM, 21, 24, 16
MM, 22, 24, 0
MM, 24, 23, 19
MM, 25, 22, 10
MM, 26, 22, 8
MM, 27, 21, 0
MM, 27, 20, 16
MM, 28, 19, 0
MM, 29, 19, 16
MM, 31, 18, 0
MM, 33, 18, 16
MM, 36, 18, 0
MM, 38, 18, 15
MM, 39, 18, 0
MM, 40, 18, 16
MM, 42, 18, 0
MM, 42, 17, 15
MM, 0, 14, 63
MM, 2, 14, 15
MM, 4, 13, 0
MM, 5, 13, 16
MM, 6, 12, 0
MM, 7, 12, 31
MM, 8, 12, 0
MM, 9, 12, 16
MM, 9, 11, 16
MM, 10, 11, 113
MM, 12, 11, 31
MM, 12, 10, 16
MM, 13, 10, 16
MM, 15, 9, 15
MM, 16, 9, 92
MM, 18, 8, 18
MC, 1, 184
MM, 17, 8, 400
MM, 16, 7, 31
MM, 14, 6, 16
MM, 13, 6, 15
MM, 12, 6, 20
MM, 11, 6, 16
MM, 10, 6, 0
MM, 9, 6, 15
MM, 8, 6, 16
MM, 6, 6, 16
MM, 5, 6, 15
MM, 1, 5, 16
MM, 0, 4, 16
MM, 42, 2, 22
MM, 41, 1, 4
MM, 39, 0, 0
MM, 33, 30, 61
MM, 31, 28, 15
MM, 28, 26, 0
MM, 23, 23, 16
MM, 20, 20, 0
MM, 17, 20, 16
MM, 15, 17, 0
MM, 13, 15, 15
MM, 11, 13, 0
MM, 9, 11, 16
MM, 7, 8, 0
MM, 4, 4, 16
MM, 1, 2, 0
MM, 41, 28, 35
MM, 38, 23, 8
MM, 34, 18, 8
MM, 30, 15, 8
MM, 25, 11, 8
MM, 20, 5, 8
MM, 16, 0, 4
MM, 135, 63, 508
MM, 134, 60, 8
MM, 130, 56, 0
MM, 128, 54, 12
MM, 127, 52, 0
MM, 127, 50, 15
MM, 126, 49, 16
MM, 126, 48, 16
MM, 126, 47, 27
MM, 126, 46, 51
MM, 126, 45, 16
MM, 126, 44, 23
MM, 126, 43, 5
MM, 127, 43, 4
MM, 128, 43, 15
MM, 129, 42, 0
MM, 129, 41, 24
MM, 130, 41, 62
MM, 131, 41, 8
MM, 132, 41, 8
MM, 135, 40, 0
MM, 139, 40, 16
MM, 142, 40, 0
MM, 145, 40, 18
MM, 148, 40, 0
MM, 149, 40, 15
MM, 151, 40, 0
MM, 153, 40, 16
MM, 156, 40, 0
MM, 159, 40, 16
MM, 163, 40, 8
MM, 169, 41, 0
MM, 174, 41, 15
MM, 178, 41, 0
MM, 184, 41, 16
MM, 187, 41, 0
MM, 190, 41, 16
MM, 192, 41, 0
MM, 193, 41, 15
MM, 196, 41, 0
MM, 197, 41, 16
MM, 199, 41, 0
MM, 200, 41, 16
MM, 202, 41, 11
MM, 204, 41, 8
MM, 207, 41, 8
MM, 209, 41, 8
MM, 212, 41, 5
MM, 215, 41, 4
MM, 218, 41, 0
MM, 220, 41, 15
MM, 223, 41, 16
MM, 225, 41, 0
MM, 226, 41, 16
MM, 228, 41, 0
MM, 230, 41, 15
MM, 231, 41, 0
MM, 233, 41, 16
MM, 237, 42, 0
MM, 239, 43, 16
MM, 241, 43, 0
MM, 244, 45, 15
MM, 247, 45, 0
MM, 249, 47, 16
MM, 252, 49, 0
MM, 255, 49, 16
MM, 256, 51, 10
MM, 259, 51, 5
MM, 262, 52, 8
MM, 264, 53, 4
MM, 267, 54, 15
MM, 269, 55, 0
MM, 270, 57, 16
MM, 273, 58, 0
MM, 273, 59, 16
MM, 274, 59, 0
MM, 276, 61, 16
MM, 276, 62, 0
MM, 277, 63, 16
MM, 278, 63, 0
MM, 16, 2, 287
MM, 15, 5, 0
MM, 14, 10, 15
MM, 11, 14, 0
MM, 8, 20, 16
MM, 6, 24, 0
MM, 2, 30, 16
MM, 43, 7, 15
MM, 40, 12, 17
MM, 39, 15, 0
MM, 38, 17, 16
MM, 37, 18, 0
MM, 37, 19, 15
MM, 36, 20, 0
MM, 36, 22, 16
MM, 36, 23, 16
MM, 36, 25, 19
MM, 36, 26, 8
MM, 36, 28, 16
MM, 36, 31, 16
MM, 29, 1, 31
MM, 30, 2, 16
MM, 30, 3, 0
MM, 31, 4, 15
MM, 32, 4, 0
MM, 33, 5, 16
MM, 35, 6, 16
MM, 35, 7, 8
MM, 37, 8, 10
MM, 38, 8, 8
MM, 39, 9, 8
MM, 39, 10, 4
MM, 39, 11, 78
MM, 39, 13, 16
MM, 39, 14, 0
MM, 38, 15, 15
MM, 38, 16, 0
MM, 36, 17, 16
MM, 31, 19, 15
MM, 25, 21, 0
MM, 20, 22, 16
MM, 10, 22, 0
MM, 30, 21, 17
MM, 13, 18, 16
MM, 19, 11, 16
MM, 14, 30, 31
MM, 32, 20, 16
MM, 22, 18, 0
MM, 12, 16, 15
MM, 3, 16, 0
MM, 40, 16, 24
MM, 35, 16, 8
MM, 32, 17, 4
MM, 27, 18, 0
MM, 24, 20, 16
MM, 19, 23, 0
MM, 15, 24, 15
MM, 10, 27, 0
MM, 6, 29, 16
MM, 32, 1, 16
MM, 29, 3, 15
MM, 24, 6, 0
MM, 20, 10, 16
MM, 17, 13, 15
MM, 15, 15, 0
MM, 12, 20, 16
MM, 9, 23, 0
MM, 8, 26, 16
MM, 8, 29, 0
MM, 7, 31, 15
MM, 97, 3, 346897
MM, 102, 8, 7
MM, 106, 13, 8
MM, 115, 19, 8
MM, 124, 24, 8
MM, 137, 28, 8
MM, 158, 34, 8
MM, 191, 42, 8
MM, 230, 50, 8
MM, 272, 55, 8
MM, 7, 1, 280
MM, 5, 4, 8
MM, 3, 5, 8
MM, 34, 14, 32
MM, 30, 16, 8
MM, 28, 17, 8
MM, 27, 19, 8
MM, 25, 19, 8
MM, 20, 20, 8
MM, 18, 22, 8
MM, 15, 23, 9
MM, 11, 25, 8
MM, 7, 27, 7
MM, 4, 28, 9
MM, 1, 29, 8
MM, 31, 0, 88
MM, 30, 1, 15
MM, 30, 2, 9
MM, 30, 3, 8
MM, 29, 3, 8
MM, 29, 4, 8
MM, 29, 6, 8
MM, 29, 7, 8
MM, 29, 8, 8
MM, 28, 9, 7
MM, 28, 11, 17
MM, 28, 12, 23
MM, 27, 12, 8
MM, 27, 15, 9
MM, 26, 16, 8
MM, 26, 17, 8
MM, 25, 18, 8
MM, 24, 21, 8
MM, 22, 23, 8
MM, 21, 26, 8
MM, 20, 28, 8
MM, 18, 31, 8
MM, 0, 5, 24
MM, 40, 22, 24
MM, 38, 28, 7
MM, 43, 0, 24
MM, 42, 2, 8
MM, 41, 4, 8
MM, 40, 6, 8
MM, 40, 7, 265
MM, 39, 7, 80
MM, 39, 8, 8
MM, 38, 9, 8
MM, 37, 11, 8
MM, 36, 13, 7
MM, 35, 15, 16
MM, 35, 16, 8
MM, 35, 17, 8
MM, 34, 18, 8
MM, 34, 20, 8
MM, 34, 21, 249
MM, 34, 20, 31
MM, 34, 19, 17
MM, 34, 17, 8
MM, 35, 16, 56
MM, 35, 15, 16
MM, 35, 14, 16
