********************************************************************************
LOGGING TIME: 20181001_203623
CLIENT IP: 10.109.59.64
USERNAME: Rahul
OS: Windows 10
ARCHITECTURE: amd64
VERSION: 10.0
RESOLUTION: 1366.0 768.0
********************************************************************************
MM, 768, 271, 1537598292203
MM, 768, 271, 0
MM, 766, 271, 15
MM, 765, 271, 16
MM, 763, 271, 15
MM, 762, 271, 16
MM, 761, 271, 16
MM, 760, 271, 0
MM, 759, 271, 15
MP, 1, 235
MR, 1, 125
MC, 1, 0
MM, 761, 272, 406
MM, 768, 274, 16
MM, 777, 278, 0
MM, 801, 291, 15
MM, 831, 309, 16
MM, 869, 335, 15
MM, 907, 364, 16
MM, 943, 395, 16
MM, 978, 429, 0
MM, 1003, 460, 15
MM, 1020, 482, 16
MM, 1029, 496, 16
MM, 1028, 500, 250
MM, 1025, 507, 15
MM, 1021, 517, 16
MM, 1016, 529, 0
MM, 1012, 540, 15
MM, 1009, 549, 16
MM, 1007, 556, 16
MM, 1005, 560, 15
MM, 1004, 562, 0
MM, 1003, 564, 16
MM, 1003, 565, 16
MM, 1003, 566, 15
MM, 1003, 565, 78
MM, 1003, 560, 16
MM, 1003, 554, 16
MM, 1004, 548, 15
MM, 1006, 544, 16
MM, 1007, 541, 15
MM, 1008, 539, 0
MM, 1009, 538, 16
MM, 1010, 537, 16
MM, 1012, 537, 15
MM, 1013, 537, 16
MM, 1015, 537, 0
MM, 1017, 537, 16
MM, 1019, 537, 15
MM, 1022, 540, 16
MM, 1026, 546, 15
MM, 1026, 551, 32
MM, 1023, 549, 5200
MM, 1013, 541, 16
MM, 989, 520, 0
MM, 939, 472, 16
MM, 901, 433, 15
MM, 869, 396, 16
MM, 843, 366, 16
MM, 826, 343, 15
MM, 814, 328, 0
MM, 805, 320, 16
MM, 800, 314, 15
MM, 795, 309, 16
MM, 791, 306, 16
MM, 789, 304, 0
MM, 788, 302, 15
MM, 786, 301, 16
MM, 784, 299, 16
MM, 782, 299, 218
MM, 773, 299, 0
MM, 750, 294, 16
MM, 697, 287, 16
MM, 628, 276, 15
MM, 567, 266, 16
MM, 517, 260, 0
MM, 435, 249, 47
MM, 428, 247, 15
MM, 423, 246, 16
MM, 421, 245, 0
MM, 420, 245, 16
MM, 420, 244, 15
MM, 420, 244, 31
MM, 420, 243, 63
MM, 420, 242, 16
MM, 420, 241, 15
MM, 420, 239, 16
MM, 420, 237, 15
MM, 420, 235, 16
MM, 420, 233, 0
MM, 421, 231, 16
MM, 422, 228, 15
MM, 422, 227, 16
MM, 424, 225, 16
MM, 426, 222, 0
MM, 430, 220, 15
MM, 435, 216, 16
MM, 443, 212, 15
MM, 449, 208, 16
MM, 455, 206, 0
MM, 458, 204, 16
MM, 460, 203, 15
MM, 462, 203, 16
MM, 463, 203, 16
MM, 464, 203, 15
MM, 465, 203, 125
MM, 466, 201, 16
MM, 468, 201, 15
MM, 468, 201, 235
MM, 469, 200, 0
MM, 469, 198, 15
MM, 470, 195, 16
MM, 470, 193, 16
MM, 470, 191, 15
MM, 470, 188, 16
MM, 470, 187, 0
MM, 470, 187, 16
MM, 470, 186, 15
MM, 470, 185, 16
MM, 470, 185, 15
MM, 470, 184, 16
MM, 470, 184, 16
MM, 470, 183, 15
MM, 470, 182, 16
MM, 470, 181, 0
MM, 471, 180, 16
MM, 471, 179, 15
MP, 1, 360
MR, 1, 125
MC, 1, 0
MM, 471, 181, 218
MM, 471, 185, 16
MM, 472, 194, 16
MM, 473, 205, 15
MM, 477, 230, 16
MM, 484, 270, 15
MM, 498, 319, 0
MM, 512, 378, 16
MM, 531, 440, 16
MM, 537, 455, 15
MM, 551, 486, 16
MM, 566, 527, 0
MM, 578, 563, 16
MM, 587, 585, 15
MM, 592, 598, 16
MM, 592, 599, 187
MM, 593, 602, 16
MM, 595, 610, 16
MM, 598, 624, 0
MM, 602, 645, 15
MM, 608, 669, 16
MM, 615, 704, 15
MM, 621, 731, 16
MM, 630, 760, 16
MM, 638, 790, 0
MM, 646, 792, 15
MM, 653, 787, 16
MM, 653, 767, 344
MM, 653, 766, 15
MM, 653, 766, 16
MM, 653, 765, 16
MM, 653, 764, 15
MM, 653, 763, 16
MM, 653, 761, 0
MM, 652, 759, 15
MM, 651, 757, 16
MM, 649, 755, 16
MM, 648, 753, 15
MM, 646, 752, 16
MM, 646, 751, 0
MM, 644, 750, 16
MM, 643, 749, 15
MM, 642, 749, 16
MM, 640, 749, 15
MM, 640, 748, 0
MM, 639, 748, 16
MM, 638, 748, 16
MM, 637, 747, 15
MM, 637, 747, 16
MM, 636, 746, 0
MM, 636, 746, 16
MM, 635, 746, 15
MM, 635, 745, 16
MM, 633, 745, 15
MM, 632, 745, 16
MM, 631, 744, 0
MM, 629, 743, 16
MM, 627, 742, 15
MM, 625, 741, 16
MM, 623, 740, 16
MM, 620, 739, 0
MM, 619, 739, 15
MM, 617, 739, 16
MM, 615, 738, 15
MM, 613, 738, 16
MM, 612, 738, 0
MM, 611, 738, 16
MM, 610, 738, 15
MM, 609, 738, 16
MM, 609, 737, 16
MM, 609, 736, 15
MM, 607, 736, 0
MM, 606, 735, 16
MP, 1, 312
MR, 1, 141
MC, 1, 0
MM, 604, 731, 11194
MM, 599, 721, 13
MM, 583, 687, 13
MM, 554, 623, 12
MM, 521, 554, 13
MM, 487, 488, 11
MM, 473, 466, 14
MM, 447, 433, 13
MM, 417, 387, 13
MM, 391, 337, 13
MM, 365, 289, 13
MM, 348, 250, 12
MM, 335, 221, 12
MM, 326, 205, 14
MM, 320, 197, 12
MM, 317, 193, 240
MM, 308, 182, 15
MM, 285, 154, 12
MM, 255, 120, 12
MM, 231, 94, 12
MM, 214, 76, 13
MM, 204, 67, 12
MM, 198, 61, 14
MM, 193, 58, 11
MM, 191, 56, 15
MM, 189, 55, 12
MM, 188, 55, 12
MM, 188, 55, 13
MM, 187, 55, 38
MM, 187, 55, 101
MM, 186, 55, 12
MM, 185, 55, 14
MM, 185, 54, 12
MM, 184, 54, 12
MM, 184, 53, 14
MP, 1, 290
MR, 1, 139
MC, 1, 0
MM, 185, 53, 13213
MM, 189, 53, 12
MM, 196, 52, 12
MM, 202, 51, 13
MM, 209, 51, 13
MM, 215, 51, 12
MM, 220, 51, 14
MM, 224, 51, 12
MM, 227, 51, 13
MM, 229, 53, 12
MM, 233, 56, 13
MM, 238, 67, 12
MM, 240, 86, 14
MM, 240, 116, 11
MM, 235, 161, 15
MM, 224, 201, 11
MM, 214, 234, 13
MM, 203, 257, 12
MM, 195, 278, 13
MM, 187, 293, 12
MM, 180, 306, 14
MM, 171, 319, 12
MM, 160, 332, 24
MM, 150, 342, 1
MM, 140, 351, 13
MM, 130, 356, 13
MM, 124, 360, 13
MM, 119, 360, 14
MM, 116, 354, 49
MM, 115, 346, 13
MM, 115, 333, 13
MM, 116, 314, 12
MM, 124, 289, 14
MM, 133, 266, 13
MM, 147, 242, 12
MM, 160, 225, 14
MM, 170, 215, 11
MM, 180, 206, 13
MM, 190, 200, 12
MM, 201, 195, 13
MM, 211, 192, 15
MM, 221, 192, 10
MM, 235, 195, 12
MM, 251, 199, 14
MM, 274, 210, 13
MM, 305, 226, 12
MM, 344, 243, 12
MM, 389, 262, 14
MM, 433, 281, 13
MM, 475, 298, 12
MM, 513, 313, 12
MM, 519, 313, 254
MM, 536, 312, 13
MM, 585, 310, 13
MM, 639, 310, 12
MM, 715, 313, 12
MM, 747, 318, 14
MM, 782, 327, 12
MM, 828, 340, 14
MM, 874, 354, 11
MM, 915, 369, 13
MM, 951, 381, 13
MM, 973, 390, 12
MM, 984, 396, 12
MM, 987, 396, 178
MM, 992, 396, 12
MM, 1002, 396, 15
MM, 1017, 396, 12
MM, 1039, 395, 13
MM, 1063, 392, 13
MM, 1075, 391, 11
MM, 1084, 390, 14
MM, 1088, 390, 12
MM, 1090, 389, 13
MM, 1092, 389, 12
MM, 1092, 389, 89
MM, 1091, 389, 12
MM, 1089, 389, 15
MM, 1086, 389, 11
MM, 1083, 389, 13
MM, 1079, 388, 13
MM, 1074, 387, 13
MM, 1070, 385, 15
MM, 1068, 385, 10
MM, 1066, 384, 11
MM, 1066, 383, 14
MM, 1065, 383, 13
MM, 1064, 382, 12
MM, 1064, 382, 13
MM, 1064, 381, 12
MM, 1064, 380, 16
MM, 1064, 380, 10
MM, 1064, 379, 13
MM, 1064, 379, 12
MM, 1064, 378, 14
MM, 1064, 378, 11
MM, 1064, 377, 25
MM, 1064, 377, 14
MM, 1064, 376, 12
MM, 1065, 376, 14
MM, 1067, 375, 11
MM, 1068, 374, 14
MM, 1070, 373, 12
MM, 1072, 372, 12
MM, 1073, 372, 12
MM, 1074, 372, 13
MM, 1076, 371, 13
MM, 1076, 370, 14
MM, 1078, 370, 11
MM, 1079, 370, 14
MM, 1082, 370, 12
MM, 1084, 369, 12
MM, 1087, 369, 13
MM, 1091, 368, 13
MM, 1095, 367, 12
MM, 1098, 367, 13
MM, 1101, 367, 15
MM, 1103, 367, 11
MM, 1105, 367, 13
MM, 1106, 367, 12
MM, 1107, 366, 13
MM, 1108, 365, 13
MWM, 1108, 365, 0, 7, 1, 386
MWM, 1108, 365, 0, 7, 1, 22
MWM, 1108, 365, 0, 7, 1, 22
MWM, 1108, 365, 0, 7, 1, 22
MWM, 1108, 365, 0, 7, 1, 25
MWM, 1108, 365, 0, 7, 1, 25
MWM, 1108, 365, 0, 7, 1, 29
MWM, 1108, 365, 0, 7, 1, 19
MWM, 1108, 365, 0, 7, 1, 28
MWM, 1108, 365, 0, 7, 1, 26
MWM, 1108, 365, 0, 7, 1, 27
MWM, 1108, 365, 0, 7, 1, 20
MWM, 1108, 365, 0, 7, 1, 21
MWM, 1108, 365, 0, 7, 1, 20
MWM, 1108, 365, 0, 7, 1, 20
MWM, 1108, 365, 0, 7, 1, 20
MWM, 1108, 365, 0, 7, 1, 21
MWM, 1108, 365, 0, 7, 1, 21
MWM, 1108, 365, 0, 7, 1, 30
MWM, 1108, 365, 0, 7, 1, 21
MWM, 1108, 365, 0, 7, 1, 31
MWM, 1108, 365, 0, 7, 1, 103
MP, 1, 371
MR, 1, 126
MC, 1, 0
MWM, 1108, 365, 0, 7, 1, 196
MWM, 1108, 365, 0, 7, 1, 30
MWM, 1108, 365, 0, 7, 1, 24
MWM, 1108, 365, 0, 7, 1, 25
MWM, 1108, 365, 0, 7, 1, 27
MWM, 1108, 365, 0, 7, 1, 28
MWM, 1108, 365, 0, 7, 1, 21
MWM, 1108, 365, 0, 7, 1, 28
MWM, 1108, 365, 0, 7, 1, 35
MWM, 1108, 365, 0, 7, 1, 83
MWM, 1108, 365, 0, 7, 1, 22249
MWM, 1108, 365, 0, 7, 1, 23
MWM, 1108, 365, 0, 7, 1, 28
MWM, 1108, 365, 0, 7, 1, 25
MWM, 1108, 365, 0, 7, 1, 28
MWM, 1108, 365, 0, 7, 1, 24
MWM, 1108, 365, 0, 7, 1, 30
MWM, 1108, 365, 0, 7, 1, 24
MWM, 1108, 365, 0, 7, 1, 24
MWM, 1108, 365, 0, 7, 1, 24
MWM, 1108, 365, 0, 7, 1, 24
MWM, 1108, 365, 0, 7, 1, 23
MWM, 1108, 365, 0, 7, 1, 36
MWM, 1108, 365, 0, 7, 1, 87
MWM, 1108, 365, 0, 7, 1, 50
MWM, 1108, 365, 0, 7, 1, 51
MWM, 1108, 365, 0, 7, 1, 50
MWM, 1108, 365, 0, 7, 1, 64
MWM, 1108, 365, 0, 7, 1, 35
MWM, 1108, 365, 0, 7, 1, 29
MWM, 1108, 365, 0, 7, 1, 37
MWM, 1108, 365, 0, 7, 1, 38
MWM, 1108, 365, 0, 7, 1, 38
MWM, 1108, 365, 0, 7, 1, 2177
MWM, 1108, 365, 0, 7, 1, 254
MWM, 1108, 365, 0, 7, 1, 1444
MWM, 1108, 365, 0, 7, 1, 46
MWM, 1108, 365, 0, 7, 1, 47
MWM, 1108, 365, 0, 7, 1, 47
MWM, 1108, 365, 0, 7, 1, 48
MWM, 1108, 365, 0, 7, 1, 59
MWM, 1108, 365, 0, 7, 1, 41
MWM, 1108, 365, 0, 7, 1, 48
MWM, 1108, 365, 0, 7, 1, 49
MWM, 1108, 365, 0, 7, 1, 71
MWM, 1108, 365, 0, 7, 1, 46
MWM, 1108, 365, 0, 7, 1, 2841
MWM, 1108, 365, 0, 7, 1, 75
MWM, 1108, 365, 0, 7, 1, 44
MWM, 1108, 365, 0, 7, 1, 42
MWM, 1108, 365, 0, 7, 1, 48
MWM, 1108, 365, 0, 7, 1, 51
MWM, 1108, 365, 0, 7, 1, 46
MWM, 1108, 365, 0, 7, 1, 47
MWM, 1108, 365, 0, 7, 1, 70
MWM, 1108, 365, 0, 7, 1, 44
MWM, 1108, 365, 0, 7, 1, 350
MWM, 1108, 365, 0, 7, 1, 48
MWM, 1108, 365, 0, 7, 1, 50
MWM, 1108, 365, 0, 7, 1, 50
MWM, 1108, 365, 0, 7, 1, 47
MWM, 1108, 365, 0, 7, 1, 62
MWM, 1108, 365, 0, 7, 1, 84
MWM, 1108, 365, 0, 7, 1, 48
MWM, 1108, 365, 0, 7, 1, 490
MWM, 1108, 365, 0, 7, 1, 53
MWM, 1108, 365, 0, 7, 1, 51
MWM, 1108, 365, 0, 7, 1, 52
MWM, 1108, 365, 0, 7, 1, 38
MWM, 1108, 365, 0, 7, 1, 86
MWM, 1108, 365, 0, 7, 1, 3559
MWM, 1108, 365, 0, 7, 1, 49
MWM, 1108, 365, 0, 7, 1, 51
MWM, 1108, 365, 0, 7, 1, 58
MWM, 1108, 365, 0, 7, 1, 1682
MWM, 1108, 365, 0, 7, 1, 47
MWM, 1108, 365, 0, 7, 1, 48
MWM, 1108, 365, 0, 7, 1, 55
MWM, 1108, 365, 0, 7, 1, 42
MWM, 1108, 365, 0, 7, 1, 50
MWM, 1108, 365, 0, 7, 1, 1329
MWM, 1108, 365, 1, 7, 1, 54
MWM, 1108, 365, 0, 7, 1, 56
MWM, 1108, 365, 0, 7, 1, 46
MWM, 1108, 365, 0, 7, 1, 92
MWM, 1108, 365, 0, 7, 1, 200
MWM, 1108, 365, 0, 7, 1, 67
MWM, 1108, 365, 0, 7, 1, 48
MWM, 1108, 365, 0, 7, 1, 44
MWM, 1108, 365, 0, 7, 1, 43
MWM, 1108, 365, 0, 7, 1, 42
MWM, 1108, 365, 0, 7, 1, 33
MWM, 1108, 365, 0, 7, 1, 149
MWM, 1108, 365, 0, 7, 1, 49
MWM, 1108, 365, 0, 7, 1, 43
MWM, 1108, 365, 0, 7, 1, 43
MWM, 1108, 365, 0, 7, 1, 41
MWM, 1108, 365, 0, 7, 1, 40
MWM, 1108, 365, 0, 7, 1, 50
MWM, 1108, 365, 0, 7, 1, 695
MWM, 1108, 365, 0, 7, 1, 47
MWM, 1108, 365, 0, 7, 1, 41
MWM, 1108, 365, 0, 7, 1, 51
MWM, 1108, 365, 0, 7, 1, 59
MWM, 1108, 365, 0, 7, 1, 31
MWM, 1108, 365, 0, 7, 1, 649
MWM, 1108, 365, 0, 7, 1, 33
MWM, 1108, 365, 0, 7, 1, 33
MWM, 1108, 365, 0, 7, 1, 40
MWM, 1108, 365, 0, 7, 1, 30
MWM, 1108, 365, 0, 7, 1, 45
MWM, 1108, 365, 0, 7, 1, 43
MWM, 1108, 365, 0, 7, 1, 726
MWM, 1108, 365, 0, 7, 1, 39
MWM, 1108, 365, 0, 7, 1, 29
MWM, 1108, 365, 0, 7, 1, 29
MWM, 1108, 365, 0, 7, 1, 27
MWM, 1108, 365, 0, 7, 1, 42
MWM, 1108, 365, 0, 7, 1, 34
MWM, 1108, 365, 0, 7, 1, 33
MWM, 1108, 365, 0, 7, 1, 27
MWM, 1108, 365, 0, 7, 1, 55
MWM, 1108, 365, 0, 7, 1, 808
MWM, 1108, 365, 0, 7, 1, 30
MWM, 1108, 365, 0, 7, 1, 25
MWM, 1108, 365, 0, 7, 1, 24
MWM, 1108, 365, 0, 7, 1, 25
MWM, 1108, 365, 0, 7, 1, 49
MWM, 1108, 365, 0, 7, 1, 24
MWM, 1108, 365, 0, 7, 1, 25
MWM, 1108, 365, 0, 7, 1, 26
MWM, 1108, 365, 0, 7, 1, 21
MWM, 1108, 365, 0, 7, 1, 23
MWM, 1108, 365, 0, 7, 1, 33
MWM, 1108, 365, 0, 7, 1, 37
MWM, 1108, 365, 0, 7, 1, 595
MWM, 1108, 365, 0, 7, 1, 24
MWM, 1108, 365, 0, 7, 1, 27
MWM, 1108, 365, 0, 7, 1, 26
MWM, 1108, 365, 0, 7, 1, 25
MWM, 1108, 365, 0, 7, 1, 53
MWM, 1108, 365, 0, 7, 1, 23
MWM, 1108, 365, 0, 7, 1, 22
MWM, 1108, 365, 0, 7, 1, 23
MWM, 1108, 365, 0, 7, 1, 22
MWM, 1108, 365, 0, 7, 1, 22
MWM, 1108, 365, 0, 7, 1, 22
MWM, 1108, 365, 0, 7, 1, 24
MWM, 1108, 365, 0, 7, 1, 40
MWM, 1108, 365, 0, 7, 1, 47
MWM, 1108, 365, 0, 7, 1, 147
MM, 1107, 366, 2636
MM, 1106, 367, 12
MM, 1105, 368, 14
MM, 1104, 369, 12
MM, 1103, 370, 13
MM, 1102, 370, 14
MM, 1102, 372, 11
MM, 1101, 372, 14
MM, 1100, 373, 13
MM, 1098, 374, 12
MM, 1097, 375, 12
MM, 1096, 376, 13
MM, 1093, 380, 13
MM, 1092, 382, 13
MM, 1089, 384, 12
MM, 1087, 387, 13
MM, 1085, 390, 13
MM, 1083, 392, 12
MM, 1079, 396, 12
MM, 1075, 403, 14
MM, 1068, 411, 12
MM, 1061, 418, 13
MM, 1054, 424, 12
MM, 1044, 433, 13
MM, 1027, 445, 13
MM, 1005, 459, 12
MM, 987, 469, 13
MM, 974, 476, 14
MM, 964, 479, 11
MM, 958, 481, 13
MM, 954, 482, 13
MM, 952, 482, 13
MM, 950, 482, 12
MM, 948, 484, 267
MM, 942, 488, 12
MM, 929, 495, 12
MM, 895, 515, 13
MM, 841, 544, 13
MM, 793, 572, 12
MM, 754, 593, 13
MM, 725, 608, 13
MM, 707, 616, 14
MM, 701, 620, 12
MM, 696, 622, 12
MM, 695, 622, 12
MM, 695, 622, 317
MM, 699, 616, 15
MM, 704, 609, 11
MM, 708, 602, 12
MM, 714, 592, 15
MM, 718, 583, 11
MM, 720, 577, 13
MM, 721, 575, 12
MM, 721, 574, 13
MM, 721, 573, 13
MM, 721, 573, 12
MM, 722, 573, 139
MM, 723, 573, 13
MM, 724, 573, 13
MM, 726, 573, 12
MM, 727, 575, 13
MM, 729, 575, 12
MM, 730, 578, 14
MM, 733, 580, 14
MM, 734, 582, 11
MM, 735, 584, 13
MM, 736, 587, 12
MM, 737, 588, 13
MM, 738, 589, 13
MM, 738, 591, 12
MM, 738, 592, 12
MM, 738, 592, 16
MM, 738, 593, 10
MM, 739, 594, 13
MM, 739, 594, 12
MM, 739, 595, 13
MM, 740, 595, 14
MM, 740, 596, 12
MM, 740, 596, 13
MM, 740, 597, 14
MM, 740, 598, 11
MM, 740, 598, 12
MM, 740, 599, 13
MM, 740, 599, 25
MM, 741, 600, 14
MM, 741, 600, 26
MM, 741, 601, 24
MM, 742, 602, 26
MM, 742, 602, 25
MM, 742, 602, 12
MM, 742, 603, 14
MM, 743, 603, 12
MM, 743, 603, 24
MM, 743, 603, 39
MM, 744, 603, 51
MM, 744, 604, 76
MM, 744, 604, 25
MM, 744, 606, 12
MM, 744, 606, 13
MM, 744, 608, 14
MM, 742, 611, 11
MM, 740, 615, 14
MM, 738, 618, 12
MM, 734, 622, 14
MM, 731, 625, 12
MM, 729, 629, 12
MM, 727, 631, 12
MM, 724, 633, 13
MM, 723, 635, 13
MM, 721, 637, 12
MM, 721, 638, 14
MM, 719, 640, 12
MM, 719, 640, 13
MM, 718, 642, 12
MM, 718, 642, 13
MP, 1, 317
MR, 1, 126
MC, 1, 0
MM, 719, 642, 620
MM, 721, 640, 15
MM, 723, 639, 12
MM, 726, 637, 11
MM, 727, 636, 14
MM, 728, 635, 13
MM, 729, 634, 12
MM, 729, 634, 12
MM, 729, 634, 13
MM, 730, 634, 13
MM, 730, 633, 39
MP, 1, 405
MR, 1, 126
MC, 1, 0
MP, 1, 28073
MR, 1, 164
MC, 1, 0
MP, 1, 50
MR, 1, 127
MC, 2, 0
MP, 1, 2649
MR, 1, 127
MC, 1, 0
MM, 733, 632, 899
MM, 739, 630, 13
MM, 746, 627, 12
MM, 753, 624, 14
MM, 761, 621, 12
MM, 772, 615, 13
MM, 783, 611, 12
MM, 796, 605, 12
MM, 807, 601, 14
MM, 818, 597, 13
MM, 830, 593, 12
MM, 840, 589, 12
MM, 847, 587, 15
MM, 854, 585, 11
MM, 857, 583, 13
MM, 861, 583, 12
MM, 863, 582, 13
MM, 865, 582, 17
MM, 866, 582, 340
MM, 869, 582, 10
MM, 873, 582, 13
MM, 879, 582, 13
MM, 884, 585, 13
MM, 892, 587, 12
MM, 899, 590, 12
MM, 908, 596, 14
MM, 918, 600, 13
MM, 928, 605, 13
MM, 938, 609, 12
MM, 945, 612, 12
MM, 953, 614, 13
MM, 955, 614, 23174
MM, 958, 613, 14
MM, 963, 612, 12
MM, 966, 612, 14
MM, 968, 612, 12
MM, 970, 612, 13
MM, 971, 612, 11
MM, 971, 612, 14
MM, 972, 612, 12
MM, 972, 612, 75
MM, 970, 612, 15
MM, 964, 612, 12
MM, 959, 612, 12
MM, 954, 612, 13
MM, 947, 612, 12
MM, 937, 611, 14
MM, 920, 607, 12
MM, 899, 603, 12
MM, 880, 599, 14
MM, 864, 595, 12
MM, 846, 591, 13
MM, 834, 588, 12
MM, 823, 585, 14
MM, 817, 584, 12
MM, 814, 584, 13
MM, 812, 583, 12
MM, 811, 582, 13
MM, 814, 581, 51
MM, 822, 580, 12
MM, 832, 580, 13
MM, 832, 580, 165
MM, 829, 582, 12
MM, 825, 585, 12
MM, 820, 589, 13
MM, 815, 595, 13
MM, 806, 604, 12
MM, 799, 610, 16
MM, 794, 615, 10
MM, 789, 619, 13
MM, 786, 622, 12
MM, 782, 624, 12
MM, 781, 625, 14
MM, 779, 626, 12
MM, 778, 627, 13
MM, 780, 627, 113
MM, 785, 628, 13
MM, 793, 632, 14
MM, 801, 637, 12
MM, 812, 643, 13
MM, 822, 649, 12
MM, 831, 653, 13
MWM, 831, 653, 0, 7, 1, 404
MWM, 831, 653, 0, 7, 1, 32
MWM, 831, 653, 0, 7, 1, 29
MWM, 831, 653, 0, 7, 1, 30
MWM, 831, 653, 0, 7, 1, 40
MWM, 831, 653, 0, 7, 1, 22
MWM, 831, 653, 0, 7, 1, 34
MWM, 831, 653, 0, 7, 1, 28
MWM, 831, 653, 0, 7, 1, 29
MWM, 831, 653, 0, 7, 1, 80
MM, 830, 652, 1023
MM, 825, 645, 11
MM, 810, 615, 12
MM, 782, 544, 12
MM, 763, 471, 14
MM, 748, 404, 12
MM, 743, 383, 12
MM, 738, 370, 15
MM, 734, 360, 11
MM, 729, 351, 14
MM, 725, 342, 12
MM, 722, 335, 12
MM, 719, 330, 14
MM, 718, 327, 12
MM, 716, 325, 12
MM, 715, 323, 14
MM, 714, 323, 11
MM, 714, 322, 14
MM, 714, 322, 12
MM, 713, 321, 38
MM, 713, 321, 26
MM, 712, 321, 25
MM, 711, 321, 12
MM, 711, 321, 127
MM, 712, 320, 13
MM, 713, 320, 11
MM, 715, 319, 15
MM, 715, 319, 12
MM, 717, 319, 12
MM, 718, 319, 13
MM, 718, 319, 12
MM, 719, 319, 14
MM, 720, 319, 12
MM, 720, 319, 12
MM, 721, 320, 14
MM, 722, 321, 11
MM, 722, 322, 14
MM, 723, 322, 12
MM, 723, 323, 14
MM, 723, 324, 12
MM, 724, 324, 13
MM, 724, 325, 11
MM, 725, 325, 14
MM, 725, 326, 11
MM, 725, 326, 14
MM, 725, 327, 12
MM, 726, 327, 14
MM, 726, 328, 12
MM, 727, 328, 14
MM, 727, 329, 11
MM, 728, 330, 14
MM, 728, 331, 13
MM, 728, 332, 12
MM, 728, 332, 12
MM, 729, 333, 12
MM, 729, 333, 14
MM, 729, 334, 24
MM, 730, 334, 30
MM, 730, 335, 8
MM, 730, 334, 6631
MM, 732, 332, 13
MM, 740, 328, 14
MM, 752, 323, 12
MM, 778, 316, 12
MM, 806, 313, 13
MM, 833, 313, 12
MM, 860, 313, 13
MM, 887, 318, 12
MM, 907, 325, 13
MM, 920, 334, 13
MM, 930, 342, 12
MM, 941, 357, 14
MM, 948, 379, 12
MM, 951, 402, 12
MM, 951, 424, 13
MM, 949, 442, 12
MM, 943, 459, 13
MM, 938, 472, 13
MM, 933, 480, 12
MM, 929, 489, 12
MM, 924, 496, 16
MM, 922, 501, 10
MM, 920, 504, 13
MM, 918, 507, 13
MM, 921, 509, 216
MM, 929, 512, 13
MM, 943, 518, 12
MM, 977, 534, 12
MM, 1030, 556, 12
MM, 1080, 580, 15
MM, 1117, 599, 11
MM, 1148, 616, 12
MM, 1165, 627, 14
MM, 1175, 633, 11
MM, 1181, 637, 14
MM, 1183, 638, 12
MM, 1183, 639, 13
MM, 1184, 639, 14
MM, 1184, 639, 75
MM, 1183, 639, 14
MM, 1181, 639, 12
MM, 1179, 640, 13
MM, 1176, 640, 11
MM, 1172, 640, 14
MM, 1168, 640, 11
MM, 1164, 641, 14
MM, 1159, 641, 12
MM, 1156, 641, 15
MM, 1153, 641, 11
MM, 1150, 641, 13
MM, 1146, 641, 11
MM, 1144, 641, 14
MM, 1141, 641, 12
MM, 1139, 641, 13
MM, 1138, 641, 13
MM, 1136, 641, 14
MM, 1134, 640, 12
MM, 1132, 639, 13
MM, 1131, 639, 10
MM, 1129, 638, 15
MM, 1127, 638, 14
MM, 1126, 637, 10
MM, 1124, 636, 13
MM, 1122, 636, 12
MM, 1120, 635, 14
MM, 1118, 634, 13
MM, 1116, 633, 12
MM, 1113, 632, 13
MM, 1111, 631, 12
MM, 1110, 631, 13
MM, 1109, 631, 12
MM, 1107, 630, 14
MWM, 1107, 630, 0, 7, 1, 439
MWM, 1107, 630, 0, 7, 1, 24
MWM, 1107, 630, 0, 7, 1, 23
MWM, 1107, 630, 0, 7, 1, 20
MWM, 1107, 630, 0, 7, 1, 22
MWM, 1107, 630, 0, 7, 1, 22
MWM, 1107, 630, 0, 7, 1, 27
MWM, 1107, 630, 0, 7, 1, 25
MWM, 1107, 630, 0, 7, 1, 20
MWM, 1107, 630, 0, 7, 1, 22
MWM, 1107, 630, 0, 7, 1, 23
MWM, 1107, 630, 0, 7, 1, 22
MWM, 1107, 630, 0, 7, 1, 22
MWM, 1107, 630, 0, 7, 1, 21
MWM, 1107, 630, 0, 7, 1, 20
MWM, 1107, 630, 0, 7, 1, 20
MWM, 1107, 630, 0, 7, 1, 22
MWM, 1107, 630, 0, 7, 1, 22
MWM, 1107, 630, 0, 7, 1, 21
MWM, 1107, 630, 0, 7, 1, 23
MWM, 1107, 630, 0, 7, 1, 21
MWM, 1107, 630, 0, 7, 1, 21
MWM, 1107, 630, 0, 7, 1, 21
MWM, 1107, 630, 0, 7, 1, 19
MWM, 1107, 630, 0, 7, 1, 20
MWM, 1107, 630, 0, 7, 1, 20
MWM, 1107, 630, 0, 7, 1, 19
MWM, 1107, 630, 0, 7, 1, 20
MWM, 1107, 630, 0, 7, 1, 20
MWM, 1107, 630, 0, 7, 1, 29
MWM, 1107, 630, 0, 7, 1, 26
MWM, 1107, 630, 0, 7, 1, 36
MWM, 1107, 630, 0, 7, 1, 700
MWM, 1107, 630, 0, 7, 1, 20
MWM, 1107, 630, 0, 7, 1, 17
MWM, 1107, 630, 0, 7, 1, 19
MWM, 1107, 630, 0, 7, 1, 19
MWM, 1107, 630, 0, 7, 1, 20
MWM, 1107, 630, 0, 7, 1, 20
MWM, 1107, 630, 0, 7, 1, 21
MWM, 1107, 630, 0, 7, 1, 21
MWM, 1107, 630, 0, 7, 1, 30
MWM, 1107, 630, 0, 7, 1, 28
MWM, 1107, 630, 0, 7, 1, 21
MWM, 1107, 630, 0, 7, 1, 512
MWM, 1107, 630, 0, 7, 1, 22
MWM, 1107, 630, 0, 7, 1, 25
MWM, 1107, 630, 0, 7, 1, 21
MWM, 1107, 630, 0, 7, 1, 18
MWM, 1107, 630, 0, 7, 1, 20
MWM, 1107, 630, 0, 7, 1, 19
MWM, 1107, 630, 0, 7, 1, 21
MWM, 1107, 630, 0, 7, 1, 19
MWM, 1107, 630, 0, 7, 1, 25
MWM, 1107, 630, 0, 7, 1, 23
MP, 1, 131
MR, 1, 127
MC, 1, 0
MWM, 1107, 630, 0, 7, 1, 249
MWM, 1107, 630, 0, 7, 1, 19
MWM, 1107, 630, 0, 7, 1, 21
MWM, 1107, 630, 0, 7, 1, 24
MWM, 1107, 630, 0, 7, 1, 24
MWM, 1107, 630, 0, 7, 1, 26
MWM, 1107, 630, 0, 7, 1, 25
MWM, 1107, 630, 0, 7, 1, 36
MWM, 1107, 630, 0, 7, 1, 21
MWM, 1107, 630, 0, 7, 1, 22
MWM, 1107, 630, 0, 7, 1, 18
MWM, 1107, 630, 0, 7, 1, 17
MWM, 1107, 630, 0, 7, 1, 585
MWM, 1107, 630, 0, 7, 1, 22
MWM, 1107, 630, 0, 7, 1, 16
MWM, 1107, 630, 0, 7, 1, 23
MWM, 1107, 630, 0, 7, 1, 25
MWM, 1107, 630, 0, 7, 1, 40
MWM, 1107, 630, 0, 7, 1, 22
MWM, 1107, 630, 0, 7, 1, 25
MWM, 1107, 630, 0, 7, 1, 20
MWM, 1107, 630, 0, 7, 1, 19
MWM, 1107, 630, 0, 7, 1, 21
MWM, 1107, 630, 0, 7, 1, 21
MWM, 1107, 630, 0, 7, 1, 21
MWM, 1107, 630, 0, 7, 1, 22
MWM, 1107, 630, 0, 7, 1, 20
MWM, 1107, 630, 0, 7, 1, 22
MWM, 1107, 630, 0, 7, 1, 24
MWM, 1107, 630, 0, 7, 1, 53
MM, 1107, 629, 259
MM, 1107, 629, 13
MM, 1106, 628, 6832
MM, 1098, 624, 13
MM, 1082, 617, 13
MM, 1040, 598, 12
MM, 987, 573, 13
MM, 950, 555, 14
MM, 925, 544, 12
MM, 912, 538, 13
MM, 907, 535, 12
MM, 904, 534, 13
MM, 904, 534, 12
MM, 903, 534, 13
MM, 902, 534, 317
MM, 898, 540, 13
MM, 892, 547, 14
MM, 879, 563, 11
MM, 863, 578, 13
MM, 842, 601, 12
MM, 818, 625, 14
MM, 803, 640, 11
MM, 788, 652, 13
MM, 773, 667, 27
MM, 767, 671, 12
MM, 767, 672, 215
MM, 765, 674, 12
MM, 761, 679, 12
MM, 753, 687, 15
MM, 735, 703, 10
MM, 716, 718, 14
MM, 684, 736, 12
MM, 653, 748, 14
MM, 629, 754, 12
MM, 611, 757, 12
MM, 598, 757, 12
MM, 586, 757, 14
MM, 578, 757, 12
MM, 570, 757, 12
MM, 565, 756, 14
MM, 563, 755, 13
MM, 562, 754, 11
MM, 559, 754, 204
MM, 553, 755, 13
MM, 546, 756, 12
MM, 540, 756, 13
MM, 533, 756, 12
MM, 527, 756, 13
MM, 522, 756, 15
MM, 518, 756, 12
MM, 515, 755, 11
MM, 512, 754, 13
MM, 510, 753, 12
MM, 509, 753, 15
MM, 508, 752, 12
MM, 508, 751, 11
MM, 507, 751, 14
MM, 506, 751, 12
MM, 505, 750, 13
MM, 505, 750, 12
MM, 503, 750, 12
MM, 503, 749, 13
MM, 502, 749, 13
MM, 501, 748, 13
MM, 500, 748, 12
MM, 498, 748, 13
MM, 496, 748, 13
MM, 494, 748, 12
MM, 492, 748, 13
MM, 490, 748, 13
MM, 488, 748, 12
MM, 486, 748, 12
MM, 484, 748, 16
MM, 483, 747, 10
MM, 482, 747, 13
MM, 481, 747, 216
MM, 479, 747, 12
MM, 477, 747, 15
MM, 475, 747, 10
MM, 474, 747, 13
MM, 472, 747, 13
MM, 471, 747, 15
MM, 470, 747, 10
MM, 468, 747, 14
MM, 467, 747, 12
MM, 466, 747, 13
MM, 465, 747, 12
MM, 464, 747, 11
MP, 1, 320
MR, 1, 125
MC, 1, 0
MM, 466, 743, 2090
MM, 489, 717, 14
MM, 548, 656, 11
MM, 625, 582, 14
MM, 702, 509, 11
MM, 775, 458, 13
MM, 806, 429, 14
MM, 854, 381, 11
MM, 893, 341, 14
MM, 925, 312, 13
MM, 950, 292, 11
MM, 951, 292, 39
MM, 954, 290, 177
MM, 960, 282, 12
MM, 970, 272, 14
MM, 988, 252, 13
MM, 1014, 221, 12
MM, 1038, 188, 13
MM, 1051, 169, 14
MM, 1057, 159, 11
MM, 1060, 153, 14
MM, 1062, 151, 11
MM, 1062, 150, 12
MM, 1062, 149, 14
MM, 1062, 148, 419
MM, 1062, 148, 64
MM, 1062, 148, 24
MM, 1062, 147, 26
MM, 1062, 146, 13
MM, 1061, 145, 11
MM, 1060, 144, 13
MM, 1060, 143, 13
MM, 1060, 141, 13
MM, 1059, 140, 26
MM, 1058, 138, 1
MM, 1058, 138, 9
MM, 1058, 137, 16
MM, 1056, 137, 455
MM, 1045, 137, 12
MM, 1019, 137, 13
MM, 951, 134, 12
MM, 848, 130, 12
MM, 797, 130, 14
MM, 744, 137, 13
MM, 679, 153, 11
MM, 622, 176, 14
MM, 571, 202, 11
MM, 531, 227, 14
MM, 506, 243, 12
MM, 494, 254, 14
MM, 488, 261, 12
MM, 487, 265, 12
MM, 487, 267, 164
MM, 484, 276, 13
MM, 474, 307, 13
MM, 455, 370, 13
MM, 436, 442, 12
MM, 423, 512, 14
MM, 417, 533, 11
MM, 412, 562, 14
MM, 408, 591, 12
MM, 404, 619, 14
MM, 404, 634, 12
MM, 404, 635, 219
MM, 405, 640, 9
MM, 411, 649, 13
MM, 421, 664, 16
MM, 431, 678, 9
MM, 439, 688, 12
MM, 446, 697, 14
MM, 454, 707, 24
MM, 455, 709, 13
MM, 456, 709, 12
MM, 457, 710, 16
MM, 457, 711, 251
MM, 457, 716, 12
MM, 458, 724, 13
MM, 459, 733, 12
MM, 459, 738, 13
MM, 460, 744, 12
MM, 460, 746, 13
MM, 460, 748, 15
MM, 460, 749, 12
MP, 1, 215
MR, 1, 126
MC, 1, 0
MM, 460, 748, 154
MM, 465, 739, 11
MM, 487, 689, 12
MM, 528, 589, 13
MM, 563, 514, 13
MM, 594, 458, 15
MM, 627, 402, 10
MM, 650, 365, 12
MM, 661, 346, 14
MM, 665, 341, 228
MM, 675, 329, 12
MM, 696, 306, 12
MM, 727, 281, 13
MM, 767, 254, 13
MM, 807, 235, 13
MM, 842, 224, 12
MM, 870, 221, 14
MM, 900, 221, 12
MM, 922, 221, 12
MM, 941, 224, 14
MM, 959, 228, 11
MM, 970, 233, 14
MM, 976, 235, 12
MM, 978, 236, 14
MM, 981, 237, 12
MM, 981, 237, 13
MM, 981, 237, 11
MM, 980, 234, 51
MM, 971, 215, 14
MM, 957, 184, 12
MM, 946, 163, 13
MM, 937, 145, 12
MM, 930, 135, 13
MM, 927, 131, 14
MM, 925, 128, 11
MM, 925, 127, 12
MM, 924, 127, 15
MM, 924, 126, 12
MM, 925, 127, 62
MM, 930, 129, 12
MM, 937, 133, 16
MM, 947, 138, 12
MM, 963, 145, 11
MM, 975, 150, 13
MM, 987, 153, 12
MM, 1000, 156, 13
MM, 1012, 158, 12
MM, 1024, 159, 13
MM, 1036, 159, 15
MM, 1045, 159, 12
MM, 1054, 160, 11
MM, 1060, 161, 13
MM, 1064, 161, 12
MM, 1068, 163, 15
MM, 1070, 165, 12
MM, 1070, 165, 11
MM, 1072, 166, 14
MM, 1072, 166, 12
MM, 1072, 167, 13
MM, 1072, 168, 12
MM, 1073, 168, 12
MM, 1075, 167, 77
MM, 1078, 162, 13
MM, 1081, 155, 13
MM, 1084, 148, 12
MM, 1086, 142, 13
MM, 1086, 138, 13
MM, 1086, 135, 12
MM, 1086, 132, 12
MM, 1086, 130, 13
MM, 1085, 129, 12
MM, 1083, 128, 14
MM, 1083, 128, 12
MM, 1081, 127, 13
MM, 1081, 126, 13
MM, 1080, 126, 12
MM, 1080, 126, 14
MM, 1079, 126, 11
MM, 1079, 126, 13
MM, 1078, 126, 115
MM, 1077, 126, 11
MM, 1076, 126, 13
MM, 1076, 126, 14
MM, 1075, 126, 11
MM, 1074, 126, 14
MM, 1074, 126, 13
MM, 1073, 127, 12
MM, 1072, 127, 12
MM, 1071, 128, 13
MM, 1069, 129, 13
MM, 1068, 129, 14
MM, 1067, 130, 11
MM, 1065, 131, 14
MM, 1065, 131, 12
MM, 1064, 131, 12
MM, 1064, 131, 13
MM, 1064, 132, 14
MM, 1063, 132, 12
MM, 1062, 132, 27
MM, 1062, 132, 23
MM, 1062, 132, 736
MM, 1062, 132, 11
MM, 1062, 131, 13
MM, 1063, 130, 13
MM, 1063, 130, 14
MM, 1063, 129, 12
MM, 1063, 129, 25
MM, 1064, 128, 38
MP, 1, 240
MR, 1, 139
MC, 1, 0
MM, 1064, 129, 356
MM, 1065, 136, 13
MM, 1069, 171, 12
MM, 1073, 234, 12
MM, 1075, 307, 12
MM, 1075, 343, 13
MM, 1075, 381, 13
MM, 1071, 430, 12
MM, 1063, 475, 15
MM, 1055, 526, 12
MM, 1050, 565, 12
MM, 1045, 591, 12
MM, 1045, 593, 242
MM, 1045, 599, 11
MM, 1045, 607, 15
MM, 1045, 616, 12
MM, 1045, 627, 12
MM, 1045, 640, 12
MM, 1047, 656, 13
MM, 1047, 668, 13
MM, 1047, 678, 12
MM, 1047, 680, 192
MM, 1047, 684, 12
MM, 1048, 689, 12
MM, 1050, 696, 14
MM, 1053, 705, 12
MM, 1060, 719, 12
MM, 1066, 732, 12
MM, 1071, 742, 14
MM, 1074, 747, 15
MM, 1077, 752, 9
MM, 1078, 754, 13
MM, 1080, 754, 12
MM, 1080, 755, 15
MM, 1080, 755, 12
MP, 1, 341
MR, 1, 126
MC, 1, 0
MM, 1080, 753, 267
MM, 1079, 745, 13
MM, 1075, 732, 12
MM, 1064, 702, 12
MM, 1046, 645, 16
MM, 1032, 592, 10
MM, 1013, 532, 13
MM, 1005, 514, 12
MM, 994, 491, 14
MM, 979, 464, 13
MM, 970, 446, 12
MM, 964, 435, 12
MM, 961, 429, 15
MM, 959, 426, 11
MM, 959, 425, 13
MM, 959, 424, 12
MM, 959, 423, 13
MM, 958, 424, 115
MM, 957, 426, 12
MM, 956, 428, 12
MM, 954, 431, 13
MM, 953, 434, 13
MM, 952, 435, 12
MM, 951, 436, 12
MM, 949, 437, 14
MM, 946, 438, 12
MM, 942, 438, 12
MM, 937, 438, 14
MM, 931, 438, 12
MM, 923, 432, 14
MM, 914, 428, 11
MM, 907, 423, 13
MM, 900, 419, 12
MM, 893, 414, 13
MM, 889, 410, 13
MM, 884, 406, 14
MM, 880, 402, 11
MM, 877, 400, 14
MM, 874, 398, 12
MM, 873, 396, 12
MM, 872, 395, 13
MM, 871, 394, 13
MM, 870, 394, 12
MP, 1, 316
MR, 1, 128
MC, 1, 0
MM, 868, 395, 203
MM, 863, 400, 13
MM, 855, 408, 12
MM, 835, 425, 12
MM, 801, 457, 15
MM, 764, 490, 11
MM, 721, 524, 12
MM, 679, 557, 14
MM, 643, 585, 13
MM, 610, 609, 12
MM, 583, 628, 12
MM, 567, 639, 12
MM, 556, 645, 13
MM, 554, 646, 228
MM, 552, 648, 14
MM, 550, 651, 12
MM, 547, 654, 13
MM, 543, 659, 13
MM, 539, 665, 13
MM, 531, 678, 12
MM, 524, 688, 12
MM, 519, 698, 13
MM, 513, 705, 14
MM, 509, 712, 12
MM, 506, 716, 13
MM, 503, 718, 12
MM, 501, 720, 13
MM, 499, 722, 14
MM, 497, 724, 10
MM, 493, 726, 13
MM, 489, 728, 15
MM, 487, 729, 12
MM, 484, 729, 12
MM, 482, 730, 12
MM, 482, 731, 12
MM, 481, 731, 13
MM, 480, 731, 13
MM, 479, 731, 12
MM, 479, 731, 15
MM, 478, 731, 12
MM, 476, 731, 12
MM, 475, 731, 12
MM, 474, 731, 12
MM, 472, 732, 14
MM, 470, 733, 12
MM, 470, 733, 12
MM, 468, 734, 16
MM, 468, 734, 11
MM, 467, 735, 13
MM, 467, 736, 11
MM, 465, 737, 13
MM, 465, 739, 14
MM, 464, 741, 12
MP, 1, 290
MR, 1, 127
MC, 1, 0
MM, 464, 738, 774
MM, 462, 726, 14
MM, 456, 691, 11
MM, 450, 654, 12
MM, 441, 612, 12
MM, 436, 575, 15
MM, 433, 547, 13
MM, 429, 528, 11
MM, 426, 516, 13
MM, 426, 507, 13
MM, 425, 501, 13
MM, 425, 500, 1468
MM, 425, 495, 12
MM, 427, 481, 15
MM, 431, 456, 11
MM, 439, 426, 12
MM, 447, 397, 14
MM, 455, 372, 13
MM, 458, 361, 13
MM, 462, 354, 11
MM, 462, 351, 13
MM, 463, 349, 14
MM, 463, 349, 11
MM, 463, 349, 178
MM, 462, 349, 14
MM, 459, 349, 15
MM, 453, 349, 9
MM, 445, 349, 12
MM, 437, 350, 14
MM, 429, 350, 12
MM, 422, 350, 13
MM, 415, 350, 13
MM, 411, 350, 12
MM, 407, 350, 15
MM, 404, 350, 10
MM, 401, 350, 14
MM, 398, 350, 12
MM, 395, 350, 14
MM, 392, 351, 251
MM, 385, 354, 14
MM, 376, 357, 12
MM, 366, 359, 14
MM, 350, 363, 12
MM, 335, 365, 13
MM, 321, 366, 11
MM, 311, 367, 14
MM, 304, 367, 11
MM, 301, 367, 14
MM, 299, 367, 12
MM, 299, 369, 1064
MM, 298, 372, 13
MM, 296, 378, 14
MM, 294, 386, 12
MM, 291, 394, 11
MM, 286, 408, 16
MM, 283, 418, 11
MM, 280, 429, 12
MM, 278, 437, 12
MM, 275, 443, 13
MM, 274, 447, 13
MM, 272, 449, 12
MM, 271, 453, 13
MM, 270, 456, 15
MM, 269, 457, 12
MM, 269, 458, 12
MM, 268, 459, 12
MM, 268, 460, 13
MM, 267, 460, 12
MM, 267, 461, 13
MM, 266, 461, 14
MM, 266, 462, 11
MM, 266, 463, 14
MM, 266, 463, 52
MM, 265, 463, 86
MM, 264, 463, 17
MM, 262, 464, 9
MM, 260, 464, 13
MM, 256, 464, 12
MM, 252, 464, 15
MM, 246, 464, 12
MM, 239, 464, 11
MM, 233, 464, 14
MM, 225, 464, 11
MM, 219, 464, 13
MM, 215, 463, 13
MM, 210, 462, 12
MM, 208, 462, 15
MM, 207, 462, 11
MM, 205, 462, 215
MM, 199, 465, 14
MM, 189, 471, 11
MM, 175, 480, 14
MM, 161, 489, 12
MM, 151, 495, 14
MM, 141, 501, 12
MM, 135, 505, 13
MM, 131, 507, 11
MM, 127, 509, 14
MM, 126, 510, 11
MM, 125, 510, 14
MM, 124, 510, 27
MM, 123, 510, 11
MM, 123, 510, 25
MM, 122, 510, 14
MM, 122, 510, 13
MM, 121, 510, 12
MM, 120, 510, 12
MM, 119, 510, 12
MM, 117, 510, 14
MM, 114, 510, 13
MM, 111, 510, 11
MM, 107, 510, 14
MM, 103, 510, 11
MM, 101, 510, 14
MM, 98, 511, 12
MM, 96, 511, 14
MM, 94, 512, 12
MM, 91, 513, 13
MM, 89, 513, 11
MM, 85, 514, 14
MM, 83, 515, 12
MM, 82, 516, 13
MM, 81, 516, 12
MM, 79, 516, 15
MM, 78, 517, 11
MM, 77, 518, 13
MM, 77, 518, 12
MM, 76, 518, 14
MP, 1, 301
MR, 1, 128
MC, 1, 0
MM, 79, 514, 1952
MM, 85, 506, 12
MM, 105, 491, 14
MM, 138, 463, 11
MM, 184, 435, 12
MM, 224, 410, 14
MM, 255, 396, 13
MM, 275, 388, 11
MM, 287, 383, 14
MM, 295, 381, 12
MM, 299, 380, 13
MM, 300, 380, 12
MM, 301, 380, 13
MM, 304, 378, 177
MM, 308, 373, 13
MM, 315, 368, 13
MM, 323, 363, 14
MM, 333, 356, 12
MM, 340, 353, 11
MM, 346, 350, 15
MM, 348, 349, 11
MM, 351, 349, 13
MM, 352, 349, 12
MM, 353, 349, 26
MM, 353, 349, 125
MM, 353, 350, 15
MM, 353, 353, 11
MM, 353, 356, 13
MM, 353, 360, 12
MM, 353, 363, 14
MM, 355, 367, 14
MM, 356, 369, 12
MM, 359, 371, 11
MM, 362, 373, 15
MM, 364, 373, 390
MM, 370, 373, 13
MM, 381, 371, 12
MM, 396, 368, 13
MM, 427, 365, 12
MM, 458, 364, 15
MM, 478, 362, 11
MM, 497, 362, 14
MM, 511, 362, 12
MM, 521, 362, 12
MM, 527, 362, 14
MM, 530, 362, 12
MM, 533, 362, 12
MM, 531, 362, 2167
MM, 525, 362, 13
MM, 516, 362, 13
MM, 507, 363, 12
MM, 496, 364, 12
MM, 479, 367, 14
MM, 467, 368, 12
MM, 456, 369, 12
MM, 449, 370, 13
MM, 444, 370, 13
MM, 440, 370, 13
MM, 436, 370, 12
MP, 1, 1240
MR, 1, 129
MC, 1, 0
MM, 442, 370, 1874
MM, 453, 370, 12
MM, 466, 370, 13
MM, 479, 370, 13
MM, 501, 370, 16
MM, 523, 370, 10
MM, 540, 370, 12
MM, 553, 372, 15
MM, 562, 373, 12
MP, 1, 391
MR, 1, 113
MC, 1, 0
MP, 1, 65
MR, 1, 139
MC, 2, 0
MM, 562, 374, 1812
MM, 558, 375, 12
MM, 552, 376, 12
MM, 545, 377, 12
MM, 538, 377, 14
MM, 532, 377, 14
MM, 526, 377, 11
MM, 521, 377, 12
MM, 517, 377, 15
MM, 512, 377, 11
MM, 510, 377, 13
MM, 508, 377, 12
MM, 507, 377, 13
MM, 506, 376, 13
MP, 1, 721
MR, 1, 114
MC, 1, 0
MP, 1, 63
MR, 1, 127
MC, 2, 0
MM, 505, 376, 1394
MM, 502, 375, 14
MM, 495, 372, 12
MM, 485, 367, 12
MM, 465, 358, 14
MM, 441, 345, 12
MM, 419, 331, 12
MM, 393, 317, 12
MM, 376, 306, 14
MM, 365, 298, 12
MM, 356, 290, 13
MM, 349, 284, 12
MM, 344, 279, 15
MM, 341, 275, 11
MM, 339, 273, 13
MM, 338, 272, 12
MM, 338, 271, 14
MM, 338, 271, 11
MM, 338, 270, 13
MM, 337, 270, 52
MM, 337, 269, 11
MM, 337, 269, 14
MM, 337, 267, 11
MM, 337, 265, 14
MM, 337, 262, 12
MM, 337, 259, 14
MM, 337, 256, 12
MM, 336, 253, 13
MM, 336, 251, 11
MM, 336, 249, 14
MM, 336, 248, 11
MM, 336, 247, 14
MM, 336, 246, 12
MM, 336, 246, 14
MM, 336, 245, 25
MM, 336, 244, 25
MM, 336, 244, 37
MM, 336, 243, 50
MM, 336, 243, 26
MM, 336, 242, 13
MM, 336, 242, 13
MM, 336, 242, 14
MM, 336, 241, 12
MP, 1, 340
MR, 1, 90
MC, 1, 0
MP, 1, 63
MR, 1, 127
MC, 2, 0
MP, 1, 1191
MR, 1, 138
MC, 1, 0
MP, 1, 65
MR, 1, 126
MC, 2, 0
MM, 334, 242, 1394
MM, 331, 247, 13
MM, 324, 253, 11
MM, 318, 259, 13
MM, 310, 270, 14
MM, 304, 278, 11
MM, 299, 284, 14
MM, 296, 289, 12
MM, 292, 292, 13
MM, 289, 296, 13
MM, 285, 299, 13
MM, 283, 300, 12
MM, 280, 302, 12
MM, 278, 302, 12
MM, 276, 302, 14
MM, 276, 302, 12
MM, 275, 302, 14
MM, 274, 302, 12
MM, 273, 302, 14
MM, 273, 302, 11
MM, 272, 302, 25
MM, 272, 302, 14
MM, 270, 302, 11
MM, 270, 300, 14
MM, 268, 299, 12
MM, 267, 297, 13
MM, 265, 296, 11
MM, 265, 295, 14
MM, 264, 294, 13
MM, 264, 293, 12
MP, 1, 291
MR, 1, 104
MC, 1, 0
MP, 1, 49
MR, 1, 127
MC, 2, 0
MM, 264, 292, 8288
MM, 264, 291, 12
MM, 264, 289, 13
MM, 264, 286, 13
MM, 264, 281, 12
MM, 264, 275, 14
MM, 264, 271, 11
MM, 264, 267, 14
MM, 264, 264, 12
MM, 264, 261, 13
MM, 264, 258, 12
MM, 264, 255, 13
MM, 264, 252, 12
MM, 264, 250, 14
MM, 264, 248, 13
MM, 264, 246, 11
MM, 264, 244, 14
MM, 264, 242, 12
MM, 264, 241, 12
MM, 264, 239, 13
MM, 264, 238, 13
MM, 264, 238, 13
MM, 265, 237, 12
MM, 265, 237, 13
MM, 265, 236, 25
MM, 265, 236, 318
MM, 263, 238, 11
MM, 260, 242, 12
MM, 257, 245, 15
MM, 255, 248, 11
MM, 254, 249, 13
MM, 253, 250, 12
MM, 252, 250, 14
MM, 252, 252, 13
MM, 251, 252, 12
MM, 251, 252, 12
MM, 251, 253, 15
MM, 251, 253, 24
MP, 1, 543
MR, 1, 127
MC, 1, 0
MP, 1, 761
MR, 1, 89
MC, 1, 0
MP, 1, 62
MR, 1, 128
MC, 2, 0
MM, 251, 250, 10187
MM, 251, 250, 4231
MM, 250, 253, 13
MM, 248, 258, 12
MM, 245, 268, 14
MM, 242, 277, 11
MM, 237, 293, 13
MM, 233, 305, 12
MM, 231, 312, 14
MM, 230, 317, 12
MM, 230, 318, 12
MM, 229, 323, 202
MM, 227, 334, 16
MM, 225, 362, 11
MM, 225, 400, 12
MM, 230, 450, 13
MM, 238, 500, 13
MM, 247, 541, 12
MM, 256, 578, 12
MM, 267, 601, 13
MM, 271, 615, 15
MM, 277, 625, 12
MM, 281, 631, 11
MM, 283, 633, 215
MM, 288, 636, 13
MM, 297, 641, 13
MM, 319, 652, 12
MM, 346, 665, 12
MM, 377, 681, 16
MM, 409, 698, 11
MM, 435, 713, 12
MM, 462, 730, 12
MM, 479, 741, 13
MM, 490, 749, 14
MM, 496, 753, 12
MM, 496, 754, 216
MM, 496, 756, 12
MM, 496, 758, 15
MM, 496, 760, 11
MM, 496, 761, 13
MM, 496, 762, 12
MM, 495, 763, 13
MM, 491, 764, 13
MM, 485, 764, 12
MM, 481, 764, 12
MM, 477, 763, 15
MM, 472, 761, 11
MM, 470, 760, 12
MM, 468, 758, 14
MM, 467, 757, 12
MM, 466, 756, 13
MM, 466, 755, 12
MM, 466, 754, 13
MM, 465, 754, 13
MM, 465, 753, 13
MM, 465, 753, 12
MM, 465, 752, 77
MP, 1, 302
MR, 1, 127
MC, 1, 0
MM, 464, 748, 456
MM, 456, 732, 12
MM, 436, 685, 14
MM, 404, 616, 13
MM, 374, 550, 11
MM, 356, 525, 14
MM, 332, 487, 12
MM, 299, 434, 13
MM, 278, 382, 12
MM, 265, 338, 15
MM, 261, 312, 12
MM, 258, 289, 13
MM, 258, 276, 12
MM, 259, 266, 13
MM, 264, 259, 11
MM, 264, 257, 280
MM, 263, 254, 13
MM, 260, 251, 12
MM, 257, 246, 12
MM, 256, 243, 13
MM, 254, 239, 14
MM, 253, 237, 12
MM, 252, 236, 13
MM, 251, 235, 12
MM, 251, 235, 13
MM, 251, 234, 25
MP, 1, 418
MR, 1, 114
MC, 1, 0
MP, 1, 62
MR, 1, 127
MC, 2, 0
MM, 251, 235, 6390
MM, 252, 240, 11
MM, 257, 251, 12
MM, 262, 273, 14
MM, 269, 295, 16
MM, 276, 315, 8
MM, 284, 337, 14
MM, 291, 356, 13
MM, 295, 371, 12
MM, 303, 390, 12
MM, 311, 418, 12
MM, 313, 441, 13
MM, 314, 440, 3510
MP, 1, 18127
MR, 1, 128
MC, 1, 0
MM, 326, 432, 10335
MM, 326, 431, 12069
MM, 325, 432, 52
MM, 323, 439, 11
MM, 318, 450, 14
MM, 311, 475, 12
MM, 299, 509, 12
MM, 286, 552, 13
MM, 268, 599, 13
MM, 256, 632, 13
MM, 243, 658, 13
MM, 235, 676, 11
MM, 230, 686, 14
MM, 227, 691, 12
MM, 225, 696, 17
MM, 225, 697, 200
MM, 223, 703, 10
MM, 221, 712, 13
MM, 214, 738, 14
MM, 205, 768, 11
MM, 197, 802, 13
MM, 190, 793, 13
MM, 188, 785, 13
MM, 188, 778, 13
MM, 188, 775, 12
MM, 189, 773, 13
MM, 193, 769, 12
MM, 207, 771, 15
MM, 237, 765, 11
MM, 286, 749, 14
MM, 336, 727, 11
MM, 391, 705, 14
MM, 435, 688, 12
MM, 474, 675, 12
MM, 504, 667, 13
MM, 525, 662, 14
MM, 538, 661, 11
MM, 547, 660, 12
MM, 555, 660, 14
MM, 561, 660, 12
MM, 567, 661, 13
MM, 574, 665, 12
MM, 580, 670, 15
MM, 589, 676, 11
MM, 597, 682, 12
MM, 599, 684, 229
MM, 602, 685, 12
MM, 604, 689, 13
MM, 610, 695, 12
MM, 614, 702, 14
MM, 618, 714, 12
MM, 620, 725, 13
MM, 620, 735, 12
MM, 620, 749, 26
MM, 617, 758, 12
MM, 615, 764, 12
MM, 614, 767, 14
MM, 612, 769, 12
MM, 612, 769, 13
MM, 611, 767, 12
MM, 611, 768, 14
MP, 1, 252
MR, 1, 126
MC, 1, 0
MM, 611, 766, 432
MM, 613, 756, 12
MM, 629, 706, 13
MM, 668, 611, 14
MM, 705, 539, 11
MM, 732, 499, 13
MM, 763, 460, 13
MM, 787, 427, 13
MM, 802, 408, 12
MM, 808, 399, 12
MM, 813, 393, 13
MM, 815, 393, 266
MM, 816, 396, 12
MM, 821, 404, 13
MM, 829, 428, 14
MM, 836, 450, 12
MM, 843, 477, 11
MM, 849, 508, 15
MM, 854, 535, 13
MM, 855, 549, 12
MM, 856, 560, 12
MM, 856, 561, 38
MM, 858, 561, 266
MM, 859, 561, 14
MM, 862, 561, 11
MM, 867, 561, 12
MM, 871, 561, 14
MM, 876, 561, 12
MM, 882, 561, 14
MM, 887, 562, 12
MM, 892, 564, 12
MM, 895, 566, 12
MM, 898, 568, 15
MM, 900, 570, 12
MM, 901, 568, 3204
MM, 905, 562, 12
MM, 912, 551, 12
MM, 926, 531, 13
MM, 938, 515, 14
MM, 957, 494, 11
MM, 968, 482, 14
MM, 977, 473, 13
MM, 984, 468, 12
MM, 991, 462, 12
MM, 997, 456, 13
MM, 1003, 450, 13
MM, 1009, 445, 12
MM, 1016, 439, 13
MM, 1024, 431, 14
MM, 1031, 424, 12
MM, 1040, 416, 12
MM, 1050, 407, 12
MM, 1058, 400, 13
MM, 1066, 393, 17
MM, 1071, 388, 8
MM, 1076, 385, 14
MM, 1077, 384, 13
MM, 1079, 383, 12
MM, 1079, 383, 12
MM, 1080, 383, 13
MM, 1081, 383, 13
MM, 1081, 383, 88
MM, 1081, 383, 14
MM, 1081, 386, 11
MM, 1081, 387, 14
MM, 1081, 389, 12
MM, 1082, 390, 14
MM, 1083, 393, 12
MM, 1083, 393, 13
MM, 1084, 394, 11
MM, 1084, 395, 14
MM, 1085, 396, 11
MM, 1086, 396, 27
MM, 1087, 397, 25
MM, 1087, 397, 24
MM, 1088, 397, 0
MM, 1088, 397, 15
MM, 1089, 397, 25
MM, 1090, 397, 12
MM, 1090, 397, 14
MM, 1091, 397, 12
MM, 1091, 398, 13
MM, 1092, 398, 11
MM, 1092, 398, 14
MM, 1093, 399, 11
MM, 1094, 400, 14
MM, 1095, 400, 12
MM, 1095, 400, 14
MM, 1096, 401, 12
MM, 1096, 401, 13
MM, 1097, 401, 11
MM, 1098, 402, 27
MM, 1098, 403, 12
MM, 1098, 403, 12
MM, 1098, 404, 26
MM, 1099, 404, 12
MM, 1099, 404, 25
MM, 1099, 405, 39
MM, 1099, 405, 50
MM, 1099, 405, 38
MM, 1099, 406, 51
MM, 1100, 406, 63
MM, 1100, 407, 26
MP, 1, 2191
MR, 1, 125
MC, 1, 0
MM, 1100, 405, 1659
MM, 1099, 398, 13
MM, 1096, 385, 14
MM, 1090, 361, 11
MM, 1084, 334, 14
MM, 1077, 302, 12
MM, 1072, 271, 13
MM, 1067, 242, 12
MM, 1065, 222, 12
MM, 1060, 200, 14
MM, 1059, 186, 15
MM, 1057, 175, 10
MM, 1057, 168, 12
MM, 1056, 164, 15
MM, 1056, 163, 12
MM, 1056, 163, 277
MM, 1053, 159, 16
MM, 1048, 150, 11
MM, 1043, 141, 12
MM, 1036, 126, 12
MM, 1029, 111, 13
MM, 1025, 100, 13
MM, 1022, 93, 12
MM, 1019, 88, 13
MM, 1018, 86, 15
MM, 1018, 86, 12
MM, 1017, 84, 11
MM, 1017, 84, 78
MM, 1017, 84, 24
MM, 1016, 84, 12
MM, 1015, 84, 12
MM, 1013, 83, 15
MM, 1010, 82, 12
MM, 1004, 81, 11
MM, 998, 80, 14
MM, 994, 80, 12
MM, 989, 80, 13
MM, 985, 80, 12
MM, 982, 80, 12
MM, 979, 80, 14
MM, 976, 80, 12
MM, 974, 80, 12
MM, 972, 80, 16
MM, 971, 80, 11
MM, 969, 80, 12
MM, 967, 80, 12
MM, 966, 80, 13
MM, 965, 80, 13
MM, 963, 80, 12
MM, 962, 80, 12
MM, 960, 81, 16
MM, 958, 81, 11
MM, 956, 82, 12
MM, 953, 83, 14
MM, 951, 84, 12
MM, 949, 84, 14
MM, 948, 85, 12
MM, 946, 86, 12
MM, 945, 86, 12
MM, 944, 86, 14
MM, 943, 86, 12
MM, 943, 86, 12
MM, 943, 87, 12
MP, 1, 266
MR, 1, 140
MC, 1, 0
MM, 942, 88, 875
MM, 940, 92, 12
MM, 939, 99, 12
MM, 937, 110, 13
MM, 936, 129, 14
MM, 934, 151, 11
MM, 934, 178, 12
MM, 937, 220, 15
MM, 942, 259, 11
MM, 949, 294, 14
MM, 954, 323, 12
MM, 958, 344, 12
MM, 961, 359, 13
MM, 961, 361, 243
MM, 961, 370, 11
MM, 961, 384, 12
MM, 961, 412, 12
MM, 961, 448, 13
MM, 962, 486, 13
MM, 966, 517, 12
MM, 970, 541, 13
MM, 972, 556, 15
MM, 975, 564, 12
MM, 977, 571, 11
MM, 977, 573, 203
MM, 977, 576, 13
MM, 977, 583, 13
MM, 977, 591, 16
MM, 977, 599, 9
MM, 977, 604, 13
MM, 977, 608, 12
MM, 977, 611, 14
MM, 977, 614, 11
MM, 977, 615, 13
MM, 977, 615, 12
MM, 977, 616, 16
MM, 977, 617, 10
MM, 977, 617, 13
MM, 977, 618, 12
MM, 977, 619, 12
MM, 977, 620, 13
MM, 977, 621, 13
MM, 977, 621, 12
MM, 977, 622, 14
MM, 979, 622, 278
MM, 983, 623, 12
MM, 989, 626, 14
MM, 996, 628, 12
MM, 1001, 630, 12
MM, 1006, 632, 15
MM, 1010, 634, 12
MM, 1012, 634, 12
MM, 1013, 635, 12
MM, 1015, 636, 13
MP, 1, 253
MD, 1020, 636, 88
MD, 1032, 636, 16
MD, 1046, 636, 11
MD, 1062, 636, 12
MD, 1095, 636, 12
MR, 1, 38
MM, 1094, 636, 709
MM, 1090, 636, 13
MM, 1084, 637, 15
MM, 1077, 638, 12
MM, 1072, 639, 11
MM, 1069, 639, 13
MM, 1066, 639, 12
MM, 1066, 639, 14
MM, 1065, 639, 12
MM, 1065, 639, 14
MM, 1064, 639, 25
MM, 1064, 639, 51
MM, 1063, 639, 12
MM, 1062, 639, 11
MM, 1061, 639, 16
MM, 1060, 639, 11
MM, 1059, 639, 12
MM, 1058, 639, 13
MP, 1, 278
MD, 1059, 639, 114
MD, 1065, 639, 13
MD, 1077, 639, 12
MD, 1093, 639, 13
MD, 1124, 636, 13
MD, 1155, 633, 14
MD, 1178, 630, 11
MD, 1192, 628, 14
MD, 1201, 627, 12
MR, 1, 37
MM, 1201, 625, 696
MM, 1200, 619, 15
MM, 1196, 605, 11
MM, 1190, 578, 14
MM, 1184, 556, 11
MM, 1179, 540, 14
MM, 1173, 520, 12
MM, 1170, 508, 13
MM, 1167, 500, 12
MM, 1163, 490, 13
MM, 1160, 483, 12
MM, 1159, 477, 13
MM, 1159, 473, 15
MM, 1158, 470, 12
MM, 1157, 467, 12
MM, 1157, 465, 12
MM, 1156, 463, 13
MM, 1156, 463, 13
MM, 1156, 462, 12
MM, 1154, 460, 342
MM, 1150, 454, 13
MM, 1144, 444, 12
MM, 1132, 425, 13
MM, 1124, 408, 13
MM, 1116, 390, 12
MM, 1111, 378, 12
MM, 1108, 369, 16
MM, 1106, 365, 10
MM, 1106, 362, 14
MP, 1, 619
MR, 1, 128
MC, 1, 0
MWM, 1106, 362, 0, 7, 1, 2079
MWM, 1106, 362, 0, 7, 1, 50
MWM, 1106, 362, 0, 7, 1, 53
MWM, 1106, 362, 0, 7, 1, 59
MWM, 1106, 362, 0, 7, 1, 50
MWM, 1106, 362, 0, 7, 1, 48
MWM, 1106, 362, 0, 7, 1, 47
MWM, 1106, 362, 0, 7, 1, 52
MWM, 1106, 362, 0, 7, 1, 40
MWM, 1106, 362, 0, 7, 1, 46
MWM, 1106, 362, 0, 7, 1, 46
MWM, 1106, 362, 0, 7, 1, 56
MWM, 1106, 362, 0, 7, 1, 139
MWM, 1106, 362, 0, 7, 1, 45
MWM, 1106, 362, 0, 7, 1, 66
MWM, 1106, 362, 0, 7, 1, 78
MWM, 1106, 362, 0, 7, 1, 569
MWM, 1106, 362, 0, 7, 1, 38
MWM, 1106, 362, 0, 7, 1, 49
MWM, 1106, 362, 0, 7, 1, 45
MWM, 1106, 362, 0, 7, 1, 49
MWM, 1106, 362, 0, 7, 1, 61
MM, 1104, 363, 844
MM, 1100, 367, 13
MM, 1090, 374, 12
MM, 1063, 390, 13
MM, 1014, 423, 14
MM, 958, 458, 11
MM, 901, 499, 13
MM, 844, 532, 13
MM, 799, 557, 14
MM, 757, 581, 11
MM, 728, 596, 13
MM, 710, 604, 12
MM, 701, 608, 13
MM, 698, 611, 12
MM, 697, 612, 13
MM, 694, 613, 215
MM, 690, 619, 14
MM, 680, 626, 13
MM, 660, 642, 12
MM, 627, 670, 13
MM, 599, 692, 14
MM, 574, 711, 11
MM, 560, 721, 12
MM, 550, 729, 13
MM, 544, 733, 13
MM, 540, 735, 13
MM, 539, 737, 12
MM, 538, 737, 13
MM, 537, 738, 12
MM, 536, 738, 26
MM, 536, 738, 25
MM, 535, 739, 50
MM, 535, 740, 14
MM, 534, 740, 12
MM, 533, 741, 14
MM, 532, 742, 12
MM, 531, 744, 13
MM, 530, 744, 11
MM, 530, 745, 14
MM, 530, 745, 87
MM, 533, 745, 14
MM, 537, 745, 15
MM, 540, 745, 9
MM, 543, 745, 13
MM, 545, 745, 12
MM, 547, 745, 15
MM, 547, 745, 12
MM, 549, 745, 12
MM, 549, 745, 12
MM, 550, 745, 15
MM, 550, 745, 1963
MM, 551, 741, 11
MM, 554, 737, 13
MM, 558, 731, 11
MM, 563, 726, 15
MM, 574, 718, 12
MM, 587, 711, 12
MM, 599, 705, 12
MM, 612, 701, 15
MM, 622, 699, 11
MM, 631, 698, 13
MM, 636, 698, 13
MM, 640, 697, 13
MM, 643, 697, 12
MP, 1, 291
MR, 1, 128
MC, 1, 0
MM, 643, 695, 911
MM, 643, 691, 12
MM, 643, 684, 14
MM, 643, 679, 12
MM, 643, 672, 13
MM, 643, 664, 12
MM, 643, 652, 13
MM, 643, 643, 14
MM, 643, 633, 11
MM, 645, 624, 12
MM, 647, 613, 12
MM, 649, 601, 14
MM, 654, 585, 13
MM, 659, 568, 12
MM, 664, 552, 14
MM, 667, 541, 11
MM, 669, 532, 14
MM, 670, 529, 12
MM, 671, 527, 14
MM, 671, 527, 40336
MM, 667, 524, 13
MM, 659, 521, 13
MM, 649, 518, 13
MM, 630, 512, 12
MM, 599, 511, 13
MM, 571, 513, 13
MM, 532, 528, 12
MM, 502, 549, 12
MM, 468, 583, 13
MM, 425, 645, 14
MM, 391, 709, 12
MM, 368, 770, 12
MM, 355, 807, 14
MM, 349, 789, 12
MM, 347, 777, 12
MM, 347, 771, 14
MM, 347, 768, 11
MM, 347, 768, 14
MM, 350, 767, 13
MM, 359, 767, 12
MM, 375, 764, 12
MM, 395, 755, 12
MM, 408, 748, 14
MM, 419, 743, 17
MM, 429, 740, 8
MM, 436, 739, 12
MM, 444, 737, 16
MM, 452, 735, 11
MM, 463, 734, 12
MM, 476, 732, 12
MM, 490, 730, 13
MM, 500, 728, 15
MM, 507, 728, 10
MM, 510, 728, 12
MM, 512, 728, 14
MM, 514, 728, 13
MM, 514, 728, 12
MM, 515, 728, 25
MM, 516, 728, 38
MM, 519, 728, 15
MM, 524, 728, 13
MM, 531, 728, 11
MM, 540, 729, 12
MM, 552, 733, 12
MM, 563, 736, 14
MM, 570, 738, 12
MM, 576, 740, 12
MM, 579, 742, 15
MM, 582, 742, 12
MM, 583, 743, 12
MM, 584, 743, 13
MM, 585, 744, 126
MM, 587, 744, 13
MM, 590, 745, 12
MM, 592, 746, 15
MM, 594, 746, 12
MM, 596, 747, 12
MM, 597, 747, 12
MM, 598, 747, 12
MM, 599, 747, 15
MP, 1, 253
MR, 1, 125
MC, 1, 0
MM, 599, 745, 420
MM, 590, 723, 11
MM, 553, 609, 14
MM, 524, 507, 12
MM, 502, 434, 14
MM, 465, 307, 25
MM, 455, 246, 11
MM, 449, 204, 14
MM, 449, 179, 12
MM, 449, 174, 12
MM, 448, 174, 242
MM, 444, 173, 13
MM, 435, 168, 12
MM, 425, 159, 14
MM, 396, 127, 11
MM, 367, 86, 13
MM, 344, 56, 13
MM, 331, 36, 14
MM, 325, 28, 12
MM, 323, 24, 13
MM, 321, 22, 11
MM, 321, 22, 14
MM, 320, 22, 13
MM, 320, 21, 265
MM, 319, 21, 12
MM, 318, 21, 13
MM, 317, 20, 13
MM, 315, 19, 12
MM, 312, 18, 12
MM, 309, 16, 14
MM, 308, 16, 12
MM, 307, 15, 13
MM, 305, 15, 13
MM, 305, 15, 12
MM, 305, 15, 13
MM, 304, 15, 38
MM, 304, 14, 13
MM, 304, 14, 39
MM, 302, 13, 12
MM, 300, 13, 12
MM, 296, 13, 13
MM, 291, 12, 14
MM, 287, 12, 12
MM, 282, 12, 12
MM, 280, 12, 12
MM, 279, 12, 14
MM, 278, 12, 11
MM, 278, 12, 14
MM, 277, 12, 12
MP, 1, 214
MR, 1, 128
MC, 1, 0
MM, 280, 11, 33710
MM, 296, 6, 13
MM, 345, -10, 12
MM, 414, -16, 13
MM, 483, -9, 13
MM, 543, 0, 12
MM, 597, 0, 13
MM, 607, 2, 12
MM, 619, 9, 13
MM, 638, 21, 14
MM, 660, 35, 11
MM, 676, 46, 14
MM, 686, 54, 13
MM, 693, 59, 12
MM, 700, 65, 12
MM, 705, 75, 13
MM, 708, 75, 254
MM, 717, 76, 12
MM, 738, 78, 12
MM, 783, 86, 13
MM, 837, 102, 13
MM, 897, 120, 12
MM, 947, 140, 13
MM, 989, 161, 14
MM, 1024, 181, 12
MM, 1043, 195, 12
MM, 1055, 204, 13
MM, 1055, 207, 216
MM, 1058, 212, 12
MM, 1064, 222, 14
MM, 1071, 238, 12
MM, 1080, 261, 11
MM, 1092, 292, 15
MM, 1102, 322, 11
MM, 1112, 347, 14
MM, 1118, 369, 11
MM, 1122, 387, 13
MWM, 1122, 387, 0, 7, 1, 590
MWM, 1122, 387, 0, 7, 1, 51
MWM, 1122, 387, 0, 7, 1, 49
MWM, 1122, 387, 0, 7, 1, 55
MWM, 1122, 387, 0, 7, 1, 46
MWM, 1122, 387, 0, 7, 1, 46
MWM, 1122, 387, 0, 7, 1, 35
MWM, 1122, 387, 0, 7, 1, 46
MWM, 1122, 387, 0, 7, 1, 49
MWM, 1122, 387, 0, 7, 1, 47
MWM, 1122, 387, 0, 7, 1, 40
MWM, 1122, 387, 0, 7, 1, 44
MWM, 1122, 387, 0, 7, 1, 40
MWM, 1122, 387, 0, 7, 1, 55
MWM, 1122, 387, 0, 7, 1, 53
MWM, 1122, 387, 0, 7, 1, 44
MWM, 1122, 387, 0, 7, 1, 48
MWM, 1122, 387, 0, 7, 1, 49
MWM, 1122, 387, 0, 7, 1, 52
MWM, 1122, 387, 0, 7, 1, 85
MM, 1120, 387, 2378
MM, 1115, 389, 13
MM, 1105, 392, 12
MM, 1094, 397, 13
MM, 1072, 406, 12
MM, 1038, 422, 14
MM, 999, 443, 12
MM, 951, 465, 12
MM, 899, 485, 14
MM, 845, 501, 12
MM, 786, 513, 12
MM, 733, 521, 13
MM, 684, 525, 13
MM, 637, 527, 12
MM, 602, 527, 14
MM, 572, 527, 11
MM, 553, 527, 15
MM, 538, 527, 11
MM, 526, 527, 13
MM, 517, 527, 12
MM, 510, 527, 13
MM, 505, 527, 12
MM, 502, 527, 13
MM, 500, 527, 12
MM, 499, 527, 293
MM, 498, 525, 11
MM, 495, 518, 14
MM, 489, 508, 12
MM, 483, 494, 13
MM, 478, 485, 12
MM, 476, 479, 12
MM, 474, 476, 14
MM, 474, 475, 13
MM, 473, 475, 12
MP, 1, 242
MR, 1, 127
MC, 1, 0
MM, 475, 475, 466122
MM, 480, 475, 14
MM, 488, 475, 12
MM, 493, 476, 12
MM, 498, 479, 12
MM, 500, 480, 14
MM, 503, 483, 11
MM, 504, 489, 14
MM, 504, 498, 13
MM, 502, 508, 14
MM, 496, 517, 12
MM, 487, 528, 11
MM, 473, 543, 12
MM, 458, 557, 14
MM, 448, 566, 12
MM, 439, 572, 13
MM, 435, 576, 13
MM, 432, 578, 14
MM, 432, 579, 12
MM, 431, 579, 12
MM, 431, 579, 12
MM, 431, 580, 39
MM, 431, 580, 12
MM, 434, 580, 14
MM, 442, 582, 12
MM, 452, 583, 13
MM, 474, 585, 11
MM, 501, 585, 14
MM, 535, 582, 14
MM, 576, 571, 11
MM, 615, 555, 12
MM, 649, 535, 12
MM, 682, 509, 14
MM, 716, 477, 13
MM, 751, 440, 12
MM, 777, 407, 12
MM, 790, 387, 13
MM, 797, 378, 13
MM, 800, 372, 12
MM, 800, 369, 15
MM, 800, 365, 12
MM, 796, 354, 12
MM, 782, 333, 12
MM, 764, 305, 13
MM, 747, 285, 13
MM, 729, 269, 12
MM, 710, 256, 12
MM, 684, 243, 16
MM, 657, 236, 12
MM, 621, 235, 11
MM, 590, 237, 13
MM, 559, 249, 12
MM, 534, 260, 16
MM, 512, 276, 10
MM, 497, 288, 12
MM, 483, 305, 13
MM, 466, 332, 12
MM, 457, 355, 14
MM, 453, 371, 11
MM, 452, 384, 14
MM, 452, 397, 13
MM, 452, 410, 12
MM, 453, 421, 13
MM, 456, 430, 13
MM, 458, 438, 14
MM, 462, 444, 10
MM, 467, 451, 14
MM, 474, 459, 12
MM, 483, 466, 13
MM, 493, 474, 13
MM, 506, 482, 13
MM, 520, 493, 12
MM, 533, 500, 14
MM, 551, 510, 12
MM, 562, 516, 12
MM, 575, 523, 12
MM, 582, 530, 14
MM, 582, 534, 214
MM, 584, 542, 13
MM, 587, 553, 13
MM, 589, 578, 13
MM, 594, 601, 13
MM, 596, 622, 11
MM, 601, 653, 13
MM, 604, 676, 13
MM, 606, 696, 13
MM, 607, 710, 13
MM, 608, 723, 12
MM, 610, 722, 444
MM, 612, 720, 12
MM, 618, 717, 13
MM, 624, 713, 16
MM, 633, 709, 9
MM, 645, 702, 12
MM, 657, 698, 14
MM, 666, 692, 13
MM, 675, 689, 12
MM, 682, 686, 12
MM, 688, 683, 13
MM, 691, 681, 14
MWM, 691, 681, 0, 7, 1, 405
MWM, 691, 681, 0, 7, 1, 61
MWM, 691, 681, 0, 7, 1, 49
MWM, 691, 681, 0, 7, 1, 46
MWM, 691, 681, 0, 7, 1, 50
MWM, 691, 681, 0, 7, 1, 41
MWM, 691, 681, 0, 7, 1, 43
MWM, 691, 681, 0, 7, 1, 40
MWM, 691, 681, 0, 7, 1, 40
MWM, 691, 681, 0, 7, 1, 37
MWM, 691, 681, 0, 7, 1, 50
MWM, 691, 681, 0, 7, 1, 47
MWM, 691, 681, 0, 7, 1, 593
MWM, 691, 681, 0, 7, 1, 304
MWM, 691, 681, 0, 7, 1, 2367
MWM, 691, 681, 0, 7, 1, 26
MWM, 691, 681, 0, 7, 1, 30
MWM, 691, 681, 0, 7, 1, 23
MWM, 691, 681, 0, 7, 1, 22
MWM, 691, 681, 0, 7, 1, 25
MWM, 691, 681, 0, 7, 1, 29
MWM, 691, 681, 0, 7, 1, 29
MWM, 691, 681, 0, 7, 1, 25
MWM, 691, 681, 0, 7, 1, 25
MWM, 691, 681, 0, 7, 1, 39
MWM, 691, 681, 0, 7, 1, 124
MWM, 691, 681, 0, 7, 1, 1402
MWM, 691, 681, 0, 7, 1, 613
MWM, 691, 681, 0, 7, 1, 2036
MWM, 691, 681, 0, 7, 1, 110
MM, 691, 682, 1755
MM, 691, 687, 14
MM, 690, 692, 12
MM, 688, 699, 13
MM, 687, 706, 13
MM, 683, 718, 12
MM, 682, 732, 13
MM, 680, 744, 12
MM, 679, 753, 13
MM, 677, 759, 14
MM, 677, 762, 12
MM, 677, 764, 13
MM, 676, 766, 12
MM, 676, 767, 12
MM, 676, 767, 38
MM, 676, 767, 304
MM, 684, 762, 14
MM, 724, 723, 12
MM, 793, 664, 13
MM, 848, 615, 12
MM, 890, 577, 14
MM, 918, 552, 14
MM, 930, 543, 10
MM, 936, 538, 13
MM, 936, 536, 216
MM, 939, 532, 12
MM, 947, 525, 13
MM, 965, 505, 12
MM, 982, 485, 12
MM, 999, 464, 13
MM, 1008, 454, 13
MM, 1013, 448, 12
MM, 1016, 445, 15
MM, 1017, 443, 12
MM, 1017, 443, 12
MM, 1017, 442, 13
MM, 1018, 442, 11
MM, 1018, 442, 128
MM, 1018, 441, 27
MM, 1018, 435, 12
MM, 1018, 429, 12
MM, 1018, 422, 12
MM, 1018, 415, 13
MM, 1019, 411, 14
MM, 1019, 408, 11
MM, 1019, 406, 12
MM, 1019, 405, 14
MM, 1019, 405, 12
MP, 1, 254
MR, 1, 138
MC, 1, 0
MM, 1018, 403, 38221
MM, 1012, 398, 12
MM, 984, 373, 13
MM, 929, 326, 13
MM, 885, 286, 13
MM, 851, 254, 11
MM, 833, 238, 14
MM, 825, 229, 12
MM, 822, 225, 16
MM, 819, 223, 9
MM, 819, 222, 13
MM, 818, 222, 14
MM, 818, 222, 12
MM, 818, 222, 75
MM, 818, 223, 14
MM, 818, 226, 12
MM, 817, 228, 13
MM, 816, 231, 12
MM, 815, 232, 13
MM, 815, 233, 13
MM, 815, 235, 12
MM, 814, 236, 12
MM, 812, 238, 14
MM, 810, 241, 12
MM, 806, 246, 13
MM, 802, 252, 13
MM, 796, 262, 13
MM, 788, 273, 12
MM, 783, 283, 13
MM, 779, 290, 12
MM, 775, 295, 14
MM, 772, 300, 12
MM, 769, 304, 13
MM, 768, 304, 759
MM, 768, 304, 13
MM, 767, 304, 12
MM, 764, 304, 14
MM, 764, 304, 12
MM, 762, 304, 12
MM, 761, 304, 14
MM, 760, 305, 12
MM, 759, 305, 12
MM, 757, 306, 14
MM, 756, 308, 11
MM, 755, 308, 14
MM, 754, 310, 12
MM, 752, 311, 13
MM, 751, 312, 12
MM, 750, 313, 13
MM, 748, 315, 12
MM, 748, 316, 14
MM, 746, 317, 12
MM, 746, 318, 14
MM, 744, 319, 12
MM, 743, 320, 12
MM, 743, 321, 13
MM, 742, 322, 13
MM, 741, 323, 12
MM, 740, 325, 12
MM, 739, 326, 15
MM, 738, 328, 11
MM, 737, 330, 13
MM, 737, 332, 12
MM, 735, 334, 13
MM, 734, 337, 13
MM, 734, 340, 13
MM, 733, 345, 12
MM, 732, 349, 14
MM, 731, 351, 1113
MM, 729, 357, 15
MM, 725, 371, 11
MM, 718, 401, 12
MM, 711, 446, 14
MM, 701, 499, 12
MM, 693, 549, 12
MM, 684, 589, 13
MM, 684, 590, 583
MM, 683, 592, 12
MM, 683, 595, 13
MM, 682, 599, 15
MM, 681, 602, 12
MM, 680, 605, 11
MM, 679, 609, 13
MM, 679, 612, 13
MM, 679, 615, 13
MM, 679, 618, 12
MM, 679, 621, 12
MM, 679, 623, 16
MM, 679, 625, 11
MM, 679, 627, 12
MM, 679, 629, 12
MM, 679, 630, 13
MM, 679, 628, 195716
MM, 679, 624, 13
MM, 679, 616, 13
MM, 679, 604, 13
MM, 680, 570, 12
MM, 682, 513, 12
MM, 682, 456, 13
MM, 682, 405, 13
MM, 682, 394, 13
MM, 681, 382, 12
MM, 679, 365, 13
MM, 675, 346, 13
MM, 664, 316, 12
MM, 652, 283, 12
MM, 636, 246, 13
MM, 619, 205, 14
MM, 605, 171, 14
MM, 592, 138, 11
MM, 583, 113, 13
MM, 580, 99, 13
MM, 577, 90, 13
MM, 576, 83, 12
MM, 576, 79, 13
MM, 576, 76, 12
MM, 579, 73, 12
MM, 576, 73, 228
MM, 568, 68, 15
MM, 557, 63, 12
MM, 538, 49, 12
MM, 518, 36, 12
MM, 496, 20, 13
MM, 479, 7, 15
MM, 468, 1, 10
MM, 461, -5, 12
MM, 456, -3, 16
MM, 454, -1, 10
MM, 453, -1, 13
MM, 452, 0, 26
MM, 452, 0, 26
MM, 451, 0, 38
MM, 452, 0, 125
MM, 454, 0, 13
MM, 456, 2, 13
MM, 459, 4, 12
MM, 462, 6, 13
MM, 463, 8, 15
MM, 465, 9, 10
MM, 465, 10, 13
MM, 466, 10, 13
MM, 466, 10, 13
MM, 467, 11, 12
MM, 467, 12, 51
MM, 468, 12, 13
MM, 469, 12, 12
MM, 469, 12, 13
MM, 470, 13, 12
MM, 470, 13, 13
MP, 1, 266
MR, 1, 127
MC, 1, 0
MM, 470, 19, 3395
MM, 470, 32, 12
MM, 470, 78, 13
MM, 472, 159, 13
MM, 474, 211, 12
MM, 480, 256, 13
MM, 485, 298, 12
MM, 495, 343, 13
MM, 502, 383, 13
MM, 507, 409, 12
MM, 509, 422, 12
MM, 509, 424, 230
MM, 511, 430, 11
MM, 518, 442, 14
MM, 538, 477, 13
MM, 570, 523, 12
MM, 596, 561, 13
MM, 615, 589, 12
MM, 631, 611, 13
MM, 640, 622, 12
MM, 646, 630, 13
MM, 647, 632, 15
MM, 647, 632, 113
MM, 647, 630, 12
MM, 647, 628, 12
MM, 647, 628, 12
MM, 647, 627, 15
MM, 646, 627, 12
MM, 641, 628, 12
MM, 634, 631, 12
MM, 626, 636, 14
MM, 612, 646, 12
MM, 602, 653, 13
MM, 594, 659, 12
MM, 586, 667, 16
MM, 576, 676, 10
MM, 566, 687, 12
MM, 553, 709, 12
MM, 546, 724, 15
MM, 541, 735, 12
MM, 539, 743, 12
MM, 538, 749, 12
MM, 538, 752, 15
MM, 538, 754, 11
MM, 538, 756, 12
MM, 538, 757, 216
MM, 539, 758, 14
MM, 541, 759, 12
MM, 543, 760, 11
MM, 545, 761, 14
MM, 547, 762, 13
MM, 548, 763, 12
MM, 549, 763, 12
MM, 550, 763, 13
MM, 552, 763, 14
MM, 553, 763, 12
MM, 554, 763, 12
MM, 556, 763, 14
MM, 561, 762, 11
MP, 1, 243
MR, 1, 125
MC, 1, 0
MM, 561, 761, 443
MM, 561, 761, 13
MM, 562, 760, 12
MM, 562, 759, 15
MM, 563, 758, 12
MM, 564, 757, 12
MM, 566, 754, 12
MM, 568, 752, 12
MM, 572, 747, 13
MM, 576, 741, 13
MM, 585, 731, 12
MM, 594, 719, 15
MM, 603, 709, 12
MM, 610, 700, 12
MM, 616, 694, 13
MM, 619, 691, 12
MM, 621, 688, 13
MM, 622, 687, 13
MM, 622, 687, 12
MM, 622, 686, 15
MM, 623, 686, 24
MP, 1, 797
MR, 1, 126
MC, 1, 0
MM, 623, 682, 406
MM, 624, 671, 13
MM, 631, 638, 13
MM, 638, 606, 12
MM, 644, 579, 13
MM, 648, 566, 14
MM, 650, 559, 12
MM, 651, 556, 13
MM, 651, 554, 12
MM, 651, 554, 13
MP, 1, 12702
MR, 1, 128
MC, 1, 0
MP, 1, 734
MR, 1, 126
MC, 1, 0
MP, 1, 2457
MR, 1, 127
MC, 1, 0
MP, 1, 1063
MR, 1, 127
MC, 1, 0
MM, 646, 552, 405
MM, 635, 550, 15
MM, 623, 546, 12
MM, 605, 541, 12
MM, 591, 537, 12
MM, 580, 533, 12
MM, 572, 530, 14
MM, 566, 528, 12
MM, 560, 525, 12
MP, 1, 14148
MR, 1, 126
MC, 1, 0
MM, 557, 525, 1396899
MM, 549, 526, 14
MM, 532, 527, 11
MM, 496, 531, 13
MM, 455, 533, 13
MM, 400, 533, 14
MM, 335, 537, 12
MM, 264, 539, 12
MM, 249, 541, 12
MM, 204, 549, 16
MM, 146, 557, 11
MM, 87, 569, 11
MM, 42, 578, 14
MM, 7, 587, 11
MM, -17, 591, 14
MM, -13, 595, 12
MM, -10, 597, 12
MM, -6, 599, 18
MM, -3, 599, 9
MM, -5, 601, 201
MM, -14, 605, 13
MM, -51, 621, 13
MM, -76, 640, 13
MM, -75, 660, 12
MM, -75, 679, 13
MM, -20, 686, 13
MM, -20, 693, 12
MM, -19, 699, 13
MM, -12, 701, 12
MM, -9, 702, 13
MM, -6, 703, 13
MM, -3, 703, 13
MM, 4, 701, 50
MM, 20, 695, 13
MM, 61, 684, 12
MM, 106, 678, 13
MM, 152, 675, 13
MM, 191, 673, 13
MM, 226, 673, 12
MM, 252, 675, 13
MM, 269, 680, 12
MM, 283, 685, 13
MM, 292, 689, 12
MM, 300, 693, 14
MM, 306, 698, 11
MM, 312, 704, 14
MM, 319, 711, 13
MM, 326, 720, 12
MM, 334, 728, 12
MM, 340, 736, 13
MM, 346, 742, 13
MM, 350, 751, 13
MM, 353, 759, 12
MM, 354, 767, 13
MM, 352, 775, 13
MM, 348, 776, 12
MM, 342, 774, 13
MM, 333, 779, 12
MM, 317, 787, 13
MM, 303, 784, 13
MM, 288, 781, 12
MM, 277, 779, 13
MM, 265, 776, 13
MM, 252, 774, 12
MM, 232, 774, 13
MM, 217, 770, 14
MM, 198, 767, 11
MM, 173, 760, 14
MM, 139, 744, 12
MM, 101, 719, 13
MM, 58, 690, 12
MM, 25, 664, 13
MM, -3, 639, 12
MM, -21, 620, 14
MM, -15, 607, 11
MM, -13, 587, 14
MM, -6, 575, 12
MM, -2, 575, 1255
MM, -6, 575, 11
MM, -13, 575, 14
MM, -21, 575, 12
MM, -44, 581, 12
MM, -62, 595, 14
MM, -57, 612, 12
MM, -52, 632, 12
MM, -40, 652, 13
MM, -32, 672, 14
MM, -19, 685, 11
MM, -9, 694, 14
MM, -7, 703, 12
MM, -3, 713, 14
MM, 0, 721, 11
MM, 2, 729, 13
MM, 9, 736, 12
MM, 20, 743, 13
MM, 40, 751, 13
MM, 66, 756, 12
MM, 51, 780, 17696
MM, 43, 783, 12
MM, 41, 777, 12
MM, 43, 776, 15
MM, 51, 772, 11
MM, 86, 776, 13
MM, 157, 769, 12
MM, 239, 760, 13
MM, 314, 738, 14
MM, 388, 708, 12
MM, 413, 690, 11
MM, 440, 661, 16
MM, 467, 630, 11
MM, 487, 605, 12
MM, 497, 589, 12
MM, 500, 580, 13
MM, 500, 575, 13
MM, 495, 571, 12
MM, 463, 559, 14
MM, 389, 552, 12
MM, 313, 552, 14
MM, 228, 565, 11
MM, 187, 580, 13
MM, 147, 604, 13
MM, 103, 638, 12
MM, 59, 672, 13
MM, 22, 707, 14
MM, -3, 738, 12
MM, -3, 768, 25
MM, 2, 775, 12
MM, 23, 776, 13
MM, 91, 776, 13
MM, 176, 763, 14
MM, 253, 746, 11
MM, 329, 720, 13
MM, 359, 699, 12
MM, 388, 672, 13
MM, 424, 639, 12
MM, 449, 614, 13
MM, 466, 597, 17
MM, 473, 590, 9
MM, 476, 586, 12
MM, 476, 584, 12
MM, 473, 582, 14
MM, 442, 579, 12
MM, 368, 587, 13
MM, 296, 604, 12
MM, 226, 625, 16
MM, 162, 653, 11
MM, 111, 683, 12
MM, 73, 712, 12
MM, 44, 741, 14
MM, 17, 784, 24
MM, 17, 776, 14
MM, 21, 772, 12
MM, 54, 775, 12
MM, 132, 767, 14
MM, 212, 752, 11
MM, 278, 729, 14
MM, 339, 700, 12
MM, 382, 672, 12
MM, 413, 647, 13
MM, 431, 627, 14
MM, 439, 611, 11
MM, 440, 599, 14
MM, 435, 592, 11
MM, 409, 580, 15
MM, 339, 570, 11
MM, 261, 573, 13
MM, 180, 590, 12
MM, 110, 616, 13
MM, 88, 630, 12
MM, 60, 651, 13
MM, 37, 670, 15
MM, 25, 683, 12
MM, 16, 691, 12
MM, 12, 696, 12
MM, 12, 697, 13
MM, 17, 699, 12
MM, 68, 696, 13
MM, 162, 674, 12
MM, 254, 640, 15
MM, 310, 611, 12
MM, 340, 588, 12
MM, 366, 564, 13
MM, 382, 548, 12
MM, 388, 542, 14
MM, 389, 540, 12
MM, 374, 541, 38
MM, 319, 559, 12
MM, 254, 585, 12
MM, 187, 617, 13
MM, 137, 645, 12
MM, 102, 665, 13
MM, 88, 675, 12
MM, 84, 679, 15
MM, 95, 679, 36
MM, 131, 672, 12
MM, 221, 636, 15
MM, 298, 597, 12
MM, 333, 573, 12
MM, 349, 557, 15
MM, 357, 548, 12
MM, 361, 542, 12
MM, 362, 541, 12
MM, 340, 547, 39
MM, 291, 569, 13
MM, 227, 597, 12
MM, 228, 596, 303
MM, 234, 590, 14
MM, 265, 571, 12
MM, 318, 545, 12
MM, 376, 522, 14
MM, 420, 503, 11
MM, 456, 490, 13
MM, 481, 483, 14
MM, 493, 478, 11
MM, 499, 477, 14
MM, 502, 477, 12
MM, 503, 476, 12
MM, 503, 473, 268
MM, 503, 468, 12
MM, 503, 458, 12
MM, 505, 446, 13
MM, 512, 427, 12
MM, 521, 404, 13
MP, 1, 266
MR, 1, 138
MC, 1, 0
MM, 520, 405, 13394
MM, 516, 411, 13
MM, 509, 423, 12
MM, 461, 504, 25
MM, 438, 551, 14
MM, 418, 596, 13
MM, 403, 634, 13
MM, 395, 664, 12
MM, 389, 686, 11
MM, 386, 702, 13
MM, 384, 711, 13
MM, 383, 717, 13
MM, 385, 717, 241
MM, 396, 715, 12
MM, 416, 712, 13
MM, 464, 707, 14
MM, 525, 695, 11
MM, 581, 685, 12
MM, 618, 679, 15
MM, 642, 673, 12
MM, 654, 670, 13
MM, 660, 669, 12
MM, 662, 668, 12
MM, 662, 668, 14
MM, 662, 668, 87
MM, 662, 668, 14
MM, 662, 668, 15
MM, 661, 668, 9
MM, 661, 668, 13
MM, 660, 668, 27
MM, 659, 668, 12
MM, 658, 668, 12
MM, 657, 668, 12
MM, 654, 670, 15
MM, 650, 673, 11
MM, 645, 676, 12
MM, 642, 679, 13
MM, 638, 681, 15
MM, 636, 683, 12
MM, 634, 684, 12
MM, 633, 685, 12
MM, 631, 686, 13
MM, 631, 686, 25
MM, 630, 686, 12
MP, 1, 217
MR, 1, 138
MC, 1, 0
MM, 630, 685, 29360
MM, 633, 684, 13
MM, 636, 681, 12
MM, 643, 676, 14
MM, 652, 672, 13
MM, 666, 666, 11
MM, 678, 661, 13
MM, 689, 656, 13
MM, 699, 653, 14
MM, 705, 649, 11
MM, 711, 647, 14
MM, 715, 644, 12
MM, 719, 643, 13
MM, 722, 640, 11
MM, 724, 639, 13
MM, 726, 638, 13
MM, 727, 638, 12
MM, 728, 637, 13
MM, 728, 637, 14
MM, 729, 637, 12
MM, 730, 636, 13
MM, 732, 635, 12
MM, 734, 635, 13
MM, 736, 634, 12
MM, 737, 634, 13
MM, 738, 633, 13
MM, 738, 633, 12
MM, 739, 633, 14
MM, 740, 632, 11
MM, 741, 631, 14
MM, 743, 631, 12
MM, 746, 631, 12
MM, 749, 630, 14
MM, 751, 629, 13
MM, 754, 629, 11
MM, 757, 628, 13
MM, 760, 628, 13
MM, 762, 628, 14
MM, 765, 628, 11
MM, 767, 628, 12
MM, 768, 627, 16
MM, 769, 627, 10
MM, 770, 627, 26
MM, 771, 627, 291
MM, 772, 625, 14
MM, 774, 624, 12
MM, 774, 624, 13
MM, 775, 624, 11
MM, 775, 623, 14
MM, 776, 623, 11
MM, 776, 623, 14
MM, 777, 623, 12
MM, 778, 622, 14
MM, 778, 622, 125
MM, 778, 620, 13
MM, 778, 620, 14
MM, 778, 619, 13
MM, 778, 617, 11
MM, 778, 617, 13
MM, 778, 616, 14
MM, 778, 615, 12
MM, 778, 614, 13
MM, 778, 614, 25
MM, 778, 613, 51
MM, 778, 613, 25
MM, 778, 611, 11
MM, 778, 609, 14
MM, 777, 606, 11
MM, 776, 603, 14
MM, 776, 602, 12
MM, 776, 601, 14
MM, 776, 600, 12
MM, 776, 600, 13
MM, 776, 599, 39
MM, 774, 599, 7601
MM, 770, 603, 14
MM, 761, 609, 12
MM, 746, 622, 13
MM, 732, 633, 12
MM, 722, 642, 13
MM, 715, 647, 12
MM, 711, 652, 13
MM, 709, 653, 13
MM, 708, 654, 13
MM, 706, 655, 12
MM, 706, 656, 13
MM, 705, 656, 12
MM, 703, 658, 13
MM, 700, 659, 14
MM, 698, 660, 12
MM, 695, 662, 12
MM, 693, 663, 13
MM, 690, 665, 12
MM, 688, 666, 13
MM, 686, 667, 12
MM, 683, 668, 13
MM, 682, 669, 13
MM, 681, 669, 12
MM, 681, 670, 12
MM, 680, 670, 15
MM, 680, 670, 11
MM, 679, 670, 25
MM, 678, 670, 13
MM, 678, 670, 13
MM, 677, 670, 12
MM, 677, 671, 12
MM, 676, 671, 16
MM, 676, 671, 10
MM, 675, 671, 13
MM, 674, 671, 13
MM, 673, 672, 13
MM, 673, 672, 13
MM, 672, 673, 24
MM, 671, 673, 15
MM, 671, 674, 23
MM, 671, 674, 342
MM, 671, 675, 13
MM, 670, 676, 13
MM, 669, 677, 12
MM, 668, 679, 12
MM, 667, 679, 13
MM, 665, 681, 13
MM, 663, 682, 14
MM, 662, 682, 11
MM, 661, 683, 14
MM, 660, 683, 12
MM, 659, 683, 12
MM, 658, 683, 14
MM, 657, 683, 12
MM, 656, 683, 12
MM, 655, 683, 12
MP, 1, 268
MR, 1, 125
MC, 1, 0
MM, 655, 679, 14861
MM, 658, 673, 12
MM, 662, 660, 12
MM, 669, 639, 13
MM, 677, 616, 15
MM, 691, 583, 10
MM, 705, 549, 13
MM, 717, 521, 14
MM, 725, 503, 12
MM, 731, 493, 12
MM, 734, 487, 14
MM, 736, 485, 11
MM, 737, 484, 13
MM, 737, 483, 13
MM, 737, 483, 343
MM, 738, 480, 12
MM, 744, 472, 12
MM, 752, 465, 14
MM, 764, 453, 13
MM, 772, 444, 12
MM, 778, 439, 12
MM, 780, 436, 12
MM, 782, 434, 14
MM, 782, 434, 13
MM, 783, 433, 11
MM, 783, 432, 25
MM, 783, 432, 64
MM, 783, 431, 12
MM, 783, 431, 14
MM, 783, 429, 12
MM, 784, 429, 13
MM, 784, 428, 13
MM, 785, 428, 14
MM, 785, 427, 11
MM, 786, 426, 12
MM, 789, 424, 13
MM, 794, 422, 14
MM, 799, 418, 11
MM, 804, 415, 14
MM, 808, 413, 12
MM, 811, 412, 14
MM, 813, 410, 12
MM, 813, 410, 13
MM, 814, 410, 11
MM, 814, 409, 25
MM, 814, 409, 177
MM, 814, 409, 26
MM, 813, 409, 14
MM, 813, 409, 26
MM, 812, 409, 12
MM, 811, 409, 12
MM, 811, 409, 13
MM, 810, 409, 12
MM, 810, 409, 12
MM, 809, 409, 14
MM, 809, 409, 12
MM, 808, 409, 26
MM, 808, 408, 13
MM, 807, 408, 50
MP, 1, 241
MR, 1, 126
MC, 1, 0
MM, 808, 408, 343
MM, 814, 408, 12
MM, 826, 405, 14
MM, 845, 403, 12
MM, 878, 400, 12
MM, 914, 398, 12
MM, 947, 398, 14
MM, 977, 398, 11
MM, 1004, 398, 14
MM, 1020, 398, 12
MM, 1034, 398, 14
MM, 1042, 398, 12
MM, 1049, 399, 12
MM, 1052, 399, 12
MM, 1054, 399, 14
MM, 1055, 400, 12
MM, 1057, 400, 13
MM, 1060, 400, 12
MM, 1063, 400, 15
MM, 1069, 400, 11
MM, 1076, 400, 12
MM, 1083, 400, 12
MM, 1090, 400, 14
MM, 1095, 400, 13
MM, 1099, 400, 12
MM, 1101, 400, 13
MM, 1103, 400, 12
MM, 1104, 400, 13
MM, 1106, 400, 12
MM, 1107, 400, 12
MM, 1108, 400, 15
MM, 1109, 400, 14
MM, 1109, 400, 10
MM, 1110, 400, 40
MM, 1110, 400, 11
MM, 1111, 400, 25
MM, 1111, 400, 15
MM, 1112, 400, 35
MM, 1112, 400, 27
MM, 1112, 400, 11
MM, 1112, 400, 27
MM, 1112, 401, 24
MM, 1112, 401, 28
MM, 1112, 402, 11
MM, 1112, 402, 12
MM, 1112, 403, 14
MM, 1111, 403, 11
MM, 1109, 404, 13
MM, 1108, 405, 13
MM, 1106, 406, 12
MM, 1104, 407, 14
MM, 1103, 407, 13
MM, 1102, 408, 11
MM, 1102, 408, 14
MM, 1101, 409, 11
MM, 1101, 409, 14
MM, 1100, 409, 38
MP, 1, 265
MR, 1, 129
MC, 1, 0
MM, 1100, 406, 632
MM, 1099, 400, 11
MM, 1099, 391, 14
MM, 1097, 379, 11
MM, 1096, 358, 14
MM, 1094, 338, 13
MM, 1093, 321, 14
MM, 1093, 294, 12
MM, 1093, 269, 12
MM, 1093, 253, 12
MM, 1093, 236, 14
MM, 1093, 224, 13
MM, 1094, 216, 12
MM, 1094, 209, 12
MM, 1096, 201, 12
MM, 1096, 201, 216
MM, 1095, 195, 13
MM, 1086, 178, 11
MM, 1068, 144, 15
MM, 1045, 106, 12
MM, 1028, 84, 12
MM, 1021, 74, 13
MM, 1015, 68, 14
MM, 1012, 64, 12
MM, 1009, 63, 13
MM, 1007, 62, 11
MM, 1005, 62, 14
MM, 1003, 61, 15
MM, 1001, 61, 9
MM, 999, 61, 13
MM, 996, 61, 12
MM, 993, 61, 15
MM, 989, 62, 12
MM, 985, 64, 11
MM, 984, 64, 14
MM, 983, 65, 14
MM, 981, 66, 10
MM, 981, 66, 13
MM, 980, 67, 12
MM, 979, 67, 15
MM, 978, 67, 11
MM, 978, 68, 13
MM, 976, 69, 12
MM, 976, 71, 14
MM, 973, 73, 12
MM, 972, 75, 12
MM, 970, 78, 13
MM, 969, 82, 14
MM, 968, 84, 12
MM, 967, 85, 13
MM, 967, 86, 12
MM, 967, 86, 13
MM, 967, 87, 13
MM, 966, 87, 39
MM, 966, 87, 62
MM, 968, 87, 12
MM, 970, 87, 13
MM, 972, 87, 13
MM, 974, 87, 13
MM, 976, 88, 11
MM, 978, 88, 15
MM, 980, 88, 11
MM, 981, 88, 13
MM, 982, 89, 13
MM, 983, 89, 14
MP, 1, 200
MR, 1, 128
MC, 1, 0
MP, 1, 1329
MR, 1, 126
MC, 1, 0
MM, 980, 90, 166
MM, 976, 90, 11
MM, 970, 91, 14
MM, 966, 92, 12
MM, 961, 92, 13
MM, 958, 92, 13
MM, 956, 92, 14
MM, 954, 92, 11
MM, 952, 92, 12
MM, 951, 92, 12
MM, 950, 92, 15
MM, 949, 92, 12
MM, 948, 92, 12
MM, 948, 92, 13
MM, 947, 92, 12
MM, 946, 92, 14
MM, 945, 92, 13
MM, 944, 92, 11
MM, 944, 92, 14
MM, 943, 92, 12
MM, 943, 92, 13
MP, 1, 241
MR, 1, 137
MC, 1, 0
MM, 941, 94, 2711
MM, 935, 101, 13
MM, 928, 112, 13
MM, 913, 135, 12
MM, 890, 168, 13
MM, 868, 198, 12
MM, 853, 218, 14
MM, 845, 228, 12
MM, 841, 235, 13
MM, 838, 239, 12
MM, 836, 241, 13
MM, 835, 242, 12
MM, 835, 243, 13
MM, 834, 243, 39
MM, 834, 244, 25
MM, 833, 244, 13
MM, 833, 244, 15
MM, 832, 245, 10
MM, 831, 245, 12
MM, 831, 245, 14
MM, 830, 245, 12
MM, 829, 246, 12
MM, 829, 246, 12
MM, 828, 246, 14
MM, 827, 246, 13
MM, 827, 247, 12
MM, 826, 247, 13
MM, 825, 247, 14
MM, 824, 247, 11
MM, 823, 247, 13
MM, 823, 247, 12
MM, 821, 247, 13
MM, 820, 244, 13
MM, 818, 243, 12
MM, 816, 241, 13
MM, 815, 238, 13
MM, 815, 237, 12
MM, 813, 236, 13
MM, 813, 234, 13
MM, 812, 234, 13
MM, 812, 233, 12
MM, 812, 233, 12
MM, 812, 232, 27
MP, 1, 405
MR, 1, 125
MC, 1, 0
MM, 812, 233, 1888
MM, 812, 242, 13
MM, 822, 284, 12
MM, 841, 359, 12
MM, 858, 426, 12
MM, 866, 454, 14
MM, 872, 475, 13
MM, 879, 497, 12
MM, 884, 514, 13
MM, 887, 526, 13
MM, 889, 526, 252
MM, 894, 526, 14
MM, 902, 526, 12
MM, 910, 526, 11
MM, 918, 525, 15
MM, 925, 524, 13
MM, 929, 523, 12
MM, 934, 522, 12
MM, 938, 522, 12
MM, 940, 521, 13
MM, 944, 520, 13
MM, 949, 519, 12
MM, 950, 519, 254
MM, 954, 519, 13
MM, 961, 519, 13
MM, 969, 521, 12
MM, 979, 524, 12
MM, 997, 532, 15
MM, 1012, 538, 11
MM, 1023, 545, 13
MM, 1033, 551, 12
MM, 1042, 556, 13
MM, 1048, 560, 14
MM, 1050, 562, 12
MM, 1050, 562, 253
MM, 1053, 564, 12
MM, 1057, 566, 13
MM, 1061, 570, 14
MM, 1066, 575, 12
MM, 1070, 580, 12
MM, 1077, 587, 15
MM, 1082, 593, 12
MM, 1084, 597, 11
MM, 1087, 600, 13
MM, 1088, 603, 12
MM, 1089, 603, 2078
MM, 1090, 604, 12
MM, 1091, 606, 13
MM, 1093, 608, 13
MM, 1095, 610, 12
MM, 1096, 612, 14
MM, 1098, 614, 11
MM, 1099, 616, 12
MM, 1100, 618, 16
MM, 1101, 618, 11
MM, 1101, 620, 12
MM, 1102, 620, 12
MM, 1102, 621, 13
MM, 1102, 621, 13
MM, 1102, 621, 12
MM, 1102, 622, 51
MM, 1103, 622, 78
MM, 1103, 623, 36
MM, 1103, 624, 13
MM, 1103, 624, 13
MM, 1103, 625, 12
MM, 1103, 626, 12
MM, 1103, 626, 16
MM, 1103, 627, 10
MM, 1104, 628, 13
MM, 1104, 628, 12
MM, 1104, 629, 13
MM, 1104, 629, 25
MM, 1104, 629, 7552
MM, 1104, 626, 16
MM, 1103, 620, 9
MM, 1102, 614, 13
MM, 1102, 606, 14
MM, 1102, 597, 11
MM, 1101, 583, 13
MM, 1101, 570, 12
MM, 1101, 559, 14
MM, 1101, 550, 13
MM, 1101, 543, 11
MM, 1102, 537, 13
MM, 1102, 533, 12
MM, 1102, 532, 266
MM, 1102, 529, 14
MM, 1103, 524, 12
MM, 1103, 518, 14
MM, 1104, 511, 12
MM, 1106, 505, 13
MM, 1107, 501, 11
MM, 1107, 496, 14
MM, 1108, 493, 11
MM, 1108, 490, 14
MM, 1108, 489, 12
MM, 1108, 488, 14
MM, 1108, 487, 12
MM, 1108, 487, 13
MM, 1108, 486, 735
MM, 1108, 486, 11
MM, 1109, 484, 13
MM, 1110, 481, 13
MM, 1112, 479, 14
MM, 1114, 477, 12
MM, 1115, 474, 12
MM, 1116, 471, 12
MM, 1118, 470, 14
MM, 1118, 469, 11
MM, 1118, 468, 14
MM, 1118, 467, 12
MM, 1119, 467, 26
MM, 1119, 466, 63
MM, 1119, 466, 203
MM, 1119, 465, 26
MM, 1119, 465, 12
MM, 1118, 464, 13
MM, 1117, 463, 11
MM, 1116, 462, 14
MM, 1116, 461, 12
MM, 1114, 461, 13
MM, 1114, 460, 12
MM, 1113, 459, 14
MM, 1113, 459, 12
MM, 1113, 458, 13
MM, 1112, 458, 11
MM, 1111, 458, 343
MM, 1111, 458, 12
MM, 1110, 458, 13
MM, 1109, 458, 15
MM, 1108, 459, 11
MM, 1107, 459, 12
MM, 1107, 459, 14
MM, 1106, 460, 11
MM, 1106, 460, 14
MM, 1105, 460, 12
MM, 1105, 460, 12
MM, 1104, 460, 38
MM, 1104, 461, 51
MM, 1104, 461, 14
MM, 1103, 461, 25
MM, 1103, 462, 11
MM, 1103, 462, 26
MM, 1102, 462, 13
MM, 1102, 463, 27
MM, 1102, 463, 11
MM, 1102, 463, 25
MM, 1102, 464, 26
MM, 1101, 464, 12
MM, 1101, 464, 13
MM, 1101, 466, 12
MM, 1101, 466, 12
MM, 1101, 467, 13
MM, 1101, 467, 13
MM, 1101, 468, 25
MM, 1101, 468, 38
MM, 1101, 468, 167
MM, 1101, 468, 11
MM, 1101, 468, 12
MM, 1101, 468, 13
MM, 1101, 467, 14
MM, 1101, 467, 62
MP, 1, 278
MR, 1, 126
MC, 1, 0
MP, 1, 332
MR, 1, 125
MC, 2, 0
MP, 1, 240
MR, 1, 127
MC, 3, 0
MP, 1, 342
MR, 1, 139
MC, 4, 0
MP, 1, 64
MR, 1, 126
MC, 5, 0
MP, 1, 317
MR, 1, 127
MC, 6, 0
MP, 1, 923
MR, 1, 127
MC, 1, 0
MP, 1, 292
MR, 1, 127
MC, 2, 0
MP, 1, 291
MR, 1, 125
MC, 3, 0
MM, 1101, 468, 572
MM, 1101, 471, 13
MM, 1101, 481, 11
MM, 1101, 493, 14
MM, 1101, 513, 11
MM, 1101, 535, 14
MM, 1104, 555, 12
MM, 1104, 572, 14
MM, 1105, 584, 12
MM, 1106, 591, 13
MM, 1107, 596, 11
MM, 1109, 600, 13
MM, 1109, 602, 203
MM, 1109, 605, 15
MM, 1109, 609, 10
MM, 1109, 614, 13
MM, 1109, 621, 12
MM, 1109, 626, 13
MM, 1109, 632, 13
MM, 1110, 637, 13
MM, 1110, 640, 12
MM, 1110, 643, 12
MM, 1110, 644, 14
MM, 1110, 645, 12
MM, 1110, 646, 14
MM, 1110, 646, 12
MM, 1110, 647, 13
MM, 1110, 647, 11
MM, 1110, 648, 15
MM, 1110, 649, 12
MM, 1110, 650, 12
MM, 1110, 650, 25
MM, 1110, 651, 15
MP, 1, 327
MR, 1, 101
MC, 1, 0
MP, 1, 50
MR, 1, 116
MC, 2, 0
MP, 1, 49
MR, 1, 101
MC, 3, 0
MP, 1, 64
MR, 1, 127
MC, 4, 0
MP, 1, 64
MR, 1, 101
MC, 5, 0
MP, 1, 63
MR, 1, 88
MC, 6, 0
MP, 1, 51
MR, 1, 115
MC, 7, 0
MP, 1, 62
MR, 1, 129
MC, 8, 0
MP, 1, 165
MR, 1, 110
MC, 9, 0
MP, 1, 64
MR, 1, 114
MC, 10, 0
MP, 1, 53
MR, 1, 113
MC, 11, 0
MM, 1110, 649, 88
MM, 1110, 640, 14
MM, 1109, 625, 13
MM, 1104, 594, 11
MM, 1101, 561, 14
MM, 1096, 527, 11
MM, 1093, 506, 14
MM, 1091, 495, 12
MM, 1090, 489, 14
MM, 1088, 483, 12
MM, 1088, 481, 12
MM, 1087, 479, 12
MM, 1087, 479, 14
MM, 1087, 478, 11
MM, 1087, 478, 14
MM, 1087, 478, 76
MM, 1087, 477, 13
MM, 1087, 476, 12
MM, 1088, 473, 12
MM, 1090, 472, 13
MM, 1091, 470, 14
MM, 1093, 468, 11
MM, 1094, 467, 13
MM, 1095, 465, 14
MM, 1096, 463, 15
MM, 1097, 461, 9
MM, 1099, 459, 13
MM, 1100, 455, 12
MM, 1101, 450, 15
MM, 1102, 446, 12
MM, 1102, 443, 11
MM, 1103, 440, 14
MM, 1103, 438, 14
MM, 1103, 436, 11
MM, 1103, 433, 12
MM, 1103, 431, 253
MM, 1103, 427, 14
MM, 1103, 422, 11
MM, 1103, 418, 14
MM, 1103, 415, 12
MM, 1103, 413, 12
MM, 1103, 413, 14
MM, 1103, 412, 13
MM, 1103, 412, 11
MM, 1103, 411, 66
MM, 1103, 410, 62
MP, 1, 266
MR, 1, 126
MC, 1, 0
MWM, 1103, 410, 0, 7, 1, 1027
MWM, 1103, 410, 0, 7, 1, 36
MWM, 1103, 410, 1, 7, 1, 39
MWM, 1103, 410, 0, 7, 1, 46
MWM, 1103, 410, 0, 7, 1, 36
MWM, 1103, 410, 0, 7, 1, 37
MWM, 1103, 410, 0, 7, 1, 33
MWM, 1103, 410, 0, 7, 1, 44
MWM, 1103, 410, 0, 7, 1, 31
MWM, 1103, 410, 0, 7, 1, 36
MWM, 1103, 410, 0, 7, 1, 34
MWM, 1103, 410, 0, 7, 1, 333
MWM, 1103, 410, 0, 7, 1, 47
MWM, 1103, 410, 0, 7, 1, 30
MWM, 1103, 410, 0, 7, 1, 32
MWM, 1103, 410, 0, 7, 1, 39
MWM, 1103, 410, 0, 7, 1, 31
MWM, 1103, 410, 0, 7, 1, 44
MWM, 1103, 410, 0, 7, 1, 23
MWM, 1103, 410, 0, 7, 1, 31
MWM, 1103, 410, 0, 7, 1, 2710
MWM, 1103, 410, 0, 7, 1, 46
MWM, 1103, 410, 0, 7, 1, 38
MWM, 1103, 410, 0, 7, 1, 44
MWM, 1103, 410, 0, 7, 1, 55
MWM, 1103, 410, 0, 7, 1, 53
MWM, 1103, 410, 0, 7, 1, 402
MWM, 1103, 410, 0, 7, 1, 43
MWM, 1103, 410, 0, 7, 1, 43
MWM, 1103, 410, 0, 7, 1, 43
MWM, 1103, 410, 0, 7, 1, 36
MWM, 1103, 410, 0, 7, 1, 37
MWM, 1103, 410, 0, 7, 1, 32
MWM, 1103, 410, 0, 7, 1, 44
MWM, 1103, 410, 0, 7, 1, 53
MWM, 1103, 410, 0, 7, 1, 567
MWM, 1103, 410, 0, 7, 1, 403
MWM, 1103, 410, 0, 7, 1, 44
MWM, 1103, 410, 0, 7, 1, 44
MWM, 1103, 410, 0, 7, 1, 43
MWM, 1103, 410, 0, 7, 1, 45
MWM, 1103, 410, 0, 7, 1, 34
MWM, 1103, 410, 0, 7, 1, 49
MWM, 1103, 410, 0, 7, 1, 35
MWM, 1103, 410, 0, 7, 1, 32
MP, 1, 57
MR, 1, 127
MC, 1, 0
MWM, 1103, 410, 0, 7, 1, 200
MWM, 1103, 410, 0, 7, 1, 45
MWM, 1103, 410, 0, 7, 1, 34
MWM, 1103, 410, 0, 7, 1, 35
MWM, 1103, 410, 0, 7, 1, 34
MWM, 1103, 410, 0, 7, 1, 34
MWM, 1103, 410, 0, 7, 1, 42
MWM, 1103, 410, 0, 7, 1, 33
MWM, 1103, 410, 0, 7, 1, 34
MWM, 1103, 410, 0, 7, 1, 33
MWM, 1103, 410, 0, 7, 1, 33
MWM, 1103, 410, 0, 7, 1, 339
MWM, 1103, 410, 0, 7, 1, 36
MWM, 1103, 410, 0, 7, 1, 31
MWM, 1103, 410, 0, 7, 1, 30
MWM, 1103, 410, 0, 7, 1, 30
MWM, 1103, 410, 0, 7, 1, 31
MWM, 1103, 410, 0, 7, 1, 30
MWM, 1103, 410, 0, 7, 1, 31
MWM, 1103, 410, 0, 7, 1, 42
MWM, 1103, 410, 0, 7, 1, 46
MWM, 1103, 410, 0, 7, 1, 688
MWM, 1103, 410, 0, 7, 1, 32
MWM, 1103, 410, 0, 7, 1, 30
MWM, 1103, 410, 0, 7, 1, 30
MWM, 1103, 410, 0, 7, 1, 28
MWM, 1103, 410, 0, 7, 1, 28
MWM, 1103, 410, 0, 7, 1, 23
MWM, 1103, 410, 0, 7, 1, 28
MWM, 1103, 410, 0, 7, 1, 22
MWM, 1103, 410, 0, 7, 1, 415
MWM, 1103, 410, 0, 7, 1, 32
MWM, 1103, 410, 0, 7, 1, 33
MWM, 1103, 410, 0, 7, 1, 29
MWM, 1103, 410, 0, 7, 1, 29
MWM, 1103, 410, 0, 7, 1, 27
MWM, 1103, 410, 0, 7, 1, 29
MWM, 1103, 410, 0, 7, 1, 29
MWM, 1103, 410, 0, 7, 1, 27
MWM, 1103, 410, 0, 7, 1, 28
MWM, 1103, 410, 0, 7, 1, 28
MWM, 1103, 410, 0, 7, 1, 26
MWM, 1103, 410, 0, 7, 1, 28
MWM, 1103, 410, 0, 7, 1, 52
MWM, 1103, 410, 0, 7, 1, 495
MWM, 1103, 410, 0, 7, 1, 26
MWM, 1103, 410, 0, 7, 1, 44
MWM, 1103, 410, 0, 7, 1, 26
MWM, 1103, 410, 0, 7, 1, 33
MWM, 1103, 410, 0, 7, 1, 130
MWM, 1103, 410, 0, 7, 1, 132
MWM, 1103, 410, 0, 7, 1, 350
MWM, 1103, 410, 0, 7, 1, 42
MWM, 1103, 410, 0, 7, 1, 48
MWM, 1103, 410, 0, 7, 1, 65
MWM, 1103, 410, 0, 7, 1, 124
MWM, 1103, 410, 0, 7, 1, 25
MWM, 1103, 410, 0, 7, 1, 26
MWM, 1103, 410, 0, 7, 1, 21
MWM, 1103, 410, 0, 7, 1, 31
MWM, 1103, 410, 0, 7, 1, 27
MWM, 1103, 410, 0, 7, 1, 26
MWM, 1103, 410, 0, 7, 1, 24
MWM, 1103, 410, 0, 7, 1, 29
MWM, 1103, 410, 0, 7, 1, 24
MWM, 1103, 410, 0, 7, 1, 20
MWM, 1103, 410, 0, 7, 1, 28
MWM, 1103, 410, 0, 7, 1, 525
MWM, 1103, 410, 0, 7, 1, 23
MWM, 1103, 410, 0, 7, 1, 22
MWM, 1103, 410, 0, 7, 1, 17
MWM, 1103, 410, 0, 7, 1, 16
MWM, 1103, 410, 0, 7, 1, 17
MWM, 1103, 410, 0, 7, 1, 18
MWM, 1103, 410, 0, 7, 1, 24
MWM, 1103, 410, 0, 7, 1, 22
MWM, 1103, 410, 0, 7, 1, 27
MWM, 1103, 410, 0, 7, 1, 21
MWM, 1103, 410, 0, 7, 1, 18
MWM, 1103, 410, 0, 7, 1, 22
MWM, 1103, 410, 0, 7, 1, 24
MWM, 1103, 410, 0, 7, 1, 25
MWM, 1103, 410, 0, 7, 1, 25
MWM, 1103, 410, 0, 7, 1, 66
MWM, 1103, 410, 0, 7, 1, 1681
MWM, 1103, 410, 0, 7, 1, 885
MWM, 1103, 410, 0, 7, 1, 2135
MWM, 1103, 410, 0, 7, 1, 64
MWM, 1103, 410, 0, 7, 1, 3426
MWM, 1103, 410, 0, 7, 1, 50
MWM, 1103, 410, 0, 7, 1, 74
MWM, 1103, 410, 0, 7, 1, 730
MWM, 1103, 410, 0, 7, 1, 795
MWM, 1103, 410, 0, 7, 1, 381
MWM, 1103, 410, 0, 7, 1, 98
MWM, 1103, 410, 0, 7, 1, 69
MWM, 1103, 410, 0, 7, 1, 76
MWM, 1103, 410, 0, 7, 1, 138
MWM, 1103, 410, 0, 7, 1, 52
MWM, 1103, 410, 0, 7, 1, 50
MWM, 1103, 410, 0, 7, 1, 118
MWM, 1103, 410, 0, 7, 1, 203
MWM, 1103, 410, 0, 7, 1, 289
MM, 1102, 409, 118274
MM, 1097, 405, 12
MM, 1080, 383, 11
MM, 1043, 329, 14
MM, 1006, 262, 15
MM, 973, 186, 9
MM, 959, 150, 13
MM, 938, 107, 13
MM, 918, 63, 13
MM, 903, 19, 13
MM, 893, -14, 12
MM, 887, -21, 12
MM, 885, -2, 216
MM, 876, -6, 13
MM, 841, -22, 12
MM, 772, -37, 14
MM, 706, -27, 12
MM, 643, -21, 13
MM, 598, -10, 13
MM, 569, -4, 11
MM, 556, -2, 13
MM, 548, 0, 13
MM, 546, 0, 12
MM, 545, 0, 13
MM, 547, 0, 51
MM, 554, 0, 12
MM, 566, -3, 13
MM, 594, -10, 13
MM, 625, -12, 14
MM, 661, -17, 12
MM, 683, -12, 12
MM, 699, -11, 13
MM, 708, -6, 13
MM, 714, -5, 14
MM, 716, -3, 10
MM, 717, -1, 13
MM, 718, -1, 15
MM, 719, 0, 12
MM, 721, -1, 11
MM, 717, 0, 180
MM, 700, 0, 12
MM, 629, 4, 12
MM, 535, 4, 12
MM, 478, 4, 12
MM, 439, 1, 14
MM, 400, -2, 12
MM, 372, -3, 12
MM, 355, -2, 16
MM, 347, 0, 11
MM, 345, 0, 202
MM, 341, 0, 12
MM, 336, 0, 14
MM, 329, -1, 12
MM, 321, 0, 13
MM, 314, 0, 11
MM, 307, 0, 14
MM, 303, 0, 12
MM, 299, 0, 14
MM, 296, 0, 11
MM, 293, 0, 13
MM, 291, 0, 14
MM, 288, 0, 11
MM, 285, 0, 14
MM, 281, 0, 12
MM, 274, -1, 26
MM, 271, 0, 12
MM, 269, 0, 12
MM, 266, 0, 15
MM, 263, 0, 11
MM, 261, 0, 13
MM, 260, 0, 13
MM, 259, 0, 14
MM, 257, 0, 11
MM, 256, 0, 13
MM, 255, 0, 12
MM, 254, 1, 14
MM, 254, 1, 11
MM, 253, 1, 12
MM, 252, 1, 15
MM, 251, 2, 11
MM, 250, 3, 14
MM, 249, 3, 12
MM, 247, 3, 12
MM, 246, 3, 14
MM, 245, 3, 13
MM, 243, 4, 12
MM, 241, 4, 12
MM, 240, 4, 14
MM, 239, 5, 12
MM, 238, 5, 13
MM, 238, 5, 11
MM, 237, 6, 14
MM, 237, 6, 254
MM, 237, 7, 11
MM, 237, 7, 13
MM, 237, 8, 12
MM, 237, 9, 29
MM, 237, 10, 9
MM, 237, 10, 13
MM, 237, 11, 14
MM, 236, 12, 25
MP, 1, 265
MR, 1, 126
MC, 1, 0
MM, 236, 13, 824
MM, 235, 14, 13
MM, 234, 16, 12
MM, 232, 17, 13
MM, 232, 18, 12
MM, 231, 19, 13
MM, 230, 19, 15
MP, 1, 340
MR, 1, 126
MC, 1, 0
MM, 230, 21, 595
MM, 231, 27, 13
MM, 236, 39, 13
MM, 246, 63, 14
MM, 263, 107, 11
MM, 276, 148, 14
MM, 291, 187, 12
MM, 301, 217, 12
MM, 307, 234, 13
MM, 312, 245, 13
MM, 316, 252, 12
MM, 320, 260, 12
