********************************************************************************
LOGGING TIME: 20180926_215237
CLIENT IP: 10.109.59.64
USERNAME: Rahul
OS: Windows 10
ARCHITECTURE: amd64
VERSION: 10.0
RESOLUTION: 1366.0 768.0
********************************************************************************
MM, 942, 95, 1537598292030
MM, 936, 99, 16
MM, 927, 107, 15
MM, 911, 119, 0
MM, 893, 139, 16
MM, 858, 176, 16
MM, 822, 217, 15
MM, 789, 256, 16
MM, 760, 295, 0
MM, 738, 320, 15
MM, 718, 346, 16
MM, 702, 363, 16
MM, 693, 373, 15
MM, 685, 381, 0
MM, 680, 387, 16
MM, 677, 390, 16
MM, 676, 392, 234
MM, 668, 411, 16
MM, 666, 439, 15
MM, 669, 486, 16
MM, 689, 541, 15
MM, 712, 583, 16
MM, 739, 619, 0
MM, 762, 638, 16
MM, 796, 658, 15
MM, 828, 665, 16
MM, 850, 665, 16
MM, 870, 658, 0
MM, 881, 650, 15
MM, 885, 651, 266
MM, 900, 661, 15
MM, 946, 693, 16
MM, 1008, 736, 16
MM, 1065, 774, 15
MM, 1108, 795, 0
MM, 1113, 768, 47
MM, 1112, 767, 297
MM, 1109, 764, 0
MM, 1105, 760, 16
MM, 1100, 755, 15
MM, 1094, 750, 16
MM, 1088, 743, 16
MM, 1082, 737, 0
MM, 1078, 735, 15
MM, 1077, 733, 16
MM, 1075, 732, 15
MM, 1075, 732, 16
MM, 1074, 732, 16
MM, 1074, 732, 31
MM, 1073, 732, 16
MM, 1070, 732, 0
MM, 1066, 731, 15
MM, 1061, 731, 16
MM, 1057, 731, 15
MM, 1052, 730, 16
MM, 1050, 730, 0
MM, 1048, 730, 16
MM, 1047, 730, 15
MM, 1046, 730, 16
MM, 1046, 730, 31
MP, 1, 266
MR, 1, 125
MC, 1, 0
MM, 1043, 725, 437
MM, 1024, 687, 16
MM, 991, 597, 16
MM, 962, 513, 15
MM, 944, 466, 0
MM, 932, 430, 16
MM, 919, 397, 15
MM, 915, 368, 16
MM, 910, 342, 16
MM, 910, 329, 15
MM, 910, 321, 0
MM, 910, 320, 219
MM, 910, 316, 16
MM, 910, 304, 15
MM, 913, 273, 16
MM, 918, 239, 0
MM, 925, 202, 16
MM, 932, 170, 15
MM, 936, 149, 16
MM, 938, 139, 16
MM, 940, 132, 15
MM, 941, 130, 0
MM, 941, 129, 16
MM, 941, 128, 15
MM, 941, 127, 16
MM, 941, 125, 0
MM, 941, 123, 16
MM, 941, 119, 15
MM, 941, 115, 16
MM, 941, 112, 15
MM, 941, 110, 16
MM, 941, 110, 0
MM, 941, 109, 16
MM, 941, 109, 15
MM, 941, 107, 16
MM, 941, 106, 16
MM, 941, 104, 0
MM, 941, 102, 15
MM, 942, 100, 16
MM, 942, 99, 16
MM, 942, 99, 15
MP, 1, 297
MR, 1, 125
MC, 1, 0
MM, 941, 100, 203
MM, 935, 104, 16
MM, 927, 111, 15
MM, 903, 127, 16
MM, 862, 156, 16
MM, 811, 189, 0
MM, 761, 218, 15
MM, 702, 249, 16
MM, 646, 282, 16
MM, 587, 314, 15
MM, 537, 342, 0
MM, 496, 367, 16
MM, 469, 388, 15
MM, 467, 388, 235
MM, 465, 390, 15
MM, 456, 399, 16
MM, 430, 425, 16
MM, 382, 473, 15
MM, 329, 526, 16
MM, 277, 572, 0
MM, 224, 618, 16
MM, 180, 654, 15
MM, 150, 677, 16
MM, 138, 688, 15
MM, 130, 695, 0
MM, 129, 696, 235
MM, 125, 696, 15
MM, 117, 699, 16
MM, 109, 703, 0
MM, 101, 706, 16
MM, 88, 714, 15
MM, 75, 721, 16
MM, 66, 726, 16
MM, 58, 732, 0
MM, 53, 737, 15
MM, 48, 740, 16
MM, 44, 742, 15
MM, 43, 744, 16
MM, 42, 745, 16
MM, 40, 746, 0
MP, 1, 312
MR, 1, 125
MC, 1, 0
MM, 40, 745, 3813
MM, 40, 742, 15
MM, 41, 737, 16
MM, 45, 731, 16
MM, 49, 723, 15
MM, 59, 714, 0
MM, 74, 704, 16
MM, 100, 693, 16
MM, 129, 687, 15
MM, 149, 687, 16
MM, 162, 687, 15
MM, 170, 688, 0
MM, 177, 689, 16
MM, 180, 690, 16
MM, 183, 691, 15
MM, 185, 692, 16
MM, 185, 692, 15
MM, 186, 693, 0
MM, 186, 693, 16
MM, 187, 694, 16
MM, 188, 694, 15
MM, 189, 695, 16
MM, 190, 695, 0
MM, 191, 695, 16
MM, 191, 696, 15
MM, 192, 696, 16
MM, 192, 696, 16
MM, 192, 696, 15
MM, 192, 697, 63
MM, 192, 698, 15
MM, 192, 701, 16
MM, 192, 706, 15
MM, 189, 714, 16
MM, 185, 722, 0
MM, 181, 732, 16
MM, 178, 741, 15
MM, 174, 747, 16
MM, 172, 752, 16
MM, 169, 755, 0
MM, 168, 758, 15
MM, 167, 758, 16
MM, 166, 759, 16
MM, 165, 760, 15
MM, 164, 760, 16
MM, 163, 760, 0
MM, 162, 760, 15
MM, 162, 760, 16
MM, 161, 760, 16
MM, 161, 760, 0
MM, 160, 760, 15
MM, 159, 760, 16
MM, 158, 760, 15
MM, 157, 760, 16
MM, 156, 760, 16
MM, 155, 760, 0
MM, 155, 760, 15
MM, 154, 760, 16
MM, 153, 760, 47
MM, 152, 760, 0
MM, 149, 760, 15
MM, 147, 760, 16
MM, 146, 760, 16
MM, 144, 759, 15
MM, 143, 759, 0
MM, 142, 759, 16
MM, 142, 758, 16
MM, 141, 758, 15
MM, 140, 758, 16
MM, 139, 757, 0
MM, 137, 756, 15
MM, 136, 756, 16
MM, 135, 755, 16
MM, 135, 755, 15
MM, 134, 755, 0
MM, 134, 754, 16
MM, 133, 754, 31
MM, 133, 754, 16
MM, 133, 754, 31
MM, 133, 753, 188
MM, 133, 752, 0
MM, 133, 751, 15
MM, 133, 748, 16
MM, 132, 744, 15
MM, 130, 738, 16
MM, 129, 731, 0
MM, 127, 721, 16
MM, 123, 701, 15
MM, 118, 678, 16
MM, 113, 646, 16
MM, 111, 623, 15
MM, 108, 608, 0
MM, 107, 598, 16
MM, 106, 593, 15
MM, 105, 590, 16
MM, 105, 585, 219
MM, 101, 572, 15
MM, 94, 538, 16
MM, 83, 477, 16
MM, 78, 425, 15
MM, 74, 381, 0
MM, 74, 343, 16
MM, 74, 315, 16
MM, 74, 296, 15
MM, 74, 282, 16
MM, 74, 262, 15
MM, 74, 258, 16
MM, 74, 257, 234
MM, 74, 254, 16
MM, 74, 245, 0
MM, 76, 237, 16
MM, 77, 230, 15
MM, 79, 226, 16
MM, 79, 223, 16
MM, 79, 221, 0
MM, 79, 220, 15
MM, 80, 219, 16
MM, 81, 219, 47
MM, 81, 219, 31
MM, 82, 219, 16
MM, 82, 219, 0
MM, 84, 219, 15
MM, 84, 219, 16
MM, 85, 219, 15
MM, 86, 219, 16
MM, 86, 219, 16
MM, 88, 219, 0
MM, 89, 219, 15
MM, 90, 219, 16
MM, 92, 219, 16
MM, 95, 219, 15
MP, 1, 250
MR, 1, 125
MC, 1, 0
MM, 98, 217, 20485
MM, 106, 215, 0
MM, 121, 213, 15
MM, 154, 213, 16
MM, 188, 219, 16
MM, 234, 232, 15
MM, 270, 247, 0
MM, 296, 258, 16
MM, 317, 268, 16
MM, 330, 275, 15
MM, 343, 282, 16
MM, 356, 291, 15
MM, 373, 302, 0
MM, 387, 312, 16
MM, 401, 322, 16
MM, 413, 332, 15
MM, 414, 332, 250
MM, 423, 332, 16
MM, 441, 332, 16
MM, 492, 340, 0
MM, 556, 354, 15
MM, 610, 372, 16
MM, 657, 392, 15
MM, 689, 409, 16
MM, 708, 421, 16
MM, 722, 431, 0
MM, 726, 434, 15
MM, 726, 434, 235
MM, 727, 434, 31
MM, 731, 433, 0
MM, 734, 431, 16
MM, 736, 429, 15
MM, 738, 429, 16
MM, 740, 428, 0
MM, 741, 428, 15
MM, 742, 428, 16
MM, 742, 428, 31
MP, 1, 672
MR, 1, 125
MC, 1, 0
MM, 741, 426, 657
MM, 737, 422, 15
MM, 728, 412, 16
MM, 709, 392, 15
MM, 678, 353, 0
MM, 650, 315, 16
MM, 622, 281, 16
MM, 597, 253, 15
MM, 573, 227, 16
MM, 557, 209, 0
MM, 546, 199, 16
MM, 540, 193, 15
MM, 538, 190, 16
MM, 535, 188, 187
MM, 532, 186, 78
MM, 454, 140, 0
MM, 406, 110, 16
MM, 365, 85, 16
MM, 273, 31, 62
MM, 263, 26, 235
MM, 264, 26, 109
MM, 266, 25, 16
MM, 269, 22, 15
MM, 273, 20, 16
MM, 275, 17, 15
MM, 277, 16, 0
MM, 278, 14, 16
MM, 280, 14, 16
MM, 280, 13, 15
MM, 280, 13, 16
MM, 281, 12, 0
MM, 282, 12, 16
MM, 282, 11, 15
MM, 282, 11, 31
MM, 282, 11, 16
MM, 283, 10, 0
MM, 284, 10, 16
MM, 284, 10, 15
MM, 285, 10, 16
MM, 286, 9, 16
MM, 287, 9, 0
MM, 288, 9, 15
MM, 290, 9, 16
MM, 293, 9, 15
MM, 296, 10, 16
MM, 300, 12, 0
MM, 304, 15, 16
MM, 310, 18, 15
MM, 316, 22, 16
MM, 325, 27, 16
MM, 334, 33, 0
MM, 338, 36, 15
MM, 342, 39, 16
MM, 344, 41, 15
MM, 345, 41, 16
MM, 345, 42, 16
MM, 346, 42, 15
MM, 346, 42, 110
MM, 346, 43, 15
MM, 346, 43, 94
MP, 1, 344
MR, 1, 125
MC, 1, 0
MM, 346, 44, 453
MM, 341, 45, 16
MM, 336, 47, 15
MM, 327, 49, 16
MM, 318, 51, 15
MM, 302, 56, 0
MM, 286, 59, 16
MM, 273, 62, 16
MM, 259, 64, 15
MM, 203, 61, 78
MM, 195, 59, 0
MM, 191, 58, 16
MM, 184, 56, 31
MM, 182, 56, 16
MM, 181, 55, 0
MM, 180, 55, 47
MM, 181, 55, 62
MM, 186, 56, 16
MM, 190, 58, 16
MM, 194, 60, 0
MM, 196, 62, 15
MM, 198, 62, 16
MM, 199, 63, 15
MM, 201, 64, 16
MM, 202, 64, 16
MM, 203, 64, 0
MM, 205, 64, 15
MM, 207, 64, 16
MM, 209, 64, 16
MM, 210, 64, 0
MM, 212, 64, 15
MM, 214, 64, 16
MM, 217, 64, 15
MM, 218, 64, 16
MM, 220, 64, 16
MM, 221, 64, 0
MM, 223, 64, 15
MM, 225, 64, 16
MM, 226, 64, 16
MM, 227, 64, 15
MM, 229, 64, 0
MM, 230, 64, 16
MM, 231, 64, 15
MM, 232, 64, 16
MM, 232, 63, 16
MM, 232, 63, 15
MM, 233, 63, 0
MM, 233, 63, 16
MM, 234, 63, 16
MM, 235, 63, 15
MM, 236, 63, 16
MM, 237, 63, 0
MM, 238, 63, 15
MM, 239, 63, 16
MM, 239, 63, 16
MM, 240, 63, 15
MM, 240, 63, 16
MM, 241, 63, 0
MM, 242, 63, 31
MM, 243, 63, 485
MM, 244, 63, 15
MM, 245, 63, 0
MM, 246, 63, 16
MM, 246, 63, 15
MM, 248, 63, 16
MM, 249, 63, 16
MM, 250, 63, 0
MM, 252, 63, 15
MM, 254, 63, 16
MP, 1, 281
MR, 1, 141
MC, 1, 0
MM, 252, 64, 719
MM, 249, 67, 15
MM, 244, 71, 16
MM, 239, 73, 15
MM, 233, 77, 0
MM, 226, 84, 16
MM, 219, 89, 16
MM, 214, 92, 15
MM, 209, 96, 16
MM, 205, 98, 0
MM, 201, 100, 16
MM, 198, 102, 15
MM, 193, 103, 16
MM, 189, 104, 15
MM, 183, 106, 16
MM, 176, 107, 0
MM, 171, 108, 16
MM, 163, 109, 15
MM, 156, 110, 16
MM, 149, 110, 16
MM, 142, 110, 0
MM, 135, 111, 15
MM, 129, 111, 16
MM, 124, 111, 15
MM, 121, 111, 16
MM, 120, 112, 0
MM, 120, 112, 16
MM, 120, 114, 6390
MM, 124, 117, 16
MM, 129, 122, 16
MM, 145, 138, 0
MM, 165, 159, 15
MM, 197, 189, 16
MM, 228, 216, 16
MM, 253, 238, 15
MM, 279, 258, 16
MM, 303, 275, 0
MM, 324, 287, 15
MM, 343, 297, 16
MM, 354, 301, 16
MM, 355, 301, 234
MM, 360, 299, 16
MM, 376, 295, 15
MM, 424, 283, 16
MM, 496, 272, 16
MM, 554, 266, 0
MM, 605, 266, 15
MM, 655, 269, 16
MM, 700, 281, 15
MM, 741, 294, 16
MM, 773, 309, 0
MM, 801, 321, 16
MM, 813, 327, 15
MM, 813, 329, 219
MM, 813, 336, 16
MM, 815, 347, 15
MM, 817, 369, 0
MM, 820, 398, 16
MM, 825, 429, 16
MM, 828, 455, 15
MM, 831, 473, 16
MM, 832, 484, 0
MM, 833, 490, 15
MM, 833, 494, 16
MM, 833, 494, 16
MM, 834, 495, 15
MM, 836, 494, 47
MM, 839, 491, 16
MM, 847, 487, 0
MM, 853, 482, 15
MM, 863, 474, 16
MM, 874, 466, 16
MM, 884, 457, 15
MM, 901, 445, 0
MM, 918, 434, 16
MM, 930, 427, 16
MM, 942, 422, 15
MM, 951, 419, 16
MM, 960, 415, 15
MM, 965, 414, 0
MM, 970, 414, 16
MM, 972, 413, 16
MM, 972, 413, 297
MM, 968, 413, 15
MM, 962, 412, 0
MM, 956, 410, 16
MM, 950, 407, 15
MM, 947, 404, 16
MM, 944, 402, 16
MM, 944, 398, 0
MM, 944, 392, 15
MM, 945, 380, 16
MM, 951, 370, 16
MM, 962, 360, 0
MM, 994, 341, 15
MM, 1046, 328, 16
MM, 1098, 324, 15
MM, 1145, 327, 16
MM, 1190, 338, 16
MM, 1224, 354, 0
MM, 1254, 371, 15
MM, 1272, 381, 16
MM, 1281, 388, 16
MM, 1286, 391, 15
MM, 1289, 392, 0
MM, 1289, 393, 16
MM, 1289, 393, 15
MM, 1289, 394, 16
MM, 1289, 394, 16
MM, 1289, 395, 15
MM, 1288, 396, 0
MM, 1287, 396, 16
MM, 1286, 397, 16
MM, 1285, 397, 15
MM, 1285, 398, 16
MM, 1283, 399, 15
MM, 1281, 403, 0
MM, 1278, 407, 16
MM, 1272, 416, 16
MM, 1263, 425, 15
MM, 1253, 434, 0
MM, 1230, 448, 16
MM, 1190, 467, 16
MM, 1151, 484, 15
MM, 1111, 495, 16
MM, 1079, 501, 15
MM, 1054, 503, 0
MM, 1039, 503, 16
MM, 1027, 503, 16
MM, 1020, 503, 15
MM, 1016, 502, 16
MM, 1014, 501, 0
MM, 1013, 501, 16
MM, 1013, 500, 15
MM, 1012, 500, 16
MM, 1012, 500, 15
MM, 1012, 500, 16
MM, 1011, 500, 0
MM, 1011, 498, 94
MM, 1011, 495, 15
MM, 1013, 490, 16
MM, 1018, 479, 0
MM, 1031, 456, 16
MM, 1063, 408, 15
MM, 1098, 361, 16
MM, 1132, 327, 16
MM, 1165, 301, 0
MM, 1200, 279, 15
MM, 1230, 269, 16
MM, 1254, 265, 15
MM, 1267, 263, 16
MM, 1270, 261, 203
MM, 1279, 253, 16
MM, 1302, 234, 15
MM, 1345, 205, 16
MM, 1393, 179, 16
MM, 1404, 162, 15
MM, 1398, 154, 0
MM, 1383, 151, 16
MM, 1375, 150, 16
MM, 1372, 150, 15
MM, 1367, 150, 16
MM, 1367, 150, 0
MM, 1365, 150, 15
MM, 1366, 150, 16
MM, 1365, 150, 16
MM, 1365, 150, 31
MM, 1365, 151, 62
MM, 1365, 151, 16
MM, 1365, 151, 234
MM, 1364, 151, 16
MM, 1364, 151, 16
MM, 1363, 152, 15
MM, 1362, 152, 16
MM, 1362, 153, 16
MM, 1360, 154, 15
MM, 1359, 156, 0
MM, 1357, 158, 16
MM, 1354, 160, 15
MM, 1351, 163, 16
MM, 1343, 168, 16
MM, 1326, 179, 0
MM, 1299, 197, 15
MM, 1249, 226, 16
MM, 1190, 257, 16
MM, 1128, 295, 15
MM, 1064, 332, 0
MM, 997, 371, 16
MM, 933, 409, 15
MM, 918, 423, 16
MM, 895, 441, 16
MM, 870, 459, 0
MM, 850, 469, 15
MM, 847, 472, 250
MM, 838, 477, 16
MM, 816, 491, 0
MM, 792, 505, 16
MM, 772, 514, 15
MM, 760, 520, 16
MM, 751, 523, 15
MM, 745, 523, 0
MM, 741, 523, 16
MM, 738, 523, 16
MM, 734, 521, 15
MM, 732, 519, 16
MM, 727, 515, 0
MM, 723, 510, 16
MM, 719, 504, 15
MM, 716, 500, 16
MM, 715, 496, 15
MM, 714, 494, 16
MM, 714, 493, 16
MM, 714, 492, 0
MM, 714, 491, 31
MM, 714, 491, 16
MM, 714, 489, 0
MM, 714, 489, 15
MM, 714, 488, 16
MM, 714, 485, 15
MM, 714, 482, 16
MM, 714, 480, 0
MM, 714, 479, 16
MM, 714, 478, 15
MM, 714, 476, 16
MM, 714, 476, 16
MM, 714, 475, 15
MM, 714, 475, 63
MM, 714, 474, 15
MM, 714, 473, 16
MM, 714, 472, 16
MM, 715, 471, 15
MM, 715, 471, 0
MM, 715, 470, 16
MM, 716, 469, 15
MM, 716, 469, 16
MM, 716, 468, 16
MM, 716, 468, 15
MM, 717, 467, 0
MM, 717, 466, 16
MM, 718, 465, 16
MM, 719, 464, 15
MM, 720, 463, 16
MM, 721, 462, 0
MM, 723, 461, 15
MM, 726, 459, 329
MM, 736, 451, 0
MM, 767, 429, 15
MM, 828, 395, 16
MM, 881, 371, 15
MM, 925, 356, 16
MM, 958, 345, 0
MM, 979, 341, 16
MM, 990, 339, 15
MM, 990, 338, 3328
MM, 990, 337, 16
MM, 990, 335, 0
MM, 992, 334, 16
MM, 993, 331, 15
MM, 998, 329, 16
MM, 1004, 326, 16
MM, 1018, 322, 15
MM, 1029, 320, 16
MM, 1041, 319, 15
MM, 1051, 317, 16
MM, 1062, 316, 16
MM, 1073, 315, 0
MM, 1081, 315, 15
MM, 1089, 315, 16
MM, 1094, 315, 16
MM, 1096, 315, 250
MM, 1100, 314, 15
MM, 1110, 308, 16
MM, 1136, 295, 0
MM, 1167, 281, 15
MM, 1208, 266, 16
MM, 1242, 254, 16
MM, 1266, 248, 15
MM, 1279, 244, 0
MM, 1289, 243, 16
MM, 1293, 243, 16
MM, 1295, 242, 15
MM, 1297, 242, 16
MM, 1298, 242, 234
MM, 1301, 242, 16
MM, 1309, 243, 15
MM, 1323, 245, 16
MM, 1344, 250, 0
MM, 1360, 254, 16
MM, 1372, 256, 15
MM, 1371, 257, 16
MM, 1368, 258, 16
MM, 1367, 258, 0
MM, 1366, 258, 15
MM, 1365, 258, 16
MM, 1365, 258, 125
MM, 1365, 259, 47
MM, 1365, 260, 0
MM, 1364, 262, 15
MM, 1364, 265, 16
MM, 1363, 267, 16
MM, 1362, 268, 15
MM, 1362, 269, 16
MM, 1362, 270, 0
MM, 1362, 271, 16
MM, 1362, 271, 15
MM, 1362, 272, 16
MM, 1362, 273, 15
MM, 1362, 274, 16
MM, 1362, 275, 16
MM, 1362, 275, 15
MM, 1362, 276, 16
MM, 1362, 277, 0
MM, 1362, 278, 16
MM, 1362, 278, 31
MM, 1362, 279, 15
MM, 1362, 281, 0
MM, 1362, 283, 16
MM, 1362, 286, 16
MM, 1362, 287, 15
MM, 1361, 289, 16
MM, 1361, 290, 16
MM, 1361, 290, 0
MM, 1361, 291, 15
MM, 1361, 292, 16
MM, 1361, 292, 62
MM, 1361, 292, 125
MM, 1360, 292, 328
MM, 1360, 292, 79
MM, 1359, 292, 31
MM, 1359, 292, 15
MM, 1358, 292, 32
MM, 1357, 292, 15
MM, 1357, 292, 16
MM, 1356, 293, 0
MM, 1356, 293, 16
MM, 1355, 293, 15
MM, 1355, 293, 16
MM, 1354, 293, 31
MM, 1354, 294, 0
MM, 1353, 294, 31
MM, 1353, 294, 532
MM, 1352, 294, 140
MM, 1352, 294, 391
MM, 1350, 294, 781
MM, 1339, 294, 16
MM, 1289, 300, 0
MM, 1182, 316, 15
MM, 1073, 335, 16
MM, 1017, 345, 16
MM, 982, 351, 15
MM, 956, 354, 0
MM, 939, 357, 16
MM, 929, 357, 15
MM, 922, 357, 16
MM, 918, 357, 16
MM, 914, 357, 0
MM, 912, 357, 2859
MM, 901, 363, 16
MM, 839, 404, 15
MM, 745, 466, 16
MM, 661, 520, 0
MM, 623, 551, 16
MM, 603, 568, 15
MM, 589, 578, 16
MM, 580, 583, 15
MM, 574, 585, 0
MM, 570, 585, 16
MM, 567, 585, 16
MM, 564, 585, 15
MM, 563, 585, 16
MM, 561, 584, 16
MM, 560, 584, 0
MM, 559, 582, 15
MM, 557, 580, 16
MM, 554, 576, 15
MM, 552, 572, 16
MM, 549, 567, 0
MM, 546, 562, 16
MM, 543, 558, 15
MM, 541, 555, 16
MM, 539, 552, 16
MM, 537, 550, 0
MM, 535, 546, 15
MM, 532, 542, 16
MM, 530, 536, 15
MM, 530, 530, 16
MM, 529, 524, 0
MM, 528, 518, 16
MM, 528, 514, 15
MM, 528, 511, 16
MM, 527, 509, 16
MM, 527, 508, 15
MM, 527, 508, 16
MM, 527, 507, 15
MM, 527, 506, 16
MM, 526, 504, 16
MM, 526, 501, 0
MM, 526, 496, 15
MM, 526, 491, 16
MM, 526, 482, 16
MM, 527, 470, 15
MM, 529, 457, 16
MM, 531, 448, 0
MM, 532, 441, 15
MM, 532, 438, 16
MM, 532, 437, 16
MM, 532, 435, 15
MM, 532, 435, 0
MM, 532, 436, 141
MM, 531, 440, 16
MM, 529, 447, 15
MM, 528, 454, 16
MM, 526, 462, 15
MM, 524, 473, 16
MM, 523, 484, 0
MM, 522, 492, 16
MM, 521, 498, 15
MM, 520, 502, 16
MM, 520, 505, 0
MM, 520, 505, 16
MM, 519, 506, 15
MM, 519, 507, 31
MM, 519, 507, 141
MM, 519, 506, 0
MM, 519, 505, 16
MM, 519, 502, 15
MM, 519, 498, 16
MM, 519, 494, 16
MM, 519, 490, 0
MM, 519, 487, 15
MM, 519, 484, 16
MM, 519, 482, 15
MM, 519, 481, 16
MM, 519, 480, 16
MM, 519, 479, 0
MM, 519, 479, 15
MM, 519, 478, 16
MM, 519, 478, 31
MM, 519, 477, 0
MM, 519, 476, 16
MM, 519, 475, 15
MM, 519, 474, 16
MM, 519, 473, 16
MM, 519, 472, 0
MM, 519, 471, 15
MM, 519, 470, 16
MM, 519, 469, 16
MM, 519, 468, 15
MM, 519, 468, 16
MM, 519, 467, 0
MM, 519, 466, 15
MP, 1, 313
MR, 1, 141
MC, 1, 0
MM, 517, 464, 2797
MM, 513, 451, 15
MM, 503, 408, 16
MM, 490, 328, 0
MM, 482, 241, 15
MM, 476, 199, 16
MM, 471, 170, 16
MM, 467, 144, 15
MM, 463, 125, 0
MM, 460, 114, 16
MM, 460, 109, 16
MM, 458, 105, 15
MM, 458, 104, 16
MM, 457, 103, 15
MM, 457, 103, 125
MM, 457, 105, 16
MM, 457, 108, 16
MM, 457, 111, 15
MM, 457, 113, 16
MM, 457, 115, 16
MM, 457, 116, 0
MM, 457, 116, 15
MM, 457, 117, 16
MM, 457, 118, 15
MM, 457, 118, 16
MM, 457, 119, 0
MM, 457, 119, 16
MM, 457, 119, 15
MM, 456, 121, 16
MM, 456, 122, 16
MM, 455, 122, 0
MM, 455, 124, 15
MM, 455, 125, 16
MM, 455, 126, 15
MM, 454, 128, 16
MM, 453, 130, 16
MM, 453, 131, 0
MM, 453, 133, 15
MM, 452, 135, 16
MM, 452, 136, 16
MM, 451, 137, 15
MM, 451, 139, 0
MM, 451, 143, 16
MM, 450, 146, 15
MM, 450, 150, 16
MM, 450, 153, 16
MM, 450, 155, 0
MM, 450, 156, 15
MM, 450, 156, 1875
MM, 452, 154, 16
MM, 454, 153, 16
MM, 456, 150, 15
MM, 459, 147, 16
MM, 461, 145, 0
MM, 463, 143, 15
MM, 465, 140, 16
MM, 466, 140, 16
MM, 467, 138, 15
MM, 467, 138, 16
MM, 467, 137, 16
MM, 467, 137, 578
MM, 467, 137, 15
MM, 466, 136, 16
MM, 464, 135, 16
MM, 460, 135, 15
MM, 455, 134, 16
MM, 451, 133, 0
MM, 446, 133, 15
MM, 441, 132, 16
MM, 437, 132, 16
MM, 433, 132, 15
MM, 431, 131, 0
MM, 429, 131, 16
MM, 426, 131, 16
MM, 426, 131, 15
MM, 425, 131, 16
MP, 1, 1656
MR, 1, 125
MC, 1, 0
MP, 2, 875
MR, 2, 141
MC, 1, 0
MM, 426, 131, 1843
MM, 432, 133, 16
MM, 440, 136, 0
MM, 447, 141, 16
MM, 460, 148, 15
MM, 469, 152, 16
MM, 476, 155, 16
MM, 481, 157, 0
MM, 486, 159, 15
MM, 490, 160, 16
MM, 493, 161, 15
MM, 496, 162, 16
MM, 500, 162, 16
MM, 502, 163, 0
MM, 503, 163, 15
MM, 504, 164, 16
MM, 505, 164, 16
MM, 506, 166, 15
MM, 507, 167, 0
MM, 508, 168, 16
MM, 508, 171, 15
MM, 508, 174, 16
MM, 509, 176, 16
MM, 509, 177, 0
MM, 509, 178, 15
MM, 509, 179, 16
MM, 509, 180, 16
MM, 509, 180, 47
MM, 512, 180, 9671
MM, 517, 180, 16
MM, 525, 180, 16
MM, 533, 180, 0
MM, 541, 180, 15
MM, 548, 180, 16
MM, 553, 180, 16
MM, 559, 180, 15
MM, 562, 180, 16
MM, 563, 180, 0
MM, 564, 180, 15
MM, 565, 180, 16
MM, 565, 180, 31
MM, 566, 180, 32
MM, 567, 180, 15
MM, 569, 181, 16
MM, 572, 181, 15
MM, 576, 182, 0
MM, 579, 182, 16
MM, 584, 183, 16
MM, 588, 183, 15
MM, 592, 184, 16
MM, 597, 185, 0
MM, 600, 186, 16
MM, 604, 186, 15
MM, 606, 187, 16
MM, 608, 187, 15
MM, 610, 187, 0
MM, 611, 187, 16
MM, 612, 187, 16
MM, 613, 187, 31
MM, 613, 187, 406
MM, 611, 187, 16
MM, 608, 187, 15
MM, 605, 187, 16
MM, 602, 186, 16
MM, 599, 185, 15
MM, 597, 184, 0
MM, 596, 184, 16
MM, 595, 183, 16
MM, 595, 183, 15
MM, 594, 183, 16
MM, 594, 183, 15
MM, 593, 183, 16
MM, 592, 183, 16
MM, 591, 182, 15
MM, 589, 181, 0
MM, 587, 180, 16
MM, 583, 178, 16
MM, 581, 177, 15
MM, 577, 175, 16
MM, 576, 173, 15
MM, 575, 173, 0
MM, 574, 173, 16
MM, 573, 172, 16
MM, 572, 172, 15
MM, 572, 172, 16
MM, 571, 172, 0
MM, 570, 172, 31
MM, 570, 172, 16
MM, 569, 172, 31
MM, 569, 172, 234
MM, 569, 173, 16
MM, 569, 174, 16
MM, 569, 176, 0
MM, 569, 177, 15
MM, 569, 178, 16
MM, 569, 179, 16
MM, 569, 179, 15
MM, 569, 180, 47
MP, 1, 344
MR, 1, 140
MC, 1, 0
MM, 570, 180, 204
MM, 575, 180, 15
MM, 583, 180, 16
MM, 594, 180, 15
MM, 603, 180, 16
MM, 611, 180, 16
MM, 619, 181, 0
MM, 630, 183, 15
MM, 637, 185, 16
MM, 643, 186, 16
MM, 647, 187, 15
MM, 652, 189, 0
MM, 654, 189, 16
MM, 656, 190, 16
MM, 657, 190, 15
MM, 659, 190, 16
MM, 659, 191, 0
MM, 660, 191, 15
MM, 661, 191, 16
MM, 661, 191, 16
MM, 662, 191, 15
MM, 663, 191, 0
MM, 663, 191, 16
MM, 663, 192, 16
MM, 664, 192, 15
MM, 664, 193, 375
MM, 664, 195, 16
MM, 665, 198, 15
MM, 666, 201, 16
MM, 667, 205, 16
MM, 668, 207, 0
MM, 669, 208, 15
MM, 670, 210, 16
MM, 670, 210, 16
MM, 670, 211, 15
MP, 1, 266
MR, 1, 125
MC, 1, 0
MM, 672, 211, 9661
MM, 675, 211, 12
MM, 681, 212, 13
MM, 687, 213, 13
MM, 690, 215, 13
MM, 692, 216, 12
MM, 694, 219, 13
MM, 695, 223, 15
MM, 696, 229, 11
MM, 696, 235, 12
MM, 694, 245, 13
MM, 688, 256, 13
MM, 680, 269, 12
MM, 664, 287, 14
MM, 648, 302, 12
MM, 633, 316, 14
MM, 617, 329, 12
MM, 605, 336, 12
MM, 594, 343, 14
MM, 586, 349, 12
MM, 576, 353, 12
MM, 566, 356, 12
MM, 555, 358, 14
MM, 542, 358, 11
MM, 526, 358, 14
MM, 512, 356, 12
MM, 500, 351, 14
MM, 499, 351, 226
MM, 490, 350, 14
MM, 477, 346, 13
MM, 447, 339, 12
MM, 421, 333, 12
MM, 398, 325, 15
MM, 378, 316, 12
MM, 360, 308, 13
MM, 349, 303, 12
MM, 341, 296, 13
MM, 333, 291, 12
MM, 327, 284, 14
MM, 322, 275, 8
MM, 318, 265, 15
MM, 315, 258, 0
MM, 314, 253, 16
MM, 313, 248, 23
MM, 313, 244, 1
MM, 312, 239, 16
MM, 312, 235, 16
MM, 312, 226, 15
MM, 312, 222, 16
MM, 312, 219, 15
MM, 312, 217, 22
MM, 312, 220, 248
MM, 312, 231, 15
MM, 312, 247, 16
MM, 312, 283, 0
MM, 312, 318, 22
MM, 320, 361, 16
MM, 327, 393, 0
MM, 336, 418, 15
MM, 343, 435, 16
MM, 348, 446, 16
MM, 354, 455, 15
MM, 358, 461, 0
MM, 361, 463, 22
MM, 362, 465, 16
MM, 360, 465, 200
MM, 353, 461, 15
MM, 342, 455, 0
MM, 325, 446, 16
MM, 307, 435, 16
MM, 293, 426, 15
MM, 277, 415, 20
MM, 265, 406, 2
MM, 255, 396, 16
MM, 244, 382, 16
MM, 234, 364, 15
MM, 227, 347, 0
MM, 224, 333, 16
MM, 223, 321, 16
MM, 223, 310, 20
MM, 223, 302, 2
MM, 223, 297, 15
MM, 223, 293, 16
MM, 221, 293, 201
MM, 217, 293, 15
MM, 209, 293, 16
MM, 200, 293, 0
MM, 191, 293, 15
MM, 183, 293, 22
MM, 176, 293, 0
MM, 170, 294, 16
MM, 167, 294, 16
MM, 164, 295, 15
MM, 162, 296, 16
MM, 160, 297, 16
MM, 158, 298, 0
MM, 157, 299, 21
MM, 156, 300, 16
MM, 153, 303, 0
MM, 152, 304, 15
MM, 151, 305, 16
MM, 150, 307, 16
MM, 150, 307, 15
MM, 149, 308, 0
MM, 149, 309, 22
MM, 149, 310, 16
MM, 148, 310, 0
MM, 147, 312, 15
MM, 146, 314, 16
MM, 145, 318, 16
MM, 144, 321, 15
MM, 143, 322, 16
MM, 142, 324, 6
MM, 142, 325, 16
MM, 141, 325, 16
MM, 141, 326, 0
MM, 140, 327, 15
MM, 139, 328, 16
MM, 139, 328, 16
MM, 138, 329, 18
MM, 137, 330, 4
MM, 136, 332, 15
MM, 135, 333, 16
MM, 133, 334, 0
MM, 133, 335, 16
MM, 132, 336, 15
MM, 130, 338, 16
MM, 129, 339, 20
MM, 129, 340, 2
MM, 128, 340, 16
MM, 127, 341, 15
MM, 126, 341, 16
MM, 126, 342, 0
MP, 1, 200
MR, 1, 215
MC, 1, 0
MM, 128, 341, 617
MM, 138, 335, 20
MM, 163, 324, 2
MM, 188, 313, 16
MM, 227, 298, 15
MM, 257, 290, 16
MM, 281, 284, 0
MM, 299, 281, 15
MM, 313, 281, 16
MM, 324, 281, 22
MM, 334, 282, 0
MM, 342, 285, 16
MM, 349, 289, 16
MM, 355, 295, 15
MM, 360, 298, 16
MM, 366, 305, 0
MM, 370, 306, 253
MM, 378, 312, 0
MM, 401, 326, 16
MM, 426, 346, 15
MM, 454, 369, 16
MM, 478, 390, 16
MM, 493, 406, 0
MM, 505, 421, 22
MM, 511, 428, 15
MM, 515, 433, 16
MM, 515, 435, 4462
MM, 515, 439, 0
MM, 515, 444, 16
MM, 515, 450, 15
MM, 515, 454, 16
MM, 515, 459, 16
MM, 515, 463, 0
MM, 515, 469, 15
MM, 515, 473, 16
MM, 515, 476, 16
MM, 515, 478, 15
MM, 514, 479, 16
MM, 514, 479, 0
MM, 514, 480, 15
MM, 513, 480, 16
MM, 513, 480, 172
MM, 513, 480, 31
MM, 512, 480, 110
MM, 512, 480, 15
MM, 511, 480, 16
MM, 510, 480, 15
MM, 509, 480, 0
MM, 509, 480, 16
MM, 508, 480, 16
MM, 507, 480, 15
MM, 506, 480, 16
MM, 504, 480, 15
MM, 504, 480, 0
MM, 503, 480, 16
MM, 502, 481, 16
MM, 501, 481, 15
MM, 501, 481, 16
MM, 500, 481, 0
MM, 500, 481, 16
MM, 499, 482, 15
MM, 499, 482, 16
MM, 498, 482, 31
MM, 498, 483, 16
MM, 497, 483, 15
MM, 497, 484, 32
MM, 496, 484, 47
MM, 496, 485, 31
MM, 495, 485, 62
MM, 495, 485, 0
MM, 495, 486, 32
MM, 495, 486, 15
MM, 495, 486, 16
MM, 494, 487, 15
MM, 494, 488, 63
MM, 493, 488, 47
MM, 493, 488, 203
MM, 493, 488, 203
MM, 493, 489, 16
MM, 493, 489, 47
MM, 492, 489, 15
MM, 492, 490, 47
MM, 492, 490, 16
MM, 492, 490, 31
MM, 491, 490, 16
MP, 1, 531
MR, 1, 125
MC, 1, 0
MM, 489, 490, 844
MM, 477, 485, 31
MM, 472, 480, 15
MM, 462, 471, 16
MM, 453, 462, 0
MM, 446, 453, 16
MM, 438, 443, 15
MM, 432, 433, 16
MM, 428, 426, 16
MM, 425, 418, 15
MM, 423, 411, 0
MM, 423, 407, 16
MM, 422, 404, 15
MM, 424, 406, 4797
MM, 427, 409, 16
MM, 434, 417, 16
MM, 446, 429, 0
MM, 457, 441, 15
MM, 466, 450, 16
MM, 478, 462, 15
MM, 485, 472, 16
MM, 492, 480, 0
MM, 498, 486, 16
MM, 503, 491, 15
MM, 507, 494, 16
MM, 509, 496, 16
MM, 511, 498, 0
MM, 512, 499, 15
MM, 514, 500, 16
MM, 516, 501, 15
MM, 517, 501, 16
MM, 519, 503, 219
MM, 524, 505, 15
MM, 534, 509, 16
MM, 543, 514, 16
MM, 556, 521, 15
MM, 566, 529, 0
MM, 573, 533, 16
MM, 578, 537, 16
MM, 580, 539, 15
MM, 581, 541, 16
MM, 583, 542, 0
MM, 583, 543, 15
MM, 583, 543, 47
MM, 583, 543, 297
MM, 583, 543, 16
MM, 582, 543, 15
MM, 582, 543, 16
MM, 581, 543, 31
MM, 581, 543, 47
MM, 580, 543, 47
MM, 580, 543, 47
MM, 579, 543, 16
MM, 578, 543, 15
MM, 577, 543, 16
MM, 577, 543, 16
MM, 576, 543, 15
MM, 575, 543, 16
MM, 574, 543, 15
MM, 572, 543, 16
MM, 569, 542, 16
MM, 566, 541, 15
MM, 564, 541, 0
MM, 561, 540, 16
MM, 560, 540, 15
MM, 557, 540, 16
MM, 556, 540, 16
MM, 555, 540, 0
MM, 553, 539, 15
MM, 551, 539, 16
MM, 550, 539, 16
MM, 549, 539, 15
MM, 548, 539, 16
MM, 546, 539, 0
MM, 545, 539, 31
MM, 544, 539, 16
MM, 544, 539, 15
MM, 543, 539, 0
MM, 543, 539, 16
MM, 542, 539, 16
MM, 542, 539, 15
MM, 541, 539, 16
MM, 541, 539, 15
MM, 541, 539, 6243
MM, 542, 539, 0
MM, 543, 539, 15
MM, 547, 544, 16
MM, 550, 553, 15
MM, 553, 572, 16
MM, 553, 589, 16
MM, 553, 602, 0
MM, 553, 614, 15
MM, 553, 622, 16
MM, 553, 630, 16
MM, 549, 633, 203
MM, 540, 640, 15
MM, 518, 661, 0
MM, 487, 692, 16
MM, 463, 718, 16
MM, 452, 732, 15
MM, 446, 740, 16
MM, 443, 743, 0
MM, 442, 745, 15
MM, 441, 746, 16
MM, 441, 746, 234
MM, 442, 746, 16
MM, 444, 746, 0
MM, 447, 746, 16
MM, 450, 746, 15
MM, 454, 746, 16
MM, 457, 746, 16
MM, 460, 745, 0
MM, 462, 745, 15
MM, 462, 745, 16
MP, 1, 250
MR, 1, 125
MC, 1, 0
MM, 462, 744, 4312
MM, 463, 741, 16
MM, 464, 736, 16
MM, 466, 729, 15
MM, 472, 705, 16
MM, 474, 692, 15
MM, 476, 681, 16
MM, 478, 669, 16
MM, 479, 659, 15
MM, 481, 652, 17
MM, 482, 645, 4
MM, 483, 641, 16
MM, 483, 635, 15
MM, 483, 633, 259
MM, 485, 629, 16
MM, 486, 626, 15
MM, 486, 625, 0
MM, 486, 623, 16
MM, 486, 625, 78
MM, 485, 627, 16
MM, 484, 629, 15
MM, 484, 630, 16
MM, 483, 633, 203
MM, 481, 641, 0
MM, 479, 655, 16
MM, 477, 673, 15
MM, 476, 688, 16
MM, 475, 705, 15
MM, 475, 718, 0
MM, 475, 727, 16
MM, 475, 735, 16
MM, 475, 739, 15
MM, 475, 743, 16
MM, 475, 746, 16
MM, 475, 747, 0
MM, 475, 748, 15
MM, 475, 746, 500
MM, 474, 738, 16
MM, 473, 723, 0
MM, 472, 697, 15
MM, 470, 671, 16
MM, 469, 652, 16
MM, 468, 640, 15
MM, 467, 630, 16
MM, 466, 625, 0
MM, 464, 620, 16
MM, 464, 619, 15
MM, 463, 617, 16
MM, 463, 615, 15
MM, 463, 616, 329
MM, 463, 620, 15
MM, 463, 625, 16
MM, 464, 628, 15
MM, 465, 631, 16
MM, 466, 634, 16
MM, 466, 635, 15
MM, 466, 636, 16
MM, 466, 636, 16
MM, 466, 637, 15
MM, 466, 639, 0
MM, 466, 642, 219
MM, 464, 650, 16
MM, 462, 665, 15
MM, 460, 696, 16
MM, 459, 718, 0
MM, 459, 740, 15
MM, 461, 760, 16
MM, 463, 773, 16
MM, 464, 773, 15
MM, 465, 771, 16
MM, 465, 768, 0
MM, 465, 767, 16
MM, 465, 767, 453
MM, 466, 767, 15
MM, 466, 766, 78
MM, 466, 765, 16
MM, 466, 763, 16
MM, 466, 759, 0
MM, 466, 756, 15
MM, 466, 753, 16
MM, 466, 750, 16
MM, 466, 748, 15
MM, 466, 746, 0
MM, 466, 746, 16
MM, 466, 745, 15
MM, 465, 744, 16
MM, 464, 744, 16
MM, 464, 743, 15
MM, 465, 744, 39103
MM, 469, 748, 15
MM, 474, 757, 16
MM, 483, 782, 16
MM, 490, 797, 0
MM, 490, 807, 15
MM, 490, 803, 16
MM, 488, 787, 16
MM, 485, 780, 15
MM, 483, 772, 0
MM, 481, 770, 16
MM, 480, 768, 15
MM, 480, 767, 16
MM, 479, 767, 16
MM, 479, 767, 0
MM, 477, 767, 15
MM, 472, 767, 16
MM, 464, 767, 16
MM, 454, 765, 15
MM, 446, 764, 16
MM, 442, 763, 0
MM, 438, 762, 15
MM, 437, 762, 16
MM, 437, 762, 16
MM, 436, 762, 15
MM, 436, 760, 16
MM, 438, 754, 16
MM, 452, 731, 15
MM, 478, 696, 16
MM, 519, 651, 15
MM, 566, 606, 0
MM, 618, 566, 16
MM, 670, 522, 21
MM, 717, 490, 12
MM, 752, 464, 15
MM, 774, 450, 12
MM, 790, 441, 12
MM, 798, 437, 12
MM, 807, 433, 14
MM, 812, 428, 190
MM, 841, 405, 13
MM, 912, 350, 12
MM, 995, 296, 12
MM, 1078, 251, 13
MM, 1116, 229, 14
MM, 1154, 202, 11
MM, 1194, 177, 13
MM, 1228, 159, 14
MM, 1248, 150, 13
MM, 1258, 147, 2
MM, 1265, 145, 16
MM, 1270, 144, 15
MM, 1273, 144, 16
MM, 1274, 144, 0
MM, 1277, 142, 187
MM, 1290, 133, 16
MM, 1331, 106, 0
MM, 1384, 73, 16
MM, 1406, 44, 15
MM, 1393, 25, 21
MM, 1376, 17, 13
MM, 1372, 13, 11
MM, 1367, 11, 14
MM, 1366, 11, 14
MM, 1364, 11, 112
MM, 1364, 11, 12
MM, 1363, 12, 52
MM, 1361, 13, 13
MM, 1358, 16, 12
MM, 1354, 18, 11
MM, 1352, 20, 15
MM, 1351, 21, 0
MM, 1349, 22, 16
MM, 1349, 23, 16
MM, 1347, 24, 15
MM, 1346, 25, 16
MM, 1344, 28, 0
MM, 1343, 30, 15
MM, 1341, 31, 22
MM, 1341, 33, 15
MM, 1340, 33, 12
MM, 1340, 34, 12
MM, 1340, 34, 13
MM, 1339, 35, 13
MM, 1339, 35, 16
MM, 1339, 36, 9
MM, 1338, 37, 13
MM, 1337, 39, 12
MM, 1336, 41, 14
MM, 1336, 44, 11
MM, 1335, 48, 13
MM, 1334, 51, 12
MM, 1334, 55, 16
MM, 1334, 58, 11
MM, 1334, 62, 12
MM, 1334, 65, 12
MM, 1334, 68, 14
MM, 1334, 71, 11
MM, 1334, 73, 13
MM, 1334, 74, 14
MM, 1334, 75, 11
MM, 1334, 76, 14
MM, 1334, 76, 12
MM, 1334, 77, 26
MM, 1335, 78, 12
MM, 1335, 78, 26
MM, 1335, 78, 12
MM, 1335, 79, 14
MM, 1336, 79, 11
MM, 1336, 79, 16
MM, 1337, 79, 11
MM, 1337, 80, 13
MM, 1338, 80, 11
MM, 1338, 80, 15
MM, 1339, 81, 12
MM, 1339, 82, 12
MM, 1340, 82, 13
MM, 1340, 82, 14
MM, 1341, 82, 11
MM, 1341, 83, 13
MM, 1342, 83, 13
MM, 1342, 83, 13
MM, 1342, 84, 12
MM, 1343, 84, 12
MM, 1344, 84, 13
MP, 1, 218
MR, 1, 150
MC, 1, 0
MM, 1344, 85, 190
MM, 1337, 89, 14
MM, 1308, 109, 13
MM, 1246, 152, 12
MM, 1189, 194, 12
MM, 1132, 237, 12
MM, 1085, 273, 14
MM, 1044, 307, 13
MM, 1010, 337, 11
MM, 982, 359, 14
MM, 965, 374, 12
MM, 956, 380, 13
MM, 950, 385, 12
MM, 946, 387, 14
MM, 945, 389, 11
MM, 945, 386, 333
MM, 945, 376, 25
MM, 945, 358, 11
MM, 945, 323, 13
MM, 949, 286, 14
MM, 952, 258, 12
MM, 956, 244, 12
MM, 958, 233, 13
MM, 959, 228, 13
MM, 960, 226, 12
MM, 960, 224, 13
MM, 962, 225, 60155
MM, 969, 229, 15
MM, 996, 242, 14
MM, 1044, 268, 12
MM, 1103, 306, 12
MM, 1160, 344, 14
MM, 1212, 383, 12
MM, 1251, 420, 13
MM, 1283, 454, 12
MM, 1305, 480, 12
MM, 1312, 490, 15
MM, 1316, 495, 11
MM, 1321, 495, 204
MM, 1337, 495, 12
MM, 1390, 503, 13
MM, 1422, 519, 13
MM, 1420, 543, 12
MM, 1408, 569, 14
MM, 1395, 590, 12
MM, 1383, 606, 13
MM, 1379, 624, 12
MM, 1371, 636, 12
MM, 1366, 647, 13
MM, 1365, 647, 154
MM, 1359, 647, 16
MM, 1343, 650, 21
MM, 1299, 665, 13
MM, 1242, 684, 13
MM, 1190, 702, 13
MM, 1146, 721, 12
MM, 1115, 735, 13
MM, 1097, 745, 13
MM, 1088, 749, 11
MM, 1083, 752, 0
MM, 1081, 752, 15
MM, 1081, 753, 16
MM, 1081, 753, 146
MM, 1081, 753, 0
MM, 1081, 752, 16
MM, 1081, 752, 15
MM, 1081, 751, 32
MM, 1081, 751, 140
MM, 1082, 751, 0
MM, 1084, 751, 16
MM, 1086, 751, 15
MM, 1089, 751, 16
MM, 1090, 752, 16
MP, 1, 204
MR, 1, 116
MC, 1, 0
MM, 1089, 750, 234
MM, 1083, 743, 16
MM, 1059, 706, 0
MM, 1022, 636, 29
MM, 982, 559, 13
MM, 962, 522, 12
MM, 943, 485, 12
MM, 925, 451, 13
MM, 913, 427, 14
MM, 908, 413, 11
MM, 905, 405, 14
MM, 903, 400, 11
MM, 902, 397, 14
MM, 902, 396, 12
MM, 902, 395, 13
MM, 902, 395, 34
MM, 902, 395, 141
MM, 901, 395, 15
MM, 899, 396, 16
MM, 896, 398, 16
MM, 893, 399, 15
MM, 890, 399, 16
MM, 887, 399, 0
MM, 885, 399, 16
MM, 883, 399, 15
MM, 880, 397, 16
MM, 878, 397, 15
MM, 877, 395, 16
MM, 876, 395, 0
MM, 876, 394, 16
MM, 875, 394, 15
MM, 875, 393, 16
MM, 874, 393, 16
MP, 1, 188
MR, 1, 140
MC, 1, 0
MM, 875, 395, 195
MM, 878, 405, 21
MM, 890, 433, 14
MM, 902, 469, 13
MM, 924, 519, 12
MM, 942, 568, 13
MM, 962, 615, 13
MM, 976, 651, 12
MM, 990, 680, 12
MM, 998, 697, 14
MM, 998, 699, 216
MM, 998, 703, 12
MM, 998, 709, 12
MM, 998, 719, 13
MM, 998, 728, 12
MM, 999, 741, 13
MM, 1001, 751, 15
MM, 1004, 759, 5
MM, 1005, 765, 15
MM, 1007, 767, 16
MM, 1008, 769, 0
MM, 1009, 768, 16
MM, 1011, 768, 15
MM, 1014, 767, 16
MM, 1020, 767, 16
MM, 1028, 767, 0
MM, 1036, 767, 15
MM, 1043, 767, 16
MM, 1050, 765, 15
MM, 1055, 764, 16
MM, 1060, 764, 0
MM, 1063, 763, 16
MM, 1064, 762, 15
MM, 1065, 762, 16
MM, 1065, 762, 16
MM, 1066, 762, 31
MP, 1, 297
MR, 1, 125
MC, 1, 0
MM, 1067, 761, 375
MM, 1071, 757, 15
MM, 1076, 750, 0
MM, 1081, 743, 16
MM, 1089, 733, 16
MM, 1096, 724, 15
MM, 1102, 717, 0
MM, 1107, 711, 16
MM, 1112, 706, 15
MM, 1115, 702, 16
MM, 1118, 699, 16
MM, 1119, 697, 15
MM, 1121, 696, 0
MM, 1123, 695, 16
MM, 1125, 693, 16
MM, 1129, 691, 15
MM, 1131, 688, 16
MM, 1133, 685, 0
MM, 1137, 682, 15
MM, 1139, 680, 16
MM, 1141, 678, 16
MM, 1142, 677, 15
MM, 1143, 676, 0
MM, 1143, 676, 16
MM, 1143, 675, 16
MM, 1144, 675, 281
MM, 1146, 675, 15
MM, 1149, 674, 16
MM, 1152, 672, 0
MM, 1154, 671, 16
MM, 1157, 671, 15
MM, 1158, 670, 16
MM, 1159, 670, 16
MM, 1160, 669, 0
MM, 1161, 669, 15
MM, 1162, 669, 16
MM, 1164, 669, 15
MM, 1166, 668, 16
MM, 1169, 667, 0
MM, 1175, 665, 16
MM, 1179, 664, 15
MM, 1185, 664, 16
MM, 1190, 663, 16
MM, 1196, 663, 0
MM, 1200, 662, 15
MM, 1203, 662, 16
MM, 1206, 662, 15
MM, 1209, 662, 16
MM, 1212, 662, 0
MM, 1214, 662, 16
MM, 1215, 662, 15
MM, 1217, 662, 16
MM, 1218, 662, 16
MM, 1219, 662, 15
MM, 1221, 662, 0
MM, 1222, 663, 266
MM, 1223, 664, 15
MM, 1225, 665, 16
MM, 1226, 666, 16
MM, 1228, 666, 15
MM, 1230, 667, 0
MM, 1233, 667, 16
MM, 1235, 668, 16
MM, 1237, 668, 15
MM, 1239, 669, 16
MM, 1240, 669, 15
MP, 1, 266
MR, 1, 125
MC, 1, 0
MM, 1238, 669, 250
MM, 1229, 668, 16
MM, 1211, 663, 15
MM, 1160, 649, 0
MM, 1087, 630, 16
MM, 1012, 608, 16
MM, 934, 591, 15
MM, 912, 585, 16
MM, 883, 578, 0
MM, 851, 572, 15
MM, 820, 567, 16
MM, 797, 565, 16
MM, 779, 563, 15
MM, 769, 563, 0
MM, 760, 562, 16
MM, 757, 562, 266
MM, 752, 562, 0
MM, 747, 562, 15
MM, 737, 564, 16
MM, 728, 565, 15
MM, 720, 565, 16
MM, 712, 565, 0
MM, 706, 565, 16
MM, 702, 565, 15
MM, 699, 565, 16
MM, 698, 565, 18
MM, 697, 565, 6
MM, 695, 565, 15
MM, 695, 565, 16
MM, 694, 564, 0
MM, 694, 564, 16
MM, 693, 564, 15
MM, 693, 563, 16
MM, 692, 563, 16
MM, 692, 562, 15
MM, 692, 562, 16
MM, 692, 561, 15
MM, 692, 560, 16
MM, 692, 560, 16
MM, 692, 559, 0
MM, 692, 559, 15
MM, 691, 558, 16
MM, 691, 557, 16
MM, 691, 556, 15
MM, 691, 555, 0
MM, 691, 554, 16
MM, 690, 553, 15
MM, 690, 551, 16
MM, 690, 551, 16
MM, 690, 550, 0
MM, 690, 550, 15
MM, 690, 549, 16
MM, 690, 548, 31
MM, 690, 548, 63
MM, 691, 548, 27636
MM, 697, 548, 0
MM, 709, 548, 16
MM, 725, 548, 15
MM, 755, 548, 16
MM, 785, 548, 16
MM, 814, 553, 0
MM, 848, 566, 15
MM, 874, 581, 16
MM, 896, 594, 16
MM, 910, 606, 15
MM, 924, 621, 16
MM, 935, 638, 0
MM, 942, 649, 15
MM, 947, 660, 16
MM, 952, 670, 16
MM, 954, 673, 234
MM, 961, 681, 16
MM, 969, 688, 15
MM, 987, 703, 16
MM, 1017, 727, 0
MM, 1042, 745, 16
MM, 1061, 756, 15
MM, 1072, 763, 16
MM, 1079, 766, 15
MM, 1085, 769, 0
MM, 1085, 766, 313
MM, 1085, 765, 16
MM, 1085, 762, 15
MM, 1085, 759, 0
MM, 1086, 756, 16
MM, 1086, 754, 15
MM, 1086, 751, 16
MM, 1086, 749, 16
MM, 1086, 748, 0
MM, 1086, 747, 15
MM, 1085, 746, 16
MM, 1085, 745, 16
MM, 1083, 745, 15
MM, 1083, 744, 16
MM, 1082, 744, 0
MP, 1, 219
MR, 1, 125
MC, 1, 0
MM, 1081, 744, 375
MM, 1077, 744, 15
MM, 1069, 744, 0
MM, 1055, 738, 16
MM, 1012, 715, 15
MM, 945, 669, 16
MM, 874, 616, 16
MM, 806, 561, 15
MM, 743, 509, 0
MM, 714, 468, 16
MM, 693, 440, 16
MM, 673, 415, 15
MM, 659, 400, 16
MM, 650, 392, 0
MM, 644, 387, 15
MM, 639, 383, 16
MM, 637, 381, 16
MM, 636, 380, 203
MM, 629, 377, 15
MM, 602, 357, 0
MM, 544, 301, 16
MM, 486, 230, 16
MM, 441, 173, 15
MM, 409, 124, 16
MM, 389, 92, 16
MM, 381, 74, 0
MM, 377, 65, 15
MM, 374, 62, 16
MM, 374, 60, 15
MM, 371, 60, 219
MM, 366, 58, 16
MM, 358, 54, 15
MM, 347, 49, 16
MM, 332, 41, 16
MM, 322, 35, 15
MM, 313, 30, 0
MM, 309, 26, 16
MM, 305, 23, 16
MM, 304, 22, 15
MM, 302, 21, 16
MM, 302, 21, 0
MM, 301, 20, 15
MM, 301, 20, 344
MM, 301, 20, 16
MM, 303, 22, 15
MM, 306, 23, 16
MM, 309, 25, 0
MM, 313, 26, 16
MM, 316, 28, 15
MM, 319, 29, 16
MM, 323, 31, 16
MM, 327, 32, 0
MM, 331, 33, 15
MM, 335, 34, 16
MM, 339, 36, 15
MM, 342, 37, 16
MM, 345, 37, 0
MP, 1, 250
MR, 1, 125
MC, 1, 0
MM, 347, 40, 375
MM, 355, 47, 16
MM, 375, 66, 15
MM, 417, 108, 16
MM, 455, 150, 16
MM, 493, 192, 0
MM, 519, 227, 15
MM, 545, 260, 16
MM, 562, 283, 15
MM, 562, 283, 829
MM, 559, 278, 0
MM, 554, 268, 15
MM, 535, 239, 16
MM, 511, 199, 15
MM, 490, 164, 16
MM, 475, 142, 0
MM, 468, 131, 16
MM, 465, 125, 15
MM, 463, 122, 16
MM, 462, 121, 16
MM, 462, 121, 15
MM, 462, 121, 141
MM, 462, 121, 47
MM, 462, 121, 62
MM, 462, 122, 16
MM, 462, 123, 15
MM, 462, 124, 16
MM, 462, 125, 16
MM, 463, 127, 15
MM, 464, 130, 0
MM, 465, 133, 16
MM, 465, 136, 16
MM, 466, 137, 15
MM, 466, 138, 16
MM, 466, 139, 0
MM, 467, 139, 15
MM, 467, 140, 47
MP, 1, 286
MR, 1, 125
MC, 1, 0
MM, 468, 140, 24127
MM, 469, 141, 15
MM, 471, 141, 16
MM, 474, 143, 16
MM, 477, 145, 15
MM, 480, 148, 0
MM, 482, 150, 16
MM, 485, 153, 15
MM, 487, 155, 16
MM, 488, 156, 16
MM, 491, 159, 0
MM, 491, 160, 15
MM, 493, 162, 16
MM, 494, 164, 16
MM, 495, 167, 15
MM, 496, 169, 16
MM, 496, 172, 0
MM, 496, 175, 15
MM, 496, 178, 16
MM, 496, 181, 16
MM, 496, 184, 15
MM, 496, 186, 0
MM, 496, 187, 16
MM, 496, 189, 16
MM, 496, 189, 15
MM, 496, 190, 16
MM, 495, 190, 0
MM, 495, 191, 15
MM, 494, 193, 16
MM, 493, 197, 16
MM, 495, 203, 281
MM, 504, 219, 0
MM, 525, 264, 16
MM, 553, 330, 15
MM, 573, 385, 16
MM, 589, 431, 15
MM, 603, 470, 16
MM, 612, 500, 0
MM, 619, 519, 16
MM, 619, 520, 234
MM, 619, 523, 16
MM, 621, 530, 0
MM, 624, 541, 15
MM, 629, 559, 16
MM, 635, 574, 16
MM, 638, 583, 15
MM, 643, 593, 0
MM, 646, 599, 16
MM, 648, 604, 15
MM, 649, 607, 16
MM, 650, 608, 16
MM, 650, 609, 15
MM, 650, 609, 0
MM, 651, 609, 16
MM, 652, 609, 125
MM, 654, 606, 16
MM, 658, 600, 15
MM, 663, 593, 16
MM, 669, 583, 0
MM, 674, 573, 15
MM, 678, 567, 16
MM, 682, 562, 16
MM, 684, 559, 15
MM, 686, 556, 16
MM, 687, 555, 16
MM, 688, 555, 0
MM, 689, 554, 15
MM, 691, 553, 16
MM, 692, 553, 15
MM, 693, 553, 0
MM, 695, 553, 16
MM, 697, 553, 16
MM, 699, 553, 15
MM, 700, 553, 16
MM, 702, 553, 16
MM, 704, 554, 12
MM, 707, 554, 13
MM, 710, 555, 3
MM, 713, 556, 15
MM, 716, 557, 16
MM, 719, 557, 16
MM, 721, 557, 0
MM, 724, 558, 15
MM, 727, 558, 16
MM, 730, 558, 16
MM, 733, 558, 15
MM, 736, 558, 0
MM, 738, 558, 16
MM, 740, 558, 15
MM, 742, 558, 313
MM, 744, 558, 16
MM, 748, 558, 15
MM, 752, 558, 16
MM, 755, 557, 15
MM, 758, 556, 0
MM, 760, 555, 16
MM, 762, 555, 16
MM, 763, 555, 15
MM, 764, 554, 16
MM, 765, 554, 16
MM, 765, 554, 0
MM, 767, 554, 15
MM, 768, 553, 16
MM, 769, 552, 15
MM, 771, 552, 16
MM, 771, 552, 0
MM, 772, 551, 16
MM, 774, 551, 15
MM, 774, 550, 16
MM, 776, 550, 16
MM, 776, 550, 0
MM, 777, 550, 15
MM, 777, 549, 16
MM, 778, 549, 16
MM, 778, 549, 15
MM, 779, 549, 16
MM, 779, 549, 0
MM, 780, 549, 1719
MM, 783, 549, 15
MM, 788, 551, 0
MM, 794, 555, 16
MM, 799, 559, 15
MM, 803, 562, 16
MM, 807, 565, 16
MM, 812, 570, 15
MM, 817, 574, 0
MM, 821, 580, 16
MM, 826, 585, 16
MM, 829, 590, 15
MM, 832, 592, 16
MP, 1, 265
MR, 1, 125
MC, 1, 0
MM, 830, 592, 375
MM, 827, 587, 16
MM, 822, 580, 16
MM, 814, 570, 15
MM, 801, 549, 0
MM, 776, 506, 16
MM, 750, 453, 16
MM, 726, 406, 15
MM, 702, 356, 16
MM, 686, 322, 0
MM, 673, 296, 15
MM, 662, 275, 16
MM, 657, 263, 16
MM, 651, 251, 15
MM, 646, 242, 16
MM, 642, 236, 0
MM, 638, 230, 16
MM, 635, 226, 15
MM, 632, 223, 16
MM, 630, 219, 15
MM, 628, 218, 266
MM, 622, 213, 0
MM, 612, 203, 16
MM, 594, 185, 15
MM, 572, 162, 16
MM, 560, 145, 16
MM, 550, 133, 0
MP, 1, 171
MR, 1, 141
MC, 1, 0
MP, 1, 47
MR, 1, 109
MC, 2, 0
MP, 1, 63
MR, 1, 125
MC, 3, 0
MM, 550, 135, 531
MM, 552, 141, 16
MM, 555, 148, 15
MM, 559, 157, 0
MM, 564, 169, 16
MM, 569, 181, 25
MM, 573, 192, 12
MM, 577, 202, 4
MM, 580, 210, 16
MM, 583, 218, 16
MM, 586, 223, 0
MM, 588, 227, 15
MM, 589, 230, 16
MP, 1, 234
MR, 1, 141
MC, 1, 0
MM, 589, 229, 265
MM, 587, 226, 0
MM, 583, 220, 16
MM, 579, 214, 16
MM, 574, 207, 15
MM, 569, 196, 16
MM, 563, 186, 16
MM, 559, 177, 0
MM, 555, 169, 15
MM, 552, 163, 16
MM, 549, 157, 15
MM, 546, 152, 16
MM, 545, 150, 0
MM, 543, 147, 16
MM, 542, 145, 15
MM, 541, 142, 16
MM, 539, 140, 16
MM, 539, 139, 0
MM, 538, 137, 15
MM, 538, 137, 16
MM, 537, 136, 31
MM, 537, 136, 31
MM, 537, 135, 16
MM, 536, 135, 16
MM, 536, 134, 15
MM, 535, 133, 0
MM, 535, 133, 16
MM, 534, 132, 15
MM, 534, 132, 16
MM, 533, 132, 16
MP, 1, 250
MR, 1, 125
MC, 1, 0
MM, 533, 135, 281
MM, 533, 139, 16
MM, 535, 144, 15
MM, 536, 148, 0
MM, 538, 152, 16
MM, 539, 156, 15
MM, 539, 158, 16
MM, 540, 159, 16
MM, 541, 161, 0
MM, 541, 161, 15
MM, 541, 162, 16
MM, 541, 164, 1297
MM, 542, 171, 15
MM, 547, 182, 0
MM, 554, 205, 16
MM, 561, 230, 16
MM, 574, 263, 15
MM, 582, 290, 16
MM, 587, 312, 0
MM, 592, 329, 16
MP, 1, 187
MD, 592, 330, 141
MD, 594, 335, 15
MD, 596, 344, 16
MD, 598, 353, 16
MR, 1, 0
MM, 603, 367, 15
MM, 606, 379, 16
MM, 609, 388, 0
MM, 611, 395, 16
MM, 613, 399, 15
MM, 614, 401, 16
MM, 615, 403, 15
MM, 615, 403, 0
MM, 615, 403, 78
MM, 615, 400, 16
MM, 612, 393, 16
MM, 608, 383, 15
MM, 601, 363, 16
MM, 595, 344, 0
MM, 592, 332, 16
MM, 587, 312, 15
MM, 581, 293, 16
MM, 578, 280, 15
MM, 573, 264, 0
MM, 570, 253, 16
MM, 568, 242, 16
MM, 566, 235, 15
MM, 564, 231, 16
MM, 562, 227, 0
MM, 562, 226, 16
MM, 562, 226, 15
MP, 1, 250
MR, 1, 125
MC, 1, 0
MM, 559, 224, 94
MM, 556, 222, 16
MM, 549, 218, 15
MM, 543, 211, 16
MM, 533, 201, 0
MM, 524, 191, 15
MM, 516, 181, 16
MM, 511, 174, 16
MM, 507, 169, 15
MM, 506, 166, 0
MM, 504, 163, 16
MM, 504, 163, 16
MM, 504, 162, 15
MM, 504, 162, 16
MM, 503, 162, 47
MM, 503, 161, 15
MM, 503, 160, 0
MM, 502, 158, 16
MM, 502, 156, 16
MM, 501, 154, 15
MM, 500, 153, 16
MM, 500, 152, 15
MM, 500, 152, 0
MM, 500, 151, 16
MM, 500, 151, 16
MM, 500, 150, 15
MM, 499, 149, 16
MM, 499, 149, 16
MM, 499, 148, 0
MM, 499, 148, 15
MM, 499, 147, 16
MM, 499, 147, 16
MP, 1, 265
MR, 1, 141
MC, 1, 0
MM, 497, 146, 218
MM, 493, 144, 16
MM, 490, 144, 16
MM, 487, 142, 15
MM, 485, 141, 0
MM, 483, 140, 16
MM, 482, 140, 16
MM, 481, 140, 15
MM, 479, 138, 16
MM, 477, 138, 16
MP, 1, 234
MR, 1, 140
MC, 1, 0
MM, 477, 139, 329
MM, 479, 141, 15
MM, 481, 145, 16
MM, 482, 147, 0
MM, 484, 150, 15
MM, 485, 152, 16
MM, 486, 155, 16
MM, 487, 156, 15
MM, 488, 158, 16
MM, 489, 159, 0
MM, 489, 160, 16
MM, 490, 161, 15
MP, 1, 235
MR, 1, 125
MC, 1, 0
MM, 489, 161, 156
MM, 488, 161, 15
MM, 485, 161, 16
MM, 482, 159, 16
MM, 480, 158, 0
MM, 478, 156, 15
MM, 477, 156, 16
MM, 475, 155, 16
MM, 474, 153, 15
MM, 471, 150, 16
MM, 469, 149, 0
MM, 467, 146, 15
MM, 464, 143, 16
MM, 462, 140, 16
MM, 460, 138, 15
MM, 457, 134, 0
MM, 455, 132, 16
MM, 454, 130, 16
MM, 452, 129, 15
MM, 452, 128, 16
MM, 452, 127, 0
MM, 451, 127, 15
MM, 451, 126, 16
MM, 451, 126, 47
MM, 451, 126, 0
MP, 1, 266
MR, 1, 125
MC, 1, 0
MM, 451, 129, 250
MM, 451, 133, 15
MM, 453, 138, 0
MM, 454, 143, 16
MM, 456, 148, 16
MM, 458, 153, 15
MM, 459, 157, 16
MM, 462, 163, 15
MM, 463, 169, 0
MM, 465, 172, 16
MP, 1, 250
MR, 1, 141
MC, 1, 0
MM, 467, 173, 328
MM, 469, 178, 15
MM, 472, 185, 16
MM, 478, 193, 16
MM, 485, 212, 15
MM, 496, 232, 16
MM, 505, 255, 0
MM, 513, 273, 16
MM, 519, 285, 15
MM, 523, 295, 16
MM, 526, 302, 15
MM, 529, 305, 0
MM, 530, 308, 16
MM, 531, 310, 359
MM, 533, 315, 16
MM, 538, 326, 16
MM, 548, 347, 0
MM, 558, 370, 15
MM, 571, 391, 16
MM, 579, 409, 16
MM, 585, 419, 15
MM, 590, 427, 0
MM, 593, 433, 16
MM, 594, 436, 15
MM, 596, 438, 16
MM, 597, 440, 1016
MM, 600, 446, 15
MM, 607, 456, 0
MM, 619, 475, 16
MM, 630, 492, 16
MM, 633, 499, 46
MM, 636, 505, 0
MM, 640, 505, 282
MM, 650, 505, 15
MM, 675, 508, 16
MM, 731, 518, 16
MM, 798, 530, 0
MM, 854, 546, 15
MM, 899, 566, 16
MM, 931, 585, 15
MM, 951, 600, 16
MM, 966, 616, 0
MM, 974, 627, 16
MM, 981, 637, 15
MM, 983, 639, 250
MM, 989, 647, 16
MM, 1006, 665, 16
MM, 1022, 687, 15
MM, 1042, 721, 16
MM, 1052, 749, 0
MM, 1057, 766, 15
MM, 1058, 779, 16
MM, 1058, 775, 16
MM, 1058, 773, 15
MM, 1058, 769, 16
MM, 1058, 768, 0
MM, 1058, 768, 31
MM, 1058, 767, 16
MM, 1058, 767, 234
MM, 1056, 767, 16
MM, 1054, 767, 15
MM, 1051, 767, 16
MM, 1047, 766, 0
MM, 1044, 764, 16
MM, 1042, 763, 15
MM, 1040, 762, 16
MM, 1040, 762, 16
MM, 1039, 761, 15
MM, 1038, 761, 0
MM, 1038, 761, 16
MM, 1038, 761, 15
MM, 1037, 761, 16
MM, 1037, 761, 16
MM, 1036, 760, 0
MM, 1036, 760, 15
MM, 1035, 760, 16
MM, 1035, 759, 16
MM, 1033, 759, 0
MM, 1033, 759, 15
MM, 1033, 759, 16
MM, 1032, 759, 15
MM, 1031, 758, 16
MM, 1030, 758, 16
MM, 1028, 758, 0
MM, 1027, 757, 15
MM, 1025, 757, 16
MM, 1023, 756, 16
MM, 1022, 755, 15
MM, 1021, 755, 0
MM, 1020, 755, 16
MM, 1019, 755, 15
MM, 1018, 755, 16
MM, 1018, 755, 16
MM, 1017, 755, 15
MM, 1017, 755, 0
MM, 1016, 755, 16
MM, 1016, 755, 16
MM, 1015, 755, 15
MP, 1, 941
MR, 1, 140
MC, 1, 0
MM, 1011, 750, 329
MM, 989, 721, 15
MM, 936, 650, 16
MM, 888, 582, 16
MM, 843, 515, 15
MM, 822, 490, 0
MM, 810, 473, 16
MM, 800, 459, 15
MM, 794, 447, 16
MM, 791, 439, 16
MM, 789, 432, 15
MM, 789, 428, 219
MM, 789, 417, 16
MM, 790, 405, 15
MM, 793, 380, 16
MM, 794, 355, 0
MM, 794, 341, 15
MM, 794, 331, 16
MM, 794, 325, 16
MM, 794, 322, 15
MM, 794, 320, 0
MM, 794, 320, 16
MM, 794, 320, 156
MM, 794, 320, 32
MM, 792, 319, 0
MM, 791, 316, 15
MM, 789, 314, 16
MM, 788, 312, 15
MM, 786, 310, 16
MM, 785, 308, 16
MM, 784, 307, 0
MM, 784, 306, 15
MM, 783, 305, 16
MM, 782, 304, 16
MM, 782, 304, 15
MM, 781, 303, 0
MM, 781, 303, 16
MM, 781, 302, 15
MM, 780, 302, 16
MM, 780, 302, 16
MM, 780, 301, 0
MM, 780, 301, 218
MM, 779, 301, 16
MM, 778, 300, 16
MM, 776, 299, 15
MM, 773, 296, 16
MM, 771, 293, 0
MM, 769, 291, 16
MM, 768, 290, 15
MM, 767, 289, 16
MM, 767, 288, 15
MM, 766, 288, 0
MM, 766, 288, 16
MM, 766, 287, 31
MM, 766, 287, 78
MM, 765, 287, 32
MM, 765, 286, 15
MM, 765, 286, 32
MM, 765, 285, 0
MP, 1, 234
MR, 1, 125
MC, 1, 0
MP, 1, 6062
MR, 1, 2235
MC, 1, 0
MM, 770, 282, 187
MM, 806, 261, 16
MM, 896, 230, 16
MM, 990, 210, 15
MM, 1044, 208, 0
MM, 1096, 211, 16
MM, 1154, 231, 15
MM, 1212, 260, 16
MM, 1256, 294, 16
MM, 1292, 327, 0
MM, 1321, 365, 15
MM, 1339, 399, 16
MM, 1343, 436, 16
MM, 1338, 470, 15
MM, 1320, 504, 0
MM, 1297, 535, 16
MM, 1272, 555, 15
MM, 1237, 577, 16
MM, 1201, 589, 16
MM, 1160, 593, 15
MM, 1118, 590, 0
MM, 1079, 576, 16
MM, 1047, 554, 16
MM, 1024, 534, 15
MM, 1003, 507, 16
MM, 993, 474, 0
MM, 993, 447, 16
MM, 1004, 413, 15
MM, 1023, 386, 16
MM, 1041, 368, 15
MM, 1053, 357, 0
MM, 1067, 348, 16
MM, 1087, 341, 16
MM, 1104, 340, 15
MM, 1133, 344, 16
MM, 1164, 360, 0
MM, 1194, 381, 15
MM, 1225, 408, 16
MM, 1256, 447, 16
MM, 1275, 484, 15
MM, 1284, 511, 16
MM, 1289, 535, 0
MM, 1289, 552, 16
MM, 1288, 564, 15
MM, 1284, 572, 16
MM, 1282, 578, 16
MM, 1278, 583, 0
MM, 1278, 585, 203
MM, 1278, 590, 0
MM, 1283, 603, 15
MM, 1289, 630, 16
MM, 1294, 664, 15
MM, 1297, 708, 16
MM, 1299, 749, 0
MM, 1299, 782, 27
MM, 1299, 794, 7
MM, 1299, 782, 15
MM, 1299, 775, 16
MM, 1299, 771, 15
MM, 1299, 768, 0
MM, 1299, 767, 219
MM, 1299, 767, 16
MM, 1299, 766, 15
MM, 1302, 763, 16
MM, 1307, 762, 0
MM, 1310, 759, 16
MM, 1314, 756, 15
MM, 1316, 756, 16
MM, 1317, 754, 16
MM, 1319, 754, 0
MM, 1319, 753, 15
MM, 1320, 752, 16
MM, 1321, 752, 15
MM, 1321, 751, 16
MM, 1322, 751, 0
MM, 1322, 751, 16
MM, 1322, 751, 62
MP, 1, 250
MR, 1, 141
MC, 1, 0
MM, 1322, 748, 641
MM, 1316, 739, 15
MM, 1303, 715, 16
MM, 1287, 681, 0
MM, 1266, 636, 15
MM, 1247, 594, 16
MM, 1231, 560, 16
MM, 1220, 534, 15
MM, 1211, 514, 16
MM, 1206, 502, 0
MM, 1202, 490, 15
MM, 1199, 482, 16
MM, 1197, 478, 16
MM, 1196, 476, 15
MM, 1196, 475, 0
MM, 1196, 475, 16
MM, 1196, 474, 16
MM, 1195, 474, 234
MM, 1194, 474, 16
MM, 1192, 473, 15
MM, 1188, 473, 16
MM, 1181, 472, 15
MM, 1173, 471, 0
MM, 1163, 470, 16
MM, 1153, 469, 16
MM, 1135, 465, 15
MM, 1119, 462, 16
MM, 1107, 459, 16
MM, 1096, 456, 0
MM, 1085, 453, 15
MM, 1068, 446, 31
MM, 1063, 443, 16
MM, 1057, 440, 0
MM, 1052, 436, 16
MM, 1047, 430, 15
MM, 1042, 424, 16
MM, 1037, 417, 16
MM, 1033, 411, 0
MM, 1028, 406, 15
MM, 1024, 402, 16
MM, 1020, 397, 15
MM, 1017, 393, 16
MM, 1014, 389, 16
MM, 1013, 384, 15
MM, 1011, 381, 0
MM, 1011, 379, 16
MM, 1011, 377, 16
MM, 1011, 374, 15
MM, 1011, 373, 0
MM, 1011, 372, 16
MM, 1014, 370, 15
MM, 1019, 368, 16
MM, 1026, 365, 16
MM, 1036, 362, 0
MM, 1045, 361, 15
MM, 1055, 361, 16
MM, 1064, 363, 16
MM, 1075, 366, 15
MM, 1086, 369, 0
MM, 1097, 375, 16
MM, 1107, 382, 15
MM, 1117, 390, 16
MM, 1131, 404, 16
MM, 1144, 421, 15
MM, 1155, 438, 0
MM, 1161, 452, 16
MM, 1163, 468, 16
MM, 1164, 481, 15
MM, 1164, 493, 16
MM, 1162, 503, 0
MM, 1159, 513, 15
MM, 1152, 526, 16
MM, 1141, 543, 16
MM, 1127, 560, 15
MM, 1115, 574, 16
MM, 1107, 583, 0
MM, 1101, 588, 16
MM, 1097, 592, 15
MM, 1095, 593, 16
MM, 1089, 597, 15
MM, 1079, 601, 0
MM, 1068, 605, 16
MM, 1056, 607, 16
MM, 1045, 608, 15
MM, 1037, 608, 16
MM, 1028, 608, 0
MM, 1019, 605, 16
MM, 1010, 598, 15
MM, 997, 583, 16
MM, 979, 548, 15
MM, 965, 512, 16
MM, 955, 479, 0
MM, 950, 450, 16
MM, 947, 435, 15
MM, 946, 423, 16
MM, 946, 416, 16
MM, 946, 412, 0
MM, 946, 410, 15
MM, 946, 409, 16
MM, 946, 408, 15
MM, 946, 408, 16
MM, 948, 408, 0
MM, 948, 408, 16
MM, 949, 407, 15
MM, 949, 407, 16
MM, 951, 406, 16
MM, 957, 406, 0
MM, 963, 405, 15
MM, 973, 404, 16
MM, 986, 401, 15
MM, 997, 399, 16
MM, 1007, 398, 16
MM, 1013, 398, 0
MM, 1017, 398, 15
MM, 1022, 398, 16
MM, 1026, 398, 16
MM, 1033, 400, 15
MM, 1044, 406, 0
MM, 1059, 417, 16
MM, 1085, 439, 15
MM, 1110, 462, 16
MM, 1131, 482, 16
MM, 1150, 503, 0
MM, 1166, 521, 15
MM, 1181, 538, 16
MM, 1192, 550, 16
MM, 1201, 560, 15
MM, 1207, 565, 0
MM, 1210, 569, 16
MM, 1211, 570, 15
MM, 1212, 570, 219
MM, 1215, 572, 16
MM, 1224, 576, 15
MM, 1235, 583, 0
MM, 1260, 596, 16
MM, 1289, 613, 16
MM, 1313, 628, 15
MM, 1324, 635, 16
MM, 1331, 640, 0
MM, 1335, 641, 16
MM, 1337, 643, 15
MM, 1338, 643, 16
MM, 1338, 643, 94
MM, 1339, 643, 31
MM, 1339, 643, 15
MM, 1340, 643, 16
MM, 1341, 643, 0
MM, 1342, 643, 16
MM, 1343, 643, 15
MM, 1344, 643, 16
MM, 1344, 642, 16
MM, 1344, 642, 15
MM, 1344, 641, 0
MM, 1344, 640, 16
MM, 1344, 639, 15
MM, 1344, 638, 16
MM, 1344, 638, 0
MM, 1344, 637, 31
MM, 1344, 637, 16
MM, 1343, 637, 16
MM, 1342, 637, 15
MM, 1341, 636, 16
MM, 1340, 635, 15
MM, 1340, 635, 16
MP, 1, 219
MR, 1, 125
MC, 1, 0
MM, 1337, 635, 265
MM, 1329, 634, 16
MM, 1308, 624, 0
MM, 1244, 588, 16
MM, 1182, 545, 15
MM, 1125, 498, 16
MM, 1080, 457, 16
MM, 1040, 418, 0
MM, 1012, 382, 15
MM, 994, 357, 16
MM, 986, 342, 15
MM, 981, 332, 16
MM, 979, 324, 16
MM, 978, 319, 0
MM, 978, 317, 15
MM, 976, 317, 204
MM, 972, 316, 15
MM, 965, 315, 16
MM, 953, 312, 15
MM, 924, 306, 0
MM, 886, 295, 16
MM, 838, 284, 16
MM, 803, 275, 15
MM, 776, 270, 16
MM, 763, 267, 0
MP, 1, 275
MR, 1, 125
MC, 1, 0
MM, 763, 268, 40047
MM, 763, 272, 16
MM, 763, 279, 0
MM, 765, 290, 16
MM, 768, 307, 15
MM, 771, 323, 16
MM, 774, 338, 15
MM, 775, 351, 0
MM, 776, 362, 16
MM, 777, 370, 16
MM, 777, 377, 15
MM, 777, 382, 16
MM, 778, 387, 0
MM, 779, 392, 16
MM, 779, 394, 265
MM, 780, 401, 16
MM, 786, 412, 15
MM, 794, 432, 16
MM, 801, 452, 16
MM, 811, 479, 0
MM, 818, 502, 15
MM, 823, 516, 16
MM, 827, 527, 16
MM, 831, 535, 15
MM, 833, 541, 16
MM, 835, 548, 0
MM, 837, 553, 15
MM, 840, 559, 16
MM, 842, 564, 31
MM, 844, 567, 0
MM, 846, 570, 16
MM, 847, 574, 16
MM, 848, 576, 15
MM, 849, 578, 16
MM, 849, 580, 0
MM, 849, 581, 15
MM, 849, 581, 32
MM, 849, 582, 31
MM, 849, 582, 109
MM, 849, 580, 16
MM, 849, 578, 0
MM, 849, 576, 16
MM, 849, 574, 15
MM, 849, 572, 16
MM, 849, 571, 15
MM, 848, 569, 16
MM, 848, 568, 0
MM, 848, 566, 16
MM, 847, 565, 15
MM, 846, 564, 16
MM, 846, 562, 16
MM, 845, 561, 0
MM, 845, 560, 15
MM, 845, 560, 16
MM, 845, 559, 15
MM, 845, 559, 16
MM, 845, 558, 31
MM, 845, 558, 32
MM, 844, 558, 0
MM, 844, 557, 31
MM, 844, 556, 31
MM, 844, 556, 47
MM, 844, 556, 16
MM, 844, 555, 15
MM, 844, 555, 63
MM, 843, 554, 31
MM, 843, 554, 31
MM, 843, 553, 0
MM, 842, 552, 31
MM, 842, 552, 32
MM, 842, 551, 15
MM, 841, 551, 750
MM, 841, 551, 16
MM, 840, 550, 16
MM, 840, 550, 15
MM, 839, 549, 16
MM, 839, 548, 0
MM, 839, 548, 15
MM, 838, 548, 16
MM, 838, 547, 31
MM, 837, 547, 63
MP, 1, 424
MR, 1, 125
MC, 1, 0
MM, 839, 547, 25539
MM, 846, 548, 15
MM, 858, 553, 11
MM, 879, 564, 13
MM, 901, 580, 12
MM, 934, 606, 13
MM, 963, 633, 13
MM, 994, 662, 12
MM, 1018, 688, 16
MM, 1042, 718, 11
MM, 1055, 740, 13
MM, 1065, 758, 11
MM, 1071, 771, 12
MM, 1074, 778, 14
MM, 1078, 775, 12
MM, 1081, 772, 12
MM, 1084, 769, 16
MM, 1089, 769, 11
MM, 1097, 767, 12
MM, 1108, 767, 0
MM, 1123, 764, 16
MM, 1144, 760, 16
MM, 1165, 758, 19
MM, 1189, 753, 3
MM, 1207, 751, 16
MM, 1220, 748, 15
MM, 1232, 746, 16
MM, 1238, 743, 0
MM, 1244, 741, 16
MM, 1246, 740, 15
MM, 1247, 740, 20
MM, 1247, 739, 2
MM, 1247, 738, 16
MM, 1242, 733, 16
MM, 1223, 720, 15
MM, 1191, 701, 0
MM, 1169, 687, 16
MM, 1156, 680, 15
MM, 1145, 673, 22
MM, 1138, 668, 0
MM, 1130, 661, 16
MM, 1125, 658, 16
MM, 1119, 654, 15
MM, 1116, 652, 16
MM, 1115, 650, 0
MM, 1113, 650, 15
MM, 1113, 650, 22
MM, 1112, 649, 0
MP, 1, 265
MD, 1118, 648, 155
MD, 1128, 646, 15
MD, 1143, 644, 11
MD, 1174, 641, 7
MD, 1200, 639, 15
MD, 1221, 639, 0
MD, 1238, 639, 16
MD, 1252, 639, 16
MD, 1264, 639, 15
MD, 1276, 639, 16
MR, 1, 16
MM, 1275, 639, 306
MM, 1269, 639, 16
MM, 1259, 640, 15
MM, 1247, 643, 16
MM, 1226, 647, 0
MM, 1205, 652, 15
MM, 1189, 655, 16
MM, 1173, 659, 22
MM, 1157, 663, 0
MM, 1140, 669, 15
MM, 1121, 675, 16
MM, 1106, 681, 16
MM, 1086, 688, 15
MM, 1071, 694, 0
MM, 1059, 699, 16
MM, 1051, 702, 22
MM, 1045, 704, 0
MM, 1040, 705, 16
MM, 1037, 706, 15
MM, 1033, 707, 16
MM, 1028, 710, 16
MM, 1021, 712, 0
MM, 1014, 715, 15
MM, 1008, 719, 22
MM, 1003, 722, 0
MM, 1000, 724, 16
MM, 997, 726, 15
MM, 994, 728, 16
MM, 991, 729, 16
MM, 988, 732, 15
MM, 984, 733, 0
MM, 980, 735, 16
MM, 978, 737, 16
MM, 976, 737, 15
MM, 974, 738, 16
MM, 974, 738, 15
MM, 973, 738, 0
MM, 972, 738, 16
MM, 972, 738, 16
MM, 971, 738, 15
MM, 970, 738, 16
MM, 969, 738, 0
MM, 968, 737, 16
MM, 967, 737, 15
MM, 966, 737, 16
MM, 965, 737, 15
MM, 964, 737, 0
MM, 963, 737, 16
MM, 962, 737, 16
MM, 961, 737, 15
MM, 960, 737, 172
MM, 949, 737, 16
MM, 922, 740, 15
MM, 860, 742, 16
MM, 787, 742, 0
MM, 727, 739, 16
MM, 713, 737, 15
MM, 704, 735, 16
MM, 695, 733, 16
MM, 687, 731, 15
MM, 680, 729, 0
MM, 676, 727, 16
MM, 672, 727, 219
MM, 661, 727, 15
MM, 644, 728, 0
MM, 614, 728, 16
MM, 595, 728, 15
MM, 583, 728, 16
MM, 576, 728, 16
MM, 572, 728, 15
MM, 571, 728, 0
MM, 570, 728, 16
MM, 570, 728, 47
MM, 567, 728, 156
MM, 562, 728, 0
MM, 553, 731, 16
MM, 545, 732, 15
MM, 538, 734, 16
MM, 534, 734, 0
MM, 531, 735, 16
MM, 529, 736, 15
MM, 527, 736, 16
MM, 526, 736, 15
MM, 526, 737, 16
MM, 525, 737, 0
MP, 1, 422
MR, 1, 125
MC, 1, 0
MP, 1, 14931
MR, 1, 125
MC, 1, 0
MP, 1, 21854
MR, 1, 125
MC, 1, 0
