********************************************************************************
LOGGING TIME: 20180907_160322
CLIENT IP: 10.145.207.84
USERNAME: Avadh Kumar Gupta
OS: Windows 10
ARCHITECTURE: amd64
VERSION: 10.0
RESOLUTION: 1920.0 1080.0
********************************************************************************
MM, 292, 198, 1537598292385
MM, 310, 222, 8
MM, 329, 249, 4
MM, 344, 273, 0
MM, 358, 296, 16
MM, 376, 326, 10
MM, 393, 362, 0
MM, 406, 388, 16
MM, 416, 407, 0
MM, 436, 453, 15
MM, 444, 474, 0
MM, 453, 488, 16
MM, 460, 502, 0
MM, 467, 520, 16
MM, 475, 538, 8
MM, 477, 546, 8
MM, 482, 552, 8
MM, 484, 557, 8
MM, 485, 560, 8
MM, 486, 563, 8
MM, 487, 564, 2
MM, 488, 567, 0
MM, 490, 569, 16
MM, 490, 570, 0
MM, 490, 570, 15
MM, 490, 571, 0
MP, 1, 2000
MR, 1, 224
MC, 1, 0
MM, 488, 556, 370
MM, 488, 541, 16
MM, 488, 526, 0
MM, 487, 513, 16
MM, 487, 498, 0
MM, 487, 483, 15
MM, 487, 470, 0
MM, 487, 458, 16
MM, 487, 446, 0
MM, 487, 438, 15
MM, 487, 430, 0
MM, 486, 418, 16
MM, 485, 411, 0
MM, 485, 404, 16
MM, 485, 397, 4
MM, 483, 389, 0
MM, 483, 383, 16
MM, 483, 377, 0
MM, 482, 371, 16
MM, 481, 361, 0
MM, 479, 357, 15
MM, 479, 348, 0
MM, 478, 340, 16
MM, 478, 336, 0
MM, 477, 331, 16
MM, 477, 326, 0
MM, 477, 321, 15
MM, 477, 312, 0
MM, 476, 305, 21
MM, 476, 295, 4
MM, 474, 288, 8
MM, 474, 281, 8
MM, 474, 273, 0
MM, 474, 269, 16
MM, 474, 266, 0
MM, 474, 261, 16
MM, 474, 257, 0
MM, 473, 253, 15
MM, 473, 251, 0
MM, 473, 251, 16
MM, 473, 249, 0
MM, 473, 248, 15
MM, 473, 247, 0
MM, 473, 245, 16
MM, 473, 244, 0
MM, 473, 242, 16
MM, 473, 240, 0
MM, 472, 235, 15
MM, 472, 234, 0
MM, 472, 231, 16
MM, 471, 229, 0
MM, 471, 227, 17
MM, 471, 225, 8
MM, 471, 224, 8
MM, 471, 224, 8
MM, 471, 223, 8
MM, 471, 222, 8
MM, 471, 221, 8
MM, 470, 220, 8
MM, 470, 219, 9
MM, 470, 218, 0
MM, 470, 218, 16
MM, 470, 217, 0
MM, 468, 216, 31
MM, 468, 216, 0
MM, 468, 215, 16
MM, 468, 214, 0
MM, 468, 213, 15
MM, 468, 212, 16
MM, 468, 211, 15
MM, 467, 210, 0
MM, 467, 210, 16
MM, 467, 209, 0
MM, 466, 208, 16
MM, 466, 208, 0
MM, 466, 207, 15
MM, 465, 205, 0
MM, 465, 205, 16
MM, 465, 204, 16
MM, 465, 203, 8
MM, 465, 202, 16
MM, 465, 202, 15
MM, 464, 202, 16
MM, 464, 201, 13
MM, 463, 200, 87
MM, 463, 200, 32
MM, 462, 199, 15
MM, 461, 197, 63
MM, 461, 197, 17
MM, 460, 196, 8
MM, 459, 196, 24
MM, 459, 195, 8
MM, 459, 194, 4
MM, 459, 194, 16
MM, 458, 193, 0
MM, 457, 192, 15
MM, 457, 192, 16
MM, 457, 190, 15
MM, 456, 189, 0
MP, 2, 4248
MR, 2, 0
MC, 1, 0
MM, 455, 199, 574
MM, 454, 212, 16
MM, 452, 222, 0
MM, 452, 231, 15
MM, 452, 237, 0
MM, 452, 243, 20
MM, 452, 246, 8
MM, 452, 253, 8
MM, 452, 255, 8
MM, 452, 262, 8
MM, 452, 266, 8
MM, 453, 272, 8
MM, 454, 276, 8
MM, 455, 281, 9
MM, 455, 284, 0
MM, 457, 290, 15
MM, 457, 292, 0
MM, 457, 294, 16
MM, 457, 295, 8
MM, 457, 298, 8
MM, 457, 299, 4
MM, 457, 299, 8
MM, 457, 300, 9
MM, 457, 301, 4
MM, 457, 302, 0
MM, 452, 303, 223
MM, 433, 304, 8
MM, 425, 305, 8
MM, 418, 306, 8
MM, 414, 307, 4
MM, 408, 310, 0
MM, 405, 311, 16
MM, 402, 311, 0
MM, 399, 311, 15
MM, 397, 311, 0
MM, 396, 311, 16
MM, 393, 311, 0
MM, 392, 311, 16
MM, 392, 311, 0
MM, 391, 311, 21
MM, 390, 311, 8
MM, 390, 311, 8
MM, 389, 311, 8
MM, 388, 311, 0
MP, 1, 254
MR, 1, 221
MC, 1, 0
MM, 389, 301, 151
MM, 392, 286, 8
MM, 393, 277, 8
MM, 394, 269, 9
MM, 396, 262, 0
MM, 397, 253, 15
MM, 399, 246, 0
MM, 400, 242, 16
MM, 400, 237, 0
MM, 400, 234, 16
MM, 401, 229, 0
MM, 401, 227, 15
MM, 401, 226, 0
MM, 401, 224, 16
MM, 401, 223, 0
MM, 401, 220, 16
MM, 401, 219, 0
MM, 401, 218, 15
MM, 401, 216, 0
MM, 401, 214, 16
MM, 401, 212, 0
MM, 401, 210, 15
MM, 401, 210, 0
MM, 401, 208, 16
MM, 401, 206, 0
MM, 401, 204, 16
MM, 401, 202, 0
MM, 401, 201, 15
MM, 401, 199, 0
MM, 401, 198, 16
MM, 401, 196, 8
MM, 401, 195, 8
MM, 401, 194, 8
MM, 401, 194, 8
MM, 401, 193, 8
MM, 401, 192, 9
MM, 401, 192, 0
MM, 401, 191, 15
MM, 401, 189, 16
MM, 401, 189, 15
MM, 401, 188, 0
MM, 401, 187, 16
MM, 401, 186, 0
MM, 401, 186, 16
MM, 401, 185, 0
MP, 1, 265
MR, 1, 221
MC, 1, 0
MP, 2, 580
MR, 2, 0
MC, 1, 0
MM, 404, 205, 542
MM, 405, 218, 8
MM, 406, 231, 4
MM, 408, 257, 8
MM, 409, 270, 8
MM, 411, 284, 0
MM, 411, 292, 16
MM, 411, 301, 0
MM, 411, 311, 15
MM, 413, 324, 0
MM, 415, 336, 16
MM, 416, 350, 0
MM, 417, 357, 16
MM, 418, 364, 7
MM, 419, 369, 8
MM, 421, 376, 8
MM, 422, 380, 0
MM, 423, 384, 16
MM, 424, 386, 0
MM, 424, 388, 16
MM, 424, 391, 0
MM, 425, 393, 15
MM, 425, 395, 0
MM, 425, 397, 16
MM, 425, 398, 0
MM, 426, 401, 16
MM, 427, 404, 0
MM, 428, 407, 15
MM, 429, 409, 0
MM, 430, 411, 16
MM, 431, 413, 0
MM, 433, 416, 15
MM, 434, 417, 0
MM, 435, 420, 16
MM, 436, 422, 8
MM, 437, 423, 8
MM, 439, 425, 9
MM, 441, 428, 8
MM, 443, 431, 8
MM, 445, 434, 8
MM, 447, 438, 0
MM, 449, 442, 16
MM, 451, 446, 0
MM, 454, 452, 16
MM, 456, 457, 0
MM, 457, 461, 17
MM, 458, 465, 4
MM, 460, 472, 12
MM, 461, 475, 4
MM, 462, 478, 8
MM, 463, 481, 8
MM, 463, 483, 8
MM, 465, 486, 8
MM, 465, 489, 8
MM, 465, 489, 0
MM, 465, 491, 16
MM, 465, 492, 0
MM, 466, 493, 16
MM, 466, 495, 0
MM, 467, 497, 15
MM, 468, 500, 0
MM, 468, 503, 16
MM, 468, 504, 0
MM, 468, 507, 16
MM, 468, 509, 9
MM, 468, 509, 8
MM, 468, 510, 0
MM, 468, 511, 15
MM, 468, 512, 0
MM, 469, 509, 385
MM, 473, 505, 16
MM, 473, 502, 8
MM, 477, 498, 8
MM, 478, 496, 8
MM, 479, 493, 8
MM, 481, 492, 8
MM, 483, 490, 8
MM, 484, 489, 4
MM, 484, 487, 0
MM, 485, 485, 15
MM, 487, 484, 0
MM, 488, 483, 16
MM, 488, 482, 0
MM, 489, 482, 16
MM, 490, 481, 0
MM, 490, 480, 15
MM, 491, 480, 5
MM, 492, 479, 15
MM, 492, 478, 0
MM, 493, 477, 16
MM, 494, 477, 15
MM, 494, 476, 0
MM, 495, 475, 16
MM, 496, 475, 4
MM, 496, 474, 8
MM, 498, 473, 8
MM, 500, 472, 8
MM, 500, 471, 8
MM, 501, 471, 8
MM, 504, 469, 8
MM, 504, 469, 5
MM, 505, 469, 0
MM, 506, 469, 15
MM, 506, 469, 0
MM, 507, 469, 16
MM, 508, 469, 0
MM, 509, 469, 16
MM, 510, 469, 0
MM, 511, 469, 15
MM, 512, 469, 0
MM, 512, 469, 16
MM, 513, 468, 0
MM, 514, 468, 16
MM, 515, 468, 0
MM, 516, 468, 19
MM, 517, 468, 9
MM, 518, 468, 8
MM, 519, 468, 8
MM, 520, 468, 4
MM, 520, 468, 0
MM, 521, 468, 16
MM, 522, 468, 0
MM, 522, 468, 16
MM, 523, 470, 0
MM, 525, 471, 20
MM, 526, 471, 4
MM, 527, 473, 8
MM, 528, 474, 8
MM, 529, 475, 8
MM, 529, 476, 8
MM, 530, 477, 8
MM, 531, 478, 8
MM, 531, 479, 4
MM, 532, 480, 0
MM, 533, 481, 16
MM, 533, 483, 0
MM, 534, 484, 15
MM, 535, 487, 0
MM, 535, 489, 16
MM, 536, 490, 0
MM, 536, 492, 16
MM, 536, 495, 0
MM, 536, 496, 15
MM, 536, 497, 0
MM, 536, 498, 21
MM, 536, 499, 0
MM, 536, 500, 15
MM, 536, 501, 0
MM, 536, 502, 16
MM, 536, 503, 0
MM, 536, 504, 16
MM, 536, 505, 0
MM, 536, 506, 15
MM, 536, 506, 0
MM, 536, 507, 16
MM, 536, 508, 0
MM, 537, 509, 16
MM, 537, 509, 0
MM, 537, 510, 15
MM, 537, 511, 7
MP, 1, 413
MR, 1, 222
MC, 1, 0
MM, 537, 505, 980
MM, 537, 493, 0
MM, 537, 485, 16
MM, 537, 475, 0
MM, 537, 468, 15
MM, 537, 460, 0
MM, 537, 456, 16
MM, 537, 451, 0
MM, 537, 447, 17
MM, 537, 442, 8
MM, 537, 430, 8
MM, 537, 422, 8
MM, 536, 410, 8
MM, 536, 403, 0
MM, 535, 392, 15
MM, 535, 386, 0
MM, 533, 376, 16
MM, 533, 366, 0
MM, 532, 354, 18
MM, 531, 346, 8
MM, 530, 336, 8
MM, 526, 328, 8
MM, 525, 323, 0
MM, 522, 314, 0
MM, 520, 310, 16
MM, 519, 304, 15
MM, 518, 301, 0
MM, 516, 295, 16
MM, 514, 293, 6
MM, 513, 290, 0
MM, 512, 289, 16
MM, 512, 288, 0
MM, 511, 287, 15
MM, 510, 285, 0
MM, 509, 283, 16
MM, 509, 282, 0
MM, 508, 281, 15
MM, 508, 280, 0
MM, 508, 278, 16
MM, 506, 276, 0
MM, 506, 274, 16
MM, 506, 274, 0
MM, 505, 273, 15
MM, 504, 271, 0
MM, 504, 269, 16
MM, 504, 268, 0
MM, 504, 267, 16
MM, 503, 266, 0
MM, 503, 265, 15
MM, 502, 263, 0
MM, 501, 261, 16
MM, 500, 259, 0
MM, 499, 257, 16
MM, 498, 254, 10
MM, 497, 251, 4
MM, 496, 248, 8
MM, 494, 245, 8
MM, 493, 241, 4
MM, 491, 237, 0
MM, 490, 235, 16
MM, 489, 232, 0
MM, 487, 230, 15
MM, 485, 227, 0
MM, 484, 223, 16
MM, 484, 221, 0
MM, 482, 217, 15
MM, 479, 212, 0
MM, 478, 210, 20
MM, 476, 207, 8
MM, 474, 205, 9
MM, 473, 203, 8
MM, 472, 201, 8
MM, 471, 199, 7
MM, 470, 198, 9
MM, 469, 196, 8
MM, 468, 194, 8
MM, 467, 193, 4
MM, 466, 193, 0
MM, 466, 192, 16
MM, 466, 191, 0
MM, 466, 190, 15
MM, 466, 190, 0
MM, 465, 188, 16
MM, 464, 185, 0
MM, 463, 185, 16
MM, 463, 184, 0
MM, 463, 183, 20
MM, 463, 183, 0
MM, 463, 182, 15
MP, 1, 283
MR, 1, 217
MC, 1, 0
MM, 461, 194, 4109
MM, 461, 207, 0
MM, 461, 220, 16
MM, 461, 232, 0
MM, 460, 240, 16
MM, 459, 254, 0
MM, 459, 265, 15
MM, 459, 275, 0
MM, 459, 285, 16
MM, 459, 291, 0
MM, 459, 297, 16
MM, 459, 300, 0
MM, 458, 303, 15
MM, 458, 305, 0
MM, 458, 307, 20
MM, 458, 308, 8
MM, 458, 309, 0
MM, 458, 309, 16
MM, 458, 310, 0
MM, 458, 311, 16
MP, 1, 478
MR, 1, 224
MC, 1, 0
MM, 458, 310, 273
MM, 458, 309, 16
MM, 458, 308, 0
MM, 458, 307, 15
MM, 458, 306, 0
MM, 458, 306, 16
MM, 458, 304, 0
MM, 458, 303, 15
MM, 458, 303, 0
MM, 458, 302, 16
MM, 458, 301, 0
MM, 458, 300, 20
MM, 458, 298, 8
MM, 458, 294, 8
MM, 458, 292, 8
MM, 457, 287, 4
MM, 457, 284, 0
MM, 456, 280, 16
MM, 456, 275, 0
MM, 455, 271, 15
MM, 454, 266, 0
MM, 453, 262, 16
MM, 452, 256, 0
MM, 451, 253, 16
MM, 450, 247, 0
MM, 450, 242, 15
MM, 448, 236, 0
MM, 446, 231, 16
MM, 446, 227, 0
MM, 445, 223, 20
MM, 444, 219, 8
MM, 443, 215, 8
MM, 442, 213, 5
MM, 441, 210, 0
MM, 440, 207, 15
MM, 440, 205, 9
MM, 440, 203, 8
MM, 438, 200, 8
MM, 438, 199, 4
MM, 437, 198, 0
MM, 437, 196, 15
MM, 437, 196, 0
MM, 437, 195, 20
MM, 437, 194, 8
MM, 437, 193, 8
MM, 437, 193, 17
MM, 437, 192, 15
MP, 1, 777
MR, 1, 227
MC, 1, 0
MM, 432, 201, 1373
MM, 420, 229, 8
MM, 416, 243, 8
MM, 413, 257, 8
MM, 407, 276, 4
MM, 404, 305, 0
MM, 400, 327, 20
MM, 400, 341, 8
MM, 399, 369, 8
MM, 397, 394, 8
MM, 397, 421, 8
MM, 397, 434, 8
MM, 397, 467, 4
MM, 397, 491, 8
MM, 398, 513, 8
MM, 399, 526, 10
MM, 401, 549, 8
MM, 402, 567, 8
MM, 403, 581, 5
MM, 405, 599, 0
MM, 407, 613, 15
MM, 409, 629, 0
MM, 409, 643, 16
MM, 410, 654, 0
MM, 410, 668, 16
MM, 410, 676, 0
MM, 410, 683, 15
MM, 410, 694, 0
MM, 410, 703, 20
MM, 410, 708, 0
MM, 410, 715, 16
MM, 410, 716, 0
MM, 412, 723, 820
MM, 416, 737, 15
MM, 420, 747, 8
MM, 427, 759, 9
MM, 431, 765, 8
MM, 437, 774, 8
MM, 441, 783, 8
MM, 446, 792, 8
MM, 453, 803, 8
MM, 457, 812, 0
MM, 465, 823, 15
MM, 468, 829, 0
MM, 472, 838, 16
MM, 477, 844, 0
MM, 481, 851, 16
MM, 484, 855, 0
MM, 489, 861, 15
MM, 492, 867, 0
MM, 496, 875, 16
MM, 500, 881, 0
MM, 501, 884, 16
MM, 503, 890, 0
MM, 504, 893, 15
MM, 505, 896, 0
MM, 506, 898, 16
MM, 506, 900, 0
MM, 506, 901, 15
MM, 506, 903, 0
MM, 506, 904, 16
MM, 506, 905, 0
MM, 506, 908, 16
MM, 505, 914, 0
MM, 503, 922, 16
MM, 499, 932, 0
MM, 495, 940, 15
MM, 493, 944, 0
MM, 491, 948, 16
MM, 489, 951, 0
MM, 485, 955, 16
MM, 482, 961, 8
MM, 476, 967, 8
MM, 465, 975, 8
MM, 452, 982, 0
MM, 442, 988, 15
MM, 431, 992, 0
MM, 422, 996, 16
MM, 412, 1000, 0
MM, 406, 1002, 16
MM, 401, 1004, 0
MM, 394, 1004, 15
MM, 384, 1004, 0
MM, 377, 1004, 16
MM, 367, 1004, 0
MM, 360, 1003, 16
MM, 353, 1002, 8
MM, 348, 1002, 8
MM, 344, 1001, 8
MM, 341, 1000, 8
MM, 338, 1000, 8
MM, 336, 1000, 8
MM, 334, 1000, 9
MM, 333, 999, 8
MM, 330, 999, 8
MM, 327, 998, 0
MM, 324, 997, 15
MM, 319, 995, 0
MM, 315, 994, 16
MM, 310, 993, 0
MM, 307, 992, 16
MM, 305, 992, 0
MM, 302, 991, 15
MM, 300, 991, 5
MM, 298, 991, 8
MM, 298, 991, 8
MM, 297, 991, 4
MM, 296, 991, 0
MM, 296, 991, 15
MM, 293, 991, 219
MM, 291, 994, 4
MM, 289, 996, 10
MM, 286, 998, 8
MM, 284, 1000, 8
MM, 281, 1002, 0
MM, 279, 1004, 16
MM, 276, 1005, 0
MM, 275, 1006, 16
MM, 273, 1007, 0
MM, 271, 1008, 15
MM, 270, 1009, 0
MM, 270, 1009, 16
MM, 269, 1009, 0
MM, 268, 1009, 16
MM, 267, 1009, 8
MM, 266, 1009, 8
MM, 265, 1009, 25
MM, 265, 1009, 15
MM, 264, 1009, 0
MM, 263, 1009, 16
MM, 262, 1007, 16
MM, 263, 993, 4
MM, 265, 978, 8
MM, 267, 971, 8
MM, 267, 969, 8
MM, 267, 968, 4
MM, 267, 967, 0
MM, 267, 965, 16
MM, 265, 965, 2479
MM, 261, 965, 16
MM, 257, 965, 0
MM, 253, 965, 16
MM, 251, 965, 0
MM, 247, 965, 15
MM, 245, 965, 0
MM, 243, 965, 16
MM, 241, 965, 0
MM, 237, 965, 16
MM, 236, 965, 0
MM, 234, 965, 19
MM, 233, 965, 9
MM, 231, 965, 9
MM, 230, 965, 8
MM, 230, 965, 4
MM, 229, 965, 8
MM, 228, 965, 0
MM, 227, 965, 16
MM, 226, 965, 0
MM, 225, 966, 15
MM, 224, 966, 0
MM, 223, 966, 16
MM, 222, 966, 8
MM, 222, 966, 8
MM, 221, 966, 8
MP, 1, 269
MR, 1, 225
MC, 1, 0
MM, 225, 959, 449
MM, 240, 938, 8
MM, 268, 906, 0
MM, 290, 875, 16
MM, 303, 862, 0
MM, 316, 848, 16
MM, 335, 830, 0
MM, 354, 811, 15
MM, 375, 789, 0
MM, 400, 768, 16
MM, 414, 758, 0
MM, 425, 748, 15
MM, 446, 733, 0
MM, 467, 717, 16
MM, 482, 706, 0
MM, 500, 691, 16
MM, 510, 684, 0
MM, 521, 675, 15
MM, 530, 668, 0
MM, 540, 661, 16
MM, 548, 656, 0
MM, 555, 653, 16
MM, 563, 649, 0
MM, 570, 647, 15
MM, 576, 644, 0
MM, 580, 642, 16
MM, 585, 640, 0
MM, 587, 638, 16
MM, 589, 636, 8
MM, 593, 634, 8
MM, 597, 632, 8
MM, 600, 631, 8
MM, 605, 627, 4
MM, 608, 625, 0
MM, 612, 622, 16
MM, 616, 620, 0
MM, 619, 617, 15
MM, 622, 614, 0
MM, 625, 613, 16
MM, 628, 609, 0
MM, 631, 604, 20
MM, 656, 565, 5276
MM, 678, 529, 0
MM, 685, 520, 18
MM, 707, 497, 8
MM, 747, 442, 8
MM, 767, 415, 4
MM, 780, 399, 0
MM, 816, 366, 16
MM, 835, 347, 0
MM, 860, 318, 16
MM, 871, 305, 0
MM, 880, 297, 15
MM, 895, 286, 0
MM, 907, 276, 16
MM, 917, 270, 0
MM, 931, 258, 16
MM, 937, 252, 4
MM, 948, 241, 0
MM, 959, 228, 16
MM, 972, 217, 0
MM, 994, 200, 15
MM, 1009, 193, 0
MM, 1023, 185, 21
MM, 1035, 178, 8
MM, 1049, 170, 8
MM, 1068, 159, 8
MM, 1083, 152, 0
MM, 1099, 143, 16
MM, 1111, 139, 0
MM, 1122, 135, 15
MM, 1136, 128, 0
MM, 1144, 126, 16
MM, 1153, 125, 0
MM, 1158, 124, 16
MM, 1162, 123, 8
MM, 1166, 123, 8
MM, 1167, 123, 8
MM, 1167, 123, 9
MM, 1180, 116, 306
MM, 1192, 109, 0
MM, 1206, 104, 16
MM, 1219, 98, 16
MM, 1228, 93, 5
MM, 1236, 89, 0
MM, 1240, 87, 16
MM, 1247, 85, 0
MM, 1249, 83, 16
MM, 1253, 81, 0
MM, 1256, 80, 15
MM, 1258, 78, 0
MM, 1261, 76, 16
MM, 1265, 76, 0
MM, 1267, 74, 16
MM, 1269, 73, 0
MM, 1270, 72, 15
MM, 1272, 71, 0
MM, 1275, 70, 16
MM, 1276, 69, 0
MM, 1278, 69, 16
MM, 1280, 68, 8
MM, 1283, 67, 8
MM, 1284, 67, 8
MM, 1286, 65, 9
MM, 1287, 65, 8
MM, 1287, 65, 8
MM, 1288, 65, 4
MM, 1289, 65, 0
MM, 1291, 64, 16
MM, 1293, 63, 0
MM, 1295, 62, 15
MM, 1295, 62, 0
MM, 1297, 62, 16
MM, 1300, 61, 0
MM, 1300, 61, 16
MM, 1302, 60, 0
MM, 1304, 59, 15
MM, 1304, 59, 0
MM, 1305, 58, 16
MM, 1308, 57, 0
MM, 1309, 56, 15
MM, 1311, 55, 0
MM, 1313, 54, 16
MM, 1315, 53, 0
MM, 1317, 52, 16
MM, 1319, 52, 0
MM, 1321, 51, 15
MM, 1322, 50, 0
MM, 1325, 48, 16
MM, 1327, 47, 0
MM, 1328, 46, 16
MM, 1328, 46, 0
MM, 1329, 45, 15
MM, 1330, 45, 0
MM, 1330, 45, 16
MM, 1332, 44, 0
MM, 1334, 43, 16
MM, 1335, 43, 0
MM, 1337, 42, 15
MM, 1338, 40, 0
MM, 1339, 39, 16
MM, 1341, 38, 0
MM, 1342, 38, 15
MM, 1342, 37, 0
MM, 1343, 36, 16
MM, 1344, 36, 0
MM, 1345, 35, 16
MM, 1345, 34, 0
MM, 1347, 33, 15
MM, 1350, 32, 0
MM, 1351, 31, 16
MM, 1352, 30, 0
MM, 1354, 29, 20
MM, 1354, 29, 8
MM, 1355, 29, 8
MM, 1357, 29, 8
MM, 1357, 29, 8
MM, 1358, 28, 0
MM, 1359, 27, 0
MM, 1360, 26, 16
MM, 1362, 25, 16
MM, 1363, 25, 0
MM, 1365, 24, 15
MM, 1366, 24, 5
MM, 1367, 23, 9
MM, 1367, 22, 8
MM, 1368, 22, 8
MM, 1369, 22, 8
MM, 1370, 22, 16
MM, 1370, 22, 0
MM, 1371, 22, 16
MM, 1372, 22, 0
MM, 1373, 21, 15
MM, 1374, 21, 16
MM, 1375, 20, 47
MM, 1375, 20, 83
MM, 1375, 19, 46
MM, 1375, 19, 581
MM, 1375, 19, 16
MM, 1374, 19, 0
MM, 1373, 20, 16
MM, 1372, 21, 0
MM, 1370, 22, 20
MM, 1368, 22, 8
MM, 1366, 23, 8
MM, 1364, 24, 8
MM, 1357, 26, 8
MM, 1352, 29, 0
MM, 1345, 31, 0
MM, 1341, 32, 15
MM, 1333, 36, 0
MM, 1331, 37, 16
MM, 1324, 39, 0
MM, 1321, 41, 16
MM, 1317, 42, 0
MM, 1314, 43, 15
MM, 1308, 46, 0
MM, 1302, 47, 16
MM, 1297, 49, 0
MM, 1289, 52, 20
MM, 1282, 54, 8
MM, 1269, 58, 8
MM, 1260, 61, 8
MM, 1248, 63, 8
MM, 1237, 66, 0
MM, 1225, 70, 16
MM, 1216, 74, 0
MM, 1206, 77, 16
MM, 1194, 79, 0
MM, 1185, 83, 15
MM, 1176, 86, 0
MM, 1169, 87, 16
MM, 1159, 88, 0
MM, 1149, 91, 16
MM, 1143, 92, 0
MM, 1134, 95, 15
MM, 1126, 98, 0
MM, 1117, 102, 16
MM, 1111, 104, 0
MM, 1104, 109, 15
MM, 1096, 113, 0
MM, 1087, 118, 16
MM, 1078, 123, 0
MM, 1071, 127, 16
MM, 1060, 136, 0
MM, 1052, 144, 15
MM, 1039, 157, 0
MM, 1031, 166, 16
MM, 1023, 177, 0
MM, 1017, 183, 15
MM, 1009, 194, 0
MM, 1001, 203, 16
MM, 993, 214, 0
MM, 988, 223, 17
MM, 984, 231, 8
MM, 979, 237, 8
MM, 977, 241, 4
MM, 975, 245, 0
MM, 974, 248, 16
MM, 973, 250, 0
MM, 972, 252, 16
MM, 971, 254, 0
MM, 970, 254, 15
MM, 970, 255, 0
MM, 970, 257, 16
MM, 970, 259, 0
MM, 970, 261, 16
MM, 970, 263, 0
MM, 972, 265, 15
MM, 974, 271, 0
MM, 977, 277, 16
MM, 984, 286, 0
MM, 988, 295, 16
MM, 990, 300, 0
MM, 994, 311, 15
MM, 998, 321, 0
MM, 1000, 333, 16
MM, 1003, 350, 0
MM, 1006, 369, 15
MM, 1008, 397, 0
MM, 1008, 415, 16
MM, 1008, 458, 0
MM, 1007, 489, 16
MM, 1003, 521, 0
MM, 998, 583, 20
MM, 994, 629, 8
MM, 989, 658, 8
MM, 984, 713, 8
MM, 981, 739, 8
MM, 978, 753, 8
MM, 975, 765, 8
MM, 973, 772, 8
MM, 972, 780, 8
MM, 971, 784, 0
MM, 969, 793, 0
MM, 968, 797, 16
MM, 967, 805, 0
MM, 967, 807, 15
MM, 967, 809, 16
MM, 967, 809, 0
MM, 967, 811, 16
MP, 1, 354
MR, 1, 221
MC, 1, 0
MM, 945, 790, 359
MM, 906, 756, 0
MM, 868, 710, 15
MM, 819, 661, 0
MM, 770, 619, 16
MM, 735, 588, 0
MM, 682, 538, 16
MM, 631, 499, 0
MM, 603, 479, 15
MM, 558, 439, 0
MM, 514, 393, 16
MM, 501, 380, 0
MM, 488, 365, 16
MM, 474, 345, 15
MM, 465, 332, 0
MM, 458, 325, 0
MM, 456, 322, 16
MM, 456, 320, 0
MM, 455, 318, 15
MM, 454, 318, 16
MM, 453, 318, 0
MM, 454, 331, 657
MM, 459, 403, 15
MM, 461, 421, 0
MM, 467, 465, 16
MM, 476, 531, 0
MM, 478, 544, 16
MM, 482, 602, 0
MM, 485, 621, 15
MM, 489, 638, 0
MM, 492, 672, 16
MM, 496, 694, 0
MM, 498, 708, 15
MM, 501, 729, 0
MM, 506, 752, 16
MM, 513, 808, 0
MM, 514, 818, 16
MM, 519, 840, 0
MM, 528, 864, 16
MM, 533, 894, 8
MM, 536, 904, 8
MM, 538, 911, 8
MM, 539, 915, 0
MM, 540, 919, 16
MM, 541, 921, 0
MM, 542, 922, 16
MM, 543, 924, 0
MM, 544, 927, 15
MM, 545, 928, 0
MM, 546, 929, 16
MM, 549, 931, 0
MM, 552, 939, 296
MM, 558, 951, 4
MM, 563, 962, 0
MM, 567, 971, 16
MM, 570, 977, 0
MM, 575, 983, 16
MM, 579, 987, 0
MM, 580, 990, 20
MM, 583, 994, 0
MM, 586, 997, 15
MM, 588, 999, 0
MM, 590, 1000, 16
MM, 592, 1001, 0
MM, 593, 1003, 16
MM, 594, 1004, 0
MM, 595, 1005, 16
MM, 596, 1005, 8
MM, 596, 1005, 24
MM, 597, 1006, 8
MM, 599, 1007, 4
MM, 599, 1007, 0
MM, 601, 1007, 16
MM, 602, 1007, 0
MM, 604, 1008, 15
MM, 606, 1008, 0
MM, 607, 1008, 16
MM, 607, 1008, 0
MM, 608, 1009, 16
MM, 609, 1011, 0
MM, 611, 1012, 15
MM, 613, 1013, 0
MM, 616, 1015, 16
MM, 621, 1018, 0
MM, 624, 1023, 15
MM, 625, 1024, 0
MM, 627, 1026, 16
MM, 628, 1028, 0
MM, 631, 1031, 16
MM, 633, 1032, 0
MM, 633, 1034, 15
MM, 634, 1035, 0
MM, 635, 1036, 16
MM, 636, 1036, 0
MM, 636, 1038, 15
MM, 638, 1039, 0
MM, 639, 1039, 16
MM, 639, 1040, 0
MM, 639, 1041, 16
MM, 645, 1037, 4278
MM, 655, 1030, 8
MM, 666, 1023, 8
MM, 679, 1015, 8
MM, 686, 1012, 8
MM, 697, 1006, 8
MM, 710, 999, 8
MM, 716, 997, 8
MM, 727, 993, 8
MM, 737, 989, 9
MM, 749, 986, 0
MM, 758, 984, 15
MM, 767, 980, 0
MM, 776, 976, 16
MM, 786, 974, 0
MM, 790, 973, 15
MM, 795, 972, 0
MM, 801, 969, 16
MM, 807, 967, 0
MM, 811, 965, 16
MM, 816, 963, 0
MM, 822, 961, 15
MM, 828, 959, 0
MM, 832, 957, 16
MM, 837, 955, 0
MM, 843, 952, 16
MM, 847, 950, 0
MM, 853, 947, 15
MM, 857, 945, 0
MM, 863, 942, 16
MM, 869, 938, 0
MM, 879, 933, 15
MM, 885, 928, 0
MM, 894, 923, 16
MM, 902, 919, 9
MM, 908, 914, 8
MM, 917, 909, 8
MM, 923, 903, 8
MM, 929, 900, 8
MM, 933, 896, 4
MM, 941, 889, 8
MM, 947, 882, 8
MM, 956, 874, 8
MM, 966, 865, 0
MM, 972, 859, 15
MM, 981, 848, 0
MM, 985, 844, 16
MM, 991, 838, 0
MM, 995, 833, 16
MM, 999, 829, 0
MM, 1003, 824, 15
MM, 1006, 820, 0
MM, 1010, 814, 16
MM, 1016, 808, 0
MM, 1020, 800, 16
MM, 1023, 795, 0
MM, 1028, 787, 15
MM, 1033, 778, 0
MM, 1040, 770, 16
MM, 1045, 760, 0
MM, 1049, 752, 15
MM, 1051, 751, 0
MM, 1027, 760, 841
MM, 992, 777, 8
MM, 936, 801, 8
MM, 899, 823, 8
MM, 875, 839, 8
MM, 827, 878, 8
MM, 794, 894, 0
MM, 774, 906, 16
MM, 755, 918, 0
MM, 731, 932, 16
MM, 696, 963, 0
MM, 661, 991, 15
MM, 634, 1009, 0
MM, 607, 1026, 16
MM, 583, 1043, 0
MM, 568, 1055, 16
MM, 553, 1066, 0
MM, 544, 1077, 15
MM, 536, 1085, 0
MM, 533, 1082, 16
MM, 531, 1081, 0
MM, 529, 1081, 15
MM, 526, 1081, 0
MM, 525, 1081, 16
MM, 523, 1082, 0
MM, 520, 1084, 17
MM, 517, 1082, 9
MM, 515, 1083, 4
MM, 514, 1083, 8
MM, 513, 1083, 8
MM, 512, 1081, 8
MM, 512, 1082, 8
MM, 512, 1079, 8
MM, 519, 1076, 364
MM, 526, 1073, 0
MM, 535, 1069, 0
MM, 541, 1066, 15
MM, 551, 1062, 0
MM, 560, 1060, 16
MM, 565, 1057, 0
MM, 573, 1054, 16
MM, 579, 1053, 15
MM, 584, 1052, 0
MM, 586, 1051, 16
MM, 589, 1051, 5
MM, 589, 1051, 8
MM, 592, 1050, 8
MM, 592, 1050, 8
MM, 593, 1050, 8
MM, 594, 1050, 32
MM, 595, 1050, 8
MM, 595, 1050, 8
MM, 596, 1050, 8
MM, 597, 1050, 4
MM, 598, 1050, 0
MM, 601, 1049, 16
MM, 603, 1049, 0
MM, 604, 1049, 16
MM, 606, 1049, 0
MM, 608, 1049, 15
MM, 610, 1049, 0
MM, 611, 1049, 16
MM, 612, 1049, 0
MM, 615, 1047, 16
MM, 618, 1047, 0
MM, 622, 1046, 15
MM, 623, 1046, 0
MM, 626, 1046, 16
MM, 629, 1045, 0
MM, 630, 1045, 16
MM, 632, 1044, 0
MM, 633, 1044, 15
MM, 634, 1044, 0
MM, 636, 1044, 20
MM, 637, 1043, 8
MM, 638, 1043, 8
MM, 639, 1043, 8
MM, 640, 1043, 8
MM, 640, 1043, 4
MM, 642, 1043, 8
MM, 642, 1043, 45
MM, 633, 1039, 768
MM, 622, 1034, 16
MM, 609, 1027, 0
MM, 589, 1021, 15
MM, 575, 1015, 0
MM, 556, 1011, 16
MM, 546, 1008, 0
MM, 532, 1003, 16
MM, 513, 998, 0
MM, 499, 996, 15
MM, 485, 991, 0
MM, 473, 989, 16
MM, 466, 988, 0
MM, 459, 985, 15
MM, 452, 984, 0
MM, 447, 983, 16
MM, 441, 982, 0
MM, 439, 981, 20
MM, 436, 980, 8
MM, 433, 978, 8
MM, 430, 978, 8
MM, 430, 977, 8
MM, 429, 977, 8
MM, 428, 977, 9
MM, 427, 977, 8
MM, 427, 977, 7
MM, 426, 977, 8
MP, 1, 769
MR, 1, 217
MC, 1, 0
MM, 426, 954, 173
MM, 426, 947, 16
MM, 425, 929, 9
MM, 423, 916, 8
MM, 422, 899, 8
MM, 422, 886, 8
MM, 422, 874, 8
MM, 421, 861, 8
MM, 419, 850, 4
MM, 417, 838, 0
MM, 415, 828, 16
MM, 411, 815, 0
MM, 409, 807, 16
MM, 406, 797, 0
MM, 405, 787, 16
MM, 404, 777, 8
MM, 400, 768, 8
MM, 399, 754, 9
MM, 397, 749, 0
MM, 395, 737, 15
MM, 394, 731, 0
MM, 393, 724, 16
MM, 391, 717, 0
MM, 390, 712, 16
MM, 388, 706, 0
MM, 387, 699, 15
MM, 386, 691, 0
MM, 386, 687, 16
MM, 385, 683, 0
MM, 385, 678, 16
MM, 385, 675, 0
MM, 385, 670, 15
MM, 384, 669, 0
MM, 384, 666, 16
MM, 384, 664, 0
MM, 384, 661, 15
MM, 384, 659, 0
MM, 384, 655, 16
MM, 383, 654, 0
MM, 383, 650, 16
MM, 383, 647, 0
MM, 383, 646, 16
MM, 382, 642, 8
MM, 382, 640, 8
MM, 382, 636, 8
MM, 382, 631, 4
MM, 381, 629, 0
MM, 381, 626, 19
MM, 381, 621, 8
MM, 381, 618, 8
MM, 381, 613, 4
MM, 381, 607, 0
MM, 381, 601, 16
MM, 381, 588, 0
MM, 381, 583, 15
MM, 381, 576, 0
MM, 381, 571, 16
MM, 381, 568, 0
MM, 381, 568, 16
MM, 381, 567, 0
MM, 381, 566, 15
MM, 381, 566, 0
MM, 381, 565, 16
MM, 380, 565, 0
MM, 380, 563, 593
MM, 380, 562, 0
MM, 380, 560, 16
MM, 380, 559, 0
MM, 380, 559, 15
MM, 380, 557, 0
MM, 379, 556, 74
MP, 1, 264
MR, 1, 170
MC, 1, 0
MP, 1, 0
MR, 1, 218
MC, 2, 0
MM, 384, 544, 377
MM, 399, 518, 0
MM, 414, 479, 15
MM, 426, 451, 0
MM, 433, 436, 16
MM, 443, 410, 0
MM, 456, 385, 15
MM, 465, 360, 0
MM, 470, 351, 16
MM, 475, 340, 0
MM, 480, 330, 16
MM, 486, 317, 0
MM, 490, 310, 15
MM, 495, 299, 0
MM, 497, 295, 16
MM, 498, 290, 0
MM, 499, 288, 16
MM, 500, 286, 0
MM, 501, 284, 15
MM, 501, 283, 0
MM, 501, 282, 16
MM, 501, 281, 0
MM, 501, 280, 15
MM, 503, 279, 0
MM, 504, 278, 16
MM, 506, 274, 0
MM, 508, 271, 16
MM, 511, 265, 0
MM, 514, 261, 21
MM, 516, 258, 8
MM, 517, 255, 9
MM, 519, 253, 0
MM, 521, 250, 15
MM, 522, 248, 0
MM, 523, 245, 16
MM, 523, 245, 0
MM, 523, 244, 16
MM, 523, 243, 0
MM, 523, 242, 15
MM, 523, 242, 12
MM, 523, 241, 16
MM, 523, 240, 17
MM, 523, 239, 16
MM, 524, 238, 4
MM, 524, 237, 0
MM, 524, 237, 15
MM, 525, 236, 0
MM, 525, 235, 63
MM, 525, 235, 0
MM, 526, 234, 42
MM, 526, 233, 28
MM, 526, 232, 36
MM, 526, 231, 16
MM, 526, 230, 32
MM, 526, 230, 8
MM, 526, 229, 9
MM, 526, 228, 31
MM, 526, 227, 0
MM, 526, 227, 20
MM, 526, 226, 16
MM, 526, 225, 20
MM, 525, 248, 609
MM, 524, 265, 8
MM, 522, 278, 8
MM, 521, 296, 8
MM, 520, 320, 8
MM, 520, 331, 8
MM, 518, 345, 8
MM, 518, 353, 8
MM, 518, 360, 5
MM, 518, 370, 0
MM, 518, 377, 15
MM, 518, 390, 0
MM, 518, 395, 16
MM, 518, 402, 0
MM, 518, 403, 16
MM, 518, 406, 0
MM, 518, 408, 15
MM, 518, 410, 0
MM, 559, 373, 260
MM, 573, 365, 16
MM, 616, 337, 0
MM, 637, 323, 16
MM, 659, 303, 0
MM, 675, 289, 15
MM, 705, 269, 0
MM, 725, 257, 16
MM, 737, 249, 0
MM, 748, 244, 16
MM, 754, 239, 0
MM, 760, 233, 15
MM, 765, 230, 0
MM, 766, 228, 16
MM, 767, 226, 0
MM, 769, 225, 16
MM, 770, 224, 8
MM, 770, 225, 45
MM, 761, 235, 15
MM, 739, 255, 0
MM, 723, 271, 16
MM, 706, 295, 0
MM, 690, 319, 16
MM, 678, 334, 0
MM, 657, 359, 15
MM, 626, 410, 0
MM, 617, 423, 16
MM, 612, 434, 0
MM, 607, 443, 16
MM, 604, 449, 0
MM, 602, 456, 15
MM, 601, 459, 0
MM, 600, 462, 20
MM, 600, 463, 5
MM, 600, 464, 0
MM, 600, 465, 15
MM, 604, 467, 0
MM, 614, 467, 18
MM, 628, 466, 8
MM, 630, 462, 905
MM, 630, 460, 0
MM, 631, 459, 0
MM, 632, 458, 15
MM, 632, 457, 16
MM, 632, 456, 0
MM, 632, 456, 15
MM, 632, 455, 0
MM, 628, 452, 16
MM, 568, 431, 0
MM, 562, 431, 16
MM, 548, 432, 0
MM, 455, 449, 15
MM, 453, 450, 0
MM, 420, 463, 16
MM, 367, 490, 8
MM, 356, 499, 8
MM, 317, 531, 8
MM, 283, 552, 4
MM, 262, 568, 8
MM, 234, 599, 8
MM, 220, 623, 9
MM, 210, 635, 8
MM, 202, 645, 8
MM, 193, 656, 5
MM, 184, 667, 0
MM, 180, 679, 16
MM, 179, 689, 0
MM, 179, 696, 15
MM, 179, 703, 0
MM, 180, 706, 16
MM, 190, 716, 0
MM, 205, 723, 15
MM, 230, 729, 0
MM, 297, 729, 16
MM, 328, 723, 0
MM, 409, 697, 16
MM, 465, 667, 0
MM, 523, 630, 15
MM, 635, 579, 0
MM, 655, 567, 16
MM, 767, 481, 0
MM, 781, 473, 16
MM, 840, 431, 0
MM, 876, 395, 15
MM, 909, 362, 0
MM, 945, 328, 20
MM, 987, 274, 8
MM, 1000, 256, 9
MM, 1012, 241, 8
MM, 1017, 232, 8
MM, 1025, 218, 8
MM, 1028, 211, 4
MM, 1030, 201, 8
MM, 1030, 197, 8
MM, 1030, 195, 8
MM, 1030, 192, 8
MM, 1030, 190, 0
MM, 1026, 186, 16
MM, 1009, 180, 0
MM, 971, 180, 16
MM, 955, 183, 0
MM, 904, 205, 15
MM, 875, 219, 0
MM, 843, 235, 16
MM, 787, 259, 0
MM, 764, 274, 16
MM, 738, 297, 0
MM, 723, 309, 15
MM, 708, 323, 0
MM, 693, 335, 16
MM, 687, 342, 0
MM, 675, 357, 16
MM, 667, 368, 0
MM, 664, 373, 15
MM, 661, 381, 0
MM, 660, 383, 16
MM, 659, 386, 0
MM, 659, 390, 16
MM, 659, 393, 8
MM, 660, 397, 8
MM, 674, 406, 8
MM, 690, 412, 8
MM, 709, 418, 8
MM, 757, 418, 8
MM, 788, 417, 4
MM, 815, 412, 0
MM, 859, 401, 16
MM, 888, 385, 0
MM, 927, 366, 15
MM, 949, 350, 0
MM, 989, 325, 16
MM, 999, 318, 0
MM, 1014, 307, 16
MM, 1022, 298, 0
MM, 1030, 287, 15
MM, 1034, 281, 0
MM, 1036, 275, 16
MM, 1037, 272, 0
MM, 1039, 269, 15
MM, 1039, 263, 0
MM, 1039, 260, 16
MM, 1038, 256, 0
MM, 1037, 253, 16
MM, 1033, 249, 0
MM, 1019, 240, 15
MM, 990, 235, 0
MM, 978, 235, 16
MM, 954, 237, 0
MM, 910, 251, 16
MM, 878, 265, 0
MM, 858, 278, 19
MM, 830, 300, 8
MM, 802, 320, 8
MM, 784, 335, 8
MM, 771, 346, 8
MM, 757, 365, 9
MM, 743, 386, 8
MM, 736, 397, 8
MM, 733, 406, 9
MM, 731, 410, 0
MM, 727, 416, 0
MM, 725, 421, 15
MM, 724, 425, 0
MM, 724, 430, 16
MM, 724, 437, 0
MM, 726, 441, 15
MM, 737, 452, 0
MM, 763, 466, 16
MM, 785, 469, 16
MM, 817, 466, 0
MM, 842, 458, 15
MM, 901, 433, 0
MM, 936, 419, 0
MM, 968, 405, 16
MM, 1024, 375, 16
MM, 1053, 348, 0
MM, 1078, 327, 15
MM, 1093, 315, 0
MM, 1109, 299, 16
MM, 1125, 283, 0
MM, 1141, 262, 15
MM, 1146, 250, 0
MM, 1149, 244, 16
MM, 1150, 237, 4
MM, 1151, 232, 8
MM, 1151, 224, 8
MM, 1151, 218, 5
MM, 1148, 211, 0
MM, 1142, 200, 15
MM, 1133, 194, 0
MM, 1114, 183, 16
MM, 1087, 176, 0
MM, 1034, 169, 16
MM, 1014, 172, 0
MM, 971, 183, 15
MM, 913, 203, 0
MM, 881, 217, 16
MM, 836, 232, 0
MM, 779, 267, 15
MM, 751, 289, 0
MM, 726, 310, 16
MM, 692, 334, 16
MM, 671, 350, 0
MM, 655, 363, 15
MM, 637, 385, 0
MM, 627, 399, 0
MM, 622, 408, 16
MM, 620, 412, 16
MM, 616, 420, 4
MM, 615, 423, 8
MM, 614, 426, 8
MM, 614, 432, 8
MM, 614, 435, 8
MM, 614, 440, 8
MM, 626, 450, 8
MM, 654, 462, 8
MM, 695, 462, 8
MM, 721, 458, 8
MM, 793, 432, 8
MM, 818, 422, 9
MM, 856, 409, 8
MM, 915, 379, 8
MM, 952, 355, 8
MM, 981, 331, 1
MM, 1022, 301, 0
MM, 1047, 282, 15
MM, 1076, 253, 0
MM, 1095, 228, 20
MM, 1103, 216, 8
MM, 1107, 211, 8
MM, 1107, 210, 8
MM, 1108, 207, 5
MM, 1109, 206, 0
MM, 1109, 205, 16
MM, 1109, 205, 12
MP, 2, 9043
MR, 2, 0
MC, 1, 0
MM, 1108, 206, 1101
MM, 1103, 211, 0
MM, 1098, 215, 16
MM, 1094, 219, 0
MM, 1091, 220, 16
MM, 1085, 225, 0
MM, 1077, 229, 15
MM, 1071, 232, 0
MM, 1067, 234, 16
MM, 1063, 237, 0
MM, 1057, 241, 16
MM, 1051, 244, 0
MM, 1045, 251, 15
MM, 1039, 254, 16
MM, 1036, 257, 0
MM, 1032, 262, 0
MM, 1027, 265, 15
MM, 1025, 268, 16
MM, 1018, 274, 4
MM, 1016, 277, 9
MM, 1009, 283, 0
MM, 1005, 285, 18
MM, 1001, 287, 8
MM, 995, 289, 8
MM, 993, 291, 4
MM, 990, 294, 0
MM, 986, 295, 16
MM, 983, 296, 0
MM, 981, 297, 16
MM, 981, 297, 0
MM, 980, 298, 15
MM, 979, 298, 0
MM, 978, 298, 16
MM, 977, 298, 0
MM, 976, 298, 16
MP, 1, 441
MR, 1, 218
MC, 1, 0
MP, 1, 433
MR, 1, 172
MC, 1, 0
MP, 1, 0
MR, 1, 159
MC, 2, 0
MP, 1, 16
MR, 1, 146
MC, 3, 0
MP, 1, 0
MR, 1, 175
MC, 4, 0
MP, 1, 0
MR, 1, 174
MC, 5, 0
MP, 1, 0
MR, 1, 176
MC, 6, 0
MP, 1, 0
MR, 1, 164
MC, 7, 0
MP, 1, 0
MR, 1, 156
MC, 8, 0
MP, 1, 0
MR, 1, 183
MC, 9, 0
MP, 1, 0
MR, 1, 167
MC, 10, 0
MP, 1, 0
MR, 1, 204
MC, 11, 0
MP, 1, 0
MR, 1, 246
MC, 12, 0
MP, 1, 0
MR, 1, 197
MC, 13, 0
MP, 1, 0
MR, 1, 182
MC, 14, 0
MP, 1, 0
MR, 1, 167
MC, 15, 0
MP, 1, 0
MR, 1, 172
MC, 16, 0
MP, 1, 0
MR, 1, 170
MC, 17, 0
MP, 1, 4
MR, 1, 160
MC, 18, 0
MP, 1, 0
MR, 1, 141
MC, 19, 0
MP, 1, 0
MR, 1, 197
MC, 20, 0
MP, 1, 4
MR, 1, 179
MC, 21, 0
MP, 1, 0
MR, 1, 172
MC, 22, 0
MP, 1, 0
MR, 1, 167
MC, 23, 0
MP, 1, 0
MR, 1, 163
MC, 24, 0
MP, 1, 0
MR, 1, 186
MC, 25, 0
MP, 1, 0
MR, 1, 179
MC, 26, 0
MP, 1, 0
MR, 1, 173
MC, 27, 0
MP, 1, 0
MR, 1, 180
MC, 28, 0
MP, 1, 0
MR, 1, 181
MC, 29, 0
MP, 1, 0
MR, 1, 181
MC, 30, 0
MP, 1, 0
MR, 1, 156
MC, 31, 0
MP, 1, 0
MR, 1, 183
MC, 32, 0
MP, 1, 0
MR, 1, 171
MC, 33, 0
MP, 1, 0
MR, 1, 169
MC, 34, 0
MP, 1, 0
MR, 1, 170
MC, 35, 0
MP, 1, 0
MR, 1, 177
MC, 36, 0
MP, 1, 0
MR, 1, 177
MC, 37, 0
MP, 1, 0
MR, 1, 169
MC, 38, 0
MP, 1, 0
MR, 1, 224
MC, 39, 0
MM, 982, 296, 321
MM, 994, 294, 0
MM, 1005, 290, 15
MM, 1020, 284, 0
MM, 1036, 278, 16
MM, 1047, 276, 8
MM, 1063, 270, 8
MM, 1072, 268, 4
MM, 1084, 264, 8
MM, 1094, 258, 0
MM, 1108, 253, 16
MM, 1122, 247, 0
MM, 1134, 242, 15
MM, 1143, 238, 0
MM, 1147, 235, 16
MM, 1153, 231, 0
MM, 1156, 229, 16
MM, 1158, 229, 0
MM, 1159, 229, 15
MM, 1160, 229, 0
MM, 1160, 229, 71
MM, 1153, 236, 5
MM, 1121, 260, 0
MM, 1093, 280, 16
MM, 1079, 289, 0
MM, 1050, 313, 15
MM, 1022, 335, 0
MM, 991, 358, 16
MM, 977, 368, 0
MM, 950, 386, 20
MM, 930, 397, 8
MM, 920, 405, 8
MM, 912, 413, 8
MM, 907, 418, 8
MM, 903, 422, 8
MM, 901, 424, 8
MM, 900, 425, 8
MM, 900, 425, 8
MM, 899, 426, 8
MM, 898, 427, 0
MM, 898, 427, 16
MM, 900, 427, 16
MM, 929, 411, 8
MM, 969, 389, 8
MM, 1032, 356, 8
MM, 1078, 331, 4
MM, 1114, 300, 4
MM, 1192, 241, 16
MM, 1228, 221, 0
MM, 1259, 201, 16
MM, 1291, 173, 4
MM, 1316, 152, 4
MM, 1328, 139, 0
MM, 1334, 136, 20
MM, 1337, 133, 8
MM, 1338, 131, 0
MM, 1339, 131, 16
MM, 1340, 131, 0
MM, 1339, 131, 48
MM, 1278, 160, 8
MM, 1250, 182, 5
MM, 1163, 236, 8
MM, 1148, 250, 9
MM, 1075, 314, 4
MM, 1024, 356, 0
MM, 979, 387, 15
MM, 920, 441, 0
MM, 883, 480, 16
MM, 855, 502, 0
MM, 830, 523, 15
MM, 802, 558, 0
MM, 795, 567, 16
MM, 790, 573, 0
MM, 789, 575, 16
MM, 788, 577, 0
MM, 787, 577, 15
MM, 786, 579, 0
MM, 786, 580, 16
MM, 786, 580, 0
MM, 794, 580, 16
MM, 820, 568, 15
MM, 905, 510, 0
MM, 934, 495, 16
MM, 988, 463, 0
MM, 1046, 415, 15
MM, 1081, 386, 0
MM, 1129, 350, 16
MM, 1177, 317, 0
MM, 1202, 293, 16
MM, 1215, 281, 0
MM, 1227, 271, 15
MM, 1232, 266, 0
MM, 1236, 262, 16
MM, 1238, 260, 5
MM, 1239, 259, 8
MM, 1240, 259, 8
MM, 1239, 259, 48
MM, 1191, 276, 0
MM, 1177, 285, 16
MM, 1138, 312, 0
MM, 1104, 335, 15
MM, 1034, 374, 0
MM, 1010, 389, 16
MM, 974, 422, 0
MM, 927, 458, 16
MM, 902, 475, 0
MM, 890, 485, 15
MM, 875, 498, 0
MM, 859, 514, 16
MM, 848, 524, 0
MM, 843, 530, 15
MM, 841, 531, 0
MM, 840, 533, 16
MM, 839, 534, 0
MM, 838, 535, 16
MM, 838, 536, 0
MM, 838, 537, 15
MM, 840, 537, 0
MM, 868, 528, 16
MM, 935, 490, 0
MM, 985, 459, 16
MM, 1011, 446, 8
MM, 1112, 384, 8
MM, 1133, 359, 8
MM, 1211, 300, 0
MM, 1269, 260, 16
MM, 1305, 223, 0
MM, 1354, 185, 15
MM, 1385, 162, 0
MM, 1406, 146, 16
MM, 1418, 136, 0
MM, 1430, 122, 15
MM, 1433, 116, 0
MM, 1434, 114, 16
MM, 1435, 114, 0
MM, 1435, 113, 16
MM, 1435, 113, 40
MM, 1381, 131, 0
MM, 1369, 137, 16
MM, 1311, 171, 0
MM, 1268, 193, 16
MM, 1220, 229, 0
MM, 1171, 271, 15
MM, 1094, 319, 0
MM, 1070, 335, 16
MM, 1021, 379, 0
MM, 986, 408, 16
MM, 955, 431, 8
MM, 944, 440, 8
MM, 929, 455, 5
MM, 915, 471, 8
MM, 906, 480, 8
MM, 901, 488, 4
MM, 898, 489, 0
MM, 897, 490, 16
MM, 896, 491, 0
MM, 896, 492, 19
MM, 895, 493, 8
MM, 895, 495, 8
MM, 910, 495, 8
MM, 945, 487, 9
MM, 1015, 448, 0
MM, 1039, 431, 15
MM, 1098, 401, 0
MM, 1156, 361, 16
MM, 1198, 326, 8
MM, 1263, 274, 0
MM, 1311, 241, 16
MM, 1355, 208, 0
MM, 1404, 164, 16
MM, 1436, 139, 0
MM, 1459, 125, 15
MM, 1467, 118, 0
MM, 1476, 109, 16
MM, 1479, 106, 0
MM, 1482, 103, 16
MM, 1483, 102, 0
MM, 1483, 102, 15
MM, 1484, 101, 0
MM, 1456, 109, 48
MM, 1437, 116, 0
MM, 1361, 150, 16
MM, 1328, 171, 0
MM, 1266, 217, 16
MM, 1222, 253, 0
MM, 1145, 295, 15
MM, 1101, 325, 0
MM, 1072, 352, 16
MM, 1001, 402, 0
MM, 975, 415, 16
MM, 954, 429, 0
MM, 923, 454, 15
MM, 907, 470, 0
MM, 892, 482, 16
MM, 881, 491, 0
MM, 877, 495, 16
MM, 875, 497, 0
MM, 873, 498, 15
MM, 871, 499, 0
MM, 871, 500, 16
MM, 870, 501, 0
MM, 869, 501, 15
MM, 888, 500, 16
MM, 924, 483, 16
MM, 982, 440, 0
MM, 1033, 404, 16
MM, 1063, 386, 8
MM, 1124, 345, 4
MM, 1162, 313, 8
MM, 1197, 285, 8
MM, 1225, 265, 5
MM, 1268, 240, 0
MM, 1285, 229, 15
MM, 1300, 218, 0
MM, 1308, 211, 16
MM, 1314, 204, 0
MM, 1317, 202, 15
MM, 1318, 201, 0
MM, 1318, 200, 16
MM, 1319, 200, 0
MM, 1305, 203, 47
MM, 1279, 216, 16
MM, 1246, 235, 0
MM, 1214, 249, 15
MM, 1155, 273, 0
MM, 1122, 290, 16
MM, 1088, 316, 0
MM, 1036, 355, 15
MM, 991, 375, 0
MM, 977, 382, 16
MM, 936, 406, 0
MM, 915, 421, 16
MM, 893, 439, 0
MM, 884, 449, 20
MM, 878, 455, 0
MM, 874, 459, 17
MM, 872, 461, 8
MM, 870, 462, 8
MM, 869, 463, 5
MM, 869, 464, 0
MM, 868, 464, 15
MM, 867, 466, 0
MM, 881, 462, 32
MM, 928, 434, 15
MM, 959, 408, 0
MM, 1007, 372, 16
MM, 1064, 343, 0
MM, 1102, 314, 20
MM, 1144, 277, 4
MM, 1198, 237, 0
MM, 1228, 221, 16
MM, 1253, 202, 0
MM, 1294, 173, 15
MM, 1312, 158, 0
MM, 1329, 147, 16
MM, 1338, 139, 0
MM, 1344, 134, 16
MM, 1350, 131, 0
MM, 1352, 130, 15
MM, 1353, 128, 0
MM, 1353, 128, 20
MM, 1329, 128, 45
MM, 1317, 131, 8
MM, 1276, 152, 0
MM, 1256, 164, 16
MM, 1195, 204, 8
MM, 1162, 223, 8
MM, 1133, 239, 9
MM, 1063, 278, 8
MM, 1035, 300, 4
MM, 1008, 326, 0
MM, 951, 363, 15
MM, 931, 377, 0
MM, 906, 398, 20
MM, 894, 413, 5
MM, 883, 426, 0
MM, 876, 432, 15
MM, 873, 436, 0
MM, 871, 438, 16
MM, 870, 440, 0
MM, 869, 440, 16
MM, 867, 441, 0
MM, 866, 443, 15
MM, 866, 443, 0
MM, 866, 444, 16
MM, 875, 446, 0
MM, 905, 446, 15
MM, 946, 434, 0
MM, 972, 421, 20
MM, 1026, 384, 5
MM, 1090, 346, 0
MM, 1122, 330, 18
MM, 1179, 298, 4
MM, 1223, 265, 12
MM, 1255, 240, 5
MM, 1296, 213, 0
MM, 1336, 188, 15
MM, 1360, 171, 0
MM, 1375, 160, 16
MM, 1386, 149, 0
MM, 1398, 139, 16
MM, 1403, 134, 0
MM, 1406, 132, 15
MM, 1406, 131, 0
MM, 1408, 130, 16
MM, 1409, 129, 0
MM, 1409, 129, 16
MM, 1392, 131, 31
MM, 1367, 140, 0
MM, 1325, 160, 16
MM, 1298, 177, 0
MM, 1261, 199, 15
MM, 1185, 235, 0
MM, 1162, 250, 16
MM, 1117, 285, 0
MM, 1069, 319, 15
MM, 1026, 344, 0
MM, 1006, 355, 20
MM, 961, 388, 4
MM, 940, 406, 9
MM, 924, 420, 7
MM, 912, 431, 8
MM, 901, 441, 8
MM, 887, 449, 16
MM, 884, 454, 9
MM, 882, 455, 8
MM, 880, 457, 9
MM, 879, 458, 0
MM, 878, 459, 16
MM, 877, 460, 0
MM, 877, 462, 15
MM, 880, 464, 0
MM, 897, 464, 16
MM, 928, 460, 9
MM, 959, 450, 8
MM, 983, 443, 0
MM, 1026, 423, 0
MM, 1068, 403, 15
MM, 1099, 380, 0
MM, 1120, 364, 16
MM, 1167, 334, 16
MM, 1187, 322, 0
MM, 1214, 307, 15
MM, 1226, 299, 0
MM, 1241, 287, 16
MM, 1259, 272, 0
MM, 1268, 264, 16
MM, 1273, 260, 0
MM, 1279, 256, 15
MM, 1279, 255, 0
MM, 1280, 255, 16
MM, 1281, 253, 4
MM, 1280, 252, 40
MM, 1239, 260, 0
MM, 1227, 265, 16
MM, 1164, 299, 0
MM, 1152, 304, 15
MM, 1103, 328, 0
MM, 1058, 349, 16
MM, 1011, 374, 0
MM, 964, 408, 16
MM, 914, 436, 8
MM, 887, 454, 8
MM, 850, 475, 4
MM, 816, 496, 0
MM, 790, 511, 16
MM, 779, 523, 0
MM, 771, 529, 16
MM, 764, 534, 0
MM, 761, 537, 15
MM, 759, 540, 0
MM, 757, 540, 16
MM, 756, 541, 0
MM, 755, 542, 15
MM, 754, 543, 0
MM, 754, 543, 16
MM, 754, 543, 16
MM, 765, 543, 20
MM, 802, 535, 8
MM, 841, 518, 8
MM, 868, 501, 8
MM, 942, 456, 8
MM, 970, 444, 8
MM, 1006, 425, 8
MM, 1067, 385, 8
MM, 1108, 358, 8
MM, 1129, 342, 8
MM, 1182, 310, 8
MM, 1205, 298, 8
MM, 1235, 282, 8
MM, 1255, 268, 4
MM, 1280, 249, 8
MM, 1297, 237, 4
MM, 1308, 231, 0
MM, 1314, 227, 16
MM, 1317, 225, 0
MM, 1317, 224, 15
MM, 1318, 224, 0
MM, 1319, 224, 16
MM, 1313, 223, 31
MM, 1271, 231, 16
MM, 1258, 238, 0
MM, 1194, 272, 16
MM, 1180, 280, 0
MM, 1128, 305, 15
MM, 1082, 325, 0
MM, 1039, 348, 20
MM, 992, 376, 4
MM, 945, 407, 0
MM, 909, 426, 16
MM, 886, 438, 0
MM, 844, 456, 16
MM, 830, 463, 0
MM, 818, 471, 15
MM, 812, 476, 0
MM, 807, 478, 16
MM, 806, 481, 15
MM, 805, 482, 0
MM, 804, 482, 16
MM, 803, 483, 0
MM, 803, 484, 0
MM, 802, 484, 16
MM, 801, 485, 0
MM, 803, 486, 31
MM, 830, 485, 0
MM, 857, 476, 16
MM, 896, 459, 0
MM, 958, 434, 15
MM, 989, 424, 0
MM, 1031, 404, 16
MM, 1088, 372, 0
MM, 1119, 352, 15
MM, 1142, 337, 0
MM, 1189, 307, 16
MM, 1208, 299, 0
MM, 1228, 287, 16
MM, 1237, 282, 4
MM, 1249, 273, 8
MM, 1255, 268, 8
MM, 1261, 262, 5
MM, 1266, 258, 0
MM, 1267, 258, 15
MM, 1268, 257, 0
MM, 1269, 256, 16
MM, 1269, 255, 0
MM, 1269, 254, 52
MM, 1215, 258, 6
MM, 1203, 262, 0
MM, 1175, 274, 16
MM, 1089, 306, 0
MM, 1079, 309, 15
MM, 1019, 329, 0
MM, 999, 336, 16
MM, 922, 375, 0
MM, 910, 382, 16
MM, 879, 402, 0
MM, 848, 420, 15
MM, 820, 432, 0
MM, 811, 435, 16
MM, 800, 442, 0
MM, 793, 446, 16
MM, 787, 449, 0
MM, 783, 453, 15
MM, 781, 454, 0
MM, 779, 455, 16
MM, 779, 456, 8
MM, 778, 457, 8
MM, 777, 457, 8
MM, 776, 457, 8
MM, 775, 457, 4
MM, 775, 458, 0
MM, 781, 458, 16
MM, 812, 456, 0
MM, 856, 440, 16
MM, 876, 435, 0
MM, 903, 428, 15
MM, 965, 409, 0
MM, 1003, 396, 20
MM, 1031, 382, 8
MM, 1097, 352, 9
MM, 1123, 339, 0
MM, 1149, 328, 16
MM, 1190, 313, 0
MM, 1213, 308, 15
MM, 1233, 303, 0
MM, 1247, 301, 16
MM, 1259, 297, 0
MM, 1276, 292, 15
MM, 1284, 291, 0
MM, 1293, 289, 16
MM, 1297, 288, 0
MM, 1299, 286, 16
MM, 1302, 285, 0
MM, 1302, 285, 15
MM, 1303, 285, 0
MM, 1303, 284, 57
MM, 1296, 280, 8
MM, 1218, 281, 8
MM, 1215, 282, 8
MM, 1168, 293, 8
MM, 1104, 305, 0
MM, 1097, 307, 15
MM, 1028, 324, 0
MM, 1000, 333, 16
MM, 983, 338, 4
MM, 906, 363, 9
MM, 904, 364, 0
MM, 892, 369, 15
MM, 839, 389, 0
MM, 835, 390, 16
MM, 822, 394, 0
MM, 816, 397, 15
MM, 809, 399, 0
MM, 803, 402, 16
MM, 801, 403, 0
MM, 799, 404, 16
MM, 799, 404, 0
MM, 798, 404, 15
MM, 797, 404, 0
MM, 797, 404, 16
MM, 809, 404, 40
MM, 869, 390, 8
MM, 901, 374, 8
MM, 971, 337, 8
MM, 1017, 317, 0
MM, 1062, 296, 16
MM, 1164, 263, 0
MM, 1193, 250, 15
MM, 1283, 204, 0
MM, 1322, 181, 16
MM, 1375, 158, 0
MM, 1437, 133, 16
MM, 1469, 119, 0
MM, 1495, 104, 15
MM, 1537, 86, 0
MM, 1553, 79, 16
MM, 1565, 75, 0
MM, 1569, 73, 15
MM, 1573, 72, 0
MM, 1573, 71, 16
MM, 1574, 71, 0
MM, 1575, 71, 16
MM, 1571, 72, 47
MM, 1496, 100, 15
MM, 1492, 102, 0
MM, 1413, 130, 16
MM, 1407, 132, 8
MM, 1382, 140, 8
MM, 1284, 176, 8
MM, 1271, 184, 8
MM, 1230, 208, 9
MM, 1142, 251, 15
MM, 1121, 257, 0
MM, 1082, 275, 16
MM, 1051, 284, 0
MM, 1028, 296, 15
MM, 1015, 303, 0
MM, 1001, 310, 16
MM, 987, 319, 0
MM, 978, 324, 16
MM, 972, 327, 0
MM, 968, 329, 15
MM, 966, 330, 0
MM, 965, 331, 16
MM, 965, 332, 0
MM, 964, 332, 16
MM, 963, 332, 0
MM, 964, 332, 31
MM, 992, 323, 15
MM, 1045, 294, 0
MM, 1092, 269, 16
MM, 1121, 253, 0
MM, 1159, 240, 16
MM, 1221, 216, 8
MM, 1247, 200, 8
MM, 1288, 176, 8
MM, 1334, 148, 8
MM, 1363, 134, 8
MM, 1379, 129, 9
MM, 1404, 117, 0
MM, 1427, 107, 15
MM, 1439, 102, 0
MM, 1451, 98, 16
MM, 1455, 95, 0
MM, 1458, 94, 16
MM, 1459, 93, 0
MM, 1460, 93, 16
MM, 1461, 93, 8
MM, 1426, 108, 51
MM, 1412, 114, 0
MM, 1364, 133, 16
MM, 1345, 143, 0
MM, 1295, 172, 15
MM, 1259, 193, 0
MM, 1185, 232, 16
MM, 1160, 243, 0
MM, 1131, 257, 16
MM, 1072, 284, 0
MM, 1045, 301, 16
MM, 1031, 311, 0
MM, 1002, 329, 16
MM, 979, 341, 8
MM, 960, 351, 8
MM, 948, 355, 8
MM, 941, 359, 8
MM, 938, 361, 8
MM, 935, 361, 8
MM, 933, 362, 9
MM, 932, 363, 0
MM, 931, 363, 16
MM, 930, 363, 0
MM, 930, 363, 16
MM, 929, 363, 8
MM, 955, 354, 35
MM, 994, 337, 0
MM, 1008, 327, 16
MM, 1035, 307, 0
MM, 1075, 283, 16
MM, 1115, 261, 0
MM, 1135, 249, 15
MM, 1180, 229, 0
MM, 1217, 209, 16
MM, 1236, 200, 0
MM, 1256, 188, 15
MM, 1282, 173, 0
MM, 1304, 163, 16
MM, 1315, 157, 0
MM, 1326, 154, 20
MM, 1331, 152, 4
MM, 1333, 152, 8
MM, 1333, 152, 8
MM, 1334, 152, 0
MM, 1335, 152, 16
MM, 1333, 152, 47
MM, 1294, 169, 16
MM, 1283, 174, 0
MM, 1252, 192, 15
MM, 1225, 207, 0
MM, 1167, 232, 16
MM, 1153, 237, 0
MM, 1100, 258, 16
MM, 1081, 267, 0
MM, 1051, 285, 15
MM, 1024, 305, 0
MM, 981, 328, 16
MM, 958, 338, 0
MM, 945, 345, 15
MM, 931, 350, 0
MM, 917, 357, 16
MM, 903, 363, 0
MM, 896, 365, 16
MM, 889, 369, 8
MM, 886, 371, 8
MM, 883, 372, 8
MM, 881, 372, 8
MM, 881, 372, 8
MM, 879, 372, 8
MM, 878, 372, 8
MM, 878, 372, 8
MM, 880, 379, 2575
MM, 901, 420, 0
MM, 919, 468, 0
MM, 928, 493, 16
MM, 948, 551, 15
MM, 963, 593, 0
MM, 969, 610, 16
MM, 983, 642, 0
MM, 998, 672, 16
MM, 1007, 686, 0
MM, 1017, 700, 0
MM, 1024, 712, 15
MM, 1037, 733, 16
MM, 1043, 744, 0
MM, 1049, 756, 16
MM, 1051, 763, 0
MM, 1053, 769, 15
MM, 1057, 777, 0
MM, 1061, 784, 16
MM, 1070, 804, 8
MM, 1078, 826, 4
MM, 1081, 836, 8
MM, 1086, 845, 4
MM, 1089, 853, 0
MM, 1091, 858, 20
MM, 1093, 865, 8
MM, 1094, 868, 8
MM, 1094, 870, 8
MM, 1094, 871, 8
MM, 1094, 872, 8
MM, 1102, 890, 238
MM, 1112, 912, 20
MM, 1119, 936, 4
MM, 1124, 948, 0
MM, 1127, 958, 16
MM, 1132, 972, 0
MM, 1138, 983, 16
MM, 1139, 987, 0
MM, 1141, 994, 15
MM, 1143, 998, 0
MM, 1144, 1002, 16
MM, 1145, 1004, 0
MM, 1146, 1005, 16
MM, 1148, 1007, 0
MM, 1148, 1009, 15
MM, 1148, 1009, 0
MM, 1148, 1011, 16
MM, 1148, 1012, 0
MM, 1148, 1012, 15
MM, 1148, 1013, 0
MM, 1148, 1014, 21
MM, 1148, 1014, 0
MM, 1149, 1016, 15
MM, 1149, 1017, 0
MM, 1149, 1017, 16
MM, 1149, 1018, 0
MM, 1150, 1018, 16
MM, 1150, 1019, 0
MM, 1150, 1019, 32
MM, 1150, 1019, 8
MM, 1151, 1020, 16
MM, 1151, 1021, 0
MM, 1151, 1022, 15
MM, 1152, 1023, 0
MM, 1152, 1024, 16
MM, 1153, 1025, 0
MM, 1153, 1025, 15
MM, 1153, 1027, 0
MM, 1153, 1028, 16
MM, 1153, 1031, 0
MM, 1153, 1032, 16
MM, 1153, 1033, 0
MM, 1153, 1034, 15
MM, 1153, 1035, 0
MM, 1153, 1036, 16
MM, 1153, 1037, 0
MM, 1153, 1038, 16
MM, 1153, 1039, 0
MM, 1153, 1041, 15
MM, 1152, 1043, 0
MM, 1151, 1044, 16
MM, 1150, 1046, 8
MM, 1149, 1049, 8
MM, 1149, 1050, 8
MM, 1148, 1052, 8
MM, 1146, 1054, 8
MM, 1145, 1055, 8
MM, 1144, 1055, 8
MM, 1144, 1057, 8
MM, 1144, 1058, 8
MM, 1144, 1058, 8
MP, 1, 318
MR, 1, 222
MC, 1, 0
MM, 1139, 1027, 298
MM, 1136, 1008, 16
MM, 1132, 972, 0
MM, 1129, 953, 15
MM, 1124, 924, 0
MM, 1121, 901, 16
MM, 1117, 879, 0
MM, 1116, 854, 16
MM, 1113, 835, 0
MM, 1110, 816, 16
MM, 1110, 802, 8
MM, 1109, 792, 8
MM, 1106, 779, 8
MM, 1105, 770, 8
MM, 1103, 760, 8
MM, 1102, 753, 8
MM, 1101, 746, 8
MM, 1099, 742, 8
MM, 1097, 734, 4
MM, 1096, 729, 8
MM, 1094, 720, 8
MM, 1093, 717, 8
MM, 1092, 708, 8
MM, 1092, 698, 8
MM, 1092, 691, 5
MM, 1092, 681, 0
MM, 1092, 673, 15
MM, 1094, 662, 0
MM, 1095, 657, 16
MM, 1099, 646, 0
MM, 1100, 643, 15
MM, 1102, 634, 0
MM, 1107, 623, 16
MM, 1112, 619, 0
MM, 1115, 613, 16
MM, 1127, 571, 219
MM, 1128, 564, 16
MM, 1133, 542, 0
MM, 1135, 527, 16
MM, 1138, 512, 0
MM, 1141, 497, 15
MM, 1142, 488, 0
MM, 1143, 481, 16
MM, 1145, 471, 0
MM, 1147, 467, 16
MM, 1148, 461, 0
MM, 1148, 458, 20
MM, 1148, 454, 8
MM, 1148, 451, 8
MM, 1148, 450, 8
MM, 1149, 448, 8
MM, 1149, 444, 8
MM, 1149, 443, 8
MM, 1149, 441, 8
MM, 1149, 439, 8
MM, 1149, 437, 8
MM, 1149, 435, 8
MM, 1149, 433, 9
MM, 1149, 432, 0
MM, 1149, 430, 15
MM, 1149, 428, 0
MM, 1149, 426, 16
MM, 1149, 425, 0
MM, 1149, 425, 15
MM, 1149, 424, 0
MM, 1149, 423, 16
MP, 1, 770
MR, 1, 224
MC, 1, 0
