**********************************
LOGGING TIME: 20161113_103106
CLIENT IP: 10.146.230.155
USERNAME: Elon Musk
OS: Windows 10
*********************Neutral database**********************************
MM, 9, 26, 1477468750925
MM, 4, 20, 0
MM, 172, 2, 15
MM, 147, 28, 32
MM, 144, 25, 15
MM, 139, 22, 16
MM, 136, 20, 0
MM, 134, 18, 18
MM, 128, 14, 20
MM, 126, 13, 0
MM, 125, 13, 15
MM, 109, 11, 47
MM, 106, 11, 22
MM, 104, 11, 0
MM, 101, 11, 16
MM, 100, 10, 0
MM, 98, 10, 16
MM, 96, 10, 0
MM, 95, 10, 15
MM, 94, 10, 0
MM, 93, 10, 16
MM, 95, 10, 87
MM, 98, 10, 15
MM, 102, 10, 16
MM, 105, 10, 0
MM, 108, 10, 19
MM, 115, 10, 2
MM, 119, 10, 0
MM, 125, 10, 16
MM, 129, 9, 0
MM, 135, 8, 16
MM, 138, 7, 0
MM, 139, 7, 15
MM, 141, 5, 0
MM, 142, 4, 16
MM, 142, 3, 0
MM, 142, 2, 16
MM, 142, 0, 22
MM, 37, 15, 118
MM, 20, 6, 31
MM, 17, 4, 0
MM, 15, 3, 16
MM, 13, 2, 0
MM, 11, 1, 15
MM, 10, 0, 0
MM, 9, 0, 22
MM, 8, 0, 0
MM, 7, 0, 101
MC, 1, 309
MM, 7, 1, 235
MM, 7, 5, 15
MM, 7, 11, 0
MM, 82, 0, 70
MM, 83, 2, 16
MM, 83, 3, 0
MC, 1, 382
MM, 83, 6, 216
MM, 83, 9, 0
MM, 83, 15, 32
MM, 83, 17, 0
MM, 83, 19, 15
MM, 83, 21, 0
MM, 82, 21, 16
MM, 82, 23, 19
MM, 82, 24, 2
MM, 82, 25, 16
MM, 82, 26, 32
MM, 82, 27, 15
MM, 82, 28, 16
MM, 111, 3, 104
MM, 119, 8, 0
MM, 127, 14, 18
MM, 136, 21, 4
MM, 146, 28, 0
MM, 110, 11, 447
MM, 113, 31, 16
MM, 115, 43, 0
MM, 116, 60, 15
MM, 24, 9, 23
MM, 24, 17, 0
MM, 24, 28, 31
MM, 24, 31, 0
MM, 18, 0, 216
MM, 27, 9, 16
MM, 29, 12, 15
MM, 31, 15, 0
MM, 33, 16, 19
MM, 35, 20, 19
MM, 35, 21, 47
MM, 33, 21, 16
MM, 31, 21, 21
MM, 29, 21, 16
MM, 27, 21, 0
MM, 25, 21, 16
MM, 24, 22, 15
MM, 23, 23, 16
MM, 23, 24, 0
MM, 23, 25, 16
MM, 23, 26, 0
MM, 23, 27, 18
MM, 23, 28, 3
MM, 23, 29, 16
MM, 23, 30, 0
MM, 23, 31, 16
MM, 15, 0, 71
MM, 15, 1, 0
MM, 16, 1, 15
MM, 16, 2, 16
MM, 17, 3, 0
MM, 17, 4, 16
MM, 18, 5, 0
MM, 18, 6, 15
MM, 18, 7, 16
MM, 18, 8, 22
MM, 18, 9, 31
MC, 1, 221
MM, 17, 9, 154
MM, 11, 6, 16
MM, 2, 0, 0
MM, 39, 30, 16
MM, 14, 21, 15
MM, 1, 18, 16
MM, 39, 15, 15
MM, 21, 11, 18
MM, 6, 8, 4
MM, 26, 6, 47
MM, 21, 5, 16
MM, 18, 5, 0
MM, 12, 4, 15
MM, 9, 3, 22
MM, 5, 3, 0
MM, 2, 3, 0
MM, 43, 2, 32
MM, 40, 2, 15
MM, 38, 1, 0
MM, 35, 1, 16
MM, 34, 1, 16
MM, 33, 1, 0
MM, 32, 1, 37
MM, 31, 1, 31
MM, 30, 1, 32
MM, 29, 1, 22
MM, 28, 1, 31
MC, 1, 215
MM, 30, 1, 270
MM, 35, 1, 0
MM, 9, 1, 16
MM, 23, 1, 16
MM, 4, 1, 15
MM, 19, 1, 0
MM, 23, 1, 37
MM, 12, 22, 56
MM, 26, 19, 0
MM, 33, 17, 16
MM, 2, 13, 17
MM, 11, 12, 8
MM, 22, 11, 4
MM, 25, 11, 15
MM, 28, 11, 0
MM, 32, 11, 47
MM, 33, 11, 16
MM, 34, 11, 21
MM, 35, 11, 17
MM, 37, 11, 0
MM, 38, 12, 15
MM, 42, 14, 0
MM, 1, 16, 16
MM, 7, 19, 16
MM, 21, 22, 15
MM, 25, 23, 0
MM, 30, 23, 18
MM, 5, 25, 20
MM, 12, 25, 0
MM, 17, 25, 16
MM, 25, 25, 15
MM, 33, 25, 0
MM, 36, 24, 16
MM, 4, 21, 15
MM, 8, 19, 0
MM, 16, 17, 23
MM, 19, 16, 15
MM, 21, 16, 0
MM, 22, 16, 16
MM, 24, 15, 15
MM, 24, 14, 32
MM, 24, 13, 19
MM, 23, 13, 3
MM, 21, 11, 31
MM, 20, 11, 31
MC, 1, 220
MM, 19, 11, 195
MM, 16, 11, 0
MM, 12, 11, 16
MM, 0, 10, 12
MM, 32, 9, 16
MM, 22, 9, 0
MM, 6, 9, 15
MM, 2, 9, 16
MM, 33, 9, 15
MM, 27, 9, 0
MM, 21, 9, 32
MM, 18, 9, 6
MM, 17, 9, 8
MM, 15, 9, 8
MM, 16, 10, 100
MM, 17, 10, 16
MC, 1, 189
MM, 14, 10, 191
MM, 7, 10, 16
MM, 39, 10, 16
MM, 14, 8, 15
MM, 4, 7, 0
MM, 7, 7, 53
MC, 1, 653
MC, 1, 1015
MM, 21, 0, 362
MM, 21, 2, 4
MM, 21, 3, 0
MM, 21, 4, 15
MM, 21, 5, 16
MM, 21, 6, 0
MM, 21, 7, 16
MM, 21, 8, 15
MM, 21, 9, 16
MM, 21, 10, 53
MC, 1, 227
MC, 2, 186
MM, 27, 10, 384
MM, 34, 10, 16
MM, 3, 6, 15
MM, 26, 2, 16
MM, 0, 14, 296
MM, 2, 14, 15
MM, 6, 14, 16
MM, 8, 14, 0
MM, 12, 14, 15
MM, 19, 14, 19
MM, 22, 14, 4
MM, 25, 14, 0
MM, 31, 14, 31
MM, 30, 14, 63
MM, 29, 13, 6
MM, 28, 12, 0
MM, 25, 12, 15
MC, 1, 353
MM, 26, 11, 917638
MM, 29, 10, 17
MM, 31, 11, 5
MM, 33, 17, 16
MM, 39, 0, 15
MM, 0, 7, 47
MM, 0, 20, 0
MM, 141, 38, 200
MM, 135, 17, 19
MM, 12, 28, 3
MM, 8, 17, 32
MM, 39, 11, 47
MM, 115, 58, 37
MM, 113, 56, 0
MM, 107, 43, 16
MM, 105, 37, 16
MM, 103, 23, 15
MM, 101, 14, 0
MM, 100, 5, 16
MP, 1, 684
MR, 1, 0
MC, 1, 0
MM, 85, 5, 263
MM, 80, 11, 3
MM, 75, 17, 0
MM, 67, 27, 16
MM, 65, 30, 15
MM, 60, 39, 16
MM, 58, 42, 0
MM, 57, 44, 15
MM, 56, 49, 16
MM, 56, 51, 0
MM, 55, 53, 22
MM, 55, 54, 15
MM, 55, 55, 16
MM, 54, 57, 0
MM, 54, 58, 16
MM, 52, 60, 15
MM, 51, 61, 0
MM, 50, 63, 16
MM, 43, 16, 362
MM, 38, 24, 0
MM, 40, 2, 62
MM, 38, 5, 18
MM, 30, 15, 4
MM, 28, 17, 16
MM, 24, 22, 16
MM, 21, 24, 0
MM, 17, 26, 15
MM, 14, 26, 16
MM, 10, 29, 0
MM, 7, 30, 15
MM, 1, 21, 203
MM, 5, 23, 19
MM, 17, 29, 3
MM, 24, 31, 16
MM, 31, 31, 452
MM, 29, 31, 0
MM, 22, 30, 16
MM, 16, 30, 21
MM, 15, 30, 0
MM, 13, 30, 16
MM, 11, 30, 15
MM, 10, 31, 0
MC, 1, 460
MM, 13, 5, 275
MM, 27, 3, 16
MM, 15, 31, 35
MM, 20, 30, 0
MM, 33, 26, 16
MM, 41, 23, 16
MM, 1, 21, 15
MM, 5, 20, 16
MM, 9, 19, 16
MM, 10, 19, 22
MM, 10, 18, 0
MM, 11, 18, 31
MM, 11, 17, 16
MM, 12, 17, 15
MM, 12, 16, 0
MM, 13, 15, 16
MM, 15, 14, 0
MM, 17, 13, 22
MM, 19, 12, 16
MM, 22, 11, 0
MM, 26, 11, 15
MM, 34, 11, 16
MM, 36, 11, 0
MM, 43, 11, 31
MM, 43, 17, 69
MM, 42, 17, 0
MM, 38, 20, 16
MM, 36, 23, 15
MM, 33, 26, 20
MM, 30, 28, 3
MM, 29, 28, 15
MM, 28, 28, 16
MM, 27, 28, 0
MM, 26, 28, 16
MM, 25, 28, 15
MM, 24, 28, 16
MM, 23, 28, 21
MM, 22, 27, 16
MM, 20, 25, 16
MC, 1, 231
MM, 14, 23, 225
MM, 5, 19, 0
MM, 35, 11, 16
MM, 24, 30, 38
MM, 33, 23, 15
MM, 0, 22, 16
MM, 35, 22, 0
MM, 5, 27, 31
MM, 3, 29, 16
MM, 0, 31, 247
MM, 4, 29, 0
MM, 14, 23, 16
MM, 19, 21, 15
MM, 29, 15, 16
MM, 33, 13, 0
MM, 40, 9, 22
MM, 42, 8, 0
MM, 43, 7, 16
MC, 1, 249
MM, 7, 8, 273
MM, 43, 17, 16
MM, 20, 23, 15
MM, 2, 0, 16
MM, 32, 3, 16
MM, 24, 7, 21
MM, 3, 7, 4
MM, 34, 7, 16
MM, 9, 6, 16
MM, 24, 3, 15
MM, 37, 0, 16
MM, 23, 30, 68
MM, 28, 27, 16
MM, 29, 26, 0
MM, 36, 21, 15
MM, 39, 19, 16
MM, 43, 15, 18
MM, 46, 13, 5
MM, 20, 30, 131
MM, 20, 27, 0
MM, 20, 20, 16
MM, 20, 14, 15
MM, 20, 11, 16
MM, 20, 5, 17
MM, 19, 4, 5
MM, 17, 0, 16
MM, 7, 1, 1179
MM, 8, 3, 0
MM, 11, 6, 15
MM, 14, 10, 22
MM, 14, 11, 0
MM, 15, 12, 16
MC, 1, 233
MM, 13, 12, 211
MM, 9, 12, 0
MM, 36, 7, 31
MM, 23, 3, 16
MM, 9, 1, 20
MM, 5, 1, 3
MM, 0, 0, 15
MM, 35, 0, 252
MM, 33, 0, 16
MM, 30, 0, 22
MM, 29, 0, 0
MM, 29, 1, 16
MM, 28, 1, 15
MM, 27, 1, 32
MM, 26, 2, 38
MM, 25, 2, 16
MM, 25, 3, 16
MM, 24, 4, 16
MM, 24, 5, 0
MC, 1, 218
MM, 20, 5, 190
MM, 15, 5, 16
MM, 2, 2, 16
MM, 43, 1, 1
MC, 1, 738
MC, 1, 994
MM, 25, 0, 333
MM, 25, 1, 16
MM, 26, 1, 0
MM, 26, 2, 18
MM, 26, 3, 31
MM, 26, 4, 16
MM, 26, 5, 16
MM, 26, 6, 15
MM, 26, 7, 0
MM, 26, 8, 22
MM, 26, 10, 0
MM, 26, 11, 16
MM, 26, 12, 16
MM, 25, 12, 68
MC, 1, 208
MC, 2, 329
MM, 28, 12, 400
MM, 33, 12, 4
MM, 6, 9, 16
MM, 30, 7, 16
MM, 6, 6, 15
MM, 30, 4, 16
MM, 40, 4, 17
MM, 1, 4, 16
MM, 4, 4, 15
MM, 9, 4, 16
MM, 10, 4, 0
MM, 10, 3, 47
MM, 10, 1, 6
MM, 10, 0, 16
MM, 6, 31, 84
MM, 5, 31, 21
MM, 4, 31, 15
MM, 4, 30, 16
MM, 4, 29, 0
MM, 4, 28, 15
MM, 4, 26, 16
MM, 4, 24, 18
MM, 6, 23, 0
MM, 12, 23, 15
MM, 18, 23, 16
MM, 25, 23, 16
MM, 31, 23, 15
MM, 32, 23, 0
MM, 35, 23, 16
MM, 35, 22, 53
MM, 34, 22, 0
MM, 33, 21, 16
MM, 30, 18, 15
MM, 28, 17, 0
MM, 26, 17, 16
MM, 23, 15, 22
MM, 21, 14, 0
MC, 1, 214
MM, 26, 14, 277
MM, 33, 15, 22
MM, 40, 19, 0
MM, 9, 28, 16
MM, 34, 3, 31
MM, 41, 7, 0
MM, 4, 13, 16
MM, 13, 18, 15
MM, 22, 23, 18
MM, 26, 25, 5
MM, 35, 29, 15
MM, 38, 31, 0
MM, 39, 1, 84
MM, 42, 3, 0
MM, 1, 8, 16
MM, 10, 15, 16
MM, 14, 18, 15
MM, 21, 22, 16
MM, 24, 24, 0
MM, 28, 27, 16
MM, 29, 28, 19
MM, 30, 28, 3
MM, 31, 28, 15
MM, 30, 27, 63
MM, 28, 27, 22
MC, 1, 233
MM, 28, 26, 376
MM, 26, 24, 0
MM, 21, 18, 15
MM, 18, 14, 16
MM, 13, 8, 16
MM, 8, 3, 15
MM, 7, 1, 0
MM, 5, 0, 16
MM, 43, 31, 85
MM, 40, 31, 0
MM, 36, 29, 16
MM, 33, 28, 21
MM, 32, 28, 15
MM, 31, 27, 0
MM, 30, 26, 16
MM, 29, 26, 16
MM, 29, 25, 71
MC, 1, 254
MM, 29, 28, 276
MM, 19, 3, 15
MM, 19, 13, 0
MM, 79, 2, 32
MM, 79, 7, 19
MM, 78, 21, 3
MM, 77, 27, 15
MM, 62, 24, 132
MM, 56, 21, 0
MM, 45, 14, 15
MM, 21, 0, 16
MM, 191, 2, 22
MM, 2, 31, 31
MM, 43, 31, 0
MM, 14, 31, 16
MM, 34, 1, 31
MM, 23, 3, 22
MM, 12, 6, 16
MM, 1, 8, 15
MM, 20, 29, 576
MM, 24, 15, 16
MM, 34, 8, 16
MM, 16, 4, 15
MM, 8, 0, 16
MM, 8, 31, 115
MM, 8, 30, 23
MM, 8, 28, 15
MM, 8, 26, 0
MM, 8, 22, 16
MM, 12, 16, 15
MM, 14, 12, 16
MM, 19, 6, 16
MM, 20, 3, 0
MM, 1, 30, 37
MM, 3, 29, 16
MM, 11, 27, 15
MM, 19, 26, 16
MM, 24, 25, 0
MM, 0, 25, 35
MM, 3, 25, 3
MM, 13, 25, 16
MM, 24, 25, 15
MM, 28, 25, 0
MM, 33, 25, 16
MM, 35, 25, 15
MM, 38, 25, 16
MM, 39, 25, 0
MM, 39, 24, 22
MM, 39, 23, 31
MM, 39, 22, 32
MM, 39, 21, 15
MC, 1, 242
MM, 37, 21, 252
MM, 34, 21, 0
MM, 23, 21, 16
MM, 15, 21, 19
MM, 20, 24, 15
MM, 10, 25, 16
MM, 19, 31, 16
MM, 6, 1, 15
MM, 30, 5, 16
MM, 9, 7, 21
MM, 42, 8, 249
MM, 32, 8, 15
MM, 3, 8, 16
MM, 36, 13, 17
MM, 3, 18, 9
MM, 27, 24, 23
MM, 14, 26, 1
MM, 6, 28, 16
MM, 3, 29, 16
MM, 1, 30, 15
MM, 0, 30, 24
MM, 0, 31, 20
MM, 1, 31, 32
MM, 3, 31, 15
MM, 7, 30, 141
MM, 40, 18, 15
MM, 23, 7, 16
MM, 0, 30, 610
MM, 4, 29, 15
MM, 12, 27, 16
MM, 22, 23, 16
MM, 26, 22, 0
MM, 32, 21, 22
MM, 34, 21, 0
MM, 36, 20, 15
MM, 36, 19, 16
MM, 36, 18, 31
MM, 35, 17, 16
MM, 33, 17, 16
MM, 29, 17, 5
MC, 1, 252
MM, 33, 17, 277
MM, 36, 17, 0
MM, 2, 19, 31
MM, 14, 20, 16
MM, 21, 20, 0
MM, 33, 21, 15
MM, 37, 21, 22
MM, 43, 21, 0
MM, 0, 21, 78
MM, 2, 21, 18
MM, 5, 21, 20
MM, 6, 21, 0
MM, 8, 21, 15
MM, 9, 21, 16
MM, 10, 21, 16
MM, 12, 21, 15
MM, 13, 21, 26
MM, 13, 20, 47
MM, 12, 20, 16
MC, 1, 221
MM, 10, 20, 253
MM, 6, 20, 16
MM, 39, 22, 31
MM, 33, 23, 20
MM, 28, 25, 3
MM, 26, 26, 16
MM, 26, 28, 15
MM, 26, 29, 16
MM, 26, 30, 15
MM, 26, 31, 16
MC, 1, 603
MM, 30, 0, 452
MM, 30, 10, 16
MM, 28, 23, 16
MM, 27, 26, 15
MM, 12, 4, 16
MM, 9, 11, 16
MM, 8, 13, 21
MM, 6, 17, 1
MM, 5, 17, 62
MM, 5, 16, 87
MM, 5, 15, 15
MC, 1, 297
MM, 5, 12, 216
MM, 5, 9, 16
MM, 14, 24, 22
MM, 14, 14, 16
MM, 14, 7, 0
MM, 36, 31, 439
MM, 38, 30, 0
MM, 42, 29, 15
MM, 0, 28, 55
MM, 2, 28, 16
MM, 3, 28, 16
MM, 5, 28, 15
MM, 6, 28, 0
MM, 10, 26, 16
MM, 12, 25, 18
MM, 16, 24, 4
MM, 18, 22, 16
MM, 20, 21, 15
MM, 21, 21, 0
MM, 21, 20, 32
MM, 20, 20, 57
MM, 17, 20, 0
MC, 1, 206
MM, 19, 20, 333
MM, 21, 20, 0
MM, 28, 20, 16
MM, 32, 20, 16
MM, 39, 19, 17
MC, 1, 514
MC, 1, 896
MM, 284, 63, 305
MM, 272, 62, 0
MM, 249, 58, 22
MM, 237, 56, 0
MM, 216, 50, 15
MM, 195, 44, 16
MM, 175, 39, 16
MM, 156, 35, 15
MM, 147, 34, 16
MM, 128, 33, 21
MM, 111, 33, 1
MM, 98, 35, 16
MM, 90, 38, 15
MM, 79, 42, 16
MM, 76, 44, 16
MM, 70, 47, 15
MM, 68, 48, 0
MM, 67, 49, 22
MM, 66, 50, 0
MM, 65, 52, 16
MM, 64, 54, 16
MM, 61, 56, 15
MM, 60, 58, 0
MM, 59, 60, 16
MM, 57, 63, 0
MM, 21, 2, 140
MM, 24, 4, 0
MM, 27, 8, 15
MM, 29, 10, 16
MM, 30, 11, 0
MM, 31, 11, 16
MM, 31, 12, 15
MM, 31, 14, 139
MC, 1, 209
MM, 34, 14, 439
MM, 36, 14, 0
MM, 40, 14, 15
MM, 1, 15, 16
MM, 5, 15, 16
MM, 10, 15, 18
MM, 12, 15, 4
MM, 15, 16, 15
MM, 16, 16, 0
MM, 17, 16, 16
MC, 1, 374
MM, 21, 15, 225
MM, 31, 10, 4
MM, 197, 55, 36
MM, 208, 51, 0
MM, 241, 40, 16
MM, 257, 38, 16
MM, 287, 35, 6
MM, 299, 35, 16
MM, 305, 35, 0
MM, 322, 36, 16
MM, 328, 37, 15
MM, 335, 41, 16
MM, 338, 41, 0
MM, 342, 43, 16
MM, 344, 44, 19
MM, 348, 46, 3
MM, 351, 47, 15
MM, 353, 48, 0
MM, 358, 51, 16
MM, 360, 51, 16
MM, 363, 51, 15
MM, 364, 52, 0
MM, 363, 52, 56
MM, 362, 52, 15
MM, 361, 52, 0
MM, 360, 53, 16
MM, 361, 53, 120
MM, 362, 53, 15
MM, 364, 53, 0
MM, 368, 53, 21
MM, 371, 53, 0
MM, 382, 53, 15
MM, 387, 53, 16
MM, 397, 53, 0
MM, 416, 53, 16
MM, 427, 53, 15
MM, 450, 53, 16
MM, 462, 53, 0
MM, 486, 53, 22
MM, 93, 4, 387
MM, 92, 5, 21
MM, 91, 12, 2
MM, 90, 15, 15
MM, 89, 21, 16
MM, 88, 24, 16
MC, 1, 618
MM, 19, 22, 267
MM, 364, 59, 16
MM, 328, 28, 15
MC, 1, 3161
MM, 45, 2, 20589
MM, 44, 3, 0
MM, 42, 10, 22
MM, 41, 14, 0
MM, 39, 20, 16
MM, 35, 25, 15
MM, 33, 27, 0
MM, 31, 30, 16
MM, 30, 30, 16
MM, 29, 30, 15
MC, 1, 262
MM, 36, 30, 247
MM, 43, 31, 21
MM, 59, 38, 1
MM, 65, 40, 16
MM, 71, 41, 0
MM, 90, 48, 16
MM, 99, 50, 15
MM, 109, 55, 16
MM, 115, 57, 0
MM, 124, 61, 16
MM, 127, 62, 22
MM, 132, 63, 203
MM, 132, 62, 16
MM, 132, 61, 0
MM, 132, 59, 47
MM, 132, 56, 0
MM, 132, 58, 285
MM, 132, 62, 0
MM, 38, 9, 32
MM, 38, 31, 27
MM, 29, 1, 19
MM, 29, 16, 16
MM, 27, 27, 16
MM, 33, 31, 132
MM, 35, 30, 0
MM, 6, 23, 37
MM, 8, 22, 0
MM, 13, 18, 16
MM, 15, 16, 16
MM, 15, 14, 15
MM, 15, 13, 0
MM, 15, 11, 16
MM, 15, 10, 22
MM, 14, 8, 0
MM, 7, 3, 16
MM, 1, 0, 15
MC, 1, 746
MM, 45, 2, 238
MM, 46, 4, 0
MM, 1, 11, 132
MM, 2, 12, 0
MM, 6, 14, 15
MM, 7, 15, 16
MM, 8, 15, 16
MM, 9, 15, 17
MC, 1, 260
MM, 6, 15, 196
MM, 0, 15, 0
MM, 46, 10, 16
MM, 35, 8, 15
MM, 12, 1, 16
MC, 1, 562
MM, 19, 0, 310
MM, 20, 7, 0
MM, 24, 25, 16
MM, 16, 6, 16
MM, 16, 20, 20
MM, 16, 31, 17
MM, 27, 6, 16
MM, 23, 12, 16
MM, 21, 17, 0
MM, 18, 22, 16
MM, 17, 25, 15
MM, 16, 28, 0
MM, 14, 31, 16
MM, 14, 32, 18
MM, 13, 34, 4
MM, 14, 34, 16707
MM, 19, 34, 15
MM, 27, 34, 16
MM, 35, 34, 16
MM, 38, 33, 0
MM, 42, 32, 15
MM, 47, 30, 16
MM, 49, 29, 0
MM, 54, 26, 21
MM, 56, 24, 0
MM, 57, 22, 16
MM, 58, 21, 16
MM, 58, 19, 15
MC, 1, 223
MM, 61, 19, 198
MM, 68, 15, 16
MM, 76, 11, 0
MM, 89, 5, 22
MM, 94, 2, 0
MM, 3, 27, 31
MM, 6, 25, 16
MM, 8, 22, 15
MM, 10, 19, 16
MM, 10, 17, 0
MM, 11, 10, 22
MM, 12, 1, 15
MM, 21, 29, 16
MM, 21, 21, 16
MM, 21, 18, 15
MM, 21, 14, 16
MM, 21, 12, 0
MM, 21, 11, 22
MM, 21, 10, 16
MM, 20, 9, 85
MM, 20, 8, 16
MM, 18, 7, 15
MM, 17, 6, 16
MM, 16, 5, 0
MM, 13, 3, 16
MM, 9, 0, 15
MC, 1, 888
MM, 6, 15, 335
MM, 35, 15, 21
MM, 9, 15, 16
MM, 23, 15, 16
MM, 30, 15, 0
MM, 41, 15, 16
MM, 0, 15, 174
MM, 3, 15, 16
MM, 4, 15, 0
MM, 7, 15, 16
MM, 9, 15, 15
MM, 10, 15, 16
MM, 13, 14, 19
MM, 14, 13, 4
MM, 16, 13, 0
MM, 17, 13, 31
MM, 18, 13, 0
MM, 19, 12, 15
MM, 20, 12, 16
MM, 22, 12, 16
MM, 28, 12, 21
MM, 32, 12, 0
MM, 1, 12, 32
MM, 4, 12, 0
MM, 8, 12, 15
MM, 11, 12, 16
MM, 12, 12, 34
MM, 13, 12, 82
MM, 14, 12, 53
MM, 14, 11, 32
MM, 14, 10, 0
MC, 1, 200
MM, 9, 10, 200
MM, 1, 10, 0
MM, 22, 10, 16
MM, 34, 10, 22
MM, 9, 10, 16
MM, 43, 8, 16
MM, 24, 8, 15
MM, 12, 8, 16
MM, 6, 8, 16
MC, 1, 573
MM, 4, 26, 289
MM, 24, 30, 16
MM, 32, 30, 0
MM, 1, 31, 15
MM, 29, 0, 119
MM, 39, 0, 18
MM, 1, 1, 4
MM, 11, 3, 16
MM, 18, 3, 16
MM, 20, 4, 15
MM, 23, 4, 16
MM, 24, 5, 16
MM, 24, 6, 84
MM, 24, 7, 16
MM, 23, 8, 19
MM, 23, 9, 3
MM, 22, 9, 31
MC, 1, 188
MM, 20, 9, 193
MM, 14, 9, 0
MM, 42, 9, 16
MM, 2, 6, 31
MM, 36, 5, 0
MM, 40, 2, 31
MM, 14, 2, 19
MM, 0, 2, 4
MM, 39, 2, 15
MM, 24, 3, 31
MM, 7, 6, 16
MM, 42, 7, 38
MM, 34, 7, 15
MM, 28, 7, 16
MM, 25, 7, 16
MM, 23, 7, 15
MM, 21, 7, 16
MM, 18, 8, 22
MM, 16, 8, 16
MM, 15, 8, 15
MM, 14, 9, 16
MM, 12, 9, 16
MM, 10, 9, 15
MM, 7, 10, 22
MM, 6, 10, 0
MM, 4, 10, 16
MM, 2, 11, 15
MM, 1, 11, 16
MM, 0, 11, 15
MM, 43, 12, 363
MM, 37, 12, 16
MM, 31, 12, 16
MM, 28, 12, 0
MM, 25, 12, 15
MM, 21, 12, 16
MM, 20, 12, 38
MC, 1, 233
MM, 19, 12, 178
MM, 17, 12, 0
MM, 10, 12, 15
MM, 4, 12, 16
MM, 41, 12, 31
MM, 31, 12, 19
MM, 25, 12, 2
MM, 20, 12, 16
MM, 18, 13, 32
MM, 18, 14, 16
MM, 18, 15, 37
MC, 1, 205
MM, 21, 18, 214
MM, 29, 24, 0
MM, 43, 7, 15
MM, 45, 4, 31
MM, 59, 19, 16
MM, 68, 32, 22
MM, 72, 36, 16
MM, 73, 37, 0
MM, 73, 39, 15
MM, 74, 39, 16
MM, 74, 40, 53
MM, 74, 41, 16
MM, 75, 39, 415
MM, 76, 37, 0
MM, 77, 35, 15
MM, 78, 34, 16
MM, 79, 34, 16
MM, 79, 33, 0
MC, 1, 307
MM, 84, 33, 288
MM, 108, 33, 16
MM, 125, 31, 15
MM, 175, 24, 22
MM, 192, 21, 0
MM, 1, 27, 78
MM, 3, 23, 23
MM, 4, 22, 15
MM, 4, 20, 16
MM, 4, 19, 0
MM, 4, 17, 31
MM, 3, 16, 16
MM, 3, 15, 17
MM, 3, 14, 5
MM, 3, 13, 16
MM, 3, 11, 15
MM, 3, 10, 16
MM, 3, 4, 15
MM, 4, 2, 0
MM, 26, 26, 37
MM, 32, 18, 1
MM, 39, 8, 16
MM, 42, 4, 15
MM, 5, 29, 32
MM, 7, 27, 15
MM, 13, 22, 22
MM, 14, 21, 0
MM, 18, 17, 32
MM, 19, 16, 15
MM, 19, 15, 0
MM, 19, 14, 32
MM, 18, 14, 22
MM, 17, 14, 15
MM, 14, 14, 16
MM, 11, 14, 16
MM, 8, 14, 15
MC, 1, 289
MM, 8, 15, 265
MM, 8, 17, 15
MM, 9, 18, 16
MM, 11, 19, 16
MM, 11, 20, 0
MM, 12, 22, 15
MM, 13, 22, 16
MM, 16, 25, 22
MM, 17, 29, 16
MM, 17, 30, 16
MM, 18, 31, 15
MM, 12, 0, 189
MM, 13, 0, 47
MM, 13, 1, 53
MM, 14, 2, 15
MM, 15, 3, 16
MM, 17, 9, 185
MC, 1, 215
MM, 13, 9, 239
MM, 35, 4, 19
MM, 17, 0, 309
MM, 13, 2, 15
MM, 9, 3, 16
MM, 7, 4, 16
MM, 6, 5, 15
MM, 6, 6, 22
MM, 5, 6, 47
MM, 4, 6, 16
MM, 3, 6, 0
MM, 2, 6, 15
MM, 0, 6, 23
MP, 1, 306
MR, 1, 0
MC, 1, 0
MM, 43, 6, 487
MM, 42, 7, 16
MM, 41, 7, 7
MM, 40, 7, 15
MM, 39, 7, 88
MM, 38, 7, 32
MC, 1, 232
MM, 38, 5, 269
MC, 1, 870
MM, 8, 0, 288
MM, 7, 3, 16
MM, 6, 4, 22
MM, 5, 4, 0
MM, 6, 4, 135
MM, 7, 4, 16
MM, 8, 4, 31
MM, 9, 4, 21
MM, 10, 4, 1
MM, 12, 4, 16
MM, 13, 4, 0
MM, 15, 4, 31
MM, 16, 5, 31
MC, 1, 234
MM, 18, 5, 238
MM, 32, 5, 16
MM, 4, 5, 15
MM, 32, 5, 16
MM, 11, 5, 18
MC, 1, 443
MM, 17, 7, 289
MM, 17, 23, 15
MM, 9, 16, 47
MM, 9, 25, 20
MM, 123, 0, 31
MM, 123, 2, 16
MM, 123, 4, 15
MM, 122, 5, 16
MM, 122, 7, 22
MM, 122, 12, 15
MM, 121, 18, 16
MM, 121, 25, 16
MM, 120, 30, 15
MM, 119, 35, 16
MM, 119, 36, 0
MM, 118, 38, 22
MM, 117, 38, 78
MM, 116, 38, 0
MM, 115, 38, 22
MC, 1, 251
MM, 118, 37, 380
MM, 130, 31, 16
MM, 151, 25, 16
MM, 180, 16, 15
MM, 28, 27, 41
MM, 36, 24, 15
MM, 3, 14, 16
MM, 17, 4, 16
MM, 1, 29, 53
MM, 4, 27, 0
MM, 10, 25, 15
MM, 18, 22, 31
MM, 24, 19, 32
MM, 26, 18, 22
MM, 30, 17, 15
MM, 34, 15, 16
MM, 39, 13, 16
MM, 42, 10, 15
MM, 44, 9, 0
MM, 47, 8, 16
MM, 16, 30, 324
MM, 15, 28, 16
MM, 14, 26, 16
MM, 14, 25, 16
MM, 14, 24, 24
MC, 1, 282
MM, 10, 24, 291
MM, 5, 24, 0
MM, 33, 24, 16
MM, 10, 23, 16
MM, 23, 23, 15
MM, 27, 23, 38
MM, 1, 23, 16
MM, 42, 23, 31
MM, 38, 23, 15
MM, 37, 23, 17
MM, 38, 23, 128
MM, 39, 23, 26
MM, 40, 23, 32
MM, 42, 23, 16
MM, 1, 23, 32
MM, 7, 23, 16
MM, 24, 23, 24
MM, 36, 23, 2
MM, 43, 23, 16
MM, 0, 22, 31
MM, 2, 21, 0
MM, 4, 20, 32
MM, 5, 19, 22
MM, 5, 18, 31
MM, 6, 18, 16
MM, 6, 17, 0
MM, 6, 16, 15
MM, 7, 16, 35
MM, 8, 16, 19
MM, 9, 16, 0
MM, 11, 16, 15
MM, 12, 16, 16
MM, 13, 16, 16
MM, 13, 14, 37
MM, 11, 13, 16
MC, 1, 182
MM, 6, 13, 190
MM, 38, 13, 31
MM, 18, 13, 18
MM, 42, 13, 15
MM, 18, 13, 16
MM, 3, 13, 15
MC, 1, 830
MM, 38, 6, 201
MM, 38, 14, 16
MM, 36, 27, 19
MM, 26, 2, 3
MM, 22, 13, 16
MM, 21, 19, 15
MM, 20, 21, 16
MM, 19, 21, 16
MM, 19, 20, 134
MM, 19, 19, 4
MM, 19, 18, 31
MM, 19, 17, 16
MM, 19, 16, 16
MC, 1, 245
MM, 19, 12, 285
MM, 19, 10, 19
MM, 27, 27, 17
MM, 27, 19, 0
MM, 27, 8, 31
MC, 1, 477
MM, 27, 4, 224
MM, 29, 8, 16
MM, 35, 20, 15
MM, 41, 31, 16
MM, 36, 0, 37
MM, 37, 1, 0
MM, 39, 4, 16
MM, 40, 7, 16
MM, 42, 12, 15
MM, 43, 14, 16
MM, 65, 0, 69
MM, 66, 1, 16
MM, 66, 3, 15
MM, 67, 5, 22
MM, 68, 10, 16
MM, 68, 13, 16
MM, 68, 15, 0
MM, 68, 17, 15
MM, 68, 19, 16
MM, 68, 22, 15
MM, 68, 23, 23
MM, 68, 25, 15
MC, 1, 221
MM, 71, 25, 221
MM, 85, 25, 0
MM, 117, 18, 15
MM, 155, 8, 16
MM, 10, 11, 53
MM, 25, 2, 16
MM, 2, 25, 15
MM, 5, 23, 16
MM, 10, 18, 19
MM, 11, 16, 3
MM, 13, 16, 16
MM, 14, 16, 16
MM, 14, 15, 0
MM, 15, 15, 15
MM, 25, 13, 132
MM, 28, 11, 18
MM, 29, 10, 4
MM, 33, 8, 15
MM, 35, 8, 0
MM, 38, 6, 16
MM, 14, 31, 69
MM, 17, 27, 16
MM, 19, 23, 31
MM, 20, 22, 0
MM, 20, 20, 31
MM, 20, 19, 20
MM, 18, 18, 33
MC, 1, 167
MM, 13, 18, 226
MM, 2, 22, 116
MM, 6, 0, 104
MM, 4, 1, 0
MM, 0, 2, 16
MM, 43, 6, 52
MM, 40, 7, 0
MM, 36, 9, 32
MM, 34, 10, 0
MM, 30, 12, 16
MM, 26, 13, 15
MM, 24, 13, 16
MM, 21, 13, 17
MM, 20, 13, 5
MM, 18, 13, 16
MM, 20, 13, 87
MM, 21, 13, 16
MM, 22, 13, 0
MC, 1, 231
MM, 22, 15, 170
MM, 22, 20, 0
MM, 18, 15, 31
MM, 22, 30, 15
MM, 89, 4, 16
MM, 91, 10, 23
MM, 92, 13, 15
MM, 92, 14, 16
MM, 93, 14, 16
MM, 93, 15, 69
MM, 94, 15, 62
MM, 94, 16, 22
MM, 94, 17, 32
MM, 94, 18, 31
MM, 94, 19, 15
MM, 94, 20, 38
MM, 95, 20, 0
MM, 96, 21, 31
MM, 97, 22, 0
MM, 99, 22, 16
MM, 101, 23, 16
MM, 102, 23, 21
MC, 1, 224
MM, 102, 20, 193
MM, 97, 14, 15
MM, 88, 0, 16
MM, 15, 29, 16
MM, 10, 21, 15
MM, 6, 18, 16
MM, 5, 17, 0
MM, 4, 16, 22
MM, 3, 16, 31
MM, 2, 16, 16
MM, 41, 16, 31
MM, 36, 16, 22
MM, 30, 16, 16
MM, 26, 15, 15
MM, 25, 15, 16
MM, 24, 15, 0
MM, 23, 15, 31
MM, 22, 15, 53
MC, 1, 193
MM, 24, 15, 190
MM, 33, 15, 16
MM, 7, 13, 16
MM, 12, 2, 15
MM, 10, 29, 32
MM, 24, 25, 18
MM, 34, 22, 4
MM, 38, 20, 15
MM, 39, 19, 16
MM, 40, 18, 16
MM, 39, 18, 68
MM, 38, 18, 34
MM, 37, 18, 0
MC, 1, 277
MM, 30, 18, 307
MM, 21, 15, 16
MM, 0, 11, 15
MM, 29, 7, 16
MM, 35, 3, 16
MM, 19, 3, 22
MM, 4, 1, 15
MM, 42, 1, 16
MM, 38, 1, 28
MM, 37, 1, 24
MM, 36, 1, 120
MM, 33, 1, 32
MM, 31, 1, 16
MM, 29, 1, 0
MM, 27, 0, 31
MM, 26, 0, 20
MC, 1, 792
MC, 1, 767
MM, 0, 24, 331
MM, 19, 24, 16
MM, 27, 24, 22
MM, 34, 24, 16
MM, 40, 24, 15
MM, 2, 24, 32
MM, 9, 23, 20
MM, 16, 23, 17
MM, 24, 23, 5
MM, 32, 23, 16
MM, 37, 23, 15
MM, 1, 23, 47
MM, 4, 23, 0
MM, 7, 23, 17
MM, 8, 23, 16
MM, 9, 23, 15
MM, 9, 22, 71
MM, 9, 21, 0
MM, 9, 20, 31
MM, 9, 19, 0
MM, 8, 18, 16
MM, 7, 17, 15
MM, 7, 16, 0
MM, 7, 15, 16
MC, 1, 243
MM, 4, 16, 222
MM, 2, 17, 0
MM, 42, 28, 32
MM, 39, 31, 0
MM, 28, 0, 38
MM, 26, 2, 0
MM, 23, 5, 15
MM, 17, 11, 16
MM, 15, 12, 16
MM, 10, 16, 15
MM, 9, 18, 0
MM, 4, 23, 16
MM, 2, 25, 22
MM, 37, 0, 195
MM, 36, 1, 7
MM, 35, 2, 15
MM, 34, 3, 16
MM, 33, 4, 0
MM, 30, 6, 16
MM, 29, 7, 15
MM, 28, 9, 16
MM, 26, 9, 0
MM, 25, 9, 22
MM, 24, 11, 16
MM, 23, 12, 0
MM, 21, 12, 15
MM, 19, 13, 16
MM, 17, 14, 0
MC, 1, 207
MM, 15, 14, 274
MM, 12, 12, 15
MM, 7, 9, 16
MM, 5, 7, 16
MM, 1, 4, 15
MM, 38, 31, 85
MM, 32, 29, 0
MM, 26, 26, 16
MM, 22, 23, 22
MM, 20, 22, 0
MM, 17, 21, 16
MM, 16, 20, 31
MC, 1, 255
MM, 16, 22, 264
MM, 16, 24, 0
MM, 16, 26, 16
MM, 16, 28, 18
MM, 16, 31, 10
MM, 9, 3, 31
MM, 9, 8, 15
MM, 10, 22, 16
MM, 125, 7, 32
MM, 125, 21, 6
MM, 125, 25, 15
MM, 125, 32, 16
MM, 125, 35, 0
MM, 125, 37, 16
MM, 125, 38, 15
MM, 125, 37, 73
MM, 124, 36, 0
MM, 124, 35, 16
MM, 123, 34, 16
MM, 123, 33, 15
MM, 123, 32, 69
MM, 122, 32, 0
MM, 122, 31, 16
MC, 1, 204
MM, 122, 30, 348
MM, 121, 26, 0
MM, 116, 12, 15
MM, 41, 26, 32
MM, 37, 13, 15
MM, 33, 1, 16
MM, 38, 31, 18
MM, 38, 27, 4
MM, 38, 26, 16
MM, 38, 25, 31
MM, 38, 24, 31
MM, 40, 24, 17
MM, 43, 24, 5
MM, 1, 21, 47
MM, 1, 20, 15
MM, 2, 20, 16
MM, 4, 20, 22
MM, 6, 20, 16
MM, 9, 20, 15
MM, 11, 20, 16
MM, 13, 20, 15
MM, 15, 20, 0
MM, 18, 20, 33
MM, 19, 20, 5
MM, 20, 20, 16
MC, 1, 221
MM, 21, 20, 204
MM, 26, 20, 0
MM, 44, 19, 16
MM, 9, 14, 16
MM, 40, 6, 36
MM, 30, 31, 64
MM, 30, 30, 38
MM, 30, 29, 63
MM, 30, 28, 57
MM, 30, 27, 88
MM, 30, 26, 16
MM, 30, 25, 0
MM, 29, 23, 31
MM, 28, 21, 16
MM, 27, 18, 15
MM, 26, 16, 19
MM, 25, 15, 3
MC, 1, 255
MM, 25, 22, 187
MM, 26, 27, 0
MM, 29, 5, 31
MM, 32, 16, 15
MM, 35, 23, 22
MM, 37, 28, 16
MM, 37, 30, 16
MM, 37, 31, 0
MM, 28, 0, 275
MM, 28, 2, 16
MM, 27, 4, 16
MM, 26, 6, 16
MM, 26, 7, 15
MM, 25, 9, 16
MM, 24, 11, 17
MM, 23, 12, 5
MM, 22, 12, 31
MM, 20, 12, 0
MC, 1, 204
MM, 16, 12, 170
MM, 8, 12, 16
MM, 38, 17, 16
MM, 21, 21, 16
MM, 39, 30, 31
MM, 128, 0, 35
MM, 118, 2, 16
MM, 113, 3, 16
MM, 108, 4, 15
MM, 106, 4, 16
MM, 104, 4, 22
MM, 104, 5, 31
MM, 104, 6, 65
MM, 103, 6, 4
MM, 102, 6, 0
MC, 1, 220
MM, 106, 6, 301
MM, 128, 5, 16
MM, 11, 31, 16
MM, 39, 23, 31
MM, 1, 13, 16
MM, 22, 2, 5
MM, 0, 24, 32
MM, 4, 17, 15
MM, 7, 10, 16
MM, 9, 7, 16
MM, 9, 5, 20
MM, 10, 3, 2
MM, 11, 2, 15
MM, 12, 1, 16
MM, 15, 30, 63
MM, 17, 25, 6
MM, 18, 21, 16
MM, 19, 19, 15
MM, 19, 18, 16
MM, 19, 16, 16
MM, 18, 16, 15
MM, 18, 15, 20
MM, 17, 14, 2
MC, 1, 242
MM, 12, 14, 197
MM, 39, 14, 31
MM, 14, 14, 16
MM, 27, 14, 18
MM, 2, 15, 4
MM, 3, 1, 99
MM, 42, 3, 16
MM, 30, 6, 16
MM, 19, 8, 15
MM, 9, 9, 16
MM, 3, 10, 15
MM, 43, 11, 25
MM, 38, 12, 16
MM, 31, 14, 15
MM, 28, 14, 0
MM, 23, 15, 16
MM, 19, 16, 15
MM, 16, 16, 16
MM, 15, 16, 20
MM, 14, 16, 3
MM, 14, 17, 15
MC, 1, 251
MM, 14, 19, 245
MM, 17, 23, 0
MM, 29, 6, 31
MM, 2, 30, 16
MM, 28, 0, 15
MM, 37, 8, 16
MM, 42, 13, 22
MM, 45, 15, 16
MM, 47, 16, 0
MM, 48, 17, 31
MM, 49, 17, 16
MM, 50, 17, 37
MM, 50, 16, 47
MM, 50, 15, 15
MC, 1, 216
MM, 58, 15, 226
MM, 80, 12, 0
MM, 10, 21, 32
MM, 29, 27, 15
MM, 11, 10, 16
MM, 2, 28, 35
MM, 11, 22, 3
MM, 16, 18, 31
MM, 17, 16, 16
MM, 18, 15, 216
MC, 1, 238
MM, 14, 15, 239
MM, 3, 15, 16
MM, 27, 19, 15
MM, 4, 25, 16
MM, 10, 3, 22
MM, 39, 11, 31
MM, 27, 17, 16
MM, 19, 21, 15
MM, 32, 5, 71
MM, 22, 11, 16
MM, 11, 18, 15
MM, 5, 22, 16
MM, 1, 24, 22
MM, 0, 25, 16
MM, 43, 27, 84
MM, 42, 27, 47
MC, 1, 320
MM, 41, 27, 352
MM, 38, 27, 16
MM, 33, 24, 16
MM, 26, 20, 15
MM, 17, 14, 16
MM, 5, 2, 16
MM, 41, 21, 22
MM, 33, 12, 15
MM, 25, 5, 16
MC, 1, 502
MC, 1, 736
MM, 29, 0, 333
MM, 33, 16, 23
MM, 37, 29, 15
MM, 32, 8, 16
MM, 35, 16, 16
MM, 35, 22, 15
MM, 36, 24, 16
MM, 37, 25, 22
MM, 37, 26, 0
MM, 37, 27, 16
MM, 37, 28, 15
MM, 37, 29, 68
MM, 37, 30, 1
MM, 37, 31, 16
MM, 102, 1, 599
MM, 102, 4, 16
MM, 102, 7, 15
MM, 102, 10, 16
MM, 102, 12, 16
MM, 102, 14, 15
MM, 102, 15, 19
MM, 102, 16, 4
MM, 100, 16, 51
MM, 99, 16, 8
MC, 1, 158
MM, 99, 12, 237
MM, 99, 5, 15
MM, 34, 22, 16
MM, 0, 17, 22
MC, 1, 1219
MM, 36, 7, 248
MM, 35, 11, 16
MM, 34, 14, 15
MM, 34, 18, 19
MM, 33, 23, 4
MM, 31, 28, 15
MM, 22, 1, 63
MM, 21, 3, 22
MM, 19, 7, 15
MM, 16, 11, 16
MM, 12, 15, 16
MM, 7, 19, 15
MM, 3, 23, 16
MM, 0, 25, 19
MM, 36, 0, 103
MM, 36, 1, 15
MM, 35, 4, 16
MM, 35, 6, 15
MM, 34, 8, 16
MM, 33, 10, 16
MM, 32, 11, 18
MM, 32, 13, 4
MM, 31, 14, 16
MM, 30, 16, 16
MM, 29, 17, 15
MM, 29, 18, 16
MM, 29, 19, 16
MM, 27, 19, 21
MC, 1, 224
MM, 30, 17, 204
MM, 18, 30, 31
MM, 12, 31, 15
MC, 1, 661
MC, 1, 360
MC, 1, 410
MM, 33, 0, 396
MM, 5, 10, 16
MM, 32, 21, 19
MM, 41, 8, 19
MM, 21, 25, 16
MM, 5, 4, 15
MM, 40, 20, 16
MM, 31, 30, 15
MM, 132, 2, 23
MM, 126, 6, 15
MM, 122, 9, 16
MM, 118, 11, 15
MM, 116, 12, 16
MM, 113, 14, 16
MM, 111, 15, 22
MM, 108, 18, 20
MM, 103, 21, 16
MM, 99, 23, 5
MM, 97, 25, 15
MM, 96, 26, 16
MM, 95, 26, 28
MM, 95, 27, 15
MC, 1, 307
MM, 95, 22, 220
MM, 95, 8, 15
MM, 29, 26, 16
MM, 29, 9, 15
MM, 37, 24, 22
MM, 42, 9, 16
MM, 0, 28, 216
MM, 1, 28, 16
MM, 1, 27, 16
MM, 2, 26, 15
MM, 2, 25, 22
MM, 2, 24, 32
MM, 2, 23, 31
MC, 1, 253
MC, 1, 828
MM, 0, 4, 860
MM, 6, 5, 19
MM, 10, 5, 2
MM, 12, 5, 16
MM, 13, 5, 16
MM, 13, 6, 71
MM, 13, 7, 0
MC, 1, 205
MM, 16, 7, 210
MM, 31, 7, 15
MM, 43, 7, 0
MM, 15, 7, 16
MM, 41, 7, 31
MM, 7, 7, 18
MM, 25, 5, 13
MM, 38, 3, 31
MC, 1, 759
MM, 41, 0, 424
MM, 37, 1, 3
MM, 32, 2, 16
MM, 28, 4, 16
MM, 24, 5, 15
MM, 22, 6, 16
MM, 20, 7, 15
MM, 17, 8, 22
MM, 17, 9, 32
MM, 16, 9, 0
MM, 16, 10, 24
MC, 1, 249
MM, 16, 11, 236
MM, 16, 18, 15
MM, 19, 25, 16
MM, 18, 0, 37
MM, 19, 4, 16
MM, 21, 8, 16
MM, 23, 10, 15
MM, 24, 12, 16
MM, 26, 14, 15
MM, 27, 15, 23
MM, 30, 19, 16
MM, 32, 23, 15
MM, 34, 25, 16
MM, 35, 27, 16
MM, 36, 29, 37
MM, 36, 30, 0
MM, 36, 31, 32
MM, 6, 1, 119
MM, 8, 3, 16
MM, 11, 6, 15
MM, 14, 8, 23
MM, 15, 8, 0
MM, 16, 8, 31
MM, 17, 8, 32
MM, 20, 8, 15
MM, 24, 9, 0
MC, 1, 189
MM, 29, 9, 263
MM, 45, 9, 15
MM, 65, 9, 16
MM, 91, 6, 15
MM, 22, 28, 38
MM, 41, 18, 0
MM, 0, 11, 304
MM, 7, 10, 16
MM, 20, 7, 16
MM, 41, 1, 15
MM, 21, 30, 32
MM, 32, 25, 16
MM, 43, 18, 5
MM, 5, 9, 15
MM, 15, 31, 47
MM, 18, 28, 16
MM, 20, 26, 22
MM, 20, 25, 0
MM, 20, 24, 47
MM, 21, 24, 465
MM, 26, 24, 15
MM, 31, 23, 16
MM, 0, 21, 47
MM, 1, 21, 19
MM, 2, 21, 3
MM, 3, 21, 15
MM, 3, 20, 47
MM, 3, 19, 32
MM, 2, 18, 6
MC, 1, 225
MM, 3, 18, 231
MM, 7, 21, 16
MM, 13, 26, 16
MM, 17, 30, 17
MM, 21, 1, 52
MM, 25, 4, 15
MM, 27, 6, 16
MM, 30, 8, 21
MM, 33, 11, 1
MM, 36, 16, 31
MM, 39, 20, 16
MM, 40, 22, 0
MM, 42, 26, 16
MM, 42, 29, 15
MM, 42, 30, 22
MM, 41, 30, 32
MM, 39, 29, 15
MM, 36, 27, 16
MM, 30, 22, 16
MM, 22, 18, 22
MM, 14, 15, 0
MM, 11, 14, 15
MM, 7, 13, 16
MM, 5, 12, 16
MM, 4, 12, 31
MM, 4, 11, 16
MM, 5, 11, 332
MM, 6, 11, 16
MM, 11, 11, 15
MM, 14, 11, 16
MM, 18, 12, 16
MM, 21, 13, 20
MM, 23, 13, 0
MC, 1, 238
MM, 22, 13, 216
MM, 14, 13, 16
MM, 0, 13, 16
MM, 40, 13, 21
MM, 8, 14, 16
MM, 34, 17, 16
MM, 13, 20, 16
MM, 42, 21, 31
MM, 29, 22, 18
MM, 21, 22, 4
MM, 16, 22, 16
MM, 14, 22, 15
MM, 10, 22, 16
MM, 3, 22, 15
MM, 41, 22, 37
MM, 32, 21, 16
MM, 23, 20, 16
MM, 18, 19, 16
MM, 17, 19, 0
MM, 14, 19, 15
MM, 13, 19, 41
MM, 11, 19, 16
MM, 9, 19, 16
MM, 7, 19, 0
MM, 4, 19, 15
MM, 2, 19, 16
MM, 42, 22, 52
MM, 36, 23, 16
MM, 34, 24, 15
MM, 29, 25, 16
MM, 25, 26, 0
MM, 22, 26, 32
MM, 19, 26, 7
MM, 16, 26, 15
MM, 13, 26, 16
MM, 10, 26, 16
MM, 9, 26, 15
MM, 7, 26, 16
MM, 5, 26, 17
MM, 4, 26, 5
MM, 3, 26, 0
MM, 0, 26, 31
MM, 43, 24, 188
MM, 42, 24, 0
MM, 41, 24, 32
MM, 40, 23, 50
MM, 39, 23, 3
MM, 39, 22, 32
MM, 38, 22, 15
MM, 37, 22, 16
MM, 36, 22, 15
MM, 35, 22, 23
MM, 33, 21, 15
MM, 31, 19, 16
MM, 30, 19, 0
MM, 29, 18, 31
MM, 28, 17, 16
MM, 27, 17, 18
MM, 24, 16, 50
MC, 1, 185
MM, 20, 16, 231
MM, 15, 19, 0
MM, 40, 30, 38
MM, 14, 1, 31
MM, 8, 4, 16
MM, 3, 5, 16
MM, 41, 12, 33
MM, 28, 18, 4
MM, 16, 25, 16
MM, 6, 31, 15
MM, 349, 4, 4412
MM, 345, 12, 8
MM, 336, 28, 23
MM, 331, 35, 16
MM, 328, 40, 24
MM, 327, 41, 8
MM, 327, 42, 16
MM, 326, 42, 24
MM, 326, 43, 8
MM, 324, 45, 32
MM, 323, 47, 16
MM, 322, 48, 8
MM, 321, 48, 16
MM, 320, 48, 16
MM, 319, 48, 219
MM, 314, 49, 16
MM, 310, 50, 16
MM, 308, 50, 15
MM, 304, 50, 16
MM, 301, 50, 22
MM, 298, 50, 16
MM, 297, 50, 15
MM, 295, 50, 0
MM, 293, 50, 32
MM, 292, 50, 0
MM, 288, 51, 35
MM, 285, 51, 2
MM, 283, 52, 16
MM, 282, 52, 16
MM, 280, 52, 15
MM, 278, 53, 16
MM, 278, 54, 31
MM, 277, 54, 22
MM, 278, 54, 216
MM, 279, 54, 16
MM, 280, 54, 16
MM, 280, 55, 154
MM, 279, 55, 31
MM, 279, 56, 31
MM, 69, 4, 86572
MM, 55, 8, 7
MM, 9, 20, 17
MM, 45, 4, 551
MM, 49, 18, 8
MM, 54, 33, 16
MM, 59, 46, 16
MM, 60, 51, 16
MM, 61, 53, 10
MM, 62, 55, 16
MM, 63, 55, 6
MM, 64, 56, 16
MM, 68, 60, 16
MM, 72, 62, 10
MM, 28, 9, 96
MM, 7, 5, 22
MM, 19, 30, 26
MM, 15, 5, 16
MM, 16, 17, 24
MM, 16, 22, 32
MM, 17, 22, 32
MM, 22, 22, 16
MM, 28, 22, 25
MM, 31, 22, 15
MM, 33, 23, 16
MM, 34, 24, 16
MM, 35, 25, 16
MM, 36, 27, 16
MM, 37, 28, 8
MM, 37, 29, 32
MM, 37, 30, 16
MM, 38, 30, 24
MM, 38, 31, 16
MM, 55, 0, 240
MM, 55, 1, 8
MM, 53, 3, 32
MM, 53, 4, 16
MM, 52, 4, 96
MM, 51, 4, 8
MC, 1, 253
MM, 44, 16, 1445
