**********************************
LOGGING TIME: 20161113_105148
CLIENT IP: 10.146.230.155
USERNAME: Elon Musk
OS: Windows 10
*********************Neutral database**********************************
MM, 177, 24, 1477468750697
MM, 0, 1, 577
MM, 0, 2, 0
MM, 0, 3, 15
MM, 1, 3, 132
MM, 2, 4, 22
MM, 3, 4, 16
MM, 4, 4, 16
MM, 5, 4, 15
MM, 6, 5, 0
MM, 7, 6, 16
MM, 8, 6, 16
MM, 9, 6, 41
MM, 9, 7, 0
MC, 1, 251
MM, 9, 8, 138
MM, 10, 12, 16
MM, 100, 6, 31
MM, 106, 20, 0
MM, 125, 14, 16
MM, 73, 14, 120
MM, 75, 17, 217
MM, 78, 21, 2
MM, 85, 30, 0
MM, 91, 40, 16
MM, 95, 46, 0
MM, 102, 57, 15
MM, 24, 2, 16
MM, 30, 12, 20
MM, 33, 19, 5
MM, 35, 22, 0
MM, 0, 30, 507
MM, 0, 2, 138
MM, 3, 2, 46
MM, 4, 2, 16
MM, 5, 2, 22
MM, 6, 2, 16
MM, 6, 1, 16
MM, 6, 0, 0
MM, 8, 0, 225
MM, 8, 1, 16
MM, 9, 2, 0
MM, 10, 2, 17
MM, 10, 3, 8
MM, 11, 5, 3
MM, 11, 6, 16
MM, 12, 7, 0
MM, 13, 7, 15
MM, 13, 8, 0
MM, 14, 8, 16
MC, 1, 271
MM, 10, 8, 155
MM, 3, 8, 0
MM, 34, 5, 16
MM, 20, 3, 19
MM, 33, 31, 15
MM, 19, 28, 16
MM, 12, 27, 0
MM, 1, 25, 16
MM, 32, 23, 15
MM, 18, 21, 16
MM, 12, 19, 15
MM, 8, 18, 7
MM, 4, 17, 0
MM, 0, 17, 16
MM, 43, 15, 15
MM, 27, 11, 47
MM, 26, 11, 22
MM, 25, 11, 0
MM, 24, 11, 16
MM, 23, 11, 16
MM, 22, 11, 0
MM, 22, 10, 20
MM, 21, 10, 8
MM, 20, 10, 12
MC, 1, 210
MM, 22, 10, 171
MM, 29, 10, 0
MM, 38, 10, 16
MM, 28, 10, 41
MM, 36, 10, 31
MM, 35, 10, 16
MM, 2, 10, 16
MM, 22, 10, 15
MM, 33, 10, 19
MM, 1, 11, 19
MM, 11, 12, 0
MM, 19, 12, 16
MM, 23, 13, 15
MM, 28, 13, 16
MM, 33, 13, 0
MM, 37, 13, 16
MM, 2, 13, 21
MM, 23, 13, 16
MM, 28, 13, 16
MM, 35, 13, 0
MM, 38, 13, 15
MM, 4, 11, 16
MM, 8, 10, 16
MM, 12, 10, 0
MM, 15, 9, 20
MM, 17, 8, 2
MM, 21, 7, 15
MM, 23, 7, 0
MM, 24, 7, 16
MM, 26, 7, 0
MM, 27, 7, 20
MM, 28, 6, 8
MM, 30, 5, 16
MM, 30, 4, 11
MM, 32, 4, 8
MM, 33, 4, 6
MM, 33, 3, 19
MM, 34, 3, 0
MM, 35, 2, 15
MM, 36, 1, 0
MM, 36, 0, 31
MM, 0, 30, 66
MM, 0, 29, 15
MM, 0, 27, 0
MM, 0, 26, 16
MM, 1, 26, 16
MM, 2, 26, 0
MM, 3, 25, 18
MM, 4, 25, 3
MM, 5, 25, 16
MM, 5, 24, 47
MM, 5, 23, 16
MM, 5, 22, 22
MM, 5, 21, 0
MM, 5, 20, 32
MC, 1, 221
MM, 4, 20, 186
MM, 0, 18, 0
MM, 35, 16, 16
MM, 17, 11, 16
MM, 10, 8, 0
MM, 26, 4, 15
MM, 10, 3, 21
MM, 36, 3, 16
MM, 24, 3, 0
MM, 12, 3, 16
MM, 6, 3, 16
MM, 3, 3, 0
MM, 1, 3, 15
MM, 0, 5, 88
MM, 2, 6, 15
MM, 3, 6, 0
MM, 4, 7, 16
MM, 8, 7, 20
MM, 25, 10, 33
MM, 32, 11, 16
MM, 34, 11, 0
MM, 37, 12, 15
MM, 39, 13, 0
MM, 41, 13, 16
MM, 42, 13, 22
MM, 43, 13, 0
MM, 0, 13, 146
MM, 1, 13, 0
MM, 2, 13, 16
MM, 3, 13, 16
MM, 4, 13, 0
MM, 5, 13, 17
MM, 6, 13, 5
MM, 7, 12, 16
MM, 8, 11, 16
MC, 1, 208
MM, 5, 11, 219
MM, 42, 9, 16
MM, 33, 8, 0
MM, 23, 5, 16
MM, 13, 5, 0
MM, 40, 4, 22
MM, 30, 4, 0
MM, 8, 4, 15
MC, 1, 623
MC, 1, 631
MM, 22, 0, 369
MM, 21, 0, 16
MM, 21, 1, 15
MM, 20, 1, 31
MM, 19, 1, 42
MM, 18, 1, 16
MC, 1, 250
MC, 1, 347
MM, 19, 1, 213
MM, 20, 1, 15
MM, 23, 1, 0
MM, 27, 1, 16
MM, 41, 1, 16
MM, 35, 1, 376
MM, 35, 2, 0
MM, 35, 3, 16
MM, 34, 4, 16
MM, 34, 5, 0
MM, 33, 5, 21
MM, 33, 6, 1
MM, 32, 7, 16
MM, 31, 8, 16
MM, 30, 9, 15
MM, 29, 9, 16
MM, 28, 9, 16
MC, 1, 199
MM, 32, 9, 223
MM, 43, 16, 16
MM, 4, 21, 0
MM, 10, 15, 31
MM, 32, 30, 16
MM, 1, 8, 37
MM, 9, 15, 0
MM, 17, 19, 16
MM, 28, 26, 15
MM, 32, 28, 0
MM, 34, 29, 16
MM, 36, 30, 0
MM, 38, 30, 16
MM, 39, 30, 15
MM, 39, 29, 39
MM, 39, 28, 0
MM, 38, 27, 15
MM, 37, 26, 16
MM, 37, 25, 21
MM, 37, 24, 8
MM, 36, 24, 11
MM, 35, 24, 45
MC, 1, 295
MM, 32, 23, 234
MM, 28, 22, 0
MM, 24, 19, 16
MM, 21, 17, 0
MM, 8, 11, 15
MM, 35, 31, 94
MM, 34, 30, 4
MM, 31, 28, 19
MM, 30, 28, 6
MM, 29, 27, 0
MM, 27, 26, 15
MM, 26, 25, 16
MM, 25, 24, 0
MM, 24, 23, 15
MM, 24, 22, 16
MM, 23, 22, 0
MM, 22, 22, 16
MM, 21, 21, 22
MM, 20, 21, 32
MM, 19, 21, 12
MM, 18, 21, 31
MM, 17, 21, 25
MM, 17, 20, 16
MM, 16, 19, 0
MM, 13, 17, 15
MC, 1, 191
MM, 17, 17, 231
MM, 26, 17, 0
MM, 41, 17, 16
MM, 3, 17, 15
MM, 21, 13, 20
MM, 40, 8, 2
MM, 48, 5, 16
MM, 22, 26, 85
MM, 26, 24, 16
MM, 28, 22, 0
MM, 33, 19, 15
MM, 34, 17, 16
MM, 39, 13, 16
MC, 1, 271
MM, 38, 13, 188
MM, 34, 13, 0
MM, 27, 13, 16
MM, 18, 15, 0
MM, 1, 19, 16
MM, 34, 20, 15
MM, 18, 25, 16
MM, 14, 26, 0
MM, 2, 30, 23
MM, 30, 31, 710
MM, 29, 31, 0
MM, 28, 29, 16
MM, 28, 28, 15
MM, 27, 26, 16
MM, 27, 25, 0
MM, 27, 24, 16
MM, 27, 23, 15
MM, 27, 22, 22
MM, 27, 21, 32
MM, 27, 20, 15
MC, 1, 237
MM, 28, 20, 201
MM, 30, 20, 0
MM, 42, 19, 22
MM, 6, 18, 16
MM, 15, 18, 0
MM, 24, 18, 16
MM, 30, 18, 15
MM, 36, 18, 16
MM, 38, 18, 0
MM, 41, 18, 15
MM, 43, 18, 23
MM, 1, 18, 46
MM, 2, 18, 16
MM, 7, 19, 16
MM, 8, 19, 0
MM, 11, 19, 22
MM, 12, 19, 15
MM, 13, 19, 0
MM, 14, 19, 16
MM, 15, 19, 16
MM, 16, 19, 15
MC, 1, 258
MM, 14, 19, 292
MM, 13, 21, 0
MM, 6, 24, 15
MM, 4, 27, 16
MC, 1, 480
MM, 31, 1, 281
MM, 31, 4, 17
MM, 31, 11, 4
MM, 30, 13, 16
MM, 29, 20, 16
MM, 29, 22, 0
MM, 28, 26, 15
MM, 19, 1, 31
MM, 19, 4, 0
MM, 18, 10, 38
MM, 18, 12, 0
MM, 17, 13, 15
MM, 17, 14, 16
MM, 17, 15, 0
MM, 17, 16, 51
MM, 16, 16, 2
MM, 16, 17, 16
MM, 16, 18, 16
MM, 16, 19, 31
MM, 16, 20, 0
MM, 15, 20, 37
MC, 1, 197
MM, 15, 19, 155
MM, 15, 14, 15
MM, 11, 3, 16
MM, 17, 30, 0
MM, 14, 16, 22
MM, 13, 9, 0
MM, 11, 30, 98
MM, 10, 27, 2
MM, 10, 23, 16
MM, 10, 21, 0
MM, 12, 19, 15
MM, 18, 17, 16
MM, 21, 16, 0
MM, 24, 16, 16
MM, 32, 14, 15
MM, 35, 14, 0
MM, 39, 13, 22
MM, 41, 13, 16
MM, 43, 13, 16
MM, 0, 8, 100
MM, 1, 8, 31
MM, 2, 8, 16
MM, 2, 7, 22
MM, 3, 7, 16
MM, 4, 6, 47
MM, 5, 6, 0
MM, 6, 6, 16
MM, 7, 6, 22
MM, 8, 6, 0
MM, 9, 6, 15
MM, 10, 6, 16
MM, 11, 6, 16
MM, 11, 7, 0
MM, 12, 7, 31
MM, 12, 8, 26
MC, 1, 197
MM, 20, 8, 208
MM, 32, 8, 16
MC, 1, 916
MC, 1, 844
MM, 42, 0, 437
MM, 37, 3, 15
MM, 32, 4, 22
MM, 30, 5, 0
MM, 27, 6, 16
MM, 25, 7, 16
MM, 22, 7, 15
MM, 20, 8, 0
MM, 17, 8, 16
MM, 15, 9, 16
MM, 14, 9, 0
MM, 12, 10, 22
MM, 11, 11, 0
MM, 10, 11, 31
MM, 9, 11, 16
MM, 8, 12, 0
MM, 7, 13, 31
MM, 6, 13, 0
MM, 5, 13, 21
MM, 3, 13, 0
MM, 3, 14, 17
MM, 1, 14, 15
MM, 0, 14, 0
MM, 42, 14, 47
MM, 41, 14, 0
MM, 35, 14, 22
MM, 34, 14, 16
MM, 31, 14, 0
MM, 26, 14, 15
MM, 25, 14, 16
MM, 24, 14, 0
MM, 23, 14, 16
MM, 22, 14, 0
MC, 1, 208
MM, 26, 14, 244
MM, 30, 14, 15
MM, 33, 14, 0
MM, 38, 16, 16
MM, 40, 16, 16
MM, 41, 16, 0
MM, 43, 17, 15
MM, 0, 19, 73
MM, 1, 19, 31
MM, 2, 19, 16
MM, 3, 19, 20
MM, 4, 19, 33
MC, 1, 276
MM, 8, 20, 254
MM, 15, 22, 0
MM, 33, 30, 31
MM, 7, 27, 51
MM, 32, 0, 16
MM, 5, 9, 16
MM, 22, 16, 15
MM, 4, 29, 38
MM, 34, 1, 31
MM, 41, 2, 16
MM, 4, 4, 16
MM, 17, 8, 19
MM, 28, 10, 3
MM, 37, 10, 15
MM, 43, 10, 16
MC, 1, 645
MM, 19, 4, 216
MM, 339, 56, 37
MM, 307, 30, 0
MM, 275, 6, 16
MC, 1, 971
MM, 144, 11, 16070
MM, 144, 22, 2
MM, 144, 36, 20
MM, 145, 39, 8
MM, 149, 56, 9
MM, 43, 25, 110
MM, 41, 27, 16
MM, 36, 28, 15
MM, 33, 29, 0
MM, 28, 31, 23
MM, 8, 0, 449
MM, 11, 1, 0
MM, 25, 6, 16
MM, 35, 9, 16
MM, 43, 11, 19
MM, 6, 16, 3
MM, 14, 19, 15
MM, 20, 21, 16
MM, 21, 22, 16
MM, 24, 22, 15
MM, 24, 23, 16
MM, 26, 23, 0
MM, 29, 23, 38
MM, 30, 23, 0
MM, 30, 22, 46
MM, 30, 21, 42
MM, 30, 20, 16
MM, 29, 20, 15
MM, 28, 20, 16
MM, 28, 19, 15
MM, 27, 19, 38
MC, 1, 218
MM, 27, 18, 192
MM, 27, 15, 16
MM, 27, 10, 0
MM, 27, 4, 16
MM, 28, 29, 31
MM, 28, 27, 0
MM, 28, 26, 16
MM, 28, 25, 18
MM, 27, 25, 78
MM, 27, 24, 0
MM, 26, 24, 22
MM, 26, 22, 0
MM, 25, 21, 16
MM, 24, 21, 16
MM, 24, 19, 15
MM, 23, 19, 0
MM, 22, 18, 16
MM, 22, 17, 0
MM, 21, 17, 16
MM, 21, 16, 22
MC, 1, 253
MM, 23, 16, 117
MM, 31, 17, 16
MM, 5, 23, 20
MM, 10, 24, 0
MM, 20, 26, 16
MM, 2, 29, 31
MM, 8, 29, 0
MM, 19, 30, 16
MM, 23, 30, 15
MM, 28, 30, 22
MM, 31, 30, 0
MM, 33, 30, 16
MM, 34, 30, 16
MM, 34, 29, 72
MM, 34, 28, 16
MM, 34, 27, 62
MM, 35, 27, 19
MM, 35, 26, 4
MM, 36, 26, 15
MP, 1, 452
MR, 1, 0
MC, 1, 0
MM, 0, 20, 378
MM, 1, 20, 16
MM, 2, 20, 15
MM, 3, 20, 16
MM, 4, 20, 23
MM, 4, 19, 16
MM, 5, 19, 0
MM, 6, 19, 16
MM, 6, 18, 16
MM, 6, 17, 31
MM, 7, 16, 21
MM, 7, 15, 0
MM, 7, 14, 32
MC, 1, 235
MM, 6, 14, 220
MM, 2, 12, 18
MM, 36, 9, 4
MM, 26, 6, 16
MM, 22, 6, 15
MM, 7, 4, 16
MM, 4, 4, 0
MM, 32, 4, 31
MM, 28, 4, 0
MM, 23, 4, 22
MM, 18, 4, 16
MM, 17, 4, 16
MM, 15, 4, 15
MM, 14, 4, 16
MM, 13, 4, 33
MM, 13, 5, 20
MM, 13, 6, 31
MC, 1, 201
MM, 12, 6, 185
MM, 9, 6, 16
MM, 5, 6, 0
MM, 38, 1, 16
MC, 1, 576
MC, 1, 683
MC, 1, 679
MM, 33, 9, 189
MM, 34, 31, 16
MM, 28, 15, 0
MM, 93, 10, 32
MM, 93, 32, 6
MM, 82, 39, 182
MM, 80, 32, 20
MM, 79, 28, 2
MM, 74, 16, 16
MM, 73, 10, 0
MM, 72, 7, 16
MM, 71, 1, 15
MM, 75, 0, 237
MM, 77, 1, 20
MM, 78, 2, 1
MM, 79, 3, 16
MM, 80, 4, 16
MM, 80, 6, 15
MM, 80, 7, 16
MM, 80, 9, 16
MM, 80, 10, 22
MM, 80, 11, 16
MM, 80, 12, 16
MM, 79, 13, 15
MM, 78, 14, 0
MM, 77, 15, 31
MM, 76, 15, 0
MM, 75, 15, 20
MC, 1, 189
MM, 79, 15, 200
MM, 88, 11, 0
MM, 113, 0, 22
MM, 28, 26, 15
MM, 0, 17, 16
MM, 0, 31, 31
MM, 18, 20, 16
MM, 27, 16, 17
MM, 43, 8, 5
MM, 9, 31, 31
MM, 12, 28, 16
MM, 17, 23, 16
MM, 20, 20, 15
MM, 20, 18, 0
MM, 21, 18, 38
MC, 1, 368
MM, 20, 18, 122
MM, 13, 18, 16
MM, 43, 19, 16
MM, 24, 21, 16
MM, 33, 31, 15
MM, 1, 2, 16
MM, 34, 9, 22
MM, 8, 16, 16
MM, 39, 18, 31
MM, 21, 18, 15
MM, 10, 18, 16
MM, 43, 18, 38
MM, 37, 18, 15
MM, 35, 17, 16
MM, 34, 17, 16
MM, 33, 17, 15
MM, 32, 17, 22
MM, 30, 17, 16
MM, 26, 17, 16
MM, 21, 17, 15
MM, 19, 17, 16
MM, 17, 17, 0
MM, 14, 17, 16
MM, 12, 17, 0
MM, 10, 17, 22
MM, 9, 17, 0
MM, 6, 17, 31
MM, 5, 17, 0
MM, 1, 16, 16
MM, 43, 15, 50
MM, 41, 15, 3
MM, 39, 14, 16
MM, 38, 14, 15
MM, 37, 14, 16
MM, 36, 14, 0
MM, 34, 14, 16
MM, 32, 13, 15
MM, 29, 12, 22
MM, 27, 12, 0
MM, 24, 11, 24
MM, 20, 9, 1
MM, 17, 7, 32
MM, 13, 7, 15
MM, 12, 7, 0
MC, 1, 248
MM, 12, 9, 233
MM, 12, 15, 0
MM, 18, 26, 15
MM, 17, 0, 16
MM, 24, 8, 22
MM, 30, 16, 16
MM, 33, 17, 0
MM, 38, 22, 16
MM, 0, 31, 31
MM, 28, 0, 37
MM, 32, 4, 16
MM, 37, 7, 16
MM, 41, 10, 15
MM, 42, 12, 16
MM, 44, 13, 15
MM, 46, 13, 69
MM, 48, 14, 0
MC, 1, 234
MM, 51, 10, 224
MM, 4, 21, 16
MM, 18, 2, 16
MM, 43, 17, 31
MM, 0, 5, 16
MC, 1, 481
MM, 1, 0, 290
MM, 7, 6, 15
MM, 11, 10, 16
MM, 13, 12, 16
MM, 14, 12, 0
MM, 15, 13, 22
MM, 16, 13, 15
MC, 1, 293
MM, 11, 13, 167
MM, 4, 11, 15
MM, 40, 1, 22
MC, 1, 1051
MM, 4, 16, 251
MM, 9, 25, 0
MM, 11, 5, 22
MM, 13, 9, 16
MM, 17, 16, 16
MM, 18, 19, 0
MM, 19, 22, 31
MM, 19, 23, 0
MM, 20, 25, 16
MM, 20, 27, 16
MM, 21, 28, 6
MM, 22, 30, 0
MM, 89, 0, 47
MM, 89, 1, 0
MM, 90, 3, 15
MM, 90, 5, 0
MM, 90, 7, 16
MM, 91, 8, 19
MM, 91, 9, 19
MM, 91, 10, 15
MM, 91, 11, 47
MM, 91, 12, 73
MM, 91, 13, 15
MM, 91, 14, 16
MM, 91, 15, 20
MM, 91, 16, 16
MM, 91, 17, 15
MM, 91, 18, 0
MM, 90, 19, 16
MM, 89, 19, 47
MM, 89, 20, 6
MM, 88, 20, 16
MC, 1, 224
MM, 91, 20, 206
MM, 101, 20, 0
MM, 126, 17, 16
MM, 158, 14, 15
MM, 189, 11, 16
MM, 37, 30, 243
MM, 39, 27, 16
MM, 39, 26, 16
MM, 39, 24, 0
MM, 39, 23, 15
MM, 37, 21, 16
MM, 35, 20, 22
MM, 33, 19, 16
MM, 32, 19, 0
MM, 31, 18, 15
MM, 30, 18, 16
MM, 29, 18, 16
MM, 28, 18, 15
MM, 27, 18, 22
MM, 26, 18, 16
MM, 25, 18, 16
MM, 24, 18, 15
MM, 22, 18, 16
MC, 1, 204
MM, 27, 13, 256
MM, 35, 4, 0
MM, 11, 26, 25
MM, 34, 2, 16
MM, 13, 21, 16
MM, 24, 10, 28
MM, 26, 7, 16
MM, 26, 6, 0
MM, 25, 6, 135
MM, 24, 6, 31
MM, 23, 6, 0
MC, 1, 203
MM, 22, 6, 223
MM, 18, 6, 16
MM, 5, 3, 15
MM, 12, 3, 31
MM, 2, 3, 16
MM, 29, 4, 19
MM, 35, 14, 19
MM, 13, 18, 0
MM, 14, 0, 184
MM, 13, 0, 0
MM, 9, 0, 16
MM, 8, 0, 16
MM, 7, 1, 15
MM, 6, 1, 0
MM, 6, 2, 16
MM, 5, 2, 0
MM, 3, 3, 15
MM, 2, 3, 22
MM, 0, 4, 0
MM, 42, 7, 47
MM, 40, 7, 0
MM, 38, 8, 16
MM, 37, 9, 0
MM, 32, 9, 16
MM, 30, 9, 18
MM, 29, 9, 4
MM, 28, 10, 0
MM, 27, 11, 15
MM, 25, 11, 16
MM, 24, 11, 16
MM, 24, 12, 0
MC, 1, 255
MM, 26, 12, 179
MM, 32, 12, 22
MM, 43, 12, 0
MM, 23, 6, 31
MC, 1, 682
MM, 44, 4, 272
MM, 45, 21, 16
MM, 35, 2, 37
MM, 33, 12, 16
MM, 32, 16, 0
MM, 31, 21, 16
MM, 143, 1, 69
MM, 141, 8, 15
MM, 141, 11, 16
MM, 140, 14, 15
MM, 139, 16, 16
MM, 138, 19, 22
MM, 138, 20, 0
MM, 137, 22, 16
MM, 137, 25, 31
MM, 137, 26, 16
MM, 137, 27, 15
MM, 137, 28, 22
MC, 1, 263
MM, 138, 28, 173
MM, 142, 28, 15
MM, 154, 28, 16
MM, 170, 24, 15
MM, 179, 22, 18
MM, 7, 31, 119
MM, 8, 30, 0
MM, 8, 29, 16
MM, 9, 27, 16
MM, 9, 25, 15
MM, 11, 23, 16
MM, 11, 21, 22
MM, 11, 20, 0
MM, 12, 20, 16
MC, 1, 262
MM, 11, 20, 262
MM, 2, 16, 0
MM, 39, 6, 15
MM, 16, 0, 16
MM, 27, 29, 35
MM, 31, 28, 19
MM, 18, 28, 0
MM, 43, 29, 15
MM, 0, 0, 31
MM, 41, 2, 16
MM, 23, 4, 22
MM, 19, 4, 16
MM, 12, 4, 15
MM, 10, 4, 0
MM, 7, 4, 16
MM, 4, 4, 0
MM, 2, 4, 16
MM, 1, 3, 0
MM, 39, 31, 210
MM, 37, 30, 15
MM, 36, 30, 0
MM, 33, 28, 22
MM, 31, 28, 0
MM, 30, 28, 16
MM, 28, 28, 0
MM, 27, 28, 16
MM, 23, 28, 15
MM, 25, 28, 618
MM, 29, 28, 16
MM, 31, 28, 0
MM, 40, 28, 15
MM, 43, 28, 19
MM, 0, 28, 31
MM, 0, 26, 16
MM, 0, 25, 31
MM, 0, 24, 0
MM, 43, 22, 110
MM, 42, 22, 28
MM, 41, 22, 16
MM, 40, 22, 15
MM, 39, 22, 32
MM, 38, 22, 22
MM, 37, 22, 16
MM, 36, 22, 15
MM, 35, 22, 16
MM, 34, 22, 31
MM, 33, 21, 22
MM, 32, 21, 0
MM, 31, 21, 15
MM, 28, 20, 16
MM, 22, 20, 16
MC, 1, 254
MM, 24, 20, 214
MM, 27, 20, 15
MM, 36, 20, 16
MM, 0, 20, 16
MM, 10, 21, 31
MM, 13, 22, 19
MM, 14, 22, 3
MC, 1, 408
MC, 1, 343
MM, 20, 22, 412
MM, 29, 22, 0
MM, 0, 16, 15
MM, 40, 9, 16
MM, 37, 1, 16
MM, 9, 15, 37
MM, 35, 2, 16
MM, 35, 3, 373
MM, 31, 6, 31
MM, 21, 11, 31
MM, 20, 12, 16
MM, 11, 15, 38
MM, 9, 15, 15
MM, 9, 16, 0
MM, 8, 16, 16
MM, 7, 16, 16
MC, 1, 219
MM, 3, 18, 288
MM, 40, 24, 36
MM, 32, 27, 2
MM, 3, 0, 31
MM, 42, 3, 16
MM, 25, 8, 15
MM, 21, 9, 0
MM, 7, 14, 31
MM, 40, 24, 38
MM, 37, 25, 0
MM, 28, 28, 16
MM, 23, 29, 15
MM, 19, 31, 16
MM, 29, 0, 288
MM, 28, 1, 0
MM, 28, 2, 134
MM, 28, 3, 4
MM, 28, 4, 31
MM, 27, 5, 47
MM, 27, 6, 21
MM, 26, 6, 0
MM, 25, 8, 32
MM, 25, 9, 0
MM, 25, 10, 31
MM, 24, 11, 16
MM, 23, 12, 20
MM, 23, 13, 18
MM, 22, 13, 0
MM, 21, 13, 31
MM, 20, 13, 15
MC, 1, 189
MM, 17, 10, 184
MM, 15, 7, 16
MM, 10, 0, 15
MM, 11, 29, 16
MM, 4, 17, 23
MM, 3, 15, 0
MM, 1, 11, 31
MM, 0, 11, 101
MM, 42, 2, 133
MM, 42, 0, 16
MC, 1, 395
MM, 35, 2, 251
MM, 39, 22, 16
MM, 40, 27, 0
MM, 37, 7, 15
MM, 41, 22, 16
MM, 61, 0, 38
MM, 62, 1, 16
MM, 63, 3, 15
MM, 63, 4, 16
MM, 63, 6, 28
MM, 64, 8, 8
MM, 65, 12, 17
MM, 65, 15, 0
MM, 66, 18, 16
MM, 67, 22, 16
MM, 67, 23, 15
MM, 67, 24, 16
MM, 68, 25, 0
MM, 68, 26, 15
MM, 68, 27, 19
MM, 69, 30, 19
MM, 70, 31, 16
MM, 70, 33, 0
MM, 72, 33, 15
MM, 72, 31, 57
MM, 72, 30, 16
MC, 1, 198
MM, 76, 29, 223
MM, 83, 26, 0
MM, 101, 18, 16
MM, 133, 5, 16
MM, 8, 28, 15
MM, 9, 5, 23
MM, 11, 26, 16
MM, 43, 14, 15
MM, 16, 3, 16
MM, 11, 30, 31
MM, 23, 27, 22
MM, 27, 26, 0
MM, 33, 26, 32
MM, 35, 26, 0
MM, 35, 25, 119
MM, 35, 26, 0
MM, 34, 27, 24
MM, 34, 29, 18
MM, 33, 29, 10
MM, 32, 29, 0
MM, 31, 29, 16
MM, 30, 29, 16
MM, 29, 29, 0
MM, 28, 29, 15
MM, 27, 29, 32
MM, 26, 29, 21
MM, 25, 29, 16
MM, 23, 28, 16
MM, 22, 26, 15
MM, 21, 25, 16
MM, 20, 23, 0
MM, 19, 22, 16
MM, 19, 21, 20
MM, 18, 20, 2
MM, 18, 19, 31
MM, 18, 18, 0
MC, 1, 237
MM, 17, 18, 243
MM, 16, 19, 0
MM, 14, 23, 16
MM, 11, 28, 16
MM, 9, 31, 15
MM, 43, 0, 104
MM, 42, 0, 16
MM, 41, 0, 16
MM, 41, 1, 18
MM, 40, 1, 19
MM, 39, 1, 32
MC, 1, 204
MM, 36, 2, 235
MM, 34, 3, 23
MM, 30, 5, 15
MM, 25, 7, 16
MM, 22, 8, 0
MM, 19, 10, 16
MM, 15, 11, 15
MM, 9, 11, 16
MM, 43, 11, 22
MM, 12, 6, 16
MM, 17, 30, 31
MM, 4, 28, 0
MM, 23, 0, 448
MM, 16, 1, 5
MM, 9, 2, 16
MM, 6, 2, 16
MM, 1, 3, 15
MM, 0, 6, 338
MM, 3, 8, 0
MM, 7, 9, 17
MM, 13, 12, 5
MM, 19, 14, 15
MM, 22, 15, 16
MM, 26, 15, 16
MM, 27, 15, 15
MM, 28, 15, 0
MC, 1, 336
MM, 32, 15, 261
MM, 37, 15, 0
MM, 3, 16, 16
MM, 11, 16, 15
MM, 30, 16, 21
MM, 42, 16, 1
MM, 14, 16, 16
MM, 8, 24, 31
MM, 41, 0, 54
MM, 1, 5, 16
MM, 10, 10, 16
MM, 13, 12, 15
MM, 18, 14, 16
MM, 21, 16, 0
MM, 27, 18, 15
MM, 32, 20, 22
MM, 37, 21, 15
MM, 41, 22, 32
MM, 3, 24, 54
MM, 11, 24, 15
MM, 14, 24, 16
MM, 15, 24, 0
MM, 20, 24, 15
MM, 21, 24, 16
MM, 22, 22, 16
MM, 22, 21, 22
MM, 23, 20, 15
MM, 23, 19, 0
MM, 25, 18, 16
MM, 26, 17, 16
MM, 27, 17, 31
MM, 27, 16, 16
MM, 28, 15, 6
MM, 28, 14, 31
MC, 1, 256
MM, 24, 12, 186
MM, 20, 9, 0
MM, 10, 4, 16
MM, 41, 27, 37
MM, 9, 15, 32
MM, 6, 13, 0
MM, 40, 4, 31
MC, 1, 552
MC, 1, 727
MM, 16, 7, 277
MM, 18, 14, 21
MM, 23, 24, 16
MM, 20, 1, 20
MM, 21, 5, 0
MM, 23, 11, 15
MM, 23, 12, 22
MM, 23, 14, 6
MM, 23, 16, 16
MM, 23, 17, 16
MM, 23, 19, 15
MM, 22, 23, 16
MM, 22, 24, 0
MM, 22, 28, 16
MM, 20, 30, 22
MM, 19, 31, 15
MM, 113, 0, 63
MM, 110, 2, 17
MM, 106, 3, 5
MM, 104, 4, 24
MM, 103, 4, 20
MM, 103, 5, 4
MM, 102, 5, 16
MM, 102, 6, 72
MM, 101, 6, 68
MM, 100, 6, 2
MC, 1, 200
MM, 102, 6, 285
MM, 104, 6, 0
MM, 115, 2, 22
MM, 32, 28, 32
MM, 39, 25, 0
MM, 3, 17, 15
MM, 13, 12, 16
MM, 27, 3, 16
MM, 41, 29, 37
MM, 2, 19, 16
MM, 7, 11, 0
MM, 15, 1, 15
MM, 24, 28, 16
MM, 30, 21, 16
MM, 33, 16, 22
MM, 35, 15, 15
MM, 35, 14, 0
MM, 36, 14, 16
MM, 37, 14, 47
MM, 39, 14, 38
MM, 40, 14, 15
MM, 41, 14, 16
MM, 0, 10, 31
MM, 17, 4, 62
MM, 17, 3, 27
MC, 1, 281
MM, 16, 3, 225
MM, 10, 7, 16
MM, 2, 16, 16
MM, 43, 30, 24
MM, 34, 2, 24
MM, 30, 6, 16
MM, 26, 9, 25
MM, 23, 10, 16
MM, 20, 11, 16
MM, 17, 13, 16
MM, 13, 16, 16
MM, 5, 21, 24
MM, 1, 23, 16
MM, 36, 0, 254
MM, 34, 1, 16
MM, 30, 3, 15
MM, 27, 4, 16
MM, 26, 4, 37
MM, 25, 5, 0
MC, 1, 236
MM, 25, 8, 248
MM, 24, 11, 0
MM, 20, 23, 25
MM, 173, 0, 63
MM, 171, 1, 15
MM, 169, 2, 22
MM, 167, 3, 16
MM, 165, 4, 16
MM, 164, 5, 0
MM, 161, 6, 31
MM, 159, 8, 15
MM, 158, 9, 23
MM, 157, 10, 15
MM, 154, 11, 16
MM, 152, 11, 16
MM, 150, 12, 0
MM, 144, 13, 15
MC, 1, 222
MM, 148, 13, 224
MM, 168, 4, 15
MM, 31, 25, 16
MM, 15, 27, 67
MM, 19, 21, 2
MM, 26, 11, 16
MM, 3, 21, 31
MM, 11, 16, 16
MM, 18, 12, 15
MM, 22, 9, 23
MM, 27, 7, 15
MM, 30, 7, 0
MM, 34, 7, 16
MM, 2, 6, 31
MM, 6, 6, 16
MM, 13, 5, 18
MM, 23, 4, 35
MM, 24, 4, 16
MM, 24, 3, 54
MM, 23, 3, 46
MM, 22, 5, 16
MM, 21, 8, 16
MM, 20, 10, 17
MM, 18, 10, 5
MM, 14, 10, 15
MM, 11, 10, 16
MM, 8, 10, 16
MM, 4, 10, 15
MC, 1, 224
MM, 3, 10, 308
MM, 29, 11, 25
MM, 20, 12, 0
MM, 40, 15, 32
MM, 19, 16, 15
MM, 38, 19, 16
MM, 34, 19, 15
MM, 21, 20, 21
MM, 10, 22, 2
MM, 3, 23, 15
MM, 1, 24, 16
MM, 0, 23, 149
MM, 1, 23, 21
MM, 2, 23, 16
MM, 3, 23, 16
MM, 6, 23, 15
MM, 13, 22, 16
MM, 21, 20, 16
MM, 26, 19, 0
MM, 36, 16, 21
MM, 40, 15, 16
MM, 1, 12, 31
MM, 4, 11, 16
MM, 5, 11, 15
MM, 6, 11, 0
MM, 7, 10, 18
MM, 7, 9, 20
MM, 8, 9, 16
MM, 10, 8, 16
MM, 12, 7, 15
MM, 17, 6, 16
MC, 1, 204
MM, 15, 6, 225
MM, 10, 5, 0
MC, 1, 554
MM, 2, 10, 234
MM, 6, 20, 17
MM, 3, 0, 6
MM, 7, 11, 15
MM, 9, 27, 31
MM, 9, 31, 0
MM, 124, 1, 32
MM, 124, 4, 22
MM, 124, 5, 0
MM, 123, 6, 31
MM, 123, 7, 0
MM, 122, 9, 16
MM, 121, 11, 15
MM, 120, 12, 16
MM, 119, 13, 22
MM, 118, 14, 47
MC, 1, 297
MM, 118, 13, 253
MM, 116, 10, 16
MM, 110, 3, 3
MM, 36, 30, 15
MM, 24, 18, 32
MM, 17, 13, 15
MM, 9, 6, 16
MM, 4, 3, 22
MM, 14, 31, 248
MM, 13, 31, 16
MM, 41, 28, 69
MM, 32, 28, 15
MM, 28, 28, 16
MM, 21, 28, 16
MM, 16, 28, 21
MM, 15, 28, 0
MM, 13, 28, 16
MM, 12, 28, 16
MM, 12, 27, 47
MC, 1, 189
MM, 15, 27, 239
MM, 25, 27, 4
MM, 21, 21, 15
MM, 41, 18, 16
MM, 28, 10, 16
MM, 21, 0, 15
MM, 9, 29, 37
MM, 32, 26, 16
MM, 38, 26, 0
MM, 2, 26, 16
MM, 10, 25, 15
MM, 22, 25, 16
MM, 37, 25, 16
MM, 0, 25, 18
MM, 9, 25, 4
MM, 26, 25, 15
MM, 35, 28, 0
MM, 9, 29, 16
MM, 25, 31, 16
MM, 2, 30, 185
MM, 2, 28, 15
MM, 0, 26, 0
MM, 34, 18, 32
MM, 27, 13, 20
MM, 20, 10, 2
MM, 15, 8, 16
MM, 13, 8, 16
MM, 12, 8, 15
MM, 11, 8, 32
MM, 10, 8, 37
MM, 9, 8, 31
MM, 8, 8, 16
MM, 7, 8, 37
MM, 6, 8, 16
MC, 1, 723
MM, 7, 9, 289
MM, 9, 11, 16
MM, 14, 16, 15
MM, 17, 19, 0
MM, 20, 22, 16
MM, 27, 30, 15
MM, 29, 0, 36
MM, 32, 4, 16
MM, 32, 5, 0
MM, 33, 7, 15
MM, 33, 8, 16
MM, 33, 11, 16
MM, 33, 13, 15
MM, 33, 14, 22
MM, 33, 15, 17
MM, 33, 16, 31
MM, 32, 16, 48
MM, 31, 16, 6
MC, 1, 167
MM, 30, 16, 203
MM, 28, 16, 15
MM, 23, 16, 0
MM, 6, 12, 23
MM, 37, 10, 15
MM, 11, 7, 16
MM, 24, 7, 15
MM, 21, 7, 16
MM, 43, 11, 16
MM, 19, 15, 22
MM, 42, 24, 15
MM, 19, 30, 16
MM, 39, 28, 100
MM, 33, 26, 0
MM, 27, 23, 15
MM, 14, 18, 16
MM, 10, 17, 0
MM, 0, 14, 16
MM, 42, 11, 38
MM, 37, 10, 15
MM, 33, 9, 16
MM, 29, 9, 0
MM, 23, 8, 16
MM, 13, 8, 15
MM, 9, 8, 18
MM, 3, 8, 5
MM, 0, 8, 15
MM, 2, 5, 86
MM, 8, 1, 16
MM, 31, 2, 424
MM, 31, 7, 15
MM, 30, 10, 16
MM, 30, 11, 16
MM, 30, 12, 17
MM, 29, 12, 5
MM, 28, 12, 15
MM, 27, 12, 32
MM, 27, 13, 68
MC, 1, 217
MM, 32, 13, 220
MM, 41, 13, 16
MM, 0, 14, 0
MM, 22, 16, 15
MM, 39, 16, 23
MM, 10, 16, 16
MM, 23, 16, 15
MM, 34, 16, 16
MM, 37, 15, 15
MM, 41, 11, 16
MM, 0, 5, 23
MM, 4, 0, 31
MC, 1, 588
MM, 23, 0, 299
MM, 25, 15, 5
MM, 26, 19, 15
MM, 27, 30, 16
MM, 20, 0, 16
MM, 20, 4, 15
MM, 20, 5, 0
MM, 20, 7, 16
MM, 20, 9, 22
MM, 20, 10, 16
MM, 20, 12, 31
MM, 20, 13, 15
MM, 20, 14, 16
MM, 20, 15, 0
MM, 20, 16, 17
MM, 20, 18, 5
MM, 20, 19, 16
MM, 20, 20, 15
MM, 20, 21, 16
MM, 20, 22, 31
MM, 20, 23, 0
MM, 20, 24, 22
MM, 20, 25, 32
MM, 20, 26, 0
MM, 20, 27, 31
MM, 20, 29, 16
MM, 83, 0, 53
MM, 82, 2, 16
MM, 82, 3, 15
MM, 81, 4, 0
MM, 81, 5, 16
MM, 81, 6, 22
MM, 81, 7, 15
MM, 81, 8, 32
MM, 80, 9, 0
MM, 80, 10, 15
MM, 79, 10, 16
MM, 79, 11, 18
MM, 79, 12, 4
MM, 79, 13, 16
MM, 78, 13, 15
MM, 78, 14, 16
MM, 78, 15, 16
MM, 78, 16, 15
MM, 78, 17, 22
MM, 78, 18, 0
MM, 78, 19, 47
MM, 78, 20, 16
MM, 77, 20, 15
MM, 77, 21, 19
MM, 76, 22, 50
MM, 75, 22, 69
MC, 1, 207
MM, 74, 22, 424
MM, 73, 22, 0
MM, 70, 19, 15
MM, 14, 29, 69
MM, 8, 24, 0
MM, 41, 10, 47
MM, 34, 7, 16
MM, 32, 6, 18
MM, 28, 5, 3
MM, 25, 3, 16
MM, 21, 2, 16
MM, 18, 2, 15
MM, 15, 0, 32
MM, 33, 31, 300
MM, 33, 30, 18
MM, 33, 28, 4
MM, 33, 26, 16
MM, 32, 25, 16
MM, 31, 24, 15
MM, 31, 23, 0
MM, 30, 22, 16
MM, 29, 20, 15
MM, 29, 19, 16
MM, 29, 18, 22
MM, 29, 17, 31
MC, 1, 184
MM, 31, 17, 216
MM, 38, 15, 0
MM, 11, 9, 31
MM, 23, 6, 0
MM, 27, 0, 201
MM, 31, 1, 0
MM, 42, 2, 21
MM, 2, 0, 53
MM, 13, 31, 79
MM, 13, 30, 31
MM, 13, 29, 16
MM, 13, 28, 22
MM, 14, 28, 16
MM, 14, 27, 15
MM, 15, 27, 16
MM, 15, 26, 56
MM, 15, 25, 15
MM, 15, 24, 16
MC, 1, 236
MM, 14, 24, 275
MM, 9, 24, 0
MM, 42, 0, 219
MM, 41, 0, 16
MM, 39, 1, 0
MM, 38, 2, 16
MM, 36, 3, 22
MM, 35, 3, 15
MM, 34, 4, 16
MM, 33, 5, 16
MM, 32, 6, 15
MM, 31, 6, 16
MM, 30, 7, 0
MM, 29, 8, 38
MC, 1, 184
MM, 31, 8, 186
MM, 36, 8, 15
MM, 11, 5, 23
MM, 20, 4, 0
MM, 39, 0, 16
MC, 1, 649
MC, 1, 804
MM, 39, 0, 304
MM, 7, 7, 16
MM, 24, 12, 23
MM, 43, 18, 15
MM, 1, 24, 16
MM, 15, 29, 16
MM, 24, 31, 15
MM, 0, 3, 118
MM, 3, 4, 21
MM, 5, 5, 1
MM, 11, 7, 31
MM, 12, 8, 0
MM, 14, 8, 16
MM, 15, 8, 15
MM, 15, 9, 0
MC, 1, 264
MM, 15, 12, 242
MM, 7, 19, 15
MM, 1, 24, 0
MM, 188, 1, 38
MM, 165, 5, 16
MM, 153, 5, 0
MM, 127, 6, 15
MM, 44, 6, 54
MM, 31, 6, 15
MM, 5, 9, 16
MM, 107, 10, 182894
MM, 131, 45, 16
MM, 143, 60, 8
MM, 13, 3, 82
MM, 19, 11, 16
MM, 22, 12, 8
MM, 31, 21, 22
MM, 36, 27, 18
MM, 39, 28, 8
MM, 0, 15, 136
MM, 2, 19, 16
MM, 4, 23, 15
MM, 4, 25, 17
MM, 5, 27, 15
MM, 26, 0, 81
MM, 26, 1, 8
MM, 26, 5, 16
MM, 26, 6, 32
MM, 25, 6, 16
MM, 24, 6, 16
MM, 22, 6, 96
