**********************************
LOGGING TIME: 20161113_112419
CLIENT IP: 10.146.230.155
USERNAME: Elon Musk
OS: Windows 10
*********************Neutral database**********************************
MM, 78, 41, 1477468751289
MM, 70, 0, 8
MM, 139, 27, 88
MM, 135, 21, 8
MM, 133, 18, 8
MM, 132, 16, 8
MM, 132, 14, 16
MM, 132, 13, 8
MM, 134, 12, 24
MM, 136, 12, 8
MM, 136, 11, 8
MM, 137, 11, 8
MM, 137, 10, 8
MM, 137, 8, 40
MM, 137, 4, 8
MM, 138, 0, 8
MM, 139, 21, 24
MM, 139, 13, 8
MM, 139, 8, 4
MM, 139, 1, 8
MM, 12, 13, 278
MM, 9, 10, 8
MM, 0, 4, 7
MM, 2, 0, 267
MM, 4, 1, 4
MM, 7, 2, 8
MM, 9, 3, 12
MM, 11, 3, 6
MM, 12, 4, 8
MM, 15, 4, 16
MC, 1, 267
MM, 15, 8, 286
MM, 15, 13, 8
MM, 95, 4, 32
MM, 100, 15, 8
MM, 119, 3, 27
MM, 131, 20, 5
MM, 35, 15, 355
MM, 32, 41, 8
MM, 30, 51, 8
MM, 29, 20, 22
MM, 29, 22, 242
MM, 1, 29, 649
MM, 2, 28, 32
MM, 3, 28, 8
MM, 4, 28, 19
MM, 5, 28, 13
MM, 6, 28, 8
MM, 7, 28, 8
MM, 8, 28, 16
MM, 8, 27, 8
MM, 9, 27, 8
MM, 10, 27, 13
MM, 10, 26, 0
MM, 11, 26, 15
MM, 12, 25, 20
MM, 13, 25, 26
MM, 13, 24, 7
MM, 14, 24, 8
MM, 14, 23, 8
MM, 15, 23, 8
MM, 15, 22, 16
MC, 1, 237
MM, 16, 22, 231
MM, 21, 22, 5
MM, 26, 22, 8
MM, 35, 22, 8
MM, 4, 22, 5
MM, 14, 22, 15
MM, 33, 22, 21
MM, 38, 22, 0
MM, 2, 22, 25
MM, 6, 22, 8
MM, 13, 22, 16
MM, 14, 22, 8
MM, 15, 22, 4
MM, 16, 22, 0
MM, 17, 22, 16
MM, 17, 21, 0
MM, 17, 20, 61
MM, 17, 19, 32
MC, 1, 202
MM, 14, 19, 247
MM, 11, 19, 0
MM, 8, 19, 17
MM, 4, 19, 6
MM, 0, 19, 8
MM, 42, 19, 25
MM, 40, 19, 8
MM, 39, 19, 1
MM, 38, 19, 16
MM, 38, 20, 16
MM, 38, 21, 16
MM, 38, 22, 25
MM, 38, 23, 5
MM, 38, 24, 15
MM, 39, 25, 32
MM, 40, 26, 21
MM, 41, 27, 8
MM, 41, 28, 16
MM, 42, 29, 16
MM, 43, 29, 8
MM, 43, 30, 8
MC, 1, 381
MM, 32, 4, 223
MM, 32, 9, 16
MM, 32, 13, 0
MM, 32, 16, 20
MM, 32, 20, 16
MM, 32, 22, 8
MM, 32, 25, 8
MM, 32, 26, 8
MM, 32, 29, 8
MM, 23, 0, 28
MM, 23, 1, 0
MM, 23, 3, 16
MM, 23, 5, 0
MM, 22, 6, 24
MM, 22, 7, 0
MM, 22, 8, 18
MM, 22, 9, 33
MM, 21, 9, 8
MM, 21, 10, 8
MM, 21, 11, 16
MM, 20, 11, 34
MM, 20, 12, 8
MC, 1, 226
MM, 20, 7, 167
MM, 20, 0, 4
MM, 28, 31, 12
MM, 29, 19, 9
MM, 30, 7, 16
MM, 5, 31, 166
MM, 5, 30, 8
MM, 6, 30, 8
MM, 6, 29, 8
MM, 7, 28, 16
MM, 8, 28, 15
MM, 12, 27, 25
MM, 13, 27, 0
MM, 15, 26, 16
MM, 16, 25, 16
MM, 16, 23, 0
MM, 18, 21, 25
MM, 19, 20, 5
MM, 20, 20, 15
MM, 21, 19, 0
MM, 22, 19, 22
MC, 1, 216
MM, 23, 19, 193
MM, 26, 19, 8
MM, 30, 19, 8
MM, 34, 19, 8
MC, 1, 575
MC, 1, 863
MM, 41, 17, 654
MM, 38, 16, 9
MM, 34, 15, 5
MM, 29, 13, 21
MM, 26, 12, 4
MM, 23, 11, 8
MM, 19, 10, 8
MM, 14, 9, 16
MM, 11, 9, 11
MM, 7, 8, 8
MM, 4, 8, 8
MM, 1, 8, 8
MM, 43, 8, 24
MM, 41, 8, 8
MM, 38, 8, 8
MM, 33, 8, 17
MM, 32, 8, 0
MM, 30, 8, 15
MM, 27, 8, 9
MM, 26, 8, 4
MM, 22, 8, 16
MM, 20, 8, 0
MM, 19, 9, 16
MM, 17, 9, 8
MM, 16, 9, 8
MM, 15, 10, 10
MM, 13, 10, 0
MM, 12, 11, 16
MM, 11, 11, 34
MC, 1, 208
MM, 12, 11, 204
MM, 15, 11, 8
MM, 18, 11, 8
MM, 24, 11, 8
MM, 32, 11, 16
MM, 38, 11, 10
MM, 43, 11, 0
MM, 2, 11, 15
MM, 13, 11, 42
MM, 14, 11, 5
MM, 15, 11, 8
MM, 16, 11, 20
MC, 1, 266
MM, 20, 12, 206
MM, 30, 16, 8
MM, 38, 19, 8
MM, 3, 0, 316
MM, 7, 1, 15
MM, 10, 2, 0
MM, 16, 3, 24
MM, 19, 3, 9
MM, 22, 4, 8
MM, 27, 5, 14
MM, 30, 5, 8
MM, 33, 5, 8
MM, 0, 9, 24
MM, 2, 11, 0
MM, 7, 13, 16
MM, 10, 14, 15
MM, 12, 16, 0
MM, 14, 17, 19
MM, 16, 19, 2
MM, 21, 20, 16
MM, 23, 22, 0
MM, 24, 24, 16
MC, 1, 452
MM, 37, 7, 267
MM, 21, 8, 6
MM, 8, 10, 8
MM, 33, 17, 16
MM, 23, 19, 8
MM, 8, 24, 18
MM, 0, 27, 4
MM, 11, 0, 60
MM, 10, 0, 8
MM, 7, 1, 8
MM, 3, 1, 17
MM, 1, 1, 7
MM, 43, 8, 91
MM, 40, 10, 9
MM, 38, 11, 0
MM, 36, 12, 16
MM, 32, 13, 15
MM, 30, 13, 16
MM, 28, 13, 0
MM, 27, 13, 15
MM, 23, 14, 0
MM, 16, 14, 25
MM, 12, 15, 8
MM, 5, 15, 13
MM, 40, 15, 32
MM, 38, 15, 16
MM, 36, 15, 16
MM, 34, 15, 19
MM, 33, 15, 13
MM, 32, 15, 8
MM, 31, 15, 16
MM, 30, 15, 16
MM, 29, 15, 24
MM, 28, 15, 27
MM, 25, 15, 39
MC, 1, 192
MM, 24, 15, 205
MM, 19, 15, 0
MM, 10, 13, 16
MM, 35, 8, 15
MM, 13, 3, 0
MM, 43, 29, 44
MM, 36, 27, 16
MM, 24, 27, 0
MM, 5, 25, 16
MM, 42, 24, 15
MM, 37, 24, 16
MM, 29, 23, 20
MM, 17, 23, 45
MM, 16, 23, 16
MM, 15, 23, 24
MC, 1, 339
MM, 16, 23, 176
MM, 25, 23, 10
MM, 35, 23, 7
MM, 9, 23, 16
MM, 26, 23, 8
MM, 22, 21, 14
MM, 2, 20, 15
MM, 36, 18, 16
MM, 2, 17, 0
MM, 34, 14, 31
MM, 4, 11, 12
MM, 30, 9, 16
MM, 3, 5, 26
MM, 9, 4, 0
MM, 16, 3, 15
MM, 17, 3, 18
MM, 19, 2, 6
MM, 20, 2, 7
MM, 20, 1, 16
MM, 21, 1, 8
MM, 22, 1, 49
MM, 23, 1, 26
MM, 24, 1, 1
MM, 5, 28, 44
MM, 14, 26, 8
MM, 27, 21, 0
MM, 3, 18, 16
MM, 13, 15, 15
MM, 28, 11, 17
MM, 32, 10, 0
MM, 33, 10, 16
MM, 36, 9, 8
MM, 0, 9, 146
MM, 1, 9, 16
MM, 2, 9, 9
MM, 3, 9, 8
MM, 5, 9, 4
MM, 6, 9, 8
MM, 9, 9, 16
MM, 11, 9, 8
MM, 12, 9, 27
MC, 1, 233
MM, 10, 9, 176
MM, 7, 9, 0
MM, 2, 9, 15
MM, 34, 12, 18
MM, 28, 14, 5
MM, 19, 17, 15
MM, 9, 22, 20
MM, 3, 24, 14
MM, 0, 24, 0
MM, 35, 24, 95
MM, 34, 24, 16
MM, 33, 24, 9
MM, 32, 23, 30
MM, 31, 23, 0
MM, 30, 23, 16
MM, 30, 22, 31
MM, 29, 22, 0
MM, 28, 22, 26
MM, 28, 21, 20
MM, 27, 21, 16
MC, 1, 208
MM, 26, 21, 225
MM, 21, 21, 8
MM, 12, 19, 8
MM, 1, 17, 8
MM, 28, 13, 16
MM, 14, 12, 9
MM, 37, 10, 15
MM, 13, 10, 16
MM, 3, 10, 8
MC, 1, 1129
MC, 1, 853
MM, 20, 0, 309
MM, 20, 1, 0
MM, 20, 2, 53
MM, 20, 3, 8
MM, 20, 4, 26
MM, 20, 5, 23
MM, 20, 6, 7
MM, 21, 6, 8
MM, 21, 7, 8
MM, 21, 8, 8
MM, 21, 9, 16
MM, 21, 10, 24
MM, 21, 11, 8
MM, 20, 11, 29
MC, 1, 197
MC, 2, 233
MM, 23, 11, 382
MM, 28, 11, 12
MM, 35, 11, 4
MM, 4, 8, 16
MM, 27, 2, 16
MM, 39, 0, 8
MM, 0, 14, 225
MM, 3, 13, 10
MM, 7, 11, 16
MM, 9, 11, 8
MM, 11, 10, 8
MM, 12, 10, 8
MM, 14, 9, 16
MM, 15, 9, 18
MM, 16, 9, 79
MM, 17, 9, 31
MM, 16, 9, 48
MC, 1, 200
MM, 20, 9, 275
MM, 26, 9, 8
MM, 33, 11, 4
MM, 42, 14, 8
MM, 10, 20, 16
MM, 39, 29, 4
MM, 22, 0, 31
MM, 35, 4, 16
MM, 1, 9, 17
MM, 15, 15, 8
MM, 24, 19, 12
MM, 29, 21, 8
MM, 33, 22, 8
MM, 38, 25, 4
MM, 41, 27, 16
MM, 43, 28, 16
MM, 45, 29, 0
MM, 46, 30, 24
MM, 47, 30, 8
MM, 47, 31, 23
MM, 35, 0, 150
MM, 34, 0, 8
MM, 34, 1, 11
MM, 33, 2, 10
MM, 33, 3, 4
MM, 33, 4, 15
MM, 33, 5, 0
MM, 32, 6, 16
MM, 31, 8, 16
MM, 30, 9, 20
MM, 30, 10, 5
MM, 30, 11, 8
MM, 30, 12, 20
MM, 29, 12, 5
MM, 28, 13, 15
MM, 27, 13, 16
MM, 26, 13, 28
MC, 1, 164
MM, 24, 13, 194
MM, 16, 11, 8
MM, 12, 7, 9
MM, 3, 3, 7
MM, 34, 30, 28
MM, 30, 28, 0
MM, 27, 27, 22
MM, 24, 27, 11
MM, 23, 27, 0
MC, 1, 420
MM, 24, 27, 228
MM, 28, 27, 0
MM, 40, 27, 16
MM, 6, 27, 16
MM, 30, 27, 17
MM, 42, 26, 15
MM, 10, 27, 585
MM, 10, 26, 24
MM, 10, 25, 4
MM, 10, 24, 24
MM, 11, 23, 16
MM, 12, 22, 15
MM, 13, 22, 17
MM, 14, 21, 0
MM, 15, 21, 15
MM, 15, 20, 26
MM, 16, 20, 16
MM, 16, 19, 34
MM, 17, 19, 8
MC, 1, 241
MM, 15, 19, 201
MM, 6, 19, 0
MM, 17, 14, 19
MM, 198, 63, 86
MM, 187, 56, 7
MM, 168, 40, 7
MM, 160, 32, 16
MM, 150, 23, 16
MM, 142, 12, 15
MM, 139, 9, 0
MM, 134, 2, 16
MC, 1, 525
MM, 7, 0, 27727
MM, 14, 5, 13
MM, 21, 10, 8
MM, 31, 18, 8
MM, 40, 27, 16
MM, 42, 29, 0
MM, 46, 33, 15
MM, 49, 38, 0
MM, 51, 40, 20
MM, 54, 43, 16
MM, 55, 45, 8
MM, 56, 45, 32
MC, 1, 325
MM, 57, 45, 267
MM, 62, 45, 16
MM, 68, 48, 0
MM, 76, 51, 15
MM, 83, 53, 0
MM, 94, 59, 16
MM, 105, 63, 0
MC, 1, 930
MM, 10, 0, 255
MM, 12, 2, 8
MM, 12, 3, 8
MM, 14, 4, 8
MM, 15, 5, 18
MM, 14, 5, 111
MM, 14, 4, 8
MC, 1, 262
MM, 9, 3, 227
MM, 3, 1, 8
MC, 1, 506
MM, 27, 3, 244
MM, 28, 7, 0
MM, 30, 16, 20
MM, 30, 24, 18
MM, 23, 3, 22
MM, 23, 8, 8
MM, 23, 15, 16
MM, 22, 18, 0
MM, 22, 20, 15
MM, 21, 22, 0
MM, 20, 26, 24
MM, 19, 28, 19
MM, 19, 29, 5
MM, 19, 30, 9
MM, 33, 0, 61
MM, 33, 1, 29
MM, 33, 2, 2
MM, 33, 3, 19
MM, 34, 3, 41
MC, 1, 235
MM, 40, 3, 262
MM, 47, 5, 8
MM, 58, 6, 8
MM, 66, 7, 8
MM, 87, 8, 19
MM, 99, 8, 6
MM, 111, 8, 10
MM, 128, 8, 10
MM, 142, 8, 0
MM, 148, 7, 16
MM, 155, 5, 0
MM, 162, 3, 15
MM, 13, 30, 47
MM, 15, 26, 4
MM, 17, 10, 20
MM, 16, 19, 5
MM, 14, 2, 16
MM, 11, 31, 0
MM, 6, 10, 16
MM, 2, 1, 15
MC, 1, 660
MM, 3, 10, 225
MM, 8, 10, 6
MM, 15, 10, 16
MM, 17, 10, 0
MM, 19, 10, 19
MM, 20, 10, 7
MM, 21, 10, 16
MC, 1, 298
MM, 22, 10, 233
MM, 32, 10, 14
MM, 40, 11, 10
MM, 1, 11, 6
MM, 37, 14, 26
MM, 42, 14, 8
MM, 1, 14, 8
MM, 25, 14, 14
MM, 32, 14, 10
MM, 6, 14, 16
MM, 13, 14, 8
MM, 25, 14, 2
MM, 32, 14, 15
MM, 4, 14, 32
MM, 8, 14, 5
MM, 11, 14, 0
MM, 14, 14, 15
MM, 16, 14, 16
MM, 17, 14, 8
MM, 17, 13, 19
MM, 18, 13, 8
MM, 19, 13, 13
MM, 20, 13, 59
MM, 20, 12, 62
MM, 20, 11, 16
MC, 1, 200
MM, 17, 11, 203
MM, 12, 10, 6
MM, 4, 10, 4
MM, 29, 8, 16
MM, 19, 8, 15
MM, 6, 8, 16
MM, 31, 8, 24
MM, 26, 8, 1
MM, 19, 8, 15
MM, 16, 8, 16
MM, 15, 9, 8
MM, 13, 9, 8
MM, 11, 9, 16
MM, 11, 10, 8
MM, 11, 11, 64
MM, 12, 11, 21
MM, 13, 11, 24
MC, 1, 192
MM, 8, 12, 194
MM, 1, 13, 0
MM, 43, 17, 16
MM, 26, 23, 19
MM, 19, 4, 22
MM, 1, 10, 8
MM, 37, 20, 16
MM, 20, 26, 16
MM, 32, 0, 50
MM, 30, 0, 8
MM, 29, 0, 8
MM, 27, 0, 16
MM, 27, 1, 4
MM, 26, 1, 0
MM, 25, 1, 16
MM, 24, 1, 140
MM, 23, 1, 16
MM, 21, 2, 8
MM, 20, 2, 8
MM, 18, 2, 8
MM, 14, 3, 16
MM, 10, 4, 8
MM, 7, 4, 8
MM, 4, 5, 8
MM, 43, 8, 26
MM, 41, 9, 3
MM, 39, 11, 0
MM, 34, 12, 15
MM, 32, 13, 20
MM, 31, 13, 8
MM, 29, 13, 8
MM, 27, 14, 8
MM, 26, 14, 24
MM, 25, 14, 16
MM, 25, 15, 31
MM, 24, 15, 25
MC, 1, 188
MM, 23, 15, 189
MM, 19, 15, 4
MM, 14, 15, 0
MM, 8, 12, 16
MM, 43, 8, 15
MM, 34, 5, 0
MM, 27, 1, 16
MM, 13, 30, 30
MM, 10, 28, 7
MM, 3, 24, 8
MM, 43, 16, 32
MM, 41, 16, 8
MM, 38, 14, 16
MM, 38, 13, 17
MM, 37, 13, 17
MM, 37, 12, 0
MM, 37, 11, 16
MM, 37, 10, 15
MM, 37, 9, 33
MM, 37, 8, 9
MM, 37, 7, 11
MM, 36, 7, 116
MM, 35, 7, 15
MM, 33, 7, 16
MM, 32, 7, 18
MM, 31, 7, 7
MM, 30, 7, 8
MM, 29, 7, 17
MM, 28, 7, 12
MM, 27, 7, 16
MC, 1, 188
MM, 30, 7, 229
MM, 35, 7, 0
MM, 42, 7, 16
MM, 6, 7, 20
MM, 20, 7, 9
MM, 24, 7, 17
MM, 43, 7, 15
MM, 23, 7, 16
MM, 42, 7, 0
MM, 27, 7, 15
MM, 4, 7, 32
MM, 28, 7, 17
MM, 37, 7, 7
MM, 3, 7, 18
MM, 7, 7, 15
MM, 8, 7, 0
MM, 15, 8, 21
MM, 17, 8, 8
MM, 19, 9, 8
MM, 26, 9, 19
MM, 29, 10, 8
MM, 31, 10, 8
MM, 34, 10, 0
MM, 37, 10, 15
MM, 38, 10, 17
MM, 39, 10, 5
MM, 40, 10, 16
MM, 41, 10, 40
MM, 42, 10, 0
MM, 43, 10, 18
MM, 0, 10, 24
MM, 3, 10, 8
MM, 9, 9, 16
MM, 13, 8, 10
MM, 16, 7, 4
MM, 19, 6, 13
MM, 23, 5, 6
MM, 29, 4, 14
MM, 32, 4, 12
MM, 33, 3, 4
MM, 35, 3, 0
MM, 37, 3, 16
MM, 38, 3, 15
MM, 39, 3, 16
MM, 40, 3, 29
MM, 42, 3, 8
MM, 1, 5, 20
MM, 3, 6, 8
MM, 10, 7, 16
MM, 12, 8, 8
MM, 16, 9, 16
MM, 18, 9, 12
MM, 19, 9, 8
MC, 1, 220
MM, 17, 9, 193
MM, 12, 10, 12
MM, 40, 17, 12
MM, 22, 25, 5
MM, 5, 29, 0
MM, 9, 5, 16
MM, 42, 14, 16
MM, 26, 20, 24
MM, 19, 24, 7
MM, 142, 1, 30
MM, 136, 4, 8
MM, 130, 6, 8
MM, 119, 11, 16
MM, 117, 12, 8
MM, 114, 12, 8
MM, 108, 14, 19
MM, 107, 15, 7
MM, 104, 15, 8
MM, 101, 17, 16
MM, 99, 17, 8
MM, 97, 18, 8
MM, 96, 18, 8
MM, 94, 18, 16
MM, 94, 19, 0
MM, 93, 19, 15
MC, 1, 315
MM, 94, 19, 193
MM, 99, 19, 8
MM, 110, 14, 8
MM, 126, 10, 5
MM, 22, 25, 27
MM, 17, 2, 16
MM, 8, 30, 16
MM, 26, 24, 8
MM, 43, 19, 16
MM, 3, 16, 8
MM, 13, 13, 14
MM, 16, 13, 8
MM, 19, 12, 16
MM, 20, 12, 8
MM, 19, 12, 76
MM, 18, 12, 108
MC, 1, 217
MM, 15, 12, 171
MM, 7, 11, 4
MM, 36, 4, 16
MM, 16, 0, 0
MM, 19, 28, 15
MM, 42, 22, 16
MM, 4, 20, 21
MC, 1, 969
MM, 43, 1, 367
MM, 40, 2, 6
MM, 37, 4, 15
MM, 37, 5, 0
MM, 36, 5, 16
MM, 36, 6, 15
MM, 36, 7, 30
MM, 36, 8, 32
MC, 1, 232
MM, 43, 9, 177
MM, 0, 10, 16
MM, 12, 13, 15
MM, 16, 14, 0
MM, 23, 17, 16
MM, 34, 19, 18
MM, 39, 20, 8
MM, 1, 22, 24
MM, 4, 23, 8
MM, 6, 23, 8
MM, 9, 24, 16
MM, 10, 25, 16
MM, 11, 25, 16
MM, 11, 24, 104
MC, 1, 213
MM, 12, 24, 201
MM, 15, 25, 16
MM, 19, 29, 0
MM, 22, 3, 34
MM, 26, 8, 8
MM, 29, 11, 8
MM, 33, 16, 16
MM, 35, 19, 8
MM, 36, 21, 10
MM, 37, 23, 1
MM, 38, 25, 15
MM, 38, 26, 16
MM, 39, 27, 3
MM, 39, 30, 16
MM, 40, 31, 10
MM, 56, 0, 112
MM, 56, 1, 19
MM, 56, 2, 30
MM, 56, 3, 8
MM, 56, 4, 24
MM, 57, 5, 8
MM, 57, 6, 9
MM, 57, 7, 25
MM, 57, 8, 6
MM, 57, 9, 16
MM, 57, 10, 24
MM, 57, 11, 8
MM, 57, 12, 34
MM, 55, 12, 16
MC, 1, 176
MM, 59, 12, 208
MM, 66, 12, 8
MM, 77, 12, 10
MM, 95, 12, 5
MM, 129, 12, 16
MM, 139, 12, 0
MM, 154, 12, 15
MM, 183, 12, 16
MM, 28, 29, 81
MM, 29, 27, 15
MM, 31, 24, 0
MM, 38, 15, 28
MM, 40, 13, 4
MM, 43, 9, 12
MM, 1, 0, 32
MM, 20, 31, 35
MM, 23, 29, 16
MM, 24, 27, 0
MM, 30, 23, 29
MM, 33, 21, 5
MM, 36, 20, 8
MM, 40, 17, 16
MM, 41, 15, 8
MM, 42, 15, 0
MM, 43, 14, 16
MM, 43, 13, 15
MM, 43, 12, 36
MM, 43, 11, 8
MM, 1, 8, 67
MM, 5, 6, 21
MM, 12, 2, 1
MM, 16, 0, 16
MM, 2, 25, 47
MM, 5, 23, 8
MM, 8, 21, 8
MM, 11, 19, 16
MM, 12, 18, 5
MM, 13, 18, 8
MM, 14, 18, 8
MM, 15, 18, 66
MM, 16, 18, 17
MM, 17, 18, 26
MM, 18, 18, 15
MM, 19, 18, 16
MM, 20, 17, 23
MM, 21, 17, 8
MM, 22, 16, 8
MM, 23, 16, 21
MM, 23, 15, 12
MM, 23, 14, 14
MM, 22, 14, 32
MC, 1, 202
MM, 17, 14, 201
MM, 9, 14, 8
MM, 0, 14, 8
MM, 34, 14, 8
MM, 4, 14, 12
MM, 31, 14, 10
MM, 41, 13, 15
MM, 9, 13, 16
MM, 28, 13, 17
MM, 15, 13, 7
MM, 1, 13, 8
MC, 1, 675
MM, 29, 4, 325
MM, 35, 9, 21
MM, 43, 14, 4
MM, 5, 24, 16
MM, 18, 1, 32
MM, 24, 6, 8
MM, 27, 7, 6
MM, 41, 12, 16
MM, 1, 12, 22
MM, 5, 12, 5
MM, 17, 12, 16
MM, 22, 12, 8
MM, 31, 12, 8
MM, 37, 12, 8
MM, 1, 10, 37
MM, 4, 10, 0
MM, 8, 10, 19
MM, 10, 10, 15
MM, 11, 10, 17
MM, 11, 9, 40
MM, 11, 8, 0
MM, 9, 7, 27
MM, 8, 7, 0
MM, 8, 6, 16
MM, 7, 6, 0
MM, 2, 6, 56
MM, 0, 6, 16
MM, 43, 11, 64
MM, 41, 11, 8
MM, 37, 12, 16
MM, 35, 12, 8
MM, 33, 12, 17
MM, 31, 12, 0
MM, 30, 12, 31
MM, 29, 12, 0
MM, 28, 12, 32
MM, 27, 12, 8
MC, 1, 226
MM, 24, 12, 175
MM, 19, 12, 8
MM, 15, 12, 6
MM, 35, 12, 19
MM, 21, 12, 16
MM, 42, 12, 16
MM, 34, 12, 16
MM, 27, 12, 8
MM, 16, 12, 16
MM, 13, 12, 8
MM, 11, 12, 8
MM, 7, 12, 13
MM, 6, 12, 0
MM, 4, 12, 16
MM, 2, 13, 0
MM, 0, 13, 24
MM, 43, 15, 32
MM, 42, 15, 8
MM, 39, 15, 19
MM, 38, 15, 13
MM, 37, 16, 8
MM, 36, 16, 8
MM, 35, 16, 86
MM, 33, 16, 47
MC, 1, 201
MM, 39, 16, 196
MM, 7, 13, 16
MM, 19, 10, 8
MM, 30, 27, 24
MM, 40, 23, 0
MM, 8, 11, 16
MM, 14, 8, 16
MM, 31, 1, 16
MM, 0, 31, 310
MM, 1, 30, 0
MM, 2, 30, 21
MM, 3, 29, 8
MM, 3, 28, 29
MC, 1, 362
MM, 6, 28, 320
MM, 11, 29, 9
MM, 17, 31, 8
MM, 34, 0, 24
MM, 40, 3, 0
MM, 1, 7, 16
MM, 10, 11, 16
MM, 13, 13, 15
MM, 17, 16, 16
MM, 20, 18, 0
MM, 23, 19, 22
MM, 23, 20, 12
MM, 24, 20, 4
MM, 25, 21, 16
MC, 1, 284
MM, 24, 21, 189
MM, 20, 21, 0
MM, 10, 21, 16
MM, 31, 21, 20
MM, 12, 21, 8
MM, 17, 25, 1
MM, 33, 29, 28
MM, 38, 2, 32
MM, 29, 5, 8
MM, 18, 8, 19
MM, 15, 10, 8
MM, 11, 12, 13
MM, 9, 13, 8
MM, 8, 14, 7
MM, 8, 15, 16
MM, 8, 16, 15
MM, 8, 17, 25
MM, 8, 18, 20
MM, 8, 19, 1
MM, 8, 20, 15
MM, 9, 22, 16
MM, 9, 24, 16
MM, 9, 26, 0
MM, 10, 26, 16
MM, 10, 27, 8
MM, 11, 29, 16
MM, 11, 31, 8
MM, 122, 1, 62
MM, 120, 1, 17
MM, 115, 5, 17
MM, 111, 9, 13
MM, 106, 13, 13
MM, 103, 15, 0
MM, 99, 17, 15
MM, 97, 18, 16
MM, 96, 19, 15
MM, 95, 19, 24
MM, 94, 19, 13
MM, 93, 19, 16
MM, 92, 19, 36
MM, 91, 19, 39
MC, 1, 225
MM, 89, 16, 203
MM, 87, 10, 0
MM, 83, 2, 16
MM, 11, 29, 15
MM, 7, 24, 0
MM, 0, 15, 28
MM, 42, 8, 25
MM, 41, 7, 9
MM, 38, 7, 8
MM, 33, 6, 16
MM, 31, 6, 2
MM, 29, 6, 0
MM, 27, 6, 16
MM, 24, 6, 16
MM, 22, 6, 0
MM, 21, 6, 31
MM, 19, 6, 7
MM, 18, 7, 16
MM, 17, 7, 8
MM, 16, 8, 4
MM, 15, 8, 16
MM, 14, 9, 16
MM, 14, 10, 37
MM, 13, 10, 8
MC, 1, 224
MM, 12, 10, 190
MM, 8, 10, 15
MM, 2, 10, 0
MM, 40, 8, 25
MM, 25, 5, 16
MM, 19, 2, 10
MM, 8, 0, 13
MM, 42, 30, 55
MM, 40, 30, 15
MM, 39, 29, 0
MM, 35, 28, 29
MM, 34, 27, 0
MM, 33, 27, 16
MM, 31, 26, 14
MM, 30, 26, 8
MM, 28, 26, 8
MM, 27, 26, 25
MM, 26, 25, 4
MM, 25, 25, 26
MM, 22, 25, 0
MC, 1, 204
MM, 25, 25, 201
MM, 30, 25, 0
MM, 35, 25, 16
MM, 42, 25, 0
MM, 10, 25, 21
MM, 21, 25, 16
MM, 32, 26, 9
MM, 39, 27, 8
MM, 1, 29, 18
MM, 8, 30, 8
MM, 7, 0, 54
MM, 15, 2, 8
MM, 24, 2, 8
MM, 35, 3, 16
MM, 0, 5, 18
MM, 6, 5, 4
MM, 12, 6, 8
MM, 20, 6, 16
MM, 22, 7, 10
MM, 25, 8, 0
MM, 28, 8, 15
MM, 29, 9, 16
MM, 30, 9, 19
MM, 30, 10, 37
MM, 30, 11, 32
MM, 30, 12, 23
MM, 31, 12, 0
MM, 33, 13, 20
MM, 35, 13, 5
MM, 40, 14, 16
MM, 1, 16, 25
MM, 4, 16, 8
MM, 6, 16, 0
MM, 10, 16, 15
MM, 11, 16, 16
MM, 12, 16, 16
MM, 13, 16, 16
MC, 1, 242
MM, 12, 16, 198
MM, 8, 16, 0
MM, 3, 16, 21
MM, 43, 18, 16
MM, 34, 21, 8
MM, 23, 24, 12
MM, 20, 24, 8
MM, 15, 25, 4
MM, 10, 27, 16
MM, 42, 31, 16
MM, 73, 0, 85
MM, 72, 2, 8
MM, 68, 3, 16
MM, 67, 4, 8
MM, 67, 5, 8
MM, 66, 6, 11
MM, 64, 6, 8
MM, 63, 7, 5
MM, 62, 8, 15
MM, 61, 9, 17
MM, 60, 9, 8
MM, 59, 9, 8
MM, 58, 9, 8
MC, 1, 195
MM, 57, 6, 197
MM, 55, 0, 15
MM, 35, 26, 16
MM, 32, 17, 0
MM, 24, 1, 30
MM, 27, 30, 10
MM, 23, 22, 16
MM, 20, 18, 16
MM, 20, 17, 0
MM, 19, 17, 15
MM, 19, 16, 0
MM, 18, 16, 39
MM, 19, 16, 42
MM, 20, 16, 15
MM, 21, 16, 16
MC, 1, 279
MM, 24, 16, 176
MM, 27, 14, 0
MM, 32, 13, 16
MM, 37, 11, 0
MM, 4, 4, 31
MM, 8, 2, 0
MM, 12, 0, 16
MC, 1, 457
MM, 20, 1, 353
MM, 17, 2, 7
MM, 12, 4, 16
MM, 11, 5, 10
MM, 9, 6, 7
MM, 7, 7, 0
MM, 5, 7, 16
MM, 4, 8, 16
MM, 2, 9, 15
MM, 2, 10, 0
MM, 1, 10, 16
MM, 0, 10, 16
MP, 1, 234
MR, 1, 0
MC, 1, 0
MM, 2, 10, 263
MM, 7, 10, 8
MM, 11, 10, 9
MM, 26, 6, 14
MM, 30, 4, 0
MM, 14, 0, 353
MM, 12, 1, 0
MM, 10, 1, 15
MM, 9, 3, 16
MM, 8, 3, 12
MM, 7, 5, 16
MM, 6, 5, 16
MM, 6, 6, 47
MM, 6, 7, 30
MM, 6, 8, 31
MM, 6, 9, 123
MM, 6, 10, 126
MC, 1, 210
MM, 9, 10, 217
MM, 12, 10, 8
MM, 17, 10, 8
MM, 24, 10, 8
MM, 32, 7, 16
MM, 38, 5, 8
MM, 42, 4, 8
MM, 1, 0, 24
MM, 3, 0, 8
MC, 1, 535
MM, 26, 7, 282
MM, 27, 12, 16
MM, 25, 5, 31
MM, 28, 16, 16
MM, 29, 21, 8
MM, 30, 29, 18
MP, 1, 560
MR, 1, 0
MC, 1, 0
MM, 23, 30, 367
MM, 16, 22, 16
MM, 13, 19, 0
MM, 10, 16, 16
MM, 5, 11, 15
MM, 2, 8, 18
MM, 0, 7, 8
MM, 43, 5, 36
MM, 39, 4, 16
MM, 38, 4, 0
MM, 35, 3, 15
MM, 34, 3, 21
MM, 34, 2, 12
MM, 35, 2, 139
MM, 36, 2, 8
MM, 38, 4, 12
MM, 39, 5, 0
MM, 42, 7, 29
MM, 1, 12, 41
MM, 3, 13, 4
MM, 6, 16, 16
MM, 9, 18, 8
MM, 11, 20, 8
MM, 14, 21, 13
MM, 20, 25, 14
MM, 23, 27, 8
MM, 27, 29, 8
MM, 11, 1, 44
MM, 14, 2, 0
MM, 21, 6, 16
MM, 25, 8, 22
MM, 27, 9, 6
MM, 29, 10, 8
MM, 35, 14, 6
MM, 38, 15, 16
MM, 40, 15, 0
MM, 43, 18, 15
MM, 44, 19, 16
MM, 46, 19, 15
MM, 46, 20, 0
MM, 47, 22, 20
MM, 49, 23, 16
MM, 50, 24, 8
MM, 51, 25, 5
MM, 53, 28, 16
MM, 55, 29, 0
MM, 56, 30, 16
MM, 57, 31, 0
MM, 59, 32, 15
MM, 62, 35, 22
MM, 63, 36, 6
MM, 64, 36, 8
MM, 65, 37, 8
MM, 66, 38, 8
MM, 67, 38, 33
MM, 67, 39, 4
MM, 66, 39, 85
MC, 1, 256
MM, 63, 38, 340
MM, 60, 35, 0
MM, 56, 32, 16
MM, 51, 30, 0
MM, 42, 24, 15
MM, 34, 20, 21
MM, 28, 17, 5
MM, 26, 16, 0
MM, 11, 10, 16
MM, 8, 9, 15
MM, 3, 8, 0
MM, 43, 31, 100
MM, 41, 31, 16
MM, 39, 29, 8
MM, 34, 25, 12
MM, 33, 23, 0
MM, 31, 22, 16
MM, 30, 21, 0
MM, 27, 18, 17
MM, 27, 17, 16
MM, 26, 16, 0
MM, 25, 16, 16
MM, 25, 15, 15
MM, 24, 14, 16
MM, 23, 14, 16
MM, 22, 14, 20
MM, 22, 13, 2
MM, 22, 12, 109
MM, 22, 11, 20
MM, 22, 10, 61
MM, 22, 9, 14
MM, 22, 8, 12
MM, 22, 7, 15
MM, 23, 6, 0
MM, 23, 5, 16
MM, 24, 4, 0
MM, 24, 3, 16
MM, 24, 2, 11
MM, 24, 1, 14
MM, 24, 0, 15
MM, 31, 31, 112
MM, 31, 30, 0
MM, 30, 29, 15
MM, 30, 28, 16
MM, 30, 27, 16
MM, 29, 26, 26
MM, 28, 25, 11
MM, 28, 24, 32
MM, 27, 24, 99
MM, 25, 24, 25
MC, 1, 187
MM, 31, 24, 246
MM, 38, 25, 16
MM, 6, 30, 2
MM, 28, 2, 31
MM, 37, 4, 0
MM, 41, 5, 20
MM, 6, 8, 16
MM, 9, 9, 8
MM, 16, 10, 19
MM, 18, 10, 6
MM, 19, 10, 16
MM, 20, 10, 0
MM, 21, 10, 16
MM, 21, 11, 16
MM, 22, 11, 8
MM, 24, 12, 8
MM, 29, 14, 16
MM, 32, 15, 12
MM, 35, 16, 6
MM, 42, 17, 15
MM, 43, 17, 8
MM, 1, 20, 24
MM, 2, 20, 8
MM, 7, 22, 16
MM, 9, 24, 8
MM, 13, 26, 19
MM, 15, 27, 5
MM, 17, 28, 0
MM, 18, 29, 15
MM, 20, 30, 16
MM, 21, 30, 0
MM, 21, 31, 15
MM, 86, 0, 134
MM, 86, 1, 0
MM, 86, 2, 28
MM, 86, 4, 16
MM, 86, 5, 16
MM, 86, 6, 15
MM, 85, 7, 0
MM, 85, 8, 16
MM, 85, 9, 20
MM, 84, 10, 8
MM, 84, 11, 5
MM, 83, 11, 25
MM, 81, 11, 4
MC, 1, 185
MM, 82, 11, 191
MM, 88, 11, 0
MM, 94, 11, 16
MM, 110, 8, 0
MM, 141, 1, 15
MM, 7, 30, 16
MM, 18, 26, 15
MM, 33, 22, 0
MM, 2, 12, 32
MM, 16, 6, 4
MM, 30, 1, 0
MM, 14, 30, 15
MM, 29, 24, 16
MM, 37, 20, 16
MM, 1, 13, 15
MM, 6, 11, 0
MM, 11, 8, 20
MM, 18, 4, 17
MM, 19, 3, 6
MM, 21, 3, 0
MM, 22, 2, 15
MM, 23, 2, 16
MM, 23, 1, 36
MM, 23, 0, 86
MP, 1, 323
MR, 1, 0
MC, 1, 0
MM, 21, 1, 362
MM, 21, 2, 16
MM, 21, 4, 15
MM, 20, 5, 0
MM, 19, 7, 24
MM, 19, 8, 8
MM, 18, 9, 0
MM, 17, 9, 34
MM, 15, 9, 5
MC, 1, 176
MM, 13, 8, 286
MM, 7, 1, 16
MM, 4, 28, 15
MM, 3, 26, 21
MM, 0, 23, 8
MM, 35, 16, 47
MM, 34, 16, 24
MM, 33, 16, 106
MM, 32, 16, 33
MM, 31, 16, 86
MM, 31, 15, 41
MM, 30, 15, 10
MM, 29, 15, 110
MM, 28, 15, 16
MM, 27, 15, 33
MM, 26, 15, 16
MM, 25, 15, 17
MM, 25, 14, 56
MM, 24, 14, 30
MC, 1, 197
MM, 23, 14, 213
MM, 21, 14, 8
MM, 15, 19, 4
MM, 7, 24, 8
MM, 31, 3, 27
MM, 22, 8, 6
MM, 11, 14, 8
MM, 41, 24, 16
MM, 30, 30, 8
MM, 12, 0, 24
MM, 4, 3, 8
MM, 42, 6, 16
MM, 39, 7, 0
MM, 34, 9, 16
MM, 28, 11, 16
MM, 26, 11, 8
MM, 24, 11, 8
MM, 23, 12, 8
MM, 21, 12, 19
MM, 20, 12, 5
MM, 20, 13, 13
MM, 21, 13, 308
MM, 22, 14, 8
MM, 23, 14, 8
MM, 24, 14, 5
MM, 26, 15, 15
MM, 27, 15, 0
MM, 28, 15, 16
MM, 29, 16, 16
MM, 32, 16, 13
MM, 34, 17, 8
MM, 36, 17, 8
MM, 38, 17, 16
MM, 39, 18, 4
MM, 40, 18, 16
MM, 41, 18, 0
MM, 42, 18, 31
MM, 43, 19, 39
MM, 0, 19, 201
MM, 1, 19, 21
MM, 2, 19, 8
MM, 3, 19, 8
MM, 4, 19, 35
MM, 5, 19, 16
MM, 6, 19, 31
MM, 6, 18, 33
MM, 6, 17, 20
MM, 6, 16, 8
MC, 1, 189
MM, 6, 15, 225
MM, 2, 11, 4
MM, 38, 2, 16
MM, 29, 28, 16
MM, 20, 23, 8
MM, 36, 8, 36
MM, 29, 5, 8
MM, 23, 3, 1
MC, 1, 600
MM, 36, 0, 220
MM, 41, 8, 15
MM, 43, 11, 0
MM, 0, 21, 28
MM, 3, 25, 8
MM, 5, 31, 16
MM, 0, 5, 55
MM, 0, 7, 0
MM, 0, 9, 16
MM, 1, 14, 16
MM, 1, 15, 0
MM, 2, 19, 19
MM, 2, 22, 16
MM, 2, 23, 8
MM, 2, 24, 8
MM, 2, 25, 16
MM, 2, 26, 15
MM, 2, 27, 31
MM, 2, 28, 0
MM, 2, 29, 32
MM, 2, 30, 18
MM, 2, 31, 7
MM, 1, 31, 0
MM, 63, 0, 110
MM, 63, 1, 16
MM, 62, 3, 0
MM, 61, 4, 15
MM, 61, 5, 19
MM, 61, 6, 1
MM, 60, 6, 16
MM, 59, 7, 16
MM, 59, 8, 31
MM, 59, 9, 25
MC, 1, 215
MM, 61, 9, 222
MM, 66, 5, 0
MM, 23, 25, 31
MM, 36, 15, 0
MM, 0, 1, 16
MM, 19, 29, 29
MM, 25, 23, 9
MM, 33, 15, 16
MM, 36, 13, 8
MM, 37, 12, 8
MM, 39, 10, 8
MM, 39, 7, 6
MM, 39, 6, 15
MM, 39, 4, 0
MC, 1, 422
MM, 0, 1, 256
MM, 2, 3, 16
MM, 3, 5, 0
MM, 4, 8, 15
MM, 4, 9, 32
MM, 4, 10, 5
MM, 4, 11, 16
MM, 4, 12, 25
MM, 4, 13, 12
MM, 5, 13, 46
MC, 1, 253
MM, 3, 13, 203
MM, 39, 13, 42
MM, 32, 13, 6
MM, 15, 13, 13
MM, 6, 13, 12
MM, 39, 13, 5
MM, 29, 14, 15
MM, 11, 18, 16
MM, 2, 19, 0
MM, 43, 20, 15
MM, 30, 24, 22
MM, 20, 26, 3
MM, 12, 28, 0
MM, 3, 31, 16
MM, 43, 30, 363
MM, 41, 29, 10
MM, 39, 28, 7
MM, 34, 27, 5
MM, 32, 26, 15
MM, 30, 25, 0
MM, 26, 23, 16
MM, 24, 22, 16
MM, 23, 22, 20
MM, 23, 21, 16
MM, 22, 21, 9
MM, 21, 20, 16
MM, 21, 19, 63
MM, 22, 19, 57
MM, 22, 18, 0
MC, 1, 228
MM, 25, 18, 181
MM, 33, 18, 0
MM, 41, 18, 15
MM, 0, 18, 0
MM, 27, 18, 16
MM, 6, 18, 26
MM, 33, 18, 14
MM, 39, 18, 8
MM, 6, 18, 16
MM, 15, 16, 16
MM, 20, 14, 0
MM, 22, 13, 16
MM, 24, 11, 0
MM, 28, 8, 25
MM, 29, 7, 15
MM, 30, 6, 9
MM, 31, 6, 0
MM, 31, 5, 16
MM, 31, 4, 47
MM, 31, 3, 28
MM, 32, 3, 13
MM, 33, 3, 7
MM, 34, 3, 4
MM, 36, 2, 16
MM, 38, 2, 0
MM, 40, 1, 16
MM, 43, 0, 15
MC, 1, 371
MM, 20, 2, 283
MM, 19, 9, 9
MM, 16, 22, 16
MM, 14, 29, 0
MM, 2, 4, 15
MM, 108, 1, 103
MM, 108, 5, 16
MM, 108, 7, 13
MM, 108, 9, 16
MM, 108, 10, 8
MM, 108, 11, 8
MM, 108, 12, 20
MM, 108, 13, 0
MM, 108, 14, 31
MM, 107, 14, 61
MM, 106, 14, 16
MM, 105, 14, 32
MM, 104, 14, 17
MC, 1, 200
MM, 108, 14, 207
MM, 115, 13, 8
MM, 121, 11, 8
MM, 142, 2, 17
MM, 8, 24, 15
MM, 16, 17, 16
MM, 26, 7, 15
MM, 31, 0, 10
MM, 36, 31, 15
MM, 38, 28, 8
MM, 40, 25, 8
MM, 43, 23, 17
MM, 2, 18, 15
MM, 7, 16, 16
MM, 13, 15, 0
MM, 23, 10, 27
MM, 27, 8, 5
MM, 33, 6, 8
MM, 40, 0, 16
MM, 4, 31, 138
MM, 5, 31, 8
MM, 6, 31, 8
MM, 7, 31, 17
MM, 8, 31, 2
MM, 8, 30, 0
MM, 8, 29, 16
MM, 8, 28, 15
MM, 8, 26, 16
MM, 8, 25, 28
MM, 8, 24, 8
MM, 8, 22, 17
MM, 9, 22, 0
MC, 1, 235
MM, 6, 22, 216
MM, 0, 22, 4
MM, 36, 22, 8
MM, 9, 22, 45
MM, 39, 0, 47
MM, 35, 3, 0
MM, 22, 6, 28
MM, 16, 7, 12
MM, 12, 8, 6
MM, 8, 8, 8
MM, 6, 8, 0
MM, 0, 9, 16
MM, 42, 9, 31
MM, 40, 9, 0
MM, 38, 9, 20
MM, 34, 9, 12
MM, 33, 9, 12
MM, 31, 9, 8
MM, 28, 9, 1
MM, 25, 9, 16
MM, 23, 8, 0
MM, 21, 8, 15
MM, 17, 7, 16
MM, 15, 7, 16
MM, 14, 7, 4
MM, 11, 7, 16
MM, 11, 6, 58
MM, 9, 6, 7
MM, 7, 6, 5
MM, 5, 6, 0
MM, 0, 6, 16
MM, 43, 6, 35
MM, 42, 6, 8
MM, 40, 6, 8
MM, 39, 6, 4
MM, 38, 6, 16
MM, 37, 6, 15
MM, 35, 6, 16
MM, 33, 6, 24
MM, 31, 6, 6
MM, 30, 6, 8
MM, 28, 6, 8
MC, 1, 218
MM, 31, 8, 254
MM, 34, 11, 11
MM, 5, 27, 26
MM, 7, 29, 0
MM, 11, 1, 31
MM, 14, 3, 15
MM, 17, 6, 16
MM, 20, 9, 17
MM, 25, 13, 13
MM, 27, 14, 8
MM, 32, 22, 16
MM, 36, 26, 16
MM, 39, 29, 0
MM, 66, 2, 31
MM, 68, 3, 20
MM, 72, 8, 14
MM, 74, 9, 4
MM, 75, 11, 15
MM, 76, 12, 0
MM, 77, 13, 16
MM, 81, 16, 31
MM, 84, 19, 21
MM, 86, 20, 8
MM, 87, 20, 16
MM, 88, 20, 8
MM, 88, 21, 8
MM, 90, 21, 61
MC, 1, 228
MM, 92, 17, 289
MM, 94, 13, 16
MM, 101, 2, 0
MM, 4, 17, 31
MM, 11, 8, 0
MM, 33, 28, 16
MM, 39, 21, 19
MM, 45, 10, 14
MM, 1, 2, 209
MM, 3, 1, 8
MM, 5, 0, 8
MM, 43, 26, 756
MM, 40, 26, 14
MM, 38, 26, 8
MM, 37, 26, 24
MM, 36, 26, 8
MM, 35, 26, 8
MM, 34, 26, 16
MM, 32, 26, 8
MM, 30, 26, 23
MM, 29, 26, 16
MM, 28, 26, 57
MM, 27, 26, 26
MM, 26, 26, 29
MM, 25, 26, 16
MM, 24, 26, 16
MM, 23, 25, 48
MC, 1, 209
MM, 25, 25, 205
MM, 30, 25, 0
MM, 36, 25, 20
MM, 43, 25, 8
MC, 1, 741
MM, 0, 13, 702
MM, 2, 16, 20
MM, 3, 18, 16
MM, 7, 26, 15
MM, 11, 30, 16
MM, 15, 1, 13
MM, 17, 4, 8
MM, 20, 8, 8
MM, 27, 16, 20
MM, 29, 19, 5
MM, 32, 22, 8
MM, 35, 24, 8
MM, 38, 26, 16
MM, 41, 27, 8
MM, 43, 28, 8
MM, 0, 30, 51
MM, 1, 30, 32
MM, 2, 31, 0
MM, 3, 31, 15
MM, 30, 0, 182
MM, 22, 3, 16
MM, 14, 5, 12
MM, 7, 8, 16
MM, 2, 9, 5
MM, 40, 13, 23
MM, 37, 14, 0
MM, 33, 16, 16
MM, 31, 17, 16
MM, 27, 18, 16
MM, 27, 19, 12
MM, 26, 19, 8
MM, 25, 19, 13
MM, 25, 20, 20
MM, 25, 21, 15
MM, 25, 22, 0
MM, 24, 22, 16
MM, 24, 23, 13
MM, 24, 24, 8
MM, 23, 24, 8
MM, 23, 25, 16
MM, 22, 26, 6
MM, 22, 27, 17
MM, 22, 28, 16
MM, 21, 29, 16
MM, 21, 30, 0
MM, 20, 30, 15
MM, 19, 31, 16
MM, 123, 0, 69
MM, 122, 1, 16
MM, 121, 1, 0
MM, 118, 1, 15
MM, 118, 2, 16
MM, 116, 2, 10
MM, 115, 3, 8
MM, 114, 4, 4
MM, 113, 4, 16
MM, 113, 5, 15
MM, 112, 5, 0
MM, 112, 6, 16
MM, 111, 6, 16
MM, 111, 7, 62
MM, 111, 8, 47
MM, 112, 9, 0
MM, 112, 10, 32
MM, 113, 10, 8
MM, 114, 11, 8
MM, 114, 12, 8
MM, 115, 12, 20
MM, 115, 13, 0
MM, 116, 14, 15
MM, 116, 15, 16
MM, 117, 15, 25
MC, 1, 247
MM, 118, 15, 293
MM, 120, 15, 0
MM, 125, 15, 15
MM, 129, 15, 0
MM, 138, 15, 16
MM, 143, 15, 16
MM, 150, 15, 0
MM, 154, 14, 17
MM, 172, 12, 16
MM, 176, 11, 8
MM, 182, 10, 8
MM, 184, 10, 8
MM, 188, 9, 0
MM, 192, 8, 16
MM, 193, 7, 16
MM, 193, 6, 17
MM, 193, 5, 11
MM, 193, 4, 20
MM, 193, 3, 16
MM, 192, 2, 22
MM, 191, 1, 0
MM, 190, 0, 16
MM, 18, 30, 62
MM, 15, 27, 8
MM, 13, 23, 8
MM, 6, 14, 16
MM, 3, 8, 8
MM, 46, 23, 36
MM, 44, 19, 7
MM, 41, 17, 0
MM, 39, 12, 15
MM, 38, 11, 16
MM, 36, 11, 0
MM, 36, 10, 16
MM, 35, 10, 21
MM, 34, 10, 14
MM, 33, 10, 18
MM, 33, 11, 120
MM, 34, 11, 8
MM, 35, 12, 8
MM, 36, 13, 8
MM, 38, 14, 16
MM, 40, 15, 9
MM, 42, 16, 8
MM, 44, 17, 5
MM, 0, 24, 32
MM, 6, 26, 8
MM, 10, 28, 9
MM, 33, 0, 31
MM, 39, 3, 0
MM, 43, 6, 19
MM, 0, 18, 84
MM, 1, 18, 17
MM, 3, 18, 0
MM, 4, 19, 17
MM, 6, 19, 8
MM, 10, 19, 16
MM, 12, 19, 0
MM, 14, 19, 16
MM, 17, 19, 0
MM, 20, 20, 15
MM, 22, 20, 19
MM, 23, 20, 13
MM, 24, 20, 12
MM, 25, 20, 23
MC, 1, 299
MM, 26, 17, 254
MM, 30, 11, 9
MM, 32, 7, 8
MM, 1, 28, 14
MM, 3, 19, 8
MM, 9, 8, 16
MM, 12, 2, 8
MM, 14, 31, 16
MM, 15, 28, 8
MM, 16, 27, 8
MM, 16, 25, 18
MM, 17, 24, 6
MM, 18, 24, 33
MM, 19, 24, 31
MM, 20, 24, 41
MM, 21, 24, 16
MC, 1, 215
MM, 22, 25, 223
MM, 25, 28, 0
MM, 30, 31, 18
MM, 41, 1, 26
MM, 1, 10, 23
MM, 3, 10, 5
MM, 5, 11, 0
MM, 7, 13, 15
MM, 8, 14, 16
MM, 9, 14, 30
MM, 10, 14, 16
MM, 11, 14, 7
MM, 13, 14, 16
MM, 15, 15, 8
MM, 16, 15, 8
MM, 19, 16, 8
MM, 24, 17, 16
MM, 26, 18, 8
MM, 28, 19, 1
MM, 32, 20, 24
MC, 1, 224
MM, 31, 20, 231
MM, 25, 19, 0
MM, 20, 16, 15
MM, 12, 14, 0
MM, 37, 6, 32
MM, 26, 4, 9
MM, 4, 0, 13
MM, 4, 31, 63
MC, 1, 798
MM, 0, 0, 257
MM, 36, 9, 18
MM, 34, 10, 8
MM, 29, 13, 8
MM, 23, 16, 16
MM, 21, 18, 8
MM, 20, 19, 8
MM, 18, 20, 16
MM, 17, 21, 14
MC, 1, 314
MM, 20, 23, 240
MM, 29, 28, 0
MM, 35, 2, 32
MM, 4, 14, 18
MM, 12, 20, 5
MM, 21, 27, 8
MM, 52, 1, 16
MM, 58, 6, 8
MM, 66, 14, 16
MM, 70, 18, 8
MM, 73, 21, 0
MM, 75, 24, 16
MM, 79, 28, 19
MM, 81, 29, 7
MM, 82, 29, 1
MM, 82, 30, 16
MM, 83, 30, 0
MM, 83, 28, 86
MM, 82, 26, 0
MM, 80, 23, 15
MM, 78, 19, 0
MM, 75, 16, 16
MM, 74, 14, 16
MM, 74, 12, 16
MM, 74, 11, 8
MM, 74, 10, 8
MM, 74, 9, 24
MC, 1, 415
MM, 77, 9, 259
MM, 85, 9, 0
MM, 93, 9, 18
MM, 104, 9, 0
MM, 127, 9, 22
MM, 148, 9, 8
MM, 157, 9, 8
MM, 171, 7, 8
MM, 25, 29, 59
MM, 34, 25, 8
MM, 38, 23, 4
MM, 1, 17, 9
MM, 7, 15, 16
MM, 16, 13, 15
MM, 19, 12, 0
MM, 20, 11, 16
MM, 23, 11, 0
MM, 24, 11, 22
MM, 25, 10, 6
MM, 25, 9, 15
MM, 25, 8, 8
MM, 25, 7, 5
MM, 25, 6, 16
MM, 26, 6, 31
MM, 26, 5, 26
MM, 26, 4, 28
MM, 26, 3, 4
MM, 27, 3, 20
MM, 27, 2, 0
MM, 28, 1, 16
MM, 29, 1, 32
MM, 30, 0, 16
MM, 31, 0, 7
MM, 32, 0, 25
MM, 2, 31, 287
MM, 3, 31, 22
MM, 4, 31, 44
MM, 4, 30, 4
MM, 4, 29, 16
MM, 4, 28, 8
MM, 4, 27, 20
MM, 4, 26, 4
MM, 4, 25, 20
MM, 4, 24, 4
MM, 4, 23, 20
MM, 5, 23, 24
MM, 5, 22, 22
MM, 5, 21, 14
MM, 5, 20, 15
MM, 6, 19, 16
MM, 6, 18, 0
MM, 7, 18, 17
MM, 7, 17, 28
MM, 8, 17, 8
MM, 9, 16, 16
MM, 10, 16, 2
MC, 1, 275
MM, 10, 14, 162
MM, 10, 12, 11
MM, 10, 6, 8
MM, 10, 3, 0
MM, 17, 27, 16
MM, 17, 18, 15
MM, 17, 6, 16
MM, 22, 0, 290
MM, 22, 1, 8
MM, 22, 3, 12
MM, 22, 4, 12
MM, 22, 5, 2
MM, 21, 6, 23
MM, 21, 7, 8
MM, 20, 7, 1
MM, 20, 10, 15
MM, 19, 10, 0
MM, 19, 11, 16
MM, 18, 11, 16
MM, 17, 12, 16
MM, 15, 14, 5
MC, 1, 235
MM, 14, 14, 192
MM, 11, 15, 7
MM, 5, 17, 7
MM, 31, 24, 16
MM, 18, 29, 2
MM, 36, 6, 31
MM, 23, 12, 0
MM, 11, 16, 16
MM, 42, 23, 16
MM, 40, 25, 8
MM, 30, 31, 15
MM, 21, 0, 50
MM, 20, 0, 0
MM, 20, 1, 15
MM, 20, 2, 18
MM, 20, 3, 16
MM, 20, 4, 16
MM, 20, 5, 16
MM, 20, 6, 16
MM, 20, 7, 32
MM, 20, 8, 8
MM, 20, 9, 21
MM, 20, 10, 0
MM, 21, 11, 19
MM, 21, 12, 16
MM, 21, 13, 32
MC, 1, 246
MM, 16, 10, 193
MM, 11, 7, 8
MM, 5, 2, 4
MM, 42, 26, 31
MM, 40, 24, 0
MM, 38, 23, 16
MM, 36, 22, 22
MM, 35, 22, 5
MC, 1, 354
MM, 34, 22, 251
MM, 30, 23, 7
MM, 24, 24, 8
MM, 17, 25, 5
MM, 7, 28, 15
MM, 0, 29, 0
MM, 1, 1, 54
MM, 42, 3, 4
MM, 19, 8, 17
MM, 2, 11, 8
MM, 29, 15, 16
MM, 15, 18, 9
MM, 41, 23, 15
MM, 37, 24, 0
MM, 23, 27, 16
MM, 19, 28, 19
MM, 15, 29, 0
MM, 13, 29, 16
MM, 10, 30, 0
MM, 321, 3, 199221
MM, 315, 15, 8
MM, 309, 35, 16
MM, 305, 51, 7
MM, 302, 61, 8
MM, 0, 4, 112
MM, 1, 6, 8
MM, 5, 10, 16
MM, 6, 13, 8
MM, 6, 15, 8
MM, 7, 19, 16
MM, 7, 20, 9
MM, 7, 22, 8
MM, 7, 24, 16
MM, 5, 25, 8
MM, 30, 0, 56
MM, 25, 4, 8
MM, 21, 13, 16
MM, 20, 17, 7
MM, 19, 24, 8
MM, 10, 5, 24
MM, 10, 7, 8
MM, 10, 18, 16
MM, 10, 23, 17
MM, 10, 29, 16
MM, 10, 30, 8
MM, 22, 0, 408
MM, 23, 1, 8
MM, 23, 2, 8
MM, 24, 3, 16
MM, 24, 4, 8
MM, 24, 6, 16
MM, 24, 7, 8
MM, 25, 8, 8
MM, 25, 9, 24
MM, 25, 10, 15
MM, 25, 11, 16
