**********************************
LOGGING TIME: 20161106_105009
CLIENT IP: 10.146.230.155
USERNAME: Elon Musk
OS: Windows 10
*********************Neutral database**********************************
MM, 68, 25, 1477468750806
MM, 68, 20, 11
MM, 68, 16, 8
MM, 68, 14, 8
MM, 68, 13, 8
MM, 68, 12, 5
MM, 69, 12, 51
MM, 70, 12, 8
MM, 71, 12, 8
MM, 73, 12, 8
MM, 75, 12, 8
MM, 78, 13, 16
MM, 81, 15, 16
MM, 83, 15, 8
MM, 84, 15, 8
MM, 85, 15, 8
MM, 85, 14, 40
MM, 85, 13, 8
MM, 85, 10, 8
MM, 72, 18, 24
MM, 0, 16, 482
MM, 1, 16, 16
MM, 2, 16, 16
MM, 3, 16, 16
MM, 3, 15, 24
MM, 4, 14, 16
MM, 5, 14, 8
MM, 5, 13, 16
MM, 6, 13, 8
MM, 7, 12, 8
MM, 8, 12, 8
MM, 9, 12, 16
MM, 10, 12, 8
MM, 11, 12, 8
MM, 12, 12, 32
MM, 12, 11, 16
MM, 12, 10, 16
MM, 12, 9, 8
MC, 1, 399
MM, 12, 10, 371
MM, 12, 11, 24
MM, 12, 12, 24
MM, 12, 13, 8
MM, 11, 16, 16
MM, 65, 0, 112
MM, 62, 4, 8
MM, 59, 10, 16
MM, 57, 12, 8
MM, 56, 14, 8
MM, 54, 17, 16
MM, 53, 18, 8
MM, 53, 19, 8
MM, 52, 19, 13
MM, 49, 21, 51
MM, 49, 22, 8
MM, 48, 22, 136
MM, 48, 23, 16
MM, 48, 24, 58
MM, 48, 23, 160
MM, 48, 22, 16
MM, 49, 21, 8
MM, 49, 20, 8
MM, 50, 20, 8
MM, 50, 19, 6
MM, 50, 17, 10
MM, 51, 17, 8
MM, 53, 14, 14
MM, 53, 13, 10
MM, 53, 11, 8
MM, 54, 9, 8
MM, 55, 8, 16
MM, 55, 6, 8
MM, 56, 5, 24
MC, 1, 144
MM, 60, 5, 1700
MM, 151, 29, 40
MM, 87, 11, 200
MM, 90, 24, 8
MM, 94, 45, 16
MM, 95, 50, 8
MM, 97, 62, 8
MM, 36, 3, 248
MM, 30, 9, 8
MM, 20, 20, 16
MM, 16, 23, 8
MM, 10, 28, 8
MM, 6, 30, 8
MM, 37, 31, 88
MM, 36, 30, 16
MM, 35, 30, 8
MM, 34, 30, 8
MM, 32, 29, 16
MM, 30, 29, 8
MM, 28, 28, 8
MM, 26, 28, 8
MM, 22, 27, 16
MM, 21, 27, 8
MM, 19, 27, 8
MM, 18, 26, 16
MM, 17, 26, 8
MM, 18, 26, 80
MM, 19, 26, 33
MM, 20, 26, 15
MM, 21, 27, 40
MM, 22, 27, 8
MM, 22, 28, 10
MM, 23, 29, 8
MM, 24, 30, 14
MM, 6, 1, 562
MM, 29, 7, 16
MM, 34, 10, 7
MM, 42, 12, 9
MM, 6, 22, 16
MM, 15, 26, 16
MM, 23, 31, 16
MM, 19, 0, 213
MM, 19, 1, 11
MM, 15, 5, 18
MM, 11, 7, 6
MM, 5, 11, 16
MM, 1, 13, 10
MM, 42, 17, 22
MM, 41, 18, 10
MM, 37, 19, 14
MM, 36, 19, 23
MM, 35, 19, 11
MM, 34, 19, 64
MM, 33, 19, 32
MM, 32, 19, 8
MM, 31, 19, 16
MM, 30, 19, 8
MM, 29, 19, 8
MM, 28, 19, 32
MM, 27, 19, 24
MM, 26, 19, 16
MM, 25, 19, 40
MM, 24, 19, 16
MC, 1, 160
MM, 19, 19, 200
MM, 12, 19, 8
MM, 3, 19, 8
MM, 40, 19, 16
MM, 22, 19, 24
MM, 17, 19, 8
MM, 10, 19, 16
MM, 8, 19, 8
MM, 5, 19, 16
MM, 3, 19, 16
MM, 0, 19, 8
MM, 41, 19, 26
MM, 28, 19, 32
MM, 23, 19, 14
MM, 22, 19, 8
MM, 21, 19, 8
MM, 19, 19, 10
MM, 17, 19, 14
MM, 16, 19, 8
MM, 13, 19, 10
MM, 10, 19, 8
MM, 1, 19, 14
MM, 42, 18, 18
MM, 37, 18, 8
MM, 30, 16, 14
MM, 27, 16, 10
MM, 24, 15, 16
MM, 22, 14, 14
MM, 20, 13, 18
MM, 19, 13, 8
MM, 18, 13, 8
MM, 13, 12, 16
MM, 6, 9, 24
MM, 42, 4, 24
MM, 30, 30, 32
MM, 14, 22, 24
MM, 5, 20, 8
MM, 2, 19, 8
MM, 1, 14, 256
MM, 3, 14, 16
MM, 4, 14, 8
MM, 5, 14, 16
MM, 6, 14, 16
MM, 7, 14, 24
MM, 8, 14, 40
MM, 9, 14, 32
MM, 10, 14, 24
MC, 1, 192
MM, 11, 14, 80
MM, 18, 14, 10
MM, 23, 14, 8
MM, 35, 14, 14
MM, 42, 14, 18
MM, 2, 14, 14
MM, 7, 14, 8
MM, 9, 14, 10
MM, 13, 14, 8
MM, 14, 14, 11
MM, 15, 14, 13
MM, 18, 14, 8
MM, 19, 14, 22
MM, 22, 14, 10
MM, 28, 14, 16
MM, 37, 14, 8
MM, 9, 14, 16
MM, 35, 14, 16
MM, 13, 14, 16
MM, 20, 14, 8
MM, 41, 14, 16
MM, 1, 14, 16
MM, 10, 14, 16
MM, 12, 14, 8
MM, 20, 12, 8
MM, 28, 12, 16
MM, 32, 11, 8
MM, 37, 11, 8
MM, 1, 11, 31
MM, 6, 11, 9
MM, 15, 11, 8
MM, 26, 11, 16
MM, 2, 11, 32
MM, 8, 11, 8
MM, 22, 11, 16
MM, 28, 11, 16
MM, 38, 10, 16
MM, 42, 9, 8
MM, 9, 8, 32
MM, 22, 8, 24
MM, 31, 7, 16
MM, 39, 5, 16
MM, 7, 3, 24
MM, 18, 0, 16
MM, 15, 31, 64
MM, 21, 29, 16
MM, 24, 28, 8
MM, 27, 26, 16
MM, 30, 25, 16
MM, 30, 24, 24
MM, 30, 23, 10
MM, 30, 21, 14
MM, 30, 20, 8
MM, 26, 15, 40
MM, 25, 14, 10
MM, 23, 14, 7
MM, 21, 13, 15
MM, 19, 12, 18
MM, 18, 12, 8
MM, 17, 11, 14
MC, 1, 162
MM, 16, 11, 336
MM, 14, 11, 8
MM, 11, 11, 8
MM, 2, 11, 16
MM, 33, 10, 24
MM, 28, 9, 16
MM, 25, 9, 8
MM, 23, 9, 8
MM, 22, 8, 16
MM, 21, 8, 8
MM, 20, 8, 16
MM, 15, 8, 16
MM, 11, 8, 8
MM, 32, 8, 32
MM, 16, 8, 32
MM, 12, 8, 16
MM, 11, 8, 8
MM, 9, 8, 16
MM, 8, 8, 34
MM, 9, 8, 152
MM, 10, 8, 8
MC, 1, 152
MM, 8, 8, 184
MM, 2, 8, 8
MM, 43, 8, 16
MM, 42, 8, 7
MM, 34, 8, 16
MM, 30, 8, 17
MM, 29, 8, 8
MM, 28, 8, 8
MM, 27, 8, 8
MM, 25, 8, 16
MM, 19, 8, 16
MM, 13, 8, 8
MM, 11, 8, 8
MM, 0, 8, 16
MM, 36, 8, 16
MM, 30, 8, 8
MM, 14, 8, 16
MM, 5, 8, 8
MC, 1, 711
MC, 1, 980
MM, 21, 0, 537
MM, 21, 1, 8
MM, 21, 2, 16
MM, 21, 3, 40
MM, 21, 4, 24
MM, 21, 5, 24
MM, 21, 6, 56
MM, 20, 6, 32
MC, 1, 184
MC, 2, 234
MM, 21, 6, 48
MM, 28, 6, 24
MM, 30, 6, 14
MM, 33, 6, 10
MM, 37, 6, 192
MM, 38, 6, 7
MM, 42, 6, 8
MM, 5, 5, 16
MM, 24, 3, 16
MM, 33, 0, 9
MM, 1, 27, 344
MM, 2, 26, 16
MM, 3, 25, 8
MM, 4, 25, 16
MM, 4, 24, 8
MM, 5, 23, 8
MM, 6, 23, 8
MM, 9, 22, 16
MM, 11, 21, 8
MM, 14, 20, 16
MM, 15, 20, 8
MM, 16, 19, 8
MM, 17, 19, 8
MM, 18, 18, 16
MM, 19, 18, 8
MM, 20, 18, 16
MM, 21, 18, 16
MM, 21, 17, 13
MC, 1, 203
MM, 23, 17, 186
MM, 24, 17, 8
MM, 24, 19, 80
MM, 25, 22, 8
MM, 27, 26, 8
MM, 33, 1, 24
MM, 39, 8, 16
MM, 41, 10, 8
MM, 43, 12, 8
MM, 0, 15, 31
MM, 1, 15, 8
MM, 5, 15, 16
MM, 6, 15, 8
MM, 9, 15, 9
MM, 12, 15, 8
MM, 16, 15, 16
MM, 19, 15, 8
MM, 24, 15, 8
MM, 29, 15, 8
MM, 40, 15, 16
MM, 0, 15, 16
MM, 10, 15, 16
MM, 17, 15, 16
MM, 20, 16, 8
MM, 24, 17, 16
MM, 26, 17, 8
MM, 28, 18, 8
MM, 30, 18, 8
MM, 36, 20, 16
MM, 38, 22, 7
MM, 43, 24, 9
MM, 5, 3, 32
MM, 13, 10, 16
MM, 17, 14, 8
MM, 20, 16, 8
MM, 24, 20, 16
MM, 25, 21, 8
MM, 26, 21, 8
MM, 27, 21, 8
MM, 29, 21, 32
MM, 30, 21, 21
MM, 30, 20, 27
MM, 30, 19, 24
MM, 30, 18, 24
MM, 30, 17, 8
MM, 30, 16, 8
MM, 28, 15, 24
MM, 28, 14, 8
MM, 27, 13, 18
MC, 1, 152
MM, 25, 13, 152
MM, 22, 13, 7
MM, 20, 13, 8
MM, 16, 13, 8
MM, 14, 13, 17
MM, 13, 13, 7
MM, 13, 12, 168
MM, 13, 11, 17
MM, 13, 10, 24
MM, 13, 9, 16
MM, 13, 8, 8
MM, 13, 7, 24
MM, 13, 6, 8
MM, 11, 5, 16
MM, 11, 4, 8
MM, 8, 3, 24
MM, 6, 1, 8
MM, 3, 0, 8
MM, 38, 28, 48
MM, 32, 25, 16
MM, 28, 24, 5
MM, 23, 21, 19
MM, 21, 20, 8
MM, 19, 19, 16
MM, 18, 19, 8
MM, 18, 18, 8
MM, 17, 17, 48
MM, 16, 17, 103
MM, 15, 17, 32
MC, 1, 185
MM, 16, 17, 170
MM, 20, 17, 7
MM, 26, 17, 8
MM, 37, 17, 8
MM, 7, 17, 25
MM, 15, 17, 15
MM, 19, 17, 8
MM, 22, 17, 8
MM, 24, 17, 16
MM, 25, 17, 8
MM, 26, 17, 49
MM, 27, 17, 56
MM, 27, 16, 15
MM, 27, 15, 25
MM, 28, 14, 8
MM, 28, 13, 8
MM, 28, 12, 16
MM, 29, 11, 8
MM, 30, 10, 8
MM, 31, 10, 8
MM, 33, 7, 16
MM, 35, 5, 8
MM, 38, 4, 8
MM, 42, 1, 8
MM, 20, 29, 16
MM, 28, 24, 8
MM, 2, 14, 16
MM, 18, 4, 15
MM, 21, 2, 9
MM, 37, 0, 304
MM, 34, 3, 16
MM, 33, 5, 10
MM, 30, 9, 14
MM, 29, 11, 8
MM, 27, 12, 10
MM, 25, 15, 8
MM, 22, 19, 14
MM, 22, 21, 8
MM, 21, 22, 10
MM, 19, 24, 16
MM, 18, 24, 8
MM, 18, 25, 14
MM, 17, 25, 26
MM, 17, 26, 56
MM, 17, 27, 6
MM, 18, 27, 58
MC, 1, 232
MM, 10, 24, 248
MM, 15, 15, 16
MM, 9, 8, 16
MM, 34, 1, 16
MM, 0, 23, 682
MM, 4, 24, 15
MM, 4, 25, 8
MM, 5, 25, 8
MM, 6, 25, 24
MM, 6, 26, 17
MM, 7, 26, 63
MM, 8, 26, 17
MM, 9, 26, 7
MM, 10, 26, 25
MM, 11, 26, 7
MM, 12, 26, 8
MM, 13, 26, 16
MM, 14, 26, 9
MM, 15, 26, 24
MM, 15, 25, 32
MM, 15, 24, 16
MM, 15, 23, 13
MM, 15, 22, 19
MM, 15, 21, 31
MC, 1, 128
MM, 17, 21, 177
MM, 18, 21, 8
MM, 19, 21, 26
MM, 20, 21, 88
MM, 22, 21, 8
MM, 25, 21, 8
MM, 32, 21, 8
MM, 40, 21, 16
MM, 6, 20, 16
MM, 9, 19, 8
MM, 20, 18, 16
MM, 24, 18, 8
MM, 26, 17, 8
MM, 31, 17, 16
MM, 32, 17, 8
MM, 33, 16, 8
MM, 34, 16, 5
MM, 35, 16, 11
MM, 36, 15, 16
MM, 37, 14, 16
MM, 38, 14, 16
MM, 39, 14, 8
MM, 40, 14, 8
MM, 40, 13, 8
MM, 3, 11, 24
MM, 7, 10, 8
MM, 20, 9, 16
MM, 29, 7, 8
MM, 39, 6, 16
MM, 43, 6, 152
MM, 41, 8, 15
MM, 40, 8, 9
MM, 38, 9, 8
MM, 36, 9, 16
MM, 34, 9, 8
MM, 32, 10, 16
MM, 30, 11, 8
MM, 29, 12, 8
MM, 28, 12, 8
MM, 26, 12, 8
MM, 25, 13, 16
MM, 24, 13, 8
MM, 23, 13, 15
MM, 23, 14, 24
MM, 23, 15, 51
MM, 22, 15, 14
MM, 21, 15, 26
MC, 1, 192
MM, 20, 15, 328
MM, 19, 15, 8
MM, 18, 15, 16
MM, 17, 15, 8
MM, 15, 15, 8
MM, 14, 15, 8
MM, 12, 15, 8
MM, 9, 16, 16
MM, 8, 16, 8
MM, 6, 17, 16
MM, 5, 17, 16
MM, 4, 18, 8
MM, 2, 19, 16
MM, 0, 20, 8
MM, 43, 27, 24
MM, 38, 30, 16
MC, 1, 600
MM, 29, 2, 352
MM, 29, 5, 7
MM, 29, 16, 17
MM, 29, 21, 8
MM, 29, 30, 15
MM, 17, 2, 25
MM, 10, 9, 16
MM, 5, 13, 8
MM, 1, 16, 8
MM, 2, 16, 434
MM, 4, 16, 8
MM, 5, 16, 8
MM, 8, 16, 16
MM, 10, 16, 8
MM, 12, 16, 8
MM, 13, 16, 8
MM, 16, 16, 15
MM, 17, 16, 17
MM, 18, 16, 8
MM, 19, 16, 7
MM, 20, 16, 33
MC, 1, 240
MM, 20, 14, 175
MM, 20, 10, 9
MM, 20, 8, 15
MM, 20, 7, 8
MM, 20, 5, 9
MM, 20, 3, 90
MM, 20, 2, 6
MM, 28, 30, 31
MM, 29, 28, 9
MM, 29, 27, 7
MM, 30, 20, 18
MM, 30, 16, 8
MM, 31, 7, 14
MM, 42, 31, 83
MM, 43, 29, 8
MM, 43, 28, 15
MM, 43, 27, 17
MM, 43, 28, 144
MM, 43, 29, 24
MM, 43, 30, 7
MM, 43, 31, 8
MM, 4, 31, 145
MM, 5, 31, 7
MM, 6, 30, 17
MM, 7, 29, 7
MM, 8, 29, 16
MM, 9, 29, 8
MM, 10, 28, 16
MM, 10, 27, 17
MM, 11, 27, 7
MM, 11, 26, 17
MM, 12, 26, 8
MM, 13, 25, 24
MM, 13, 24, 15
MM, 13, 23, 9
MM, 14, 23, 7
MM, 15, 22, 17
MM, 15, 21, 16
MM, 16, 21, 8
MM, 17, 21, 39
MC, 1, 209
MM, 17, 20, 250
MM, 17, 17, 8
MM, 17, 8, 13
MM, 17, 3, 11
MM, 17, 0, 8
MM, 15, 0, 1834
MM, 16, 1, 8
MM, 19, 2, 16
MM, 21, 2, 8
MM, 22, 2, 8
MM, 28, 3, 16
MM, 32, 6, 8
MM, 39, 7, 16
MM, 43, 8, 8
MC, 1, 786
MC, 1, 898
MM, 1, 19, 778
MM, 13, 20, 7
MM, 27, 22, 17
MM, 33, 23, 7
MM, 38, 23, 9
MM, 42, 23, 7
MM, 0, 26, 169
MM, 1, 26, 7
MM, 2, 27, 16
MM, 4, 27, 8
MM, 5, 27, 8
MM, 7, 27, 16
MM, 8, 27, 8
MM, 9, 27, 17
MM, 10, 27, 15
MM, 11, 27, 8
MM, 12, 27, 16
MM, 13, 27, 8
MM, 14, 27, 16
MM, 15, 27, 10
MM, 16, 27, 6
MM, 18, 26, 16
MM, 19, 25, 18
MM, 20, 24, 14
MM, 21, 24, 9
MM, 22, 24, 8
MM, 23, 23, 24
MM, 23, 22, 8
MM, 24, 22, 10
MM, 25, 22, 14
MC, 1, 178
MM, 26, 22, 343
MM, 27, 22, 8
MM, 28, 22, 16
MM, 29, 22, 8
MM, 30, 21, 8
MM, 36, 20, 17
MM, 39, 20, 8
MM, 42, 20, 8
MM, 0, 18, 24
MM, 3, 17, 13
MM, 5, 17, 10
MM, 7, 16, 17
MM, 8, 16, 8
MM, 9, 16, 5
MM, 10, 16, 29
MM, 11, 16, 14
MM, 12, 16, 8
MM, 13, 16, 16
MM, 14, 16, 16
MM, 15, 16, 7
MM, 16, 16, 19
MM, 17, 16, 5
MM, 18, 16, 27
MC, 1, 248
MM, 22, 16, 343
MM, 32, 19, 8
MM, 43, 21, 9
MM, 0, 0, 82
MM, 17, 0, 13
MM, 33, 1, 18
MM, 0, 2, 22
MM, 4, 4, 18
MM, 5, 4, 14
MM, 7, 5, 9
MM, 8, 7, 10
MM, 12, 8, 8
MM, 17, 12, 14
MM, 20, 13, 10
MM, 23, 15, 7
MM, 26, 15, 8
MM, 35, 21, 14
MM, 1, 25, 26
MM, 3, 27, 8
MM, 6, 27, 8
MM, 9, 28, 16
MM, 13, 30, 9
MM, 16, 31, 8
MC, 1, 1042
MM, 231, 61, 354
MM, 220, 56, 7
MM, 212, 52, 8
MM, 190, 40, 16
MM, 181, 33, 8
MM, 171, 25, 8
MM, 149, 4, 17
MC, 1, 1468
MC, 1, 34481
MM, 342, 2, 9190
MM, 336, 4, 8
MM, 324, 10, 8
MM, 313, 14, 8
MM, 309, 15, 8
MM, 293, 19, 16
MM, 287, 20, 8
MM, 282, 20, 8
MM, 277, 20, 8
MM, 270, 20, 8
MM, 268, 20, 8
MM, 263, 20, 10
MM, 254, 20, 14
MM, 247, 20, 8
MM, 244, 20, 8
MM, 239, 20, 0
MM, 230, 20, 16
MM, 228, 20, 16
MM, 225, 20, 0
MM, 222, 20, 16
MM, 220, 21, 8
MM, 217, 21, 16
MM, 216, 22, 9
MM, 215, 23, 0
MM, 213, 24, 15
MM, 210, 26, 0
MM, 207, 28, 16
MM, 203, 30, 15
MM, 202, 31, 0
MM, 199, 33, 17
MM, 196, 34, 18
MM, 195, 34, 15
MM, 194, 34, 8
MM, 193, 34, 8
MM, 194, 34, 160
MM, 195, 34, 25
MM, 195, 35, 8
MM, 196, 35, 42
MM, 197, 35, 16
MM, 197, 36, 22
MC, 1, 191
MM, 195, 38, 1770
MM, 191, 40, 8
MM, 187, 43, 8
MM, 182, 47, 8
MM, 171, 53, 16
MM, 165, 58, 11
MM, 159, 62, 8
MM, 31, 2, 43
MM, 28, 5, 15
MM, 25, 8, 0
MM, 20, 12, 16
MM, 18, 14, 22
MM, 17, 16, 5
MM, 13, 18, 8
MM, 11, 19, 16
MM, 12, 18, 90
MM, 12, 17, 8
MM, 12, 16, 15
MM, 12, 15, 16
MM, 12, 14, 15
MM, 12, 13, 27
MM, 12, 12, 19
MM, 13, 12, 16
MM, 15, 12, 31
MM, 16, 12, 5
MM, 17, 12, 16
MM, 18, 12, 11
MC, 1, 151
MM, 21, 12, 263
MM, 24, 12, 4
MM, 28, 12, 15
MM, 33, 15, 0
MM, 36, 15, 16
MM, 41, 16, 0
MC, 1, 617
MM, 24, 0, 318
MM, 25, 8, 18
MM, 26, 12, 6
MM, 27, 19, 18
MM, 28, 20, 8
MM, 28, 25, 12
MM, 28, 26, 12
MM, 28, 27, 8
MM, 28, 28, 16
MM, 29, 29, 0
MM, 34, 1, 37
MM, 40, 8, 16
MM, 42, 9, 8
MM, 0, 14, 24
MM, 3, 15, 8
MM, 11, 18, 4
MM, 14, 19, 15
MM, 27, 22, 20
MM, 34, 24, 0
MM, 38, 25, 18
MM, 0, 27, 16
MM, 9, 30, 8
MM, 12, 30, 8
MM, 18, 31, 8
MM, 32, 0, 56
MM, 35, 1, 8
MM, 39, 2, 8
MM, 0, 6, 36
MM, 1, 6, 15
MM, 2, 6, 22
MM, 3, 6, 16
MM, 3, 7, 24
MM, 3, 8, 32
MM, 4, 8, 8
MM, 4, 9, 9
MM, 5, 9, 8
MM, 6, 9, 13
MM, 6, 10, 26
MM, 7, 10, 31
MC, 1, 213
MM, 6, 10, 253
MM, 4, 10, 8
MM, 37, 10, 18
MM, 3, 7, 14
MM, 32, 4, 8
MM, 18, 31, 24
MM, 7, 29, 8
MM, 44, 25, 18
MM, 26, 23, 14
MM, 21, 23, 8
MM, 17, 23, 10
MM, 15, 23, 8
MM, 12, 23, 14
MM, 10, 23, 8
MM, 9, 23, 10
MM, 4, 21, 14
MM, 3, 20, 8
MM, 0, 19, 10
MM, 41, 13, 22
MM, 37, 10, 8
MM, 32, 7, 10
MC, 1, 1046
MM, 1, 2, 415
MM, 4, 4, 21
MM, 10, 9, 16
MM, 13, 11, 8
MM, 13, 12, 8
MM, 15, 12, 4
MM, 16, 12, 16
MM, 16, 13, 43
MM, 16, 14, 24
MM, 17, 14, 9
MM, 17, 15, 20
MM, 18, 15, 8
MM, 18, 16, 8
MM, 19, 16, 16
MM, 19, 17, 24
MM, 20, 17, 32
MC, 1, 223
MM, 17, 17, 181
MM, 9, 17, 6
MM, 1, 17, 0
MM, 45, 17, 15
MM, 36, 17, 16
MM, 31, 17, 16
MM, 27, 17, 15
MM, 25, 17, 8
MM, 24, 17, 130
MM, 24, 16, 8
MM, 23, 16, 12
MM, 23, 15, 12
MM, 22, 15, 16
MM, 20, 14, 19
MM, 18, 13, 15
MM, 16, 12, 10
MM, 15, 11, 8
MM, 13, 11, 8
MM, 11, 10, 8
MM, 7, 8, 4
MM, 43, 1, 28
MC, 1, 498
MM, 23, 5, 299
MM, 25, 13, 16
MM, 20, 0, 29
MM, 21, 9, 8
MM, 24, 25, 14
MM, 25, 31, 8
MM, 41, 0, 24
MM, 41, 1, 4
MM, 41, 2, 12
MM, 41, 3, 8
MM, 41, 4, 12
MM, 42, 4, 76
MM, 43, 4, 80
MM, 43, 5, 16
MM, 44, 5, 24
MM, 45, 5, 24
MM, 45, 6, 33
MM, 45, 7, 32
MM, 45, 8, 97
MC, 1, 142
MM, 46, 8, 249
MM, 48, 8, 8
MM, 49, 8, 8
MM, 51, 8, 8
MM, 52, 8, 8
MM, 58, 8, 17
MM, 60, 8, 8
MM, 62, 8, 8
MM, 68, 10, 8
MM, 69, 11, 8
MM, 81, 14, 16
MM, 88, 17, 8
MM, 93, 18, 8
MM, 101, 20, 8
MM, 115, 22, 16
MM, 122, 23, 8
MM, 129, 23, 7
MM, 133, 23, 8
MM, 148, 23, 16
MM, 150, 21, 8
MM, 156, 20, 9
MM, 158, 18, 0
MM, 165, 14, 15
MM, 168, 12, 16
MM, 170, 10, 0
MM, 173, 9, 19
MM, 175, 8, 8
MM, 178, 7, 14
MM, 180, 7, 8
MM, 182, 6, 8
MM, 183, 5, 8
MM, 187, 3, 16
MM, 187, 2, 8
MM, 188, 2, 8
MM, 189, 2, 8
MM, 190, 2, 8
MM, 190, 1, 8
MM, 191, 0, 15
MM, 23, 31, 168
MM, 22, 30, 8
MM, 21, 29, 11
MM, 21, 27, 14
MM, 20, 25, 4
MM, 20, 24, 21
MM, 20, 23, 32
MC, 1, 280
MM, 19, 23, 128
MM, 16, 23, 0
MM, 12, 23, 15
MM, 7, 23, 0
MM, 6, 23, 18
MM, 42, 23, 30
MM, 40, 23, 8
MM, 37, 23, 8
MM, 28, 23, 7
MM, 23, 23, 15
MM, 16, 23, 0
MM, 14, 23, 16
MM, 5, 23, 18
MM, 2, 23, 6
MM, 0, 23, 9
MM, 43, 23, 15
MM, 41, 23, 16
MM, 39, 21, 0
MM, 32, 18, 26
MM, 28, 16, 8
MM, 24, 15, 0
MM, 20, 14, 18
MM, 10, 11, 2
MM, 7, 11, 16
MM, 4, 10, 0
MM, 41, 9, 36
MM, 38, 9, 8
MM, 31, 9, 16
MM, 28, 9, 10
MM, 24, 9, 8
MM, 19, 9, 14
MM, 16, 9, 8
MM, 13, 9, 9
MM, 11, 8, 0
MM, 7, 8, 15
MM, 43, 4, 24
MM, 36, 3, 12
MM, 29, 1, 4
MM, 1, 31, 36
MM, 42, 29, 33
MM, 39, 28, 4
MM, 34, 26, 16
MM, 32, 25, 8
MM, 29, 25, 11
MM, 28, 24, 6
MM, 27, 24, 7
MM, 24, 23, 16
MM, 23, 23, 8
MM, 21, 22, 8
MM, 19, 22, 0
MM, 16, 21, 15
MM, 14, 21, 16
MM, 13, 20, 0
MM, 11, 20, 18
MM, 10, 19, 10
MC, 1, 240
MM, 11, 19, 125
MM, 13, 19, 8
MM, 15, 19, 8
MM, 16, 19, 8
MM, 18, 19, 11
MM, 22, 19, 9
MM, 25, 19, 0
MM, 28, 19, 16
MM, 31, 19, 0
MM, 33, 19, 16
MM, 42, 19, 20
MM, 1, 19, 16
MM, 6, 19, 8
MM, 12, 19, 8
MM, 17, 19, 16
MM, 22, 19, 8
MM, 29, 19, 8
MM, 35, 19, 8
MM, 0, 19, 16
MM, 10, 19, 8
MM, 21, 19, 8
MM, 38, 20, 8
MM, 0, 22, 16
MM, 10, 23, 19
MM, 15, 23, 5
MM, 19, 24, 8
MM, 23, 24, 8
MM, 34, 25, 13
MM, 36, 26, 0
MM, 43, 26, 15
MM, 5, 28, 16
MM, 11, 29, 0
MM, 19, 31, 20
MM, 16, 0, 92
MM, 18, 0, 0
MM, 19, 0, 23
MM, 22, 1, 13
MM, 26, 2, 8
MM, 28, 3, 8
MM, 31, 4, 8
MM, 1, 11, 43
MM, 4, 12, 0
MM, 7, 12, 22
MM, 9, 13, 18
MM, 10, 13, 0
MM, 10, 14, 31
MM, 11, 14, 24
MM, 12, 14, 19
MM, 13, 15, 11
MM, 14, 15, 32
MM, 15, 15, 29
MM, 16, 15, 22
MM, 14, 14, 66
MM, 13, 13, 4
MC, 1, 140
MM, 9, 13, 208
MM, 4, 13, 4
MM, 38, 13, 28
MM, 28, 13, 0
MM, 16, 13, 16
MM, 2, 13, 16
MM, 38, 13, 16
MM, 33, 13, 8
MM, 29, 13, 8
MM, 20, 12, 12
MM, 14, 11, 8
MM, 10, 9, 9
MM, 5, 8, 0
MM, 43, 4, 15
MM, 40, 3, 16
MM, 31, 31, 60
MM, 30, 31, 12
MM, 30, 30, 16
MM, 30, 29, 16
MM, 29, 29, 8
MM, 28, 28, 36
MM, 27, 28, 16
MM, 26, 28, 4
MM, 25, 28, 8
MM, 24, 27, 8
MM, 19, 25, 16
MM, 18, 24, 8
MM, 13, 22, 8
MM, 12, 21, 8
MM, 6, 18, 20
MM, 4, 17, 8
MM, 1, 17, 4
MM, 1, 16, 12
MM, 43, 11, 62
MM, 41, 9, 12
MM, 38, 7, 14
MM, 36, 6, 4
MM, 34, 4, 8
MM, 32, 3, 12
MM, 31, 3, 16
MM, 31, 2, 4
MM, 30, 1, 20
MM, 30, 0, 32
MC, 1, 728
MM, 28, 1, 329
MM, 29, 2, 8
MM, 30, 3, 17
MM, 31, 5, 0
MM, 32, 8, 16
MM, 34, 13, 2
MM, 35, 17, 16
MM, 37, 24, 20
MM, 38, 27, 8
MM, 39, 29, 8
MM, 40, 31, 8
MM, 35, 1, 50
MM, 36, 2, 8
MM, 37, 5, 8
MM, 39, 13, 16
MM, 39, 17, 8
MM, 40, 20, 6
MM, 40, 24, 0
MM, 42, 29, 15
MM, 43, 31, 19
MM, 62, 0, 27
MM, 65, 6, 0
MM, 69, 15, 16
MM, 77, 31, 15
MM, 79, 37, 16
MM, 86, 41, 295
MM, 86, 40, 8
MM, 86, 39, 8
MM, 86, 38, 8
MM, 86, 36, 17
MM, 86, 35, 4
MM, 85, 34, 8
MM, 83, 31, 16
MM, 83, 30, 8
MM, 82, 28, 8
MM, 82, 27, 8
MM, 82, 25, 16
MM, 82, 24, 8
MM, 81, 23, 20
MM, 81, 22, 12
MM, 81, 20, 8
MM, 80, 20, 8
MM, 80, 19, 8
MM, 80, 18, 16
MC, 1, 299
MM, 81, 18, 331
MM, 86, 16, 7
MM, 100, 10, 0
MM, 109, 8, 0
MM, 6, 20, 29
MM, 42, 3, 0
MM, 29, 0, 28
MM, 3, 27, 8
MM, 25, 13, 16
MM, 26, 0, 432
MM, 25, 1, 8
MM, 24, 2, 8
MM, 20, 6, 1
MM, 18, 8, 15
MM, 16, 11, 16
MM, 14, 12, 0
MM, 13, 14, 16
MM, 11, 19, 16
MM, 10, 20, 8
MM, 10, 21, 8
MM, 10, 22, 8
MM, 10, 23, 8
MM, 10, 24, 21
MM, 10, 23, 114
MM, 10, 22, 16
MM, 10, 21, 6
MM, 10, 20, 16
MM, 10, 19, 8
MM, 10, 18, 8
MM, 10, 16, 19
MM, 10, 15, 8
MC, 1, 158
MM, 8, 15, 281
MM, 3, 15, 8
MM, 32, 15, 8
MM, 8, 15, 16
MM, 15, 15, 19
MM, 30, 15, 8
MM, 4, 19, 12
MM, 16, 0, 145
MM, 14, 0, 15
MM, 13, 0, 20
MM, 12, 0, 8
MM, 11, 0, 7
MM, 11, 1, 8
MM, 10, 2, 12
MM, 9, 3, 16
MM, 8, 3, 15
MM, 7, 4, 19
MM, 7, 5, 19
MM, 7, 6, 23
MM, 8, 6, 16
MM, 9, 6, 8
MM, 11, 6, 8
MM, 12, 6, 8
MM, 17, 7, 16
MM, 20, 7, 8
MM, 23, 8, 9
MM, 29, 10, 8
MM, 33, 11, 7
MM, 41, 12, 16
MM, 2, 14, 31
MM, 3, 14, 0
MM, 4, 14, 16
MM, 5, 14, 8
MM, 6, 14, 18
MM, 7, 14, 7
MM, 9, 15, 31
MM, 11, 15, 0
MM, 12, 16, 16
MM, 14, 17, 8
MM, 16, 18, 8
MM, 19, 19, 16
MM, 20, 19, 10
MM, 21, 19, 7
MM, 22, 20, 16
MM, 23, 20, 16
MM, 24, 20, 12
MC, 1, 204
MM, 24, 23, 243
MM, 24, 28, 8
MM, 16, 0, 11
MM, 16, 7, 0
MM, 16, 12, 16
MM, 16, 20, 16
MM, 16, 24, 0
MM, 16, 26, 19
MM, 16, 28, 16
MM, 16, 29, 8
MM, 16, 30, 21
MM, 16, 31, 61
MM, 17, 31, 4
MM, 82, 0, 132
MM, 82, 1, 8
MM, 82, 3, 8
MM, 80, 5, 16
MM, 79, 7, 8
MM, 77, 9, 8
MM, 76, 10, 8
MM, 74, 13, 0
MM, 72, 16, 16
MM, 71, 17, 15
MM, 70, 17, 0
MM, 69, 18, 16
MM, 69, 19, 9
MM, 68, 20, 16
MM, 67, 20, 16
MM, 66, 20, 29
MM, 66, 19, 53
MM, 66, 18, 16
MM, 66, 17, 31
MC, 1, 133
MM, 64, 16, 225
MM, 59, 14, 8
MM, 51, 10, 8
MM, 40, 6, 8
MM, 30, 1, 8
MM, 26, 0, 8
MM, 42, 31, 16
MM, 34, 28, 17
MM, 28, 24, 8
MM, 25, 22, 8
MM, 22, 20, 4
MM, 20, 19, 12
MM, 15, 16, 16
MM, 13, 14, 4
MM, 11, 12, 0
MM, 8, 11, 16
MM, 5, 7, 15
MM, 3, 6, 0
MM, 0, 5, 20
MM, 42, 31, 141
MM, 42, 30, 16
MM, 42, 29, 28
MM, 41, 29, 31
MM, 41, 28, 18
MM, 41, 27, 8
MM, 40, 27, 8
MM, 40, 26, 8
MM, 38, 25, 16
MM, 38, 24, 8
MM, 37, 23, 9
MM, 35, 22, 8
MM, 32, 19, 14
MM, 31, 17, 8
MM, 29, 16, 8
MM, 28, 16, 8
MM, 26, 15, 16
MM, 25, 14, 8
MM, 24, 14, 8
MM, 23, 14, 18
MM, 22, 13, 15
MM, 22, 12, 16
MM, 21, 12, 22
MM, 21, 13, 41
MM, 21, 14, 10
MC, 1, 151
MM, 25, 14, 143
MM, 30, 14, 10
MM, 42, 14, 8
MM, 0, 14, 16
MM, 17, 14, 8
MM, 28, 14, 8
MM, 10, 14, 16
MM, 27, 14, 8
MM, 12, 14, 16
MM, 31, 14, 8
MM, 6, 14, 16
MM, 22, 14, 7
MM, 37, 14, 9
MM, 0, 14, 24
MM, 6, 14, 8
MM, 14, 14, 16
MM, 18, 14, 8
MM, 21, 14, 8
MM, 26, 14, 8
MM, 36, 14, 16
MM, 42, 14, 4
MM, 2, 14, 15
MM, 12, 14, 0
MM, 16, 14, 16
MM, 21, 14, 0
MM, 31, 14, 26
MM, 34, 14, 8
MM, 37, 14, 12
MM, 38, 14, 9
MM, 42, 14, 14
MM, 43, 14, 24
MM, 0, 14, 121
MM, 4, 14, 8
MM, 7, 15, 8
MM, 19, 16, 16
MM, 26, 17, 8
MM, 33, 19, 9
MM, 39, 20, 7
MM, 3, 21, 17
MM, 8, 22, 8
MM, 14, 22, 8
MM, 21, 22, 16
MM, 25, 22, 6
MM, 29, 22, 0
MM, 32, 22, 15
MM, 37, 22, 19
MM, 39, 22, 8
MM, 41, 22, 12
MM, 42, 21, 8
MM, 42, 20, 36
MM, 42, 19, 4
MM, 40, 18, 8
MM, 37, 17, 8
MM, 36, 17, 487
MM, 35, 17, 18
MM, 34, 17, 8
MM, 33, 17, 11
MM, 31, 17, 16
MM, 30, 17, 8
MC, 1, 112
MC, 2, 233
MM, 28, 17, 260
MM, 24, 17, 16
MM, 19, 17, 0
MM, 10, 17, 16
MM, 0, 17, 0
MM, 23, 17, 27
MM, 1, 20, 8
MM, 13, 29, 18
MM, 33, 0, 15
MM, 17, 4, 8
MM, 1, 10, 8
MM, 25, 21, 16
MM, 15, 28, 8
MM, 111, 2, 33
MM, 107, 6, 15
MM, 107, 8, 8
MM, 106, 9, 16
MM, 105, 10, 5
MM, 103, 13, 16
MM, 101, 15, 0
MM, 98, 19, 16
MM, 94, 23, 28
MM, 93, 25, 8
MM, 93, 27, 8
MM, 92, 29, 16
MM, 92, 30, 8
MM, 91, 31, 8
MM, 90, 31, 16
MM, 89, 32, 12
MM, 87, 33, 0
MM, 85, 34, 15
MM, 82, 35, 0
MM, 77, 37, 29
MM, 72, 38, 16
MM, 69, 39, 8
MM, 68, 39, 8
MM, 67, 40, 8
MM, 66, 40, 8
MM, 66, 39, 71
MM, 66, 37, 5
MM, 66, 36, 16
MM, 66, 35, 9
MM, 66, 34, 8
MM, 66, 33, 0
MM, 66, 32, 15
MM, 66, 31, 0
MM, 66, 30, 25
MM, 66, 29, 8
MM, 66, 28, 24
MM, 66, 27, 8
MM, 67, 27, 16
MM, 68, 26, 16
MM, 69, 26, 19
MM, 70, 26, 4
MM, 71, 26, 35
MM, 71, 25, 15
MM, 72, 25, 8
MM, 73, 25, 34
MC, 1, 208
MM, 73, 22, 177
MM, 73, 19, 0
MM, 73, 12, 0
MM, 8, 31, 27
MM, 8, 30, 18
MM, 8, 24, 12
MM, 8, 19, 16
MM, 8, 17, 8
MM, 8, 16, 53
MM, 8, 15, 8
MM, 8, 14, 8
MM, 8, 13, 20
MM, 8, 12, 0
MM, 8, 11, 16
MM, 9, 10, 16
MM, 9, 9, 23
MM, 10, 8, 8
MM, 12, 5, 8
MM, 30, 26, 32
MM, 34, 20, 8
MM, 39, 15, 8
MM, 1, 2, 32
MC, 1, 529
MM, 0, 26, 785
MM, 1, 26, 28
MM, 2, 26, 44
MM, 3, 26, 15
MM, 4, 26, 41
MM, 4, 27, 16
MM, 5, 27, 8
MM, 5, 28, 8
MM, 6, 29, 16
MM, 8, 29, 8
MM, 9, 30, 8
MM, 10, 31, 8
MM, 17, 1, 140
MM, 17, 3, 24
MM, 17, 4, 8
MM, 17, 6, 20
MM, 17, 7, 4
MM, 16, 7, 17
MM, 16, 8, 20
MM, 15, 8, 33
MM, 14, 8, 0
MM, 14, 9, 15
MM, 13, 9, 16
MM, 12, 9, 17
MM, 11, 9, 13
MC, 1, 137
MM, 10, 9, 206
MM, 6, 9, 8
MM, 2, 9, 8
MM, 44, 9, 28
MM, 37, 9, 5
MM, 35, 9, 8
MM, 29, 9, 16
MM, 25, 9, 8
MM, 20, 9, 8
MM, 11, 9, 16
MM, 0, 9, 14
MM, 41, 8, 21
MM, 35, 7, 6
MM, 30, 7, 0
MM, 24, 6, 15
MM, 15, 5, 16
MM, 11, 4, 4
MM, 7, 3, 0
MM, 3, 3, 16
MM, 42, 2, 31
MM, 38, 1, 8
MM, 35, 0, 8
MP, 1, 288
MR, 1, 159
MC, 1, 0
MC, 1, 863
MM, 24, 1, 299
MM, 24, 4, 7
MM, 24, 8, 8
MM, 24, 15, 18
MM, 24, 19, 8
MM, 25, 23, 5
MM, 25, 30, 16
MM, 19, 0, 34
MM, 20, 2, 16
MM, 20, 3, 8
MM, 21, 4, 8
MM, 22, 7, 17
MM, 23, 9, 5
MM, 23, 10, 8
MM, 24, 13, 8
MM, 26, 17, 16
MM, 26, 18, 8
MM, 28, 21, 16
MM, 28, 22, 8
MM, 28, 23, 19
MM, 28, 24, 8
MM, 29, 24, 5
MM, 29, 25, 16
MM, 29, 26, 16
MM, 29, 27, 4
MM, 30, 27, 0
MM, 30, 28, 32
MM, 31, 28, 0
MM, 31, 29, 22
MM, 31, 30, 22
MM, 31, 31, 20
MM, 46, 1, 95
MM, 46, 3, 8
MM, 46, 4, 8
MM, 46, 9, 16
MM, 46, 10, 8
MM, 46, 12, 8
MM, 46, 14, 8
MM, 45, 15, 16
MM, 45, 16, 4
MM, 45, 17, 0
MM, 45, 18, 31
MM, 44, 19, 28
MM, 44, 20, 24
MC, 1, 241
MM, 44, 19, 296
MM, 44, 18, 8
MM, 44, 16, 8
MM, 44, 14, 8
MM, 44, 13, 16
MM, 44, 11, 6
MM, 44, 9, 20
MM, 44, 1, 8
MM, 27, 30, 8
MM, 23, 4, 15
MM, 27, 22, 16
MM, 25, 3, 16
MM, 23, 0, 167
MM, 23, 1, 8
MM, 23, 2, 5
MM, 23, 4, 15
MM, 23, 6, 0
MM, 23, 7, 16
MM, 23, 8, 0
MM, 23, 12, 28
MM, 23, 17, 10
MM, 23, 23, 7
MM, 23, 25, 8
MM, 15, 0, 24
MM, 15, 3, 8
MM, 15, 6, 8
MM, 15, 9, 16
MM, 15, 10, 8
MM, 15, 11, 25
MM, 15, 12, 44
MM, 15, 11, 81
MM, 15, 10, 51
MM, 15, 9, 8
MC, 1, 136
MM, 16, 9, 298
MM, 24, 9, 8
MM, 35, 7, 8
MM, 43, 4, 8
MM, 9, 25, 24
MM, 8, 5, 16
MM, 19, 1, 8
MM, 19, 22, 16
MM, 26, 19, 4
MM, 0, 6, 20
MM, 30, 0, 325
MM, 30, 1, 8
MM, 30, 2, 16
MM, 30, 3, 8
MM, 30, 4, 11
MM, 30, 5, 8
MM, 31, 6, 16
MM, 31, 7, 8
MM, 32, 8, 8
MM, 34, 9, 16
MM, 35, 9, 8
MM, 0, 12, 62
MM, 1, 12, 4
MM, 3, 12, 16
MM, 4, 12, 0
MM, 5, 12, 15
MM, 7, 12, 20
MM, 8, 12, 21
MM, 9, 12, 5
MM, 10, 12, 17
MM, 11, 12, 8
MM, 12, 12, 8
MM, 13, 12, 19
MM, 13, 11, 73
MC, 1, 220
MM, 10, 11, 240
MM, 7, 11, 0
MM, 3, 13, 18
MM, 28, 20, 23
MM, 20, 24, 8
MM, 11, 26, 8
MM, 30, 2, 24
MM, 26, 3, 8
MM, 12, 8, 8
MM, 3, 12, 17
MM, 42, 18, 22
MM, 41, 19, 8
MM, 39, 19, 9
MM, 38, 20, 15
MM, 38, 21, 169
MM, 38, 22, 5
MM, 38, 23, 18
MM, 38, 24, 8
MM, 38, 25, 8
MM, 38, 27, 8
MM, 37, 29, 0
MM, 30, 0, 34
MM, 25, 4, 6
MM, 20, 7, 8
MM, 14, 12, 16
MM, 11, 14, 8
MM, 10, 16, 8
MM, 8, 17, 8
MM, 7, 18, 8
MM, 6, 19, 8
MM, 6, 18, 119
MM, 6, 17, 17
MM, 7, 17, 0
MM, 7, 16, 16
MM, 8, 16, 8
MM, 8, 15, 16
MM, 9, 14, 20
MM, 10, 14, 32
MM, 11, 14, 12
MM, 11, 13, 17
MC, 1, 247
MM, 11, 11, 225
MM, 10, 8, 0
MM, 4, 1, 17
MM, 46, 19, 49
MM, 45, 17, 9
MM, 44, 16, 0
MM, 43, 15, 15
MM, 42, 13, 17
MM, 41, 12, 8
MM, 40, 11, 7
MM, 38, 10, 8
MM, 37, 9, 16
MM, 36, 7, 11
MM, 35, 7, 15
MM, 34, 6, 0
MM, 34, 5, 16
MM, 33, 5, 0
MM, 33, 3, 29
MM, 31, 1, 16
MC, 1, 451
MM, 0, 19, 272
MM, 15, 20, 8
MM, 39, 22, 16
MM, 3, 23, 8
MM, 17, 23, 8
MM, 34, 26, 16
MM, 43, 26, 8
MM, 4, 26, 16
MM, 8, 26, 8
MM, 11, 26, 0
MM, 13, 26, 16
MM, 14, 26, 16
MM, 15, 26, 14
MM, 16, 26, 16
MM, 17, 26, 16
MM, 18, 26, 19
MM, 19, 26, 4
MM, 20, 26, 16
MM, 21, 26, 0
MM, 22, 25, 18
MM, 22, 24, 24
MM, 22, 23, 16
MM, 22, 22, 18
MM, 22, 21, 24
MM, 22, 20, 4
MM, 22, 19, 8
MM, 20, 19, 8
MM, 19, 18, 16
MM, 17, 18, 8
MM, 17, 17, 8
MM, 15, 17, 8
MM, 14, 16, 12
MM, 13, 16, 12
MM, 11, 15, 8
MM, 11, 14, 16
MM, 10, 14, 8
MM, 9, 13, 5
MC, 1, 268
MM, 8, 15, 237
MM, 6, 17, 8
MM, 5, 20, 8
MM, 3, 24, 8
MM, 40, 1, 44
MM, 38, 2, 8
MM, 38, 4, 8
MM, 34, 6, 16
MM, 32, 8, 8
MM, 29, 11, 8
MM, 23, 18, 16
MM, 20, 21, 8
MM, 15, 26, 8
MM, 14, 28, 11
MM, 43, 4, 213
MM, 43, 5, 81
MM, 43, 6, 50
MM, 42, 6, 16
MM, 41, 6, 8
MM, 39, 8, 8
MM, 38, 9, 8
MM, 33, 11, 5
MM, 31, 12, 20
MM, 30, 13, 7
MM, 28, 13, 0
MM, 27, 14, 15
MM, 26, 14, 0
MC, 1, 392
MM, 25, 14, 251
MM, 21, 14, 8
MM, 13, 14, 8
MM, 6, 13, 8
MM, 39, 12, 17
MM, 29, 12, 8
MM, 17, 12, 16
MM, 12, 12, 4
MM, 6, 12, 12
MM, 2, 12, 8
MM, 1, 12, 4
MM, 5, 31, 315
MM, 5, 30, 8
MM, 5, 29, 8
MM, 5, 22, 17
MM, 5, 17, 4
MM, 5, 13, 8
MM, 5, 9, 0
MM, 3, 2, 16
MM, 3, 0, 16
MM, 138, 55, 534
MM, 138, 38, 4
MM, 135, 17, 12
MM, 117, 0, 3796
MM, 118, 9, 8
MM, 119, 13, 8
MM, 122, 20, 8
MM, 125, 32, 17
MM, 126, 37, 8
MM, 127, 40, 7
MM, 128, 43, 8
MM, 129, 45, 16
MM, 129, 46, 8
MM, 129, 47, 8
MM, 130, 47, 16
MM, 131, 47, 16
MM, 132, 48, 25
MM, 133, 48, 7
MM, 134, 48, 8
MM, 135, 48, 4
MM, 136, 48, 16
MM, 137, 48, 0
MM, 138, 48, 37
MM, 138, 49, 8
MM, 139, 50, 9
MM, 139, 51, 8
MM, 140, 53, 10
MM, 141, 55, 0
MM, 142, 56, 16
MM, 143, 58, 0
MM, 144, 60, 16
MM, 144, 62, 19
MM, 145, 63, 8
MM, 35, 26, 587
MM, 31, 27, 8
MM, 24, 29, 8
MM, 12, 31, 16
MC, 1, 591
MM, 10, 3, 259
MM, 24, 13, 4
MM, 12, 4, 35
MM, 23, 9, 7
MM, 31, 15, 8
MM, 35, 17, 8
MM, 1, 25, 24
MM, 4, 27, 8
MM, 7, 28, 8
MM, 9, 30, 18
MM, 10, 30, 7
MM, 10, 29, 58
MM, 10, 28, 4
MM, 10, 27, 8
MM, 10, 26, 20
MM, 10, 25, 6
MM, 9, 25, 0
MM, 9, 24, 16
MM, 9, 23, 83
MM, 9, 22, 19
MM, 9, 21, 36
MM, 9, 20, 17
MM, 9, 19, 16
MM, 10, 19, 5
MC, 1, 230
MM, 10, 13, 251
MM, 8, 9, 8
MM, 2, 31, 9
MC, 1, 561
MM, 30, 0, 750
MM, 28, 1, 12
MM, 27, 2, 14
MM, 26, 3, 4
MM, 24, 4, 20
MM, 23, 4, 24
MM, 22, 4, 16
MC, 1, 292
MM, 22, 5, 238
MM, 22, 9, 7
MM, 24, 14, 6
MM, 28, 20, 8
MM, 32, 28, 8
MM, 32, 4, 16
MM, 36, 11, 8
MM, 42, 20, 8
MM, 19, 0, 28
MM, 21, 3, 0
MM, 23, 5, 20
MM, 25, 8, 15
MM, 26, 8, 21
MM, 26, 9, 5
MM, 27, 9, 8
MM, 28, 9, 28
MM, 28, 10, 0
MM, 29, 10, 22
MM, 30, 11, 23
MM, 31, 11, 48
MM, 32, 11, 42
MM, 33, 11, 33
MC, 1, 256
MM, 33, 9, 348
MM, 33, 8, 8
MM, 33, 5, 16
MM, 33, 4, 16
MM, 18, 29, 19
MM, 18, 25, 5
MM, 18, 21, 8
MM, 18, 12, 16
MM, 19, 7, 8
MM, 19, 3, 8
MM, 28, 31, 32
MM, 28, 29, 8
MM, 28, 28, 17
MM, 28, 27, 16
MM, 28, 26, 8
MM, 28, 25, 24
MM, 28, 23, 8
MM, 28, 19, 8
MM, 28, 18, 8
MM, 27, 15, 8
MM, 26, 9, 19
MM, 25, 8, 4
MM, 24, 5, 0
MM, 23, 2, 16
MC, 1, 1094
MM, 14, 1, 304
MM, 28, 8, 2
MM, 11, 26, 16
MM, 41, 4, 21
MM, 0, 8, 8
MM, 30, 19, 16
MM, 35, 21, 8
MM, 1, 30, 33
MM, 3, 31, 4
MM, 5, 31, 8
MM, 5, 30, 536
MM, 5, 29, 8
MM, 5, 28, 8
MM, 5, 27, 20
MM, 5, 26, 9
MM, 4, 25, 15
MM, 3, 25, 8
MM, 1, 24, 8
MM, 42, 17, 57
MM, 40, 17, 9
MM, 35, 15, 14
MM, 33, 15, 8
MM, 32, 15, 16
MM, 31, 15, 8
MM, 30, 15, 24
MM, 29, 15, 187
MC, 1, 230
MM, 26, 14, 256
MM, 24, 13, 5
MM, 20, 10, 8
MM, 17, 9, 8
MM, 9, 6, 16
MM, 1, 2, 8
MM, 27, 31, 65
MM, 23, 31, 8
MM, 19, 30, 8
MM, 13, 29, 4
MM, 10, 28, 16
MM, 7, 28, 0
MM, 4, 28, 15
MM, 0, 27, 22
MM, 42, 24, 31
MM, 41, 24, 0
MM, 38, 22, 16
MM, 36, 21, 16
MM, 34, 20, 12
MM, 33, 19, 6
MM, 31, 19, 8
MM, 26, 18, 14
MM, 26, 17, 8
MM, 24, 17, 8
MM, 22, 16, 8
MM, 21, 16, 8
MM, 19, 16, 20
MM, 19, 15, 4
MM, 18, 15, 8
MM, 17, 15, 8
MM, 16, 15, 24
MM, 16, 14, 146
MM, 15, 14, 213
MM, 13, 14, 0
MM, 12, 14, 16
MM, 10, 14, 0
MM, 8, 14, 21
MM, 4, 14, 14
MM, 1, 14, 8
MM, 43, 14, 90
MM, 42, 14, 5
MM, 41, 14, 7
MM, 40, 14, 15
MM, 39, 14, 0
MM, 38, 14, 46
MM, 37, 14, 7
MM, 36, 14, 32
MM, 35, 14, 24
MC, 1, 232
MM, 34, 14, 225
MM, 32, 14, 4
MM, 28, 14, 12
MM, 23, 14, 4
MM, 11, 14, 14
MM, 6, 14, 0
MM, 1, 14, 15
MM, 41, 15, 16
MM, 32, 17, 0
MM, 24, 20, 15
MM, 20, 22, 20
MM, 17, 22, 8
MM, 14, 23, 8
MM, 11, 24, 16
MM, 10, 24, 8
MM, 9, 24, 8
MM, 9, 23, 163
MC, 1, 289
MM, 10, 24, 358
MM, 12, 26, 8
MM, 14, 29, 8
MM, 17, 5, 28
MM, 22, 13, 7
MM, 27, 22, 1
MM, 5, 2, 23
MM, 11, 11, 1
MM, 23, 27, 20
MM, 25, 30, 8
MM, 29, 34, 8
MM, 31, 38, 8
MM, 34, 40, 8
MM, 56, 41, 123
MM, 57, 40, 5
MM, 59, 39, 16
MM, 59, 38, 16
MM, 60, 38, 0
MM, 61, 38, 16
MM, 61, 37, 17
MM, 62, 37, 18
MM, 63, 37, 13
MM, 64, 37, 8
MM, 64, 36, 51
MM, 64, 35, 21
MM, 64, 34, 25
MM, 64, 33, 16
MM, 64, 32, 4
MM, 64, 31, 31
MM, 63, 31, 30
MM, 62, 30, 9
MC, 1, 247
MM, 62, 26, 273
MM, 62, 19, 7
MM, 62, 15, 8
MM, 43, 20, 20
MM, 40, 3, 0
MM, 42, 11, 31
MM, 40, 5, 0
MC, 1, 808
MM, 4, 4, 358
MM, 8, 4, 9
MM, 16, 3, 0
MM, 27, 2, 15
MM, 30, 1, 16
MM, 31, 1, 0
MM, 33, 0, 16
MM, 34, 0, 8
MM, 32, 0, 234
MM, 32, 1, 32
MM, 32, 2, 8
MM, 31, 3, 8
MM, 28, 5, 8
MM, 22, 6, 16
MM, 17, 9, 8
MM, 15, 10, 8
MM, 12, 10, 8
MM, 10, 11, 8
MM, 6, 12, 16
MM, 5, 12, 8
MM, 4, 12, 8
MM, 3, 12, 8
MM, 2, 12, 8
MM, 1, 12, 40
MM, 0, 12, 16
MM, 1, 12, 102
MM, 2, 12, 8
MM, 3, 12, 8
MM, 4, 12, 4
MM, 5, 12, 0
MM, 8, 12, 16
MM, 9, 12, 15
MM, 11, 12, 0
MM, 13, 12, 23
MM, 14, 12, 6
MM, 17, 12, 16
MM, 19, 12, 5
MM, 21, 12, 0
MM, 25, 12, 15
MM, 36, 13, 16
MM, 40, 13, 0
MM, 6, 14, 39
MM, 10, 15, 5
MM, 14, 15, 8
MM, 20, 16, 16
MM, 23, 17, 8
MM, 25, 17, 8
MM, 26, 17, 8
MM, 30, 18, 16
MM, 31, 18, 18
MM, 32, 18, 8
MM, 33, 18, 14
MM, 35, 18, 8
MM, 37, 18, 8
MM, 38, 18, 12
MM, 40, 18, 4
MM, 43, 18, 16
MM, 1, 18, 43
MM, 3, 18, 6
MM, 4, 18, 15
MM, 5, 18, 0
MM, 7, 18, 16
MM, 10, 18, 0
MM, 14, 19, 24
MM, 16, 20, 8
MM, 17, 20, 12
MM, 18, 21, 8
MM, 20, 21, 6
MM, 21, 21, 23
MM, 20, 21, 121
MC, 1, 210
MM, 19, 21, 230
MM, 18, 21, 8
MM, 15, 20, 8
MM, 9, 18, 10
MM, 5, 17, 8
MM, 38, 15, 24
MM, 33, 14, 8
MM, 17, 14, 16
MM, 10, 14, 8
MM, 6, 14, 8
MM, 1, 14, 8
MM, 41, 14, 16
MM, 38, 14, 8
MM, 36, 14, 6
MM, 33, 14, 16
MM, 32, 14, 8
MM, 31, 14, 20
MM, 30, 14, 47
MM, 29, 14, 8
MM, 27, 14, 13
MM, 26, 14, 8
MM, 25, 14, 8
MM, 23, 14, 8
MM, 22, 14, 9
MM, 18, 14, 16
MM, 17, 14, 0
MM, 16, 14, 15
MM, 14, 14, 0
MM, 13, 14, 18
MM, 10, 14, 14
MM, 9, 14, 18
MM, 8, 14, 8
MM, 7, 14, 0
MM, 5, 14, 16
MM, 3, 14, 0
MC, 1, 456
MM, 4, 1, 337
MM, 7, 6, 0
MM, 10, 9, 16
MM, 14, 14, 16
MM, 16, 16, 8
MM, 17, 18, 8
MM, 19, 20, 9
MM, 22, 23, 16
MM, 23, 24, 16
MM, 23, 25, 5
MM, 24, 25, 8
MM, 24, 26, 16
MM, 25, 26, 16
MM, 25, 25, 73
MM, 24, 24, 8
MM, 23, 24, 8
MM, 23, 23, 8
MM, 23, 22, 8
MM, 22, 21, 8
MM, 21, 21, 18
MM, 21, 20, 5
MM, 21, 19, 8
MM, 20, 18, 16
MM, 19, 18, 8
MM, 18, 17, 8
MM, 18, 16, 8
MM, 17, 16, 16
MM, 17, 15, 0
MM, 16, 14, 15
MM, 15, 13, 20
MM, 15, 12, 32
MC, 1, 235
MM, 14, 12, 311
MM, 12, 12, 5
MM, 10, 13, 8
MM, 7, 15, 11
MM, 2, 19, 14
MM, 39, 1, 52
MM, 36, 5, 0
MM, 33, 9, 16
MM, 31, 14, 22
MM, 29, 16, 6
MM, 27, 19, 8
MM, 25, 21, 8
MM, 22, 25, 16
MM, 20, 27, 8
MM, 20, 29, 8
MM, 19, 30, 8
MM, 125, 1, 43
MM, 123, 4, 6
MM, 121, 6, 8
MM, 118, 8, 8
MM, 118, 9, 16
MM, 117, 10, 0
MM, 117, 11, 15
MM, 116, 11, 0
MM, 116, 10, 64
MM, 116, 9, 5
MM, 116, 8, 15
MM, 116, 7, 16
MM, 117, 8, 182
MM, 117, 9, 46
MM, 117, 10, 10
MC, 1, 182
MM, 117, 9, 267
MM, 117, 8, 0
MM, 116, 4, 0
MM, 115, 1, 16
MM, 0, 6, 118
MM, 1, 4, 0
MM, 1, 2, 15
MM, 10, 28, 25
MM, 10, 22, 8
MM, 10, 11, 8
MC, 1, 709
MM, 1, 0, 301
MM, 4, 3, 8
MM, 5, 5, 8
MM, 8, 8, 16
MM, 9, 9, 8
MM, 10, 9, 8
MM, 10, 10, 8
MM, 11, 10, 11
MM, 12, 10, 16
MM, 13, 10, 64
MM, 14, 10, 38
MC, 1, 263
MM, 12, 10, 259
MM, 9, 10, 8
MM, 6, 10, 8
MM, 2, 10, 8
MM, 43, 6, 43
MM, 39, 5, 4
MM, 35, 4, 8
MM, 28, 3, 16
MM, 26, 2, 8
MM, 25, 2, 8
MM, 23, 1, 8
MM, 21, 1, 8
MM, 20, 0, 16
MC, 1, 740
MM, 33, 1, 250
MM, 33, 5, 0
MM, 31, 11, 16
MM, 31, 18, 15
MM, 31, 21, 16
MM, 31, 23, 8
MM, 31, 24, 6
MM, 31, 26, 8
MM, 31, 27, 8
MM, 31, 28, 24
MM, 31, 29, 16
MM, 31, 30, 8
MM, 32, 30, 18
MM, 32, 31, 8
MM, 26, 1, 26
MM, 27, 3, 0
MM, 27, 6, 16
MM, 28, 12, 22
MM, 28, 15, 8
MM, 28, 17, 4
MM, 28, 20, 0
MM, 28, 25, 28
MM, 28, 26, 2
MM, 28, 28, 0
MM, 28, 29, 20
MM, 28, 30, 8
MM, 45, 0, 248
MM, 45, 1, 8
MM, 45, 2, 17
MM, 45, 3, 8
MM, 45, 4, 8
MM, 45, 5, 4
MM, 46, 6, 15
MM, 46, 7, 0
MM, 47, 8, 16
MM, 47, 9, 22
MM, 47, 10, 8
MM, 47, 11, 38
MM, 47, 12, 8
MM, 47, 13, 20
MM, 47, 14, 12
MM, 47, 15, 18
MC, 1, 211
MM, 47, 14, 231
MM, 39, 4, 8
MM, 36, 0, 8
MM, 16, 31, 8
MM, 2, 15, 16
MM, 40, 2, 24
MM, 40, 31, 34
MM, 39, 31, 31
MM, 38, 31, 28
MM, 37, 31, 8
MM, 36, 31, 11
MM, 34, 31, 6
MM, 32, 31, 16
MM, 30, 31, 8
MM, 28, 31, 8
MM, 27, 31, 16
MM, 26, 31, 15
MM, 25, 31, 0
MM, 24, 30, 21
MM, 24, 29, 6
MM, 23, 29, 22
MM, 23, 28, 8
MM, 23, 27, 0
MM, 22, 26, 16
MM, 22, 25, 15
MM, 22, 24, 19
MM, 22, 23, 8
MM, 22, 22, 18
MM, 22, 21, 4
MM, 22, 20, 15
MM, 22, 19, 16
MM, 22, 18, 15
MM, 22, 17, 28
MM, 22, 16, 8
MM, 22, 15, 18
MC, 1, 248
MM, 20, 15, 201
MM, 15, 14, 0
MM, 6, 11, 16
MM, 36, 5, 23
MM, 27, 2, 8
MM, 21, 1, 8
MM, 1, 1, 278
MM, 2, 1, 12
MM, 2, 2, 8
MM, 4, 4, 14
MM, 5, 6, 17
MM, 6, 7, 8
MM, 7, 7, 8
MM, 8, 9, 16
MM, 9, 9, 8
MM, 9, 10, 8
MM, 10, 10, 8
MM, 11, 10, 25
MM, 12, 10, 8
MM, 13, 10, 30
MM, 11, 10, 66
MM, 10, 10, 0
MC, 1, 183
MM, 15, 10, 257
MM, 26, 12, 8
MM, 33, 14, 8
MM, 9, 20, 16
MM, 34, 25, 8
MM, 12, 31, 16
MM, 0, 2, 32
MM, 8, 2, 7
MM, 15, 3, 8
MM, 27, 5, 13
MM, 34, 5, 0
MM, 38, 5, 15
MM, 42, 5, 0
MM, 0, 5, 29
MM, 2, 5, 10
MM, 4, 5, 8
MM, 7, 5, 17
MM, 8, 5, 0
MM, 9, 5, 15
MM, 10, 5, 31
MM, 11, 5, 9
MM, 12, 5, 8
MM, 13, 5, 8
MM, 22, 5, 16
MM, 25, 5, 8
MM, 28, 6, 8
MM, 30, 6, 8
MM, 34, 6, 8
MM, 42, 8, 16
MM, 2, 9, 24
MM, 5, 10, 8
MM, 19, 13, 10
MM, 22, 13, 0
MM, 29, 14, 16
MM, 33, 15, 16
MM, 36, 15, 0
MM, 39, 16, 20
MM, 42, 16, 16
MM, 43, 16, 10
MM, 43, 17, 8
MM, 0, 16, 464
MM, 1, 16, 48
MM, 1, 15, 66
MP, 1, 254
MR, 1, 0
MC, 1, 0
MM, 0, 14, 354
MM, 1, 14, 8
MM, 2, 14, 8
MM, 4, 14, 6
MM, 6, 14, 16
MM, 7, 14, 8
MM, 8, 14, 20
MM, 9, 14, 4
MM, 10, 14, 8
MM, 11, 14, 26
MM, 12, 14, 8
MM, 13, 14, 25
MM, 14, 14, 8
MM, 15, 14, 16
MM, 16, 14, 29
MC, 1, 305
MM, 14, 14, 315
MM, 8, 12, 6
MM, 0, 10, 10
MM, 33, 1, 15
MM, 5, 31, 31
MM, 1, 29, 0
MM, 42, 24, 35
MM, 36, 23, 4
MM, 32, 22, 8
MM, 25, 21, 18
MM, 21, 20, 0
MM, 19, 19, 16
MM, 15, 19, 0
MM, 11, 18, 16
MM, 4, 17, 16
MM, 0, 16, 8
MM, 41, 15, 20
MM, 38, 15, 0
MM, 36, 14, 21
MM, 35, 14, 4
MM, 31, 13, 19
MM, 29, 12, 16
MM, 28, 11, 16
MM, 27, 10, 16
MM, 26, 10, 8
MM, 25, 10, 8
MM, 24, 9, 9
MM, 23, 9, 8
MM, 22, 8, 8
MM, 20, 7, 16
MM, 19, 6, 16
MM, 18, 5, 16
MM, 18, 4, 16
MM, 17, 4, 9
MM, 16, 4, 29
MM, 16, 3, 52
MM, 16, 2, 33
MM, 14, 1, 15
MM, 13, 1, 0
MC, 1, 710
MM, 0, 12, 271
MM, 4, 18, 11
MM, 5, 25, 10
MM, 7, 31, 6
MM, 1, 1, 16
MM, 3, 5, 16
MM, 4, 7, 8
MM, 4, 8, 4
MM, 5, 9, 16
MM, 6, 10, 16
MM, 6, 11, 36
MM, 6, 12, 32
MM, 6, 13, 8
MM, 6, 14, 8
MM, 7, 14, 8
MM, 7, 15, 18
MM, 7, 16, 8
MM, 8, 16, 6
MM, 9, 17, 8
MM, 10, 19, 17
MM, 10, 21, 0
MM, 10, 22, 15
MM, 10, 23, 8
MM, 11, 25, 16
MM, 11, 26, 5
MM, 11, 28, 21
MM, 11, 29, 7
MM, 12, 29, 8
MM, 12, 31, 16
MM, 78, 0, 74
MM, 78, 1, 6
MM, 78, 2, 16
MM, 78, 3, 17
MM, 78, 4, 7
MM, 78, 5, 16
MM, 78, 6, 0
MM, 78, 7, 16
MM, 78, 8, 24
MM, 78, 9, 8
MM, 77, 9, 40
MM, 76, 9, 8
MM, 75, 9, 8
MC, 1, 186
MM, 77, 9, 226
MM, 87, 9, 4
MM, 96, 9, 11
MM, 101, 9, 8
MM, 138, 6, 5
MM, 160, 2, 12
MM, 8, 24, 32
MM, 31, 16, 15
MM, 36, 14, 5
MM, 0, 5, 28
MM, 2, 3, 4
MM, 4, 2, 8
MM, 33, 30, 56
MM, 36, 28, 8
MM, 40, 26, 8
MM, 0, 22, 24
MM, 4, 21, 8
MM, 7, 20, 8
MM, 12, 19, 16
MM, 14, 19, 16
MM, 16, 19, 8
MM, 17, 19, 16
MM, 18, 19, 19
MM, 19, 19, 32
MM, 20, 19, 16
MM, 21, 19, 24
MC, 1, 277
MM, 18, 19, 236
MM, 12, 18, 17
MM, 2, 14, 8
MM, 39, 9, 12
MM, 32, 7, 8
MM, 26, 5, 12
MM, 22, 3, 4
MM, 12, 0, 16
MM, 11, 31, 68
MM, 1, 31, 8
MM, 41, 31, 8
MM, 25, 29, 16
MM, 15, 29, 8
MM, 6, 29, 0
MC, 1, 1150
MC, 1, 1007
MC, 2, 192
MC, 1, 835
MC, 1, 744
MM, 33, 2, 346
MM, 34, 7, 8
MM, 35, 11, 8
MM, 36, 21, 16
MM, 37, 24, 8
MM, 38, 27, 8
MM, 39, 30, 8
MM, 32, 3, 41
MM, 32, 6, 7
MM, 32, 10, 8
MM, 32, 19, 16
MM, 32, 25, 8
MM, 31, 29, 8
MM, 95, 0, 32
MM, 95, 1, 12
MM, 95, 2, 0
MM, 95, 3, 20
MM, 94, 3, 56
MM, 94, 4, 193
MM, 94, 5, 8
MM, 94, 6, 16
MM, 94, 7, 8
MM, 94, 8, 9
MM, 94, 9, 23
MM, 94, 10, 8
MM, 94, 11, 8
MM, 92, 11, 97
MM, 91, 11, 5
MC, 1, 187
MM, 91, 8, 296
MM, 91, 4, 8
MM, 29, 28, 16
MM, 34, 17, 16
MM, 37, 5, 16
MM, 39, 1, 8
MM, 2, 31, 33
MM, 2, 30, 8
MM, 3, 29, 8
MM, 3, 28, 24
MM, 3, 27, 8
MM, 4, 25, 16
MM, 4, 23, 8
MM, 5, 22, 9
MM, 6, 17, 15
MM, 7, 14, 8
MM, 9, 9, 16
MM, 10, 6, 8
MM, 12, 0, 16
MC, 1, 555
MM, 0, 2, 407
MM, 1, 3, 8
MM, 2, 4, 16
MM, 3, 4, 24
MM, 3, 5, 8
MM, 4, 6, 8
MM, 5, 7, 19
MM, 6, 7, 8
MM, 7, 8, 5
MM, 8, 9, 16
MM, 9, 9, 8
MM, 10, 10, 16
MM, 10, 11, 24
MM, 11, 11, 27
MM, 12, 11, 37
MM, 13, 11, 40
MM, 14, 11, 27
MM, 13, 10, 45
MC, 1, 2597
MM, 9, 9, 241
MM, 3, 6, 8
MC, 1, 794
MM, 1, 17, 400
MM, 3, 17, 0
MM, 5, 15, 16
MM, 6, 14, 8
MM, 8, 13, 16
MM, 8, 12, 8
MM, 9, 11, 9
MM, 9, 10, 23
MM, 9, 9, 8
MM, 9, 8, 16
MM, 7, 8, 24
MM, 7, 7, 8
MM, 6, 7, 8
MM, 5, 7, 8
MM, 5, 8, 121
MM, 6, 8, 8
MM, 7, 8, 16
MM, 8, 8, 18
MM, 8, 9, 7
MC, 1, 224
MM, 8, 12, 249
MM, 8, 16, 5
MM, 8, 20, 8
MM, 8, 25, 8
MM, 5, 0, 16
MM, 1, 13, 16
MM, 41, 2, 43
MM, 36, 10, 8
MM, 35, 12, 8
MM, 32, 16, 8
MM, 28, 21, 16
MM, 25, 23, 8
MM, 23, 24, 8
MM, 20, 27, 8
MM, 15, 31, 16
MM, 119, 0, 233
MM, 118, 1, 15
MM, 118, 2, 24
MM, 117, 2, 8
MM, 117, 3, 24
MM, 117, 4, 20
MM, 118, 4, 34
MM, 118, 5, 8
MM, 119, 6, 20
MM, 120, 7, 8
MM, 121, 7, 14
MM, 121, 8, 9
MM, 121, 9, 8
MM, 121, 10, 4
MM, 121, 11, 8
MM, 121, 12, 12
MM, 121, 13, 4
MM, 121, 14, 16
MM, 121, 15, 15
MM, 121, 16, 22
MM, 121, 17, 23
MM, 121, 18, 22
MC, 1, 217
MM, 118, 18, 242
MM, 109, 13, 4
MM, 104, 9, 0
MM, 97, 4, 16
MM, 89, 0, 0
MM, 2, 29, 35
MM, 43, 25, 8
MM, 28, 21, 16
MM, 19, 19, 8
MM, 10, 18, 11
MM, 43, 15, 14
MM, 37, 14, 8
MM, 30, 13, 8
MM, 19, 11, 12
MM, 15, 10, 0
MM, 11, 10, 16
MM, 9, 9, 0
MM, 6, 7, 15
MM, 4, 6, 21
MM, 3, 6, 10
MM, 0, 5, 14
MM, 40, 31, 54
MM, 40, 30, 16
MM, 39, 29, 0
MM, 39, 28, 34
MM, 39, 27, 16
MM, 39, 26, 24
MM, 39, 25, 0
MM, 40, 25, 16
MM, 42, 24, 0
MM, 0, 23, 65
MM, 1, 23, 0
MM, 3, 22, 15
MM, 4, 22, 16
MM, 5, 22, 0
MM, 6, 22, 16
MM, 7, 21, 18
MM, 8, 21, 8
MM, 9, 21, 16
MM, 10, 21, 8
MM, 10, 20, 8
MM, 11, 20, 8
MM, 11, 19, 52
MM, 11, 18, 15
MC, 1, 222
MM, 14, 18, 265
MM, 22, 18, 8
MM, 30, 18, 8
MM, 41, 18, 0
MM, 6, 17, 16
MM, 27, 14, 15
MM, 39, 13, 0
MM, 1, 10, 16
MM, 16, 6, 16
MM, 23, 5, 9
MM, 33, 2, 12
MM, 38, 0, 25
MC, 1, 900
MM, 34, 0, 971
MM, 34, 1, 29
MM, 34, 2, 16
MM, 34, 3, 8
MM, 33, 3, 16
MM, 32, 4, 16
MM, 32, 5, 11
MM, 31, 6, 13
MM, 30, 7, 44
MM, 30, 8, 30
MC, 1, 198
MM, 36, 8, 252
MM, 43, 8, 8
MM, 1, 8, 8
MM, 26, 5, 16
MM, 6, 0, 16
MC, 1, 530
MC, 1, 825
MM, 14, 1, 296
MM, 11, 11, 16
MM, 10, 16, 8
MM, 8, 22, 8
MM, 7, 28, 8
MM, 43, 3, 42
MM, 42, 4, 8
MM, 42, 7, 8
MM, 41, 12, 15
MM, 40, 14, 8
MM, 40, 16, 8
MM, 39, 20, 8
MM, 38, 23, 8
MM, 37, 26, 16
MM, 37, 27, 8
MM, 36, 28, 8
MM, 35, 28, 17
MM, 34, 28, 31
MM, 33, 28, 8
MM, 32, 28, 4
MM, 31, 28, 16
MM, 30, 28, 0
MM, 29, 28, 15
MM, 28, 28, 16
MM, 27, 28, 0
MM, 27, 29, 110
MM, 27, 30, 7
MM, 27, 31, 8
MM, 91, 1, 64
MM, 91, 2, 8
MM, 90, 7, 28
MM, 89, 8, 0
MM, 89, 9, 16
MM, 88, 10, 0
MM, 88, 11, 16
MM, 87, 12, 0
MM, 85, 12, 15
MM, 84, 13, 28
MM, 83, 13, 17
MM, 83, 14, 8
MM, 82, 14, 16
MM, 82, 15, 16
MM, 81, 15, 8
MM, 80, 15, 24
MC, 1, 204
MM, 80, 14, 285
MM, 80, 10, 0
MM, 79, 6, 16
MM, 8, 27, 18
MM, 5, 18, 8
MM, 1, 9, 8
MM, 1, 25, 24
MM, 43, 6, 37
MM, 43, 5, 8
MM, 43, 4, 8
MM, 42, 4, 171
MM, 41, 4, 13
MM, 40, 4, 16
MM, 39, 4, 21
MM, 37, 4, 4
MM, 36, 4, 0
MM, 33, 4, 19
MM, 31, 4, 8
MM, 26, 4, 17
MM, 24, 3, 0
MM, 21, 2, 0
MM, 20, 2, 15
MM, 18, 2, 16
MM, 16, 1, 17
MM, 15, 0, 16
MM, 13, 0, 8
MC, 1, 560
MM, 27, 1, 272
MM, 38, 1, 8
MM, 22, 4, 16
MM, 7, 4, 26
MM, 19, 3, 8
MM, 29, 2, 2
MM, 6, 30, 15
MM, 14, 28, 16
MM, 20, 24, 0
MM, 26, 20, 28
MM, 27, 19, 8
MM, 29, 17, 8
MM, 30, 16, 19
MM, 30, 15, 6
MM, 30, 14, 47
MM, 31, 14, 52
MM, 32, 14, 16
MM, 33, 14, 20
MM, 34, 14, 8
MM, 35, 15, 8
MM, 37, 16, 16
MM, 38, 16, 8
MM, 39, 16, 8
MM, 40, 16, 11
MM, 41, 17, 5
MM, 43, 17, 16
MM, 0, 17, 91
MM, 1, 17, 32
MM, 2, 17, 24
MM, 3, 17, 32
MM, 3, 16, 200
MM, 3, 15, 8
MC, 1, 210
MM, 1, 15, 238
MM, 41, 12, 16
MM, 37, 11, 8
MM, 28, 8, 8
MM, 26, 7, 8
MM, 9, 5, 18
MM, 2, 4, 6
MM, 43, 3, 4
MM, 24, 3, 15
MM, 14, 3, 0
MM, 4, 3, 16
MC, 1, 970
MM, 0, 6, 335
MM, 2, 8, 5
MM, 3, 9, 8
MM, 5, 10, 16
MM, 6, 10, 16
MM, 6, 9, 115
MM, 6, 8, 46
MM, 7, 8, 38
MC, 1, 252
MM, 9, 8, 297
MM, 10, 10, 9
MM, 12, 12, 8
MM, 19, 16, 12
MM, 28, 20, 12
MM, 33, 22, 8
MM, 42, 27, 8
MM, 14, 1, 24
MM, 26, 5, 6
MM, 5, 14, 24
MM, 13, 15, 8
MM, 22, 17, 8
MM, 37, 21, 16
MM, 43, 22, 8
MM, 2, 23, 16
MM, 5, 24, 0
MM, 8, 25, 18
MM, 10, 25, 2
MM, 14, 26, 18
MM, 15, 26, 8
MM, 17, 26, 16
MM, 16, 26, 172
MM, 16, 25, 104
MM, 16, 24, 10
MM, 16, 23, 15
MM, 16, 22, 55
MC, 1, 281
MC, 1, 340
MM, 15, 22, 276
MM, 10, 22, 4
MM, 2, 22, 11
MM, 37, 22, 9
MM, 11, 22, 12
MM, 38, 23, 8
MM, 0, 25, 20
MM, 38, 30, 8
MM, 129, 3, 19
MM, 114, 6, 22
MM, 98, 8, 8
MM, 84, 11, 16
MM, 78, 12, 8
MM, 74, 13, 8
MM, 72, 14, 4
MM, 69, 15, 20
MM, 68, 15, 8
MM, 68, 16, 8
MM, 67, 16, 133
MM, 66, 16, 58
MM, 65, 16, 425
MM, 64, 16, 36
MM, 63, 16, 28
MM, 62, 15, 16
MM, 60, 15, 15
MM, 59, 14, 7
MM, 56, 14, 10
MM, 50, 13, 16
MM, 48, 12, 8
MM, 44, 11, 8
MM, 41, 11, 8
MM, 34, 9, 16
MM, 31, 8, 4
MM, 29, 8, 8
MM, 27, 7, 8
MM, 21, 5, 20
MM, 17, 4, 8
MM, 13, 2, 8
MM, 10, 2, 8
MM, 378, 1, 5062
MM, 377, 5, 10
MM, 376, 11, 14
MM, 374, 17, 16
MM, 373, 23, 16
MM, 373, 30, 16
MM, 372, 34, 10
MM, 372, 36, 8
MM, 371, 43, 14
MM, 370, 46, 18
MM, 370, 50, 14
MM, 369, 52, 8
MM, 369, 53, 18
MM, 369, 54, 8
MM, 369, 55, 24
MM, 370, 55, 136
MM, 371, 55, 40
MM, 371, 54, 158
MM, 371, 53, 175
MM, 372, 53, 51
MM, 372, 52, 238
MM, 373, 52, 66
MM, 471, 1, 180203
MM, 470, 4, 7
MM, 469, 4, 312
MM, 467, 5, 8
MM, 462, 7, 8
MM, 453, 13, 16
MM, 447, 18, 8
MM, 433, 25, 16
MM, 426, 29, 8
MM, 420, 32, 7
MM, 412, 38, 9
MM, 400, 43, 16
MM, 394, 47, 8
MM, 388, 51, 8
MM, 378, 55, 16
MM, 374, 56, 8
MM, 368, 60, 8
MM, 361, 63, 16
MM, 40, 3, 513
MM, 42, 6, 8
MM, 2, 25, 72
MM, 7, 31, 9
MM, 13, 0, 8
MM, 20, 10, 15
MM, 26, 20, 16
MM, 29, 25, 11
MM, 31, 28, 8
MM, 33, 31, 14
MM, 17, 0, 459
MM, 17, 1, 25
MM, 16, 2, 16
MM, 15, 2, 6
MM, 15, 3, 18
MM, 14, 4, 8
MM, 10, 6, 13
MM, 9, 7, 11
MM, 6, 10, 8
MM, 3, 13, 7
MM, 39, 28, 33
MM, 37, 30, 8
MM, 33, 2, 1034
MM, 31, 11, 16
MM, 30, 14, 8
MM, 29, 17, 8
MM, 28, 20, 16
MM, 28, 22, 16
MM, 28, 21, 250
MM, 28, 20, 96
MM, 28, 19, 64
MM, 29, 19, 79
MM, 30, 19, 33
MM, 31, 19, 48
MM, 32, 19, 152
