********************************************************************************
LOGGING TIME: 20161113_001615
CLIENT IP: 127.0.0.1
USERNAME: Elon Musk
OS: Windows 10
**********************************Emotional database********************************************************************************
MM, 662, 684, 1477468752107
MM, 621, 644, 7
MM, 604, 624, 8
MM, 12, 12, 8
MM, 559, 575, 8
MM, 32, 24, 16
MM, 476, 486, 8
MM, 474, 483, 232
MM, 27, 8, 8
MM, 457, 461, 8
MM, 449, 449, 8
MM, 178, 81, 8
MM, 164, 66, 8
MM, 151, 48, 8
MM, 139, 33, 8
MM, 134, 27, 8
MM, 124, 13, 8
MM, 116, 2, 8
MM, 378, 356, 8
MM, 372, 349, 8
MM, 369, 344, 8
MM, 367, 340, 8
MM, 365, 338, 8
MM, 363, 336, 8
MM, 362, 334, 41
MM, 362, 333, 63
MM, 361, 333, 9
MM, 361, 332, 7
MM, 359, 330, 9
MM, 359, 329, 15
MM, 358, 328, 9
MM, 357, 327, 15
MM, 357, 326, 40
MM, 357, 325, 16
MM, 357, 324, 24
MM, 357, 323, 8
MM, 357, 322, 8
MM, 357, 321, 24
MM, 356, 318, 8
MM, 354, 317, 8
MM, 354, 315, 8
MM, 353, 312, 8
MM, 88, 82, 8
MM, 87, 81, 8
MM, 86, 80, 8
MM, 85, 79, 8
MM, 85, 78, 8
MM, 84, 77, 24
MM, 83, 76, 9
MM, 81, 74, 8
MM, 79, 73, 8
MM, 75, 71, 8
MM, 67, 65, 8
MC, 1, 288
MM, 75, 65, 255
MM, 80, 64, 8
MM, 84, 64, 8
MM, 90, 63, 8
MM, 93, 63, 8
MM, 97, 62, 8
MM, 101, 61, 8
MM, 113, 60, 9
MM, 117, 59, 8
MM, 120, 59, 8
MM, 123, 59, 8
MM, 126, 58, 16
MM, 128, 58, 8
MM, 129, 57, 8
MC, 1, 448
MM, 129, 58, 45389
MM, 131, 61, 8
MM, 132, 64, 8
MM, 134, 67, 8
MM, 135, 69, 8
MM, 136, 73, 8
MM, 138, 78, 8
MM, 139, 81, 8
MM, 403, 312, 8
MM, 404, 314, 8
MM, 404, 316, 8
MM, 405, 319, 16
MM, 405, 322, 9
MM, 406, 323, 7
MM, 406, 333, 8
MM, 406, 338, 8
MM, 407, 342, 8
MM, 408, 347, 8
MM, 408, 353, 8
MM, 408, 356, 8
MM, 144, 3, 8
MM, 145, 6, 8
MM, 146, 8, 8
MM, 146, 9, 8
MM, 146, 11, 8
MM, 146, 12, 16
MM, 146, 13, 176
MM, 146, 14, 8
MM, 146, 15, 8
MM, 146, 17, 24
MM, 146, 18, 8
MM, 146, 21, 16
MM, 146, 24, 8
MM, 146, 26, 8
MM, 146, 28, 8
MM, 146, 33, 8
MM, 146, 35, 8
MM, 146, 38, 8
MM, 146, 40, 8
MC, 1, 240
MM, 148, 40, 386
MM, 150, 40, 8
MM, 153, 42, 8
MM, 154, 43, 8
MM, 157, 45, 8
MM, 159, 47, 8
MM, 163, 49, 8
MM, 165, 50, 8
MM, 166, 50, 8
MM, 167, 51, 8
MM, 168, 51, 32
MM, 168, 53, 64
MM, 168, 54, 8
MM, 169, 55, 8
MM, 169, 56, 8
MM, 169, 57, 8
MM, 170, 59, 16
MM, 170, 71, 48
MM, 170, 76, 8
MM, 170, 79, 8
MM, 170, 83, 8
MM, 170, 87, 8
MM, 434, 450, 8
MM, 434, 455, 8
MM, 433, 461, 8
MM, 433, 464, 8
MM, 433, 467, 8
MM, 433, 473, 16
MM, 433, 475, 8
MM, 430, 475, 16
MM, 430, 476, 8
MM, 430, 477, 24
MM, 430, 479, 48
MM, 430, 480, 40
MM, 430, 481, 11
MM, 430, 482, 7
MM, 428, 490, 22
MM, 427, 490, 338
MM, 34, 26, 8
MM, 31, 27, 8
MM, 30, 28, 8
MM, 417, 497, 16
MM, 416, 498, 8
MM, 416, 499, 8
MM, 416, 501, 8
MM, 19, 0, 17
MM, 19, 2, 15
MM, 20, 2, 16
MM, 21, 3, 8
MM, 436, 508, 32
MM, 12, 9, 16
MM, 31, 15, 16
MM, 479, 520, 8
MM, 11, 24, 16
MM, 17, 26, 8
MM, 24, 29, 16
MM, 509, 533, 8
MM, 510, 534, 16
MM, 509, 533, 136
MM, 26, 30, 16
MM, 25, 29, 16
MM, 24, 28, 32
MM, 23, 28, 16
MM, 23, 27, 8
MM, 22, 26, 16
MM, 22, 25, 8
MM, 22, 24, 16
MM, 22, 23, 8
MM, 22, 22, 24
MM, 21, 21, 8
MM, 21, 20, 8
MM, 21, 19, 16
MC, 1, 264
MM, 23, 19, 202
MM, 28, 19, 8
MM, 0, 20, 14
MM, 11, 22, 8
MM, 33, 26, 18
MM, 6, 26, 6
MM, 32, 27, 18
MM, 7, 27, 13
MM, 19, 27, 10
MM, 0, 27, 17
MM, 10, 27, 15
MM, 14, 27, 7
MM, 19, 25, 18
MM, 21, 23, 14
MM, 22, 23, 10
MM, 23, 23, 8
MM, 23, 22, 9
MM, 23, 21, 13
MM, 23, 20, 32
MM, 23, 19, 18
MM, 23, 18, 8
MM, 21, 18, 14
MM, 21, 17, 10
MM, 20, 17, 8
MM, 19, 16, 16
MM, 19, 15, 8
MM, 18, 15, 8
MM, 15, 13, 56
MM, 14, 13, 16
MM, 13, 13, 24
MM, 10, 11, 16
MC, 1, 216
MM, 9, 11, 160
MM, 6, 13, 8
MM, 642, 521, 8
MM, 621, 538, 16
MM, 5, 16, 16
MM, 592, 567, 8
MM, 20, 3, 16
MM, 12, 12, 16
MM, 8, 16, 16
MM, 6, 17, 8
MM, 6, 18, 8
MM, 5, 18, 72
MM, 5, 17, 8
MM, 5, 16, 24
MM, 5, 15, 8
MM, 5, 14, 8
MM, 5, 13, 40
MC, 1, 280
MM, 3, 14, 216
MM, 33, 22, 34
MM, 27, 25, 14
MM, 25, 26, 10
MM, 18, 29, 16
MM, 528, 609, 14
MM, 134, 0, 18
MM, 128, 5, 14
MM, 126, 7, 10
MM, 123, 10, 16
MM, 120, 12, 14
MM, 119, 13, 10
MC, 1, 233
MM, 118, 13, 175
MM, 115, 13, 8
MM, 104, 6, 16
MM, 96, 4, 8
MM, 472, 612, 16
MM, 23, 30, 16
MM, 8, 26, 16
MM, 431, 601, 16
MM, 23, 23, 16
MM, 10, 21, 16
MM, 0, 19, 16
MM, 27, 17, 16
MM, 12, 12, 16
MM, 7, 9, 16
MM, 348, 581, 16
MM, 344, 577, 16
MM, 338, 574, 16
MM, 336, 572, 8
MM, 333, 571, 16
MM, 50, 30, 24
MM, 50, 29, 66
MM, 49, 29, 46
MM, 48, 29, 18
MM, 47, 28, 24
MM, 47, 27, 8
MM, 47, 26, 32
MM, 47, 25, 16
MM, 47, 24, 8
MM, 48, 24, 40
MM, 50, 24, 16
MM, 51, 23, 8
MM, 53, 23, 15
MM, 55, 23, 17
MM, 56, 23, 15
MM, 338, 562, 8
MM, 340, 562, 24
MM, 343, 561, 16
MM, 2, 21, 16
MM, 6, 19, 17
MM, 9, 19, 16
MM, 13, 19, 16
MM, 14, 19, 16
MM, 15, 18, 8
MM, 16, 17, 16
MM, 16, 16, 24
MC, 1, 257
MM, 20, 16, 217
MM, 379, 555, 16
MM, 15, 21, 16
MM, 5, 28, 16
MM, 455, 574, 16
MM, 473, 578, 16
MM, 14, 6, 16
MM, 23, 7, 16
MM, 28, 8, 16
MM, 30, 8, 8
MM, 31, 8, 24
MM, 32, 8, 80
MM, 33, 9, 88
MM, 35, 9, 8
MM, 512, 585, 16
MM, 514, 586, 8
MM, 0, 12, 24
MM, 1, 12, 9
MM, 2, 12, 23
MM, 3, 12, 8
MM, 2, 12, 770
MM, 514, 586, 8
MM, 27, 3, 16
MM, 489, 571, 16
MM, 11, 27, 15
MM, 5, 24, 9
MM, 32, 16, 24
MM, 25, 14, 17
MM, 18, 12, 15
MM, 16, 11, 9
MM, 10, 10, 15
MM, 7, 9, 17
MM, 4, 9, 15
MM, 3, 9, 16
MM, 2, 8, 16
MM, 2, 7, 56
MM, 3, 7, 186
MM, 4, 7, 32
MM, 5, 7, 8
MM, 6, 7, 16
MM, 7, 7, 16
MM, 8, 8, 16
MM, 9, 8, 24
MM, 10, 9, 16
MM, 11, 9, 16
MM, 11, 10, 24
MM, 12, 10, 8
MM, 13, 11, 8
MM, 14, 12, 16
MM, 18, 13, 16
MM, 28, 18, 16
MM, 33, 20, 8
MM, 4, 25, 16
MM, 19, 29, 16
MM, 502, 573, 15
MM, 514, 578, 16
MM, 4, 4, 17
MM, 13, 7, 16
MM, 15, 8, 8
MM, 20, 10, 16
MM, 23, 11, 16
MM, 26, 13, 16
MM, 28, 13, 8
MM, 31, 14, 16
MM, 31, 15, 8
MM, 32, 15, 8
MM, 33, 16, 24
MM, 33, 17, 16
MM, 32, 17, 160
MM, 31, 17, 32
MM, 30, 16, 10
MM, 29, 16, 14
MM, 28, 16, 26
MM, 25, 16, 14
MM, 24, 16, 8
MM, 21, 16, 16
MM, 19, 16, 8
MM, 17, 16, 18
MM, 15, 16, 8
MM, 14, 16, 22
MC, 1, 466
MM, 11, 16, 210
MM, 1, 12, 16
MM, 515, 586, 8
MM, 490, 575, 32
MM, 469, 569, 31
MM, 25, 28, 32
MM, 12, 28, 32
MM, 5, 27, 33
MM, 3, 27, 8
MM, 1, 27, 31
MM, 1, 26, 48
MM, 1, 25, 203
MM, 1, 24, 14
MM, 1, 22, 40
MM, 5, 21, 34
MM, 8, 21, 24
MM, 11, 21, 32
MM, 12, 20, 32
MC, 1, 225
MM, 12, 22, 209
MM, 441, 573, 24
MM, 8, 14, 40
MM, 8, 20, 32
MM, 8, 21, 32
MM, 8, 22, 16
MM, 8, 25, 48
MM, 8, 28, 31
MM, 8, 30, 24
MM, 442, 609, 41
MM, 442, 611, 23
MM, 52, 1, 41
MM, 52, 3, 42
MM, 51, 3, 14
MM, 50, 3, 18
MC, 1, 216
MM, 54, 3, 232
MM, 466, 612, 32
MM, 512, 597, 34
MM, 14, 15, 32
MM, 20, 13, 30
MM, 20, 12, 122
MM, 21, 12, 24
MM, 22, 12, 32
MM, 22, 9, 48
MM, 20, 5, 32
MM, 19, 29, 32
MM, 17, 22, 42
MM, 19, 21, 38
MM, 23, 21, 34
MM, 27, 21, 30
MM, 32, 21, 40
MM, 552, 560, 32
MM, 18, 18, 33
MM, 0, 11, 49
MM, 2, 9, 24
MM, 2, 10, 208
MM, 1, 11, 24
MM, 2, 12, 42
MM, 5, 12, 40
MM, 6, 12, 24
MC, 1, 280
MM, 2, 12, 218
MM, 575, 538, 31
MM, 10, 18, 40
MM, 10, 10, 40
MM, 16, 9, 41
MM, 5, 9, 39
MM, 3, 9, 33
MM, 0, 9, 39
MM, 435, 511, 40
MM, 33, 9, 32
MM, 24, 15, 49
MM, 16, 21, 42
MM, 14, 22, 22
MC, 1, 220
MM, 17, 22, 216
MM, 436, 524, 32
MM, 13, 22, 40
MM, 13, 21, 56
MM, 14, 21, 176
MM, 15, 21, 40
MC, 1, 250
MC, 2, 208
MM, 16, 21, 242
MM, 477, 523, 32
MM, 522, 522, 48
MM, 15, 18, 40
MM, 17, 17, 24
MM, 17, 16, 120
MM, 17, 15, 40
MM, 16, 15, 16
MC, 1, 240
MM, 16, 17, 202
MM, 16, 14, 40
MM, 515, 575, 40
MM, 30, 14, 48
MM, 23, 25, 32
MM, 96, 15, 50
MM, 93, 23, 40
MM, 91, 23, 32
MM, 90, 23, 22
MM, 89, 23, 66
MM, 88, 21, 32
MM, 88, 20, 48
MM, 88, 19, 24
MC, 1, 256
MM, 91, 19, 258
MM, 127, 8, 40
MM, 31, 29, 40
MM, 6, 19, 48
MM, 30, 7, 40
MM, 632, 550, 56
MM, 643, 536, 50
MM, 643, 534, 32
MM, 28, 22, 54
MM, 21, 15, 34
MM, 19, 12, 32
MM, 16, 12, 168
MC, 1, 201
MM, 15, 12, 193
MM, 11, 13, 40
MM, 33, 20, 48
MM, 4, 26, 48
MM, 462, 536, 48
MM, 12, 4, 48
MM, 1, 7, 48
MM, 29, 12, 50
MM, 17, 13, 48
MM, 15, 13, 32
MM, 14, 13, 24
MM, 13, 13, 72
MC, 1, 200
MM, 9, 13, 258
MM, 383, 554, 40
MM, 31, 18, 40
MM, 26, 20, 56
MM, 24, 24, 48
MM, 370, 575, 48
MM, 31, 21, 48
MM, 386, 607, 40
MM, 389, 609, 50
MM, 389, 610, 22
MM, 389, 611, 74
MM, 389, 612, 48
MM, 389, 613, 8
MM, 389, 616, 71
MM, 389, 619, 48
MM, 389, 622, 64
MM, 389, 623, 24
MP, 1, 234
MR, 1, 0
MC, 1, 0
MM, 0, 10, 401
MM, 4, 11, 50
MM, 18, 14, 48
MC, 1, 249
MM, 18, 13, 225
MM, 393, 607, 48
MM, 385, 595, 48
MM, 33, 15, 48
MM, 28, 8, 48
MM, 25, 1, 56
MM, 373, 574, 48
MM, 368, 570, 50
MM, 20, 27, 54
MM, 18, 22, 49
MM, 15, 18, 40
MM, 15, 15, 40
MM, 14, 13, 72
MM, 14, 12, 16
MM, 14, 11, 64
MC, 1, 291
MM, 15, 11, 256
MM, 33, 13, 48
MM, 15, 13, 18
MM, 464, 552, 14
MM, 14, 13, 18
MM, 505, 552, 16
MM, 15, 13, 16
MM, 28, 13, 16
MM, 35, 13, 8
MM, 3, 13, 16
MM, 10, 13, 16
MM, 13, 13, 16
MM, 15, 13, 16
MM, 17, 13, 24
MM, 28, 9, 40
MM, 28, 8, 8
MM, 31, 7, 15
MM, 31, 6, 25
MM, 31, 5, 16
MM, 32, 5, 64
MM, 33, 5, 8
MM, 593, 544, 16
MM, 10, 5, 16
MM, 21, 5, 8
MM, 1, 5, 16
MM, 11, 5, 8
MM, 27, 5, 16
MM, 676, 544, 16
MM, 3, 5, 10
MM, 7, 5, 16
MM, 9, 5, 6
MM, 11, 5, 26
MM, 17, 5, 16
MM, 20, 6, 8
MM, 26, 9, 16
MM, 32, 11, 7
MM, 717, 553, 16
MM, 722, 556, 17
MM, 723, 556, 8
MM, 725, 557, 16
MM, 725, 558, 24
MM, 724, 558, 88
MM, 723, 558, 16
MM, 722, 558, 7
MM, 721, 558, 8
MM, 720, 558, 33
MM, 719, 558, 16
MM, 718, 558, 8
MM, 716, 558, 16
MM, 715, 558, 8
MM, 30, 19, 16
MC, 1, 225
MC, 2, 162
MM, 29, 19, 297
MM, 26, 19, 8
MM, 11, 18, 16
MM, 34, 16, 16
MM, 11, 16, 16
MM, 0, 16, 8
MM, 28, 16, 8
MM, 3, 18, 16
MM, 22, 24, 16
MM, 551, 570, 24
MM, 535, 574, 16
MM, 8, 1, 16
MM, 4, 3, 8
MM, 515, 581, 16
MM, 511, 581, 16
MM, 33, 6, 16
MM, 32, 7, 8
MM, 29, 7, 16
MM, 29, 8, 8
MM, 27, 8, 16
MM, 26, 8, 8
MM, 25, 8, 16
MM, 24, 8, 16
MM, 24, 9, 8
MM, 23, 9, 24
MM, 23, 10, 32
MM, 23, 11, 298
MM, 23, 13, 8
MM, 19, 20, 16
MM, 19, 23, 8
MM, 15, 30, 16
MM, 489, 607, 8
MM, 486, 611, 16
MM, 485, 612, 16
MM, 95, 0, 8
MM, 94, 1, 16
MM, 93, 1, 24
MM, 92, 2, 8
MM, 91, 2, 16
MM, 90, 2, 8
MM, 89, 3, 18
MM, 88, 4, 6
MM, 87, 5, 16
MM, 85, 5, 10
MM, 83, 5, 14
MM, 83, 7, 16
MM, 81, 7, 10
MC, 1, 248
MM, 81, 3, 208
MM, 471, 609, 10
MM, 469, 584, 16
MM, 467, 570, 14
MM, 466, 543, 18
MM, 26, 29, 16
MM, 26, 24, 8
MM, 26, 17, 16
MM, 26, 16, 8
MM, 26, 13, 16
MM, 27, 13, 64
MM, 28, 13, 8
MM, 30, 13, 16
MM, 31, 15, 8
MM, 33, 16, 8
MM, 36, 18, 16
MM, 481, 525, 16
MM, 6, 29, 16
MM, 9, 30, 8
MM, 496, 535, 16
MM, 499, 537, 16
MM, 501, 538, 16
MM, 501, 537, 48
MM, 501, 536, 16
MM, 501, 535, 10
MM, 501, 534, 5
MM, 19, 30, 27
MM, 19, 29, 8
MM, 19, 28, 24
MM, 19, 27, 16
MC, 1, 256
MM, 21, 27, 232
MM, 26, 27, 10
MM, 31, 27, 8
MM, 2, 27, 14
MM, 13, 27, 10
MM, 29, 27, 16
MM, 3, 27, 16
MM, 15, 24, 16
MM, 18, 23, 8
MM, 29, 22, 15
MM, 32, 20, 8
MM, 601, 520, 17
MM, 603, 519, 15
MM, 604, 519, 16
MM, 604, 518, 8
MM, 604, 517, 81
MM, 605, 517, 64
MM, 606, 517, 32
MM, 0, 15, 8
MM, 1, 15, 15
MM, 2, 15, 18
MM, 3, 15, 8
MC, 1, 257
MM, 3, 17, 208
MM, 2, 21, 8
MM, 603, 538, 16
MM, 0, 13, 16
MM, 591, 567, 18
MM, 24, 7, 22
MM, 22, 12, 18
MM, 21, 15, 14
MM, 21, 16, 8
MM, 20, 17, 10
MM, 19, 17, 32
MM, 18, 17, 40
MM, 17, 17, 40
MM, 16, 17, 16
MM, 15, 17, 40
MC, 1, 209
MM, 13, 17, 161
MM, 6, 12, 8
MM, 34, 2, 16
MM, 21, 27, 16
MM, 29, 6, 24
MM, 476, 534, 24
MM, 25, 25, 16
MM, 17, 21, 16
MM, 10, 17, 24
MM, 9, 16, 16
MM, 8, 16, 8
MM, 7, 16, 16
MM, 5, 16, 7
MM, 3, 15, 25
MM, 0, 15, 15
MM, 437, 517, 16
MM, 434, 517, 16
MM, 34, 15, 24
MM, 33, 15, 25
MM, 32, 15, 16
MM, 31, 15, 8
MM, 28, 15, 25
MM, 24, 16, 22
MM, 22, 18, 18
MM, 21, 18, 8
MM, 19, 18, 24
MM, 18, 19, 17
MM, 17, 19, 24
MC, 1, 192
MM, 17, 20, 218
MM, 17, 27, 8
MM, 33, 6, 16
MM, 423, 563, 16
MM, 428, 581, 16
MM, 432, 597, 16
MM, 46, 0, 16
MM, 47, 8, 16
MM, 47, 12, 7
MM, 47, 20, 16
MM, 47, 25, 16
MM, 47, 28, 16
MM, 47, 29, 8
MM, 437, 644, 16
MM, 47, 30, 155
MM, 47, 29, 48
MM, 46, 28, 32
MM, 46, 27, 32
MM, 46, 26, 16
MM, 46, 25, 24
MM, 46, 24, 24
MC, 1, 258
MM, 49, 24, 256
MM, 52, 24, 8
MM, 61, 23, 16
MM, 68, 21, 16
MM, 70, 20, 8
MM, 81, 14, 16
MM, 85, 9, 18
MM, 91, 0, 14
MM, 9, 30, 18
MM, 10, 21, 22
MM, 10, 16, 26
MM, 10, 13, 14
MM, 10, 10, 34
MM, 10, 9, 24
MM, 10, 0, 16
MM, 14, 28, 24
MM, 13, 22, 16
MM, 13, 21, 8
MM, 13, 17, 16
MM, 13, 16, 24
MC, 1, 387
MM, 14, 16, 255
MM, 17, 16, 8
MM, 33, 15, 16
MM, 1, 14, 10
MM, 18, 8, 8
MM, 19, 8, 304
MM, 28, 6, 16
MM, 550, 542, 16
MM, 565, 535, 24
MM, 570, 533, 8
MM, 11, 28, 24
MM, 12, 27, 8
MM, 12, 26, 18
MM, 12, 25, 14
MM, 12, 24, 26
MM, 12, 21, 14
MM, 12, 16, 18
MM, 12, 13, 16
MM, 12, 11, 8
MM, 13, 9, 24
MM, 14, 8, 16
MM, 15, 8, 40
MC, 1, 280
MM, 14, 13, 193
MM, 565, 534, 16
MM, 549, 553, 16
MM, 26, 28, 17
MM, 9, 3, 16
MM, 1, 10, 24
MM, 0, 12, 8
MM, 516, 588, 16
MM, 515, 588, 16
MM, 515, 587, 162
MP, 1, 264
MR, 1, 0
MC, 1, 0
MM, 516, 587, 426
MM, 0, 11, 15
MM, 2, 11, 16
MM, 4, 11, 24
MM, 5, 12, 8
MM, 7, 12, 24
MM, 8, 12, 25
MM, 10, 13, 34
MC, 1, 217
MM, 9, 13, 225
MM, 516, 592, 14
MM, 34, 19, 18
MM, 26, 24, 16
MM, 19, 27, 16
MM, 13, 30, 16
MM, 485, 608, 8
MM, 479, 611, 24
MM, 476, 612, 16
MM, 85, 0, 8
MM, 84, 0, 8
MM, 83, 0, 24
MM, 82, 0, 40
MC, 1, 211
MM, 472, 597, 263
MM, 472, 590, 15
MM, 472, 575, 17
MM, 4, 29, 8
MM, 7, 21, 16
MM, 9, 17, 24
MM, 10, 17, 8
MM, 11, 17, 18
MM, 14, 17, 14
MM, 33, 12, 18
MM, 27, 1, 22
MM, 568, 534, 18
MM, 30, 27, 16
MM, 606, 528, 16
MM, 14, 24, 24
MM, 18, 24, 16
MM, 19, 24, 16
MM, 19, 23, 8
MM, 19, 22, 16
MM, 19, 20, 24
MM, 19, 18, 8
MM, 18, 15, 16
MM, 16, 13, 16
MM, 15, 9, 16
MM, 14, 7, 24
MM, 14, 6, 8
MM, 14, 5, 24
MC, 1, 299
MM, 10, 5, 198
MM, 4, 5, 11
MM, 29, 9, 16
MM, 561, 517, 24
MM, 23, 20, 15
MM, 9, 24, 17
MM, 522, 529, 16
MM, 28, 29, 24
MM, 23, 30, 16
MM, 17, 30, 16
MM, 14, 30, 16
MM, 11, 30, 16
MM, 8, 30, 16
MM, 7, 30, 16
MM, 6, 30, 16
MM, 6, 29, 79
MM, 6, 28, 51
MM, 6, 27, 40
MM, 5, 27, 8
MM, 3, 27, 24
MM, 2, 27, 23
MM, 1, 27, 17
MM, 1, 26, 8
MM, 0, 26, 8
MM, 0, 25, 32
MM, 481, 527, 39
MM, 480, 527, 16
MM, 480, 526, 9
MM, 479, 526, 24
MM, 478, 524, 16
MM, 477, 524, 8
MM, 476, 524, 16
MM, 35, 21, 23
MM, 34, 21, 24
MM, 33, 20, 9
MM, 32, 20, 24
MM, 31, 20, 16
MM, 30, 20, 16
MC, 1, 298
MC, 2, 176
MM, 29, 20, 363
MM, 25, 20, 9
MM, 16, 19, 16
MM, 7, 18, 16
MM, 0, 17, 8
MM, 27, 16, 16
MM, 17, 16, 16
MM, 6, 16, 16
MM, 0, 16, 16
MM, 395, 518, 8
MM, 391, 518, 24
MM, 37, 16, 16
MM, 37, 15, 128
MM, 38, 15, 24
MM, 391, 517, 16
MM, 392, 517, 24
MM, 394, 517, 16
MM, 395, 517, 16
MM, 396, 517, 8
MM, 0, 15, 16
MM, 1, 15, 16
MM, 2, 15, 8
MM, 4, 15, 24
MM, 5, 15, 8
MM, 6, 15, 26
MM, 7, 15, 6
MM, 7, 16, 16
MM, 9, 16, 18
MM, 10, 16, 13
MC, 1, 283
MM, 10, 20, 225
MM, 10, 22, 9
MM, 7, 30, 16
MM, 16, 0, 16
MM, 15, 4, 16
MM, 15, 7, 16
MM, 15, 8, 8
MM, 15, 9, 32
MC, 1, 305
MM, 19, 9, 184
MM, 421, 550, 16
MM, 20, 11, 16
MM, 6, 11, 17
MM, 8, 5, 24
MM, 547, 536, 15
MM, 6, 27, 18
MM, 29, 16, 22
MM, 603, 512, 18
MM, 0, 8, 14
MM, 3, 6, 19
MM, 4, 5, 14
MM, 5, 5, 16
MM, 6, 5, 18
MM, 12, 5, 24
MM, 21, 5, 16
MM, 25, 5, 8
MM, 639, 507, 16
MM, 1, 5, 24
MM, 3, 5, 23
MM, 4, 5, 9
MM, 5, 5, 24
MM, 13, 8, 24
MM, 19, 9, 15
MM, 30, 11, 24
MM, 684, 514, 33
MM, 2, 13, 23
MM, 11, 13, 24
MM, 19, 14, 41
MM, 21, 15, 23
MC, 1, 276
MM, 20, 15, 159
MM, 29, 15, 32
MM, 23, 15, 32
MM, 0, 15, 32
MM, 34, 15, 40
MM, 0, 10, 40
MM, 5, 1, 33
MM, 506, 499, 33
MM, 476, 499, 39
MM, 458, 499, 32
MM, 450, 501, 16
MM, 7, 0, 16
MM, 1, 1, 24
MM, 437, 505, 16
MM, 434, 506, 16
MM, 30, 6, 24
MM, 27, 7, 16
MM, 26, 8, 8
MM, 24, 9, 16
MM, 23, 9, 17
MM, 22, 10, 23
MM, 21, 11, 9
MM, 20, 12, 23
MM, 19, 12, 35
MM, 18, 12, 22
MM, 17, 12, 50
MC, 1, 201
MM, 17, 14, 263
MM, 17, 18, 10
MM, 18, 26, 16
MM, 417, 537, 14
MM, 33, 5, 18
MM, 34, 9, 16
MM, 34, 12, 16
MM, 34, 13, 23
MM, 34, 14, 9
MM, 34, 15, 8
MM, 34, 19, 24
MM, 34, 21, 8
MM, 34, 25, 16
MM, 34, 27, 16
MM, 34, 28, 8
MM, 34, 29, 24
MM, 34, 30, 40
MM, 33, 30, 31
MM, 417, 570, 96
MM, 417, 571, 33
MM, 417, 572, 16
MM, 416, 573, 23
MM, 416, 574, 18
MM, 416, 575, 32
MM, 415, 575, 9
MM, 414, 575, 39
MM, 23, 0, 9
MM, 19, 7, 23
MC, 1, 306
MM, 25, 7, 352
MM, 27, 7, 9
MM, 33, 6, 16
MM, 430, 579, 16
MM, 29, 25, 16
MM, 465, 558, 15
MM, 1, 15, 16
MM, 6, 11, 16
MM, 8, 10, 16
MM, 8, 9, 8
MM, 8, 8, 16
MM, 8, 7, 32
MM, 8, 6, 17
MM, 8, 5, 49
MM, 9, 5, 15
MM, 10, 4, 10
MM, 13, 26, 16
MM, 517, 510, 24
MM, 4, 3, 15
MM, 539, 496, 16
MM, 25, 28, 17
MM, 28, 26, 16
MM, 29, 26, 8
MM, 29, 25, 88
MM, 29, 24, 47
MM, 28, 24, 72
MM, 27, 24, 17
MM, 26, 24, 16
MM, 24, 24, 8
MM, 21, 24, 16
MM, 15, 24, 16
MM, 8, 25, 16
MM, 1, 27, 7
MM, 516, 496, 16
MM, 509, 500, 16
MM, 21, 2, 24
MM, 19, 3, 16
MM, 18, 3, 16
MM, 18, 4, 16
MM, 18, 5, 24
MM, 18, 6, 26
MM, 18, 7, 23
MM, 18, 8, 10
MM, 18, 9, 23
MM, 19, 10, 16
MM, 19, 11, 8
MM, 19, 12, 32
MC, 1, 218
MM, 20, 12, 191
MM, 24, 12, 8
MM, 521, 514, 18
MM, 17, 12, 16
MM, 9, 12, 24
MM, 24, 12, 24
MM, 33, 11, 15
MM, 36, 10, 16
MM, 602, 512, 8
MM, 5, 10, 24
MM, 13, 10, 16
MM, 21, 10, 24
MM, 24, 11, 17
MM, 25, 11, 15
MM, 24, 11, 81
MM, 23, 11, 8
MM, 22, 11, 16
MM, 21, 11, 24
MM, 20, 11, 24
MC, 1, 218
MM, 18, 11, 264
MM, 7, 11, 16
MM, 601, 518, 16
MM, 21, 22, 16
MM, 2, 30, 17
MM, 549, 541, 15
MM, 22, 10, 18
MM, 12, 15, 13
MM, 2, 21, 18
MM, 34, 25, 16
MM, 28, 28, 14
MM, 18, 30, 26
MM, 484, 571, 16
MM, 479, 572, 16
MM, 476, 573, 17
MM, 473, 573, 16
MM, 471, 574, 16
MM, 470, 574, 8
MM, 469, 574, 16
MM, 468, 574, 16
MM, 467, 574, 16
MM, 466, 574, 32
MM, 465, 574, 8
MM, 464, 574, 16
MM, 462, 574, 16
MM, 461, 574, 16
MM, 459, 575, 16
MM, 24, 0, 8
MM, 22, 1, 16
MM, 21, 1, 24
MM, 20, 1, 8
MM, 19, 2, 24
MM, 18, 3, 17
MM, 15, 4, 14
MM, 13, 5, 8
MC, 1, 227
MM, 10, 3, 231
MM, 8, 28, 16
MM, 2, 19, 16
MM, 31, 3, 16
MM, 11, 28, 24
MM, 7, 22, 18
MM, 5, 19, 15
MM, 5, 17, 8
MM, 5, 16, 24
MM, 5, 15, 16
MM, 5, 14, 31
MM, 5, 13, 40
MM, 5, 12, 19
MM, 5, 11, 22
MM, 6, 11, 26
MM, 7, 11, 24
MM, 9, 11, 16
MM, 10, 11, 24
MM, 11, 11, 24
MC, 1, 209
MM, 11, 13, 223
MM, 11, 18, 8
MM, 27, 11, 24
MM, 416, 572, 18
MM, 27, 12, 14
MM, 30, 29, 25
MM, 421, 609, 14
MM, 422, 611, 18
MM, 422, 612, 54
MM, 423, 612, 27
MM, 33, 0, 31
MM, 33, 1, 49
MM, 33, 2, 16
MM, 33, 3, 32
MM, 33, 4, 16
MC, 1, 360
MM, 34, 4, 255
MM, 39, 4, 8
MM, 56, 3, 18
MM, 478, 611, 24
MM, 24, 28, 16
MM, 515, 599, 16
MM, 11, 18, 16
MM, 24, 12, 16
MM, 556, 579, 16
MM, 21, 29, 16
MM, 591, 559, 24
MM, 0, 16, 16
MM, 4, 14, 24
MM, 5, 13, 17
MM, 6, 13, 8
MM, 6, 12, 87
MM, 7, 12, 16
MM, 9, 11, 40
MM, 12, 10, 9
MM, 15, 7, 16
MM, 18, 5, 16
MM, 20, 4, 16
MM, 21, 2, 16
MM, 21, 1, 16
MM, 21, 0, 16
MM, 618, 538, 8
MM, 618, 535, 24
MM, 618, 533, 16
MM, 11, 29, 8
MM, 11, 27, 24
MM, 11, 26, 24
MM, 12, 26, 31
MM, 14, 26, 17
MM, 19, 26, 16
MM, 24, 23, 16
MM, 642, 521, 24
MM, 6, 17, 15
MM, 14, 15, 25
MM, 18, 14, 15
MM, 19, 14, 8
MC, 1, 339
MM, 18, 14, 207
MM, 10, 11, 16
MM, 0, 8, 17
MM, 28, 5, 16
MM, 6, 2, 24
MM, 30, 2, 16
MM, 560, 506, 24
MM, 10, 12, 24
MM, 34, 17, 24
MM, 26, 21, 32
MM, 25, 22, 26
MM, 25, 23, 54
MM, 25, 24, 40
MM, 25, 25, 32
MM, 24, 25, 121
MM, 23, 26, 17
MM, 21, 26, 16
MM, 17, 29, 24
MM, 14, 30, 16
MM, 492, 535, 16
MM, 13, 4, 32
MM, 8, 7, 16
MM, 1, 14, 24
MM, 469, 556, 16
MM, 467, 558, 24
MM, 467, 559, 8
MM, 466, 559, 16
MP, 1, 232
MR, 1, 0
MC, 1, 0
MM, 467, 559, 353
MM, 468, 559, 8
MM, 0, 20, 24
MM, 1, 20, 8
MM, 2, 20, 32
MC, 1, 313
MM, 2, 22, 271
MM, 472, 570, 19
MM, 472, 579, 14
MM, 472, 598, 24
MM, 472, 609, 16
MM, 80, 10, 24
MM, 79, 15, 18
MM, 77, 18, 13
MM, 77, 19, 8
MM, 76, 19, 18
MM, 75, 19, 32
MM, 73, 19, 56
MC, 1, 209
MM, 71, 19, 263
MM, 61, 16, 17
MM, 49, 9, 16
MM, 429, 612, 16
MM, 24, 24, 26
MM, 18, 18, 13
MM, 10, 10, 27
MM, 7, 5, 13
MM, 3, 2, 18
MM, 388, 573, 22
MM, 382, 570, 26
MM, 34, 29, 14
MM, 28, 28, 26
MM, 23, 27, 16
MM, 19, 26, 16
MM, 14, 25, 16
MM, 10, 25, 16
MM, 6, 24, 16
MM, 2, 24, 24
MM, 1, 23, 112
MC, 1, 208
MM, 2, 23, 233
MM, 8, 23, 18
MM, 20, 23, 15
MM, 33, 23, 16
MM, 12, 25, 24
MM, 33, 28, 33
MM, 5, 29, 23
MM, 20, 30, 25
MM, 458, 570, 24
MM, 469, 570, 24
MM, 474, 570, 15
MM, 481, 570, 25
MM, 489, 570, 24
MM, 493, 570, 15
MM, 496, 570, 16
MM, 28, 30, 17
MM, 29, 30, 24
MM, 30, 29, 23
MM, 32, 29, 40
MM, 507, 568, 16
MM, 2, 29, 16
MM, 10, 28, 24
MM, 16, 28, 18
MM, 19, 28, 6
MM, 22, 28, 27
MM, 22, 27, 61
MM, 22, 26, 18
MM, 22, 25, 8
MM, 22, 24, 24
MM, 19, 20, 17
MM, 16, 15, 16
MM, 13, 12, 8
MC, 1, 239
MM, 12, 12, 259
MM, 3, 10, 16
MM, 28, 6, 16
MM, 467, 541, 24
MM, 19, 2, 16
MM, 425, 541, 24
MM, 26, 2, 16
MM, 12, 2, 24
MM, 7, 2, 16
MM, 380, 538, 39
MM, 374, 534, 24
MM, 18, 30, 16
MM, 16, 29, 24
MM, 15, 28, 16
MM, 15, 27, 16
MM, 16, 27, 40
MM, 17, 27, 16
MM, 20, 26, 16
MM, 35, 22, 24
MM, 1, 19, 16
MM, 11, 16, 24
MM, 16, 15, 16
MM, 18, 15, 18
MM, 19, 14, 14
MM, 19, 13, 40
MC, 1, 291
MM, 24, 16, 223
MM, 21, 1, 25
MM, 14, 22, 26
MM, 2, 19, 40
MM, 31, 26, 14
MM, 633, 608, 26
MM, 676, 609, 32
MM, 710, 609, 32
MM, 726, 608, 24
MM, 734, 601, 24
MM, 737, 597, 23
MM, 737, 595, 16
MM, 738, 594, 16
MM, 739, 594, 24
MM, 740, 594, 24
MM, 742, 594, 16
MM, 751, 596, 24
MM, 761, 600, 16
MM, 773, 606, 16
MM, 788, 615, 16
MM, 804, 623, 24
MM, 825, 633, 24
MM, 835, 638, 18
MM, 845, 642, 14
MM, 853, 645, 18
MM, 21, 0, 22
MM, 25, 3, 18
MM, 29, 5, 14
MM, 30, 5, 18
MM, 30, 6, 16
MM, 28, 6, 544
MM, 22, 6, 18
MM, 7, 9, 22
MM, 0, 11, 18
MM, 838, 662, 16
MM, 835, 663, 25
MM, 834, 663, 8
MM, 833, 663, 39
MM, 832, 663, 81
MM, 831, 663, 15
MM, 829, 663, 24
MM, 828, 663, 8
MM, 827, 663, 41
MM, 827, 664, 15
MM, 821, 663, 24
MM, 804, 650, 16
MM, 774, 624, 16
MM, 739, 588, 16
MM, 681, 526, 24
MM, 16, 5, 16
MM, 0, 27, 16
MM, 27, 17, 8
MM, 23, 11, 315
MM, 341, 89, 16
MM, 320, 55, 16
********************************************************************************
LOGGING TIME: 20161113_002322
CLIENT IP: 127.0.0.1
USERNAME: Elon Musk
OS: Windows 10
**********************************Emotional database********************************************************************************
MM, 740, 697, 1477468750766
MM, 740, 696, 16
MM, 739, 691, 24
MM, 719, 665, 16
MM, 701, 646, 9
MM, 18, 19, 15
MM, 3, 21, 24
MM, 235, 56, 16
MM, 188, 7, 16
MM, 417, 329, 16
MM, 118, 68, 24
MM, 105, 56, 16
MM, 101, 51, 16
MM, 99, 50, 8
MM, 98, 49, 8
MM, 99, 50, 104
MM, 100, 51, 16
MM, 101, 52, 8
MM, 102, 53, 16
MC, 1, 263
MM, 108, 53, 298
MM, 118, 53, 13
MM, 141, 53, 16
MM, 157, 53, 17
MM, 169, 53, 15
MM, 195, 53, 24
MM, 202, 53, 10
MM, 198, 58, 51301
MM, 185, 71, 17
MM, 439, 314, 16
MM, 432, 326, 15
MM, 425, 338, 16
MM, 417, 347, 17
MM, 414, 351, 17
MM, 412, 354, 15
MM, 411, 354, 7
MM, 409, 356, 26
MM, 144, 1, 14
MM, 144, 3, 18
MM, 141, 8, 16
MM, 140, 10, 8
MM, 136, 18, 17
MM, 129, 28, 23
MM, 127, 32, 8
MM, 120, 41, 16
MC, 1, 225
MM, 122, 41, 322
MM, 125, 41, 8
MM, 135, 43, 15
MM, 144, 47, 16
MM, 152, 49, 16
MM, 158, 50, 16
MM, 162, 50, 16
MM, 164, 50, 17
MM, 163, 50, 104
MM, 162, 50, 7
MM, 161, 50, 8
MM, 158, 51, 24
MM, 154, 55, 16
MM, 151, 58, 8
MM, 147, 65, 16
MM, 144, 74, 17
MM, 139, 88, 17
MM, 401, 457, 15
MM, 4, 9, 18
MM, 0, 23, 16
MM, 388, 498, 16
MM, 33, 2, 16
MM, 31, 5, 15
MM, 29, 7, 16
MM, 27, 9, 8
MM, 25, 10, 24
MM, 22, 11, 16
MM, 19, 12, 16
MM, 16, 14, 16
MM, 14, 16, 16
MM, 11, 19, 16
MM, 10, 22, 16
MM, 9, 23, 9
MM, 9, 24, 16
MM, 8, 26, 16
MM, 8, 28, 32
MM, 8, 29, 18
MM, 8, 30, 48
MM, 360, 533, 23
MM, 360, 534, 49
MM, 363, 537, 15
MM, 21, 1, 17
MM, 25, 6, 15
MM, 28, 10, 16
MM, 29, 14, 24
MM, 30, 14, 25
MM, 30, 15, 8
MM, 31, 15, 79
MM, 32, 15, 17
MM, 33, 15, 18
MM, 382, 554, 13
MM, 4, 15, 27
MM, 8, 15, 15
MM, 9, 15, 16
MM, 11, 15, 16
MM, 14, 15, 40
MM, 22, 15, 17
MM, 27, 14, 16
MM, 32, 12, 16
MM, 421, 551, 16
MM, 0, 11, 15
MM, 4, 11, 16
MM, 9, 11, 24
MM, 12, 11, 16
MM, 15, 11, 16
MM, 16, 11, 8
MM, 17, 11, 57
MM, 18, 11, 25
MM, 22, 13, 17
MM, 29, 15, 16
MM, 467, 557, 16
MM, 8, 22, 16
MM, 15, 24, 16
MM, 20, 24, 16
MM, 24, 26, 16
MM, 25, 26, 16
MM, 25, 27, 7
MM, 25, 28, 16
MM, 25, 29, 49
MM, 495, 572, 16
MM, 20, 2, 15
MM, 21, 7, 17
MM, 22, 11, 15
MM, 23, 13, 8
MM, 23, 14, 16
MM, 22, 14, 73
MM, 20, 14, 8
MM, 16, 14, 17
MM, 10, 14, 14
MM, 4, 15, 18
MM, 469, 593, 22
MM, 30, 17, 18
MM, 25, 17, 16
MM, 21, 17, 16
MM, 18, 17, 16
MM, 13, 17, 17
MM, 8, 17, 15
MM, 3, 15, 16
MM, 2, 14, 8
MM, 431, 589, 16
MM, 36, 10, 24
MM, 35, 9, 8
MM, 34, 7, 25
MM, 34, 6, 16
MM, 32, 3, 16
MM, 419, 573, 16
MM, 30, 27, 16
MM, 27, 21, 16
MM, 23, 17, 16
MM, 21, 14, 17
MM, 18, 11, 38
MM, 12, 6, 16
MM, 7, 1, 18
MM, 385, 535, 14
MM, 30, 30, 19
MM, 26, 28, 16
MM, 26, 27, 8
MM, 27, 27, 95
MM, 28, 27, 17
MM, 29, 27, 8
MM, 394, 530, 16
MM, 412, 534, 16
MM, 430, 536, 16
MM, 20, 0, 16
MM, 464, 540, 24
MM, 467, 541, 16
MM, 469, 541, 7
MM, 468, 541, 88
MM, 467, 541, 11
MM, 466, 541, 15
MM, 34, 0, 24
MM, 453, 538, 16
MM, 444, 538, 16
MM, 431, 538, 25
MM, 422, 540, 23
MM, 34, 2, 17
MM, 34, 3, 40
MM, 34, 4, 40
MM, 421, 543, 16
MM, 4, 8, 15
MM, 19, 12, 16
MM, 1, 19, 25
MM, 12, 22, 16
MM, 24, 24, 18
MM, 29, 26, 14
MM, 33, 27, 15
MM, 32, 27, 90
MM, 30, 25, 15
MM, 28, 24, 8
MM, 22, 21, 18
MM, 18, 19, 16
MM, 14, 17, 16
MM, 11, 14, 16
MM, 10, 14, 15
MM, 10, 13, 8
MM, 13, 12, 25
MM, 509, 545, 16
MM, 544, 538, 15
MM, 573, 534, 17
MM, 28, 28, 15
MM, 5, 24, 16
MM, 14, 23, 16
MM, 18, 23, 16
MM, 20, 23, 16
MM, 19, 23, 96
MM, 19, 24, 16
MM, 17, 25, 9
MM, 15, 26, 15
MM, 7, 29, 16
MM, 606, 532, 10
MM, 582, 535, 22
MM, 578, 535, 9
MM, 569, 536, 18
MM, 564, 537, 16
MM, 562, 537, 16
MM, 563, 537, 95
MM, 563, 538, 16
MM, 564, 538, 8
MM, 566, 538, 25
MM, 567, 538, 7
MM, 17, 1, 16
MM, 22, 3, 17
MM, 25, 5, 16
MM, 27, 6, 16
MM, 28, 7, 16
MM, 28, 8, 32
MM, 27, 8, 64
MM, 26, 8, 7
MM, 24, 8, 16
MC, 1, 212
MM, 26, 8, 215
MM, 34, 6, 16
MM, 608, 537, 15
MM, 19, 26, 16
MM, 8, 16, 24
MM, 682, 511, 27
MM, 15, 6, 21
MM, 22, 6, 18
MM, 27, 6, 16
MM, 29, 6, 16
MM, 31, 6, 16
MM, 31, 5, 64
MM, 30, 5, 25
MM, 26, 5, 7
MM, 18, 5, 16
MM, 7, 10, 17
MM, 684, 516, 16
MM, 28, 20, 16
MM, 19, 25, 23
MM, 17, 26, 24
MM, 16, 26, 9
MC, 1, 338
MM, 13, 26, 185
MM, 3, 24, 17
MM, 13, 15, 24
MM, 20, 7, 24
MM, 21, 6, 24
MM, 16, 6, 32
MM, 33, 9, 24
MM, 9, 13, 31
MM, 433, 515, 32
MM, 26, 13, 24
MM, 17, 13, 32
MM, 14, 13, 24
MM, 13, 13, 8
MM, 12, 13, 43
MM, 12, 12, 102
MM, 13, 12, 170
MC, 1, 224
MM, 13, 16, 185
MM, 13, 26, 17
MM, 25, 1, 16
MM, 30, 19, 24
MM, 377, 570, 24
MM, 32, 1, 24
MM, 385, 583, 16
MM, 390, 591, 23
MM, 4, 23, 24
MM, 6, 27, 16
MM, 8, 29, 24
MM, 400, 608, 24
MM, 401, 608, 24
MM, 402, 608, 170
MM, 403, 608, 17
MM, 404, 608, 32
MM, 405, 607, 7
MM, 413, 607, 32
MM, 420, 607, 16
MM, 427, 607, 24
MM, 430, 608, 17
MM, 433, 609, 15
MM, 434, 610, 16
MM, 434, 611, 16
MM, 434, 612, 24
MP, 1, 257
MR, 1, 0
MC, 1, 0
MM, 44, 0, 337
MM, 44, 2, 16
MM, 44, 5, 25
MM, 44, 8, 24
MM, 44, 9, 24
MM, 44, 10, 15
MC, 1, 193
MM, 44, 9, 225
MM, 429, 606, 17
MM, 35, 17, 24
MM, 30, 3, 32
MM, 28, 0, 24
MM, 417, 573, 56
MM, 25, 27, 32
MM, 18, 19, 32
MM, 15, 15, 32
MM, 14, 14, 32
MM, 11, 12, 32
MM, 6, 9, 34
MM, 4, 9, 6
MM, 2, 8, 24
MM, 384, 547, 32
MM, 384, 546, 18
MM, 383, 545, 21
MM, 383, 544, 59
MM, 382, 543, 24
MM, 382, 542, 8
MM, 380, 538, 40
MM, 377, 533, 15
MM, 21, 26, 24
MM, 20, 23, 24
MM, 19, 21, 24
MM, 19, 20, 32
MM, 19, 19, 33
MM, 19, 18, 16
MM, 19, 17, 24
MC, 1, 240
MM, 21, 17, 186
MM, 33, 17, 15
MM, 24, 19, 24
MM, 26, 19, 25
MM, 26, 21, 23
MM, 13, 22, 24
MM, 32, 22, 25
MM, 1, 23, 24
MM, 6, 23, 24
MM, 9, 24, 15
MM, 11, 24, 16
MM, 13, 24, 24
MM, 13, 25, 8
MM, 14, 25, 72
MM, 15, 25, 16
MM, 19, 27, 16
MM, 30, 30, 24
MM, 616, 537, 26
MM, 635, 539, 22
MM, 11, 1, 18
MM, 18, 1, 8
MM, 17, 1, 280
MM, 12, 1, 17
MM, 3, 1, 23
MM, 0, 1, 16
MM, 633, 540, 24
MM, 632, 540, 25
MM, 632, 539, 23
MM, 632, 538, 24
MM, 633, 538, 48
MM, 635, 538, 25
MM, 637, 538, 24
MM, 637, 537, 87
MM, 636, 537, 26
MM, 634, 537, 16
MM, 632, 536, 24
MM, 630, 536, 16
MM, 628, 535, 16
MM, 623, 534, 25
MM, 0, 30, 24
MM, 27, 28, 15
MM, 4, 26, 25
MM, 22, 26, 24
MM, 9, 26, 24
MM, 0, 26, 16
MM, 27, 28, 24
MM, 19, 30, 24
MM, 17, 30, 23
MM, 16, 30, 9
MM, 18, 29, 96
MM, 21, 28, 16
MM, 25, 26, 23
MM, 27, 26, 24
MM, 26, 26, 89
MM, 24, 26, 18
MM, 15, 25, 22
MM, 4, 24, 18
MM, 33, 24, 22
MM, 21, 24, 26
MM, 14, 24, 23
MM, 10, 24, 22
MM, 8, 23, 10
MM, 7, 22, 24
MM, 6, 22, 9
MM, 1, 20, 31
MM, 436, 520, 16
MM, 33, 16, 16
MM, 21, 11, 32
MM, 15, 10, 16
MM, 12, 10, 17
MM, 9, 10, 24
MM, 8, 10, 16
MC, 1, 312
MM, 13, 10, 209
MM, 29, 10, 17
MM, 11, 11, 16
MM, 478, 515, 15
MM, 25, 14, 24
MM, 10, 15, 16
MM, 29, 16, 24
MM, 563, 518, 16
MM, 9, 16, 16
MM, 20, 16, 24
MM, 25, 16, 18
MM, 601, 518, 22
MM, 605, 518, 19
MM, 3, 16, 21
MM, 5, 16, 18
MM, 6, 16, 22
MM, 7, 16, 75
MM, 8, 16, 15
MM, 9, 16, 25
MC, 1, 280
MM, 6, 16, 202
MM, 35, 13, 16
MM, 5, 8, 24
MM, 26, 6, 16
MM, 7, 5, 16
MM, 29, 5, 24
MM, 12, 5, 16
MM, 27, 8, 48
MM, 16, 10, 23
MM, 10, 11, 16
MM, 4, 11, 16
MM, 437, 513, 24
MM, 435, 513, 8
MM, 434, 513, 26
MM, 435, 513, 489
MM, 437, 514, 17
MM, 437, 515, 16
MM, 438, 515, 16
MM, 438, 516, 224
MM, 0, 14, 16
MM, 1, 14, 24
MM, 6, 16, 24
MM, 9, 17, 16
MM, 12, 18, 26
MM, 13, 18, 9
MC, 1, 265
MM, 12, 18, 217
MM, 6, 18, 13
MM, 436, 521, 19
MM, 27, 22, 21
MM, 16, 26, 26
MM, 401, 534, 24
MM, 5, 2, 25
MM, 384, 543, 23
MM, 382, 544, 16
MM, 381, 544, 25
MM, 381, 545, 8
MM, 0, 6, 330
MM, 7, 6, 15
MM, 22, 9, 24
MM, 35, 12, 24
MM, 426, 553, 16
MM, 3, 14, 25
MM, 3, 15, 7
MM, 4, 15, 40
MM, 5, 15, 136
MM, 8, 16, 16
MM, 10, 16, 18
MM, 13, 16, 14
MC, 1, 235
MM, 13, 18, 250
MM, 12, 21, 13
MM, 5, 27, 27
MM, 430, 571, 15
MM, 36, 1, 24
MM, 36, 4, 25
MM, 36, 6, 24
MM, 36, 7, 16
MM, 36, 8, 39
MM, 36, 9, 16
MM, 36, 11, 24
MM, 36, 14, 24
MM, 36, 18, 24
MM, 36, 22, 24
MM, 36, 28, 24
MM, 427, 609, 24
MM, 37, 0, 24
MM, 37, 1, 16
MM, 37, 3, 18
MM, 37, 4, 33
MM, 37, 6, 15
MM, 36, 6, 6
MM, 36, 7, 26
MM, 35, 8, 9
MM, 35, 9, 47
MC, 1, 201
MM, 40, 9, 226
MM, 50, 6, 16
MM, 471, 606, 15
MM, 17, 20, 16
MM, 29, 13, 16
MM, 12, 0, 24
MM, 536, 571, 16
MM, 30, 30, 16
MM, 32, 28, 24
MM, 34, 27, 24
MM, 553, 565, 16
MM, 13, 21, 24
MM, 29, 15, 27
MM, 595, 548, 39
MM, 4, 7, 24
MM, 12, 3, 24
MM, 615, 538, 24
MM, 619, 536, 24
MM, 620, 535, 9
MM, 621, 534, 16
MM, 621, 533, 16
MM, 15, 30, 16
MM, 15, 29, 40
MM, 15, 27, 15
MM, 15, 25, 16
MM, 15, 24, 8
MM, 16, 23, 24
MM, 17, 22, 9
MM, 18, 21, 23
MM, 19, 20, 16
MM, 19, 19, 8
MM, 19, 17, 24
MM, 19, 16, 18
MM, 19, 15, 14
MM, 20, 13, 26
MC, 1, 225
MM, 19, 13, 177
MM, 7, 11, 14
MM, 20, 8, 18
MM, 559, 510, 16
MM, 3, 7, 25
MM, 30, 6, 15
MM, 24, 6, 16
MM, 21, 6, 16
MM, 20, 5, 8
MM, 20, 4, 49
MM, 21, 4, 56
MM, 22, 4, 8
MM, 25, 4, 24
MM, 26, 4, 16
MM, 28, 4, 15
MM, 29, 4, 24
MM, 31, 4, 16
MM, 31, 5, 8
MM, 31, 6, 33
MC, 1, 203
MM, 31, 7, 265
MM, 31, 15, 13
MM, 31, 23, 19
MM, 2, 2, 15
MM, 5, 29, 24
MM, 516, 579, 16
MM, 0, 15, 16
MM, 1, 26, 24
MM, 1, 29, 16
MM, 518, 608, 16
MM, 128, 1, 24
MM, 128, 7, 16
MM, 128, 14, 16
MM, 128, 19, 16
MM, 128, 24, 24
MM, 128, 25, 17
MM, 127, 25, 89
MM, 125, 25, 22
MM, 124, 25, 35
MM, 123, 24, 23
MM, 123, 23, 17
MM, 123, 21, 24
MM, 123, 19, 24
MM, 123, 18, 16
MM, 123, 15, 24
MM, 123, 13, 15
MM, 123, 12, 25
MM, 123, 11, 16
MC, 1, 216
MM, 125, 11, 228
MM, 133, 11, 21
MM, 138, 10, 19
MM, 562, 614, 93
MM, 566, 610, 122
MM, 571, 607, 96
MM, 14, 26, 122
MM, 14, 23, 56
MC, 1, 249
MM, 13, 23, 202
MM, 26, 25, 95
MM, 16, 21, 104
MM, 6, 15, 112
MM, 23, 12, 106
MM, 14, 12, 80
MC, 1, 209
MM, 16, 12, 186
MM, 6, 2, 95
MM, 28, 30, 106
MM, 34, 29, 112
MM, 17, 23, 105
MM, 17, 18, 56
MC, 1, 218
MM, 17, 22, 208
MM, 518, 570, 105
MM, 515, 575, 105
MM, 26, 30, 103
MM, 108, 3, 40
MM, 100, 14, 176
MM, 98, 16, 34
MC, 1, 241
MM, 97, 16, 202
MM, 89, 10, 15
MM, 466, 610, 16
MM, 22, 27, 16
MM, 8, 15, 24
MM, 1, 10, 25
MM, 433, 585, 16
MM, 430, 582, 24
MM, 35, 4, 24
MM, 30, 1, 24
MM, 416, 573, 24
MM, 415, 572, 8
MM, 414, 570, 32
MM, 27, 30, 16
MM, 27, 29, 50
MM, 27, 28, 21
MM, 27, 27, 18
MM, 26, 25, 32
MM, 25, 22, 40
MM, 23, 18, 24
MM, 21, 14, 24
MM, 21, 11, 24
MM, 20, 10, 16
MM, 20, 8, 24
MM, 19, 7, 17
MM, 19, 6, 16
MM, 19, 7, 47
MC, 1, 203
MM, 19, 5, 378
MM, 10, 28, 24
MM, 15, 18, 24
MM, 17, 15, 15
MM, 19, 12, 25
MC, 1, 394
MC, 2, 184
MM, 21, 12, 348
MM, 437, 518, 15
MM, 488, 538, 32
MM, 9, 11, 24
MM, 552, 561, 24
MM, 14, 28, 24
MM, 581, 573, 24
MM, 28, 0, 24
MM, 35, 3, 32
MM, 0, 7, 24
MM, 7, 10, 32
MM, 10, 12, 24
MM, 12, 12, 24
MM, 13, 12, 24
MM, 11, 12, 113
MM, 7, 12, 23
MM, 598, 588, 24
MM, 23, 12, 27
MM, 9, 12, 29
MM, 6, 12, 18
MC, 1, 330
MM, 5, 13, 297
MM, 557, 595, 23
MM, 33, 23, 24
MM, 24, 28, 32
MM, 536, 608, 24
MM, 530, 611, 32
MM, 528, 611, 16
MM, 134, 0, 16
MM, 133, 0, 282
MM, 126, 2, 16
MM, 116, 6, 24
MM, 107, 10, 24
MM, 103, 11, 24
MM, 102, 11, 8
MM, 101, 11, 40
MM, 100, 11, 32
MM, 97, 13, 26
MC, 1, 225
MM, 97, 7, 272
MM, 483, 607, 17
MM, 5, 7, 40
MM, 5, 5, 16
MM, 6, 5, 48
MM, 7, 5, 16
MM, 8, 6, 32
MM, 9, 6, 25
MM, 10, 6, 23
MM, 10, 5, 81
MM, 10, 3, 24
MM, 484, 574, 32
MM, 9, 19, 34
MM, 6, 10, 31
MM, 5, 7, 14
MM, 5, 6, 59
MM, 6, 6, 103
MM, 7, 6, 16
MM, 9, 6, 32
MM, 11, 6, 32
MM, 19, 7, 73
MM, 22, 7, 39
MM, 23, 7, 24
MM, 24, 7, 146
MM, 24, 4, 56
MM, 481, 517, 64
MM, 480, 507, 40
MM, 3, 10, 152
MM, 16, 17, 122
MM, 14, 17, 80
MM, 17, 19, 698
MM, 550, 559, 64
MM, 24, 3, 73
MM, 15, 15, 73
MM, 17, 15, 14
MM, 17, 16, 122
MM, 17, 18, 56
MM, 17, 19, 48
MC, 1, 193
MM, 16, 19, 201
MM, 24, 22, 65
MM, 499, 453, 71
MM, 208, 60, 64
MM, 205, 57, 56
MM, 197, 49, 66
MM, 182, 29, 56
MM, 175, 15, 56
MM, 416, 344, 64
MM, 401, 324, 48
MM, 400, 319, 64
MM, 129, 76, 56
MM, 127, 67, 40
MM, 127, 65, 40
MM, 129, 64, 48
MM, 132, 64, 18
MM, 136, 64, 17
MM, 146, 64, 24
MM, 154, 62, 16
MM, 159, 61, 16
MM, 164, 59, 24
MM, 166, 58, 16
MM, 167, 57, 8
MM, 168, 56, 32
MM, 169, 55, 15
MM, 170, 54, 17
MM, 170, 53, 24
MM, 171, 52, 16
MM, 172, 51, 23
MM, 172, 50, 8
MM, 172, 49, 16
MM, 172, 48, 56
MM, 172, 47, 16
MM, 172, 46, 8
MM, 171, 44, 32
MM, 168, 44, 18
MM, 167, 42, 22
MM, 165, 42, 18
MM, 165, 41, 16
MM, 164, 41, 7
MM, 163, 41, 25
MM, 162, 41, 33
MM, 159, 41, 23
MC, 1, 209
MM, 159, 42, 426
MM, 158, 42, 63
MM, 157, 42, 16
MM, 155, 42, 26
MM, 154, 42, 40
MM, 153, 42, 48
MM, 153, 43, 160
MM, 154, 43, 8
MM, 155, 43, 24
MM, 157, 44, 24
MM, 158, 44, 32
MM, 159, 44, 33
MC, 1, 586
MM, 160, 44, 290
MM, 168, 45, 39
MM, 171, 46, 32
MM, 175, 47, 40
MM, 177, 48, 18
MM, 177, 49, 16
MM, 179, 49, 16
MM, 179, 50, 56
MM, 178, 50, 88
MM, 177, 50, 3802
MM, 176, 50, 2429
MM, 173, 50, 15
MM, 168, 50, 16
MM, 164, 50, 16
MM, 159, 51, 16
MM, 156, 52, 16
MM, 154, 52, 16
MM, 152, 52, 16
MM, 151, 53, 16
MM, 148, 56, 16
MM, 147, 59, 16
MM, 144, 62, 16
MM, 143, 65, 18
MM, 141, 69, 14
MM, 141, 75, 16
MM, 139, 82, 18
MM, 403, 316, 13
MM, 401, 321, 18
MM, 401, 326, 17
MM, 401, 329, 17
MM, 401, 332, 16
MM, 401, 334, 16
MM, 402, 337, 16
MM, 405, 339, 24
MM, 406, 341, 15
MM, 408, 341, 24
MM, 411, 344, 24
MM, 415, 348, 16
MM, 422, 354, 24
MM, 424, 355, 16
MM, 162, 2, 32
MM, 163, 3, 24
MM, 164, 4, 16
MM, 164, 5, 58
MM, 164, 6, 8
MM, 164, 8, 32
MM, 164, 10, 16
MM, 164, 11, 25
MM, 164, 12, 7
MM, 164, 15, 24
MM, 163, 29, 112
MM, 163, 35, 120
MM, 163, 37, 18
MM, 163, 38, 22
MM, 163, 39, 9
MM, 163, 42, 33
MM, 163, 44, 16
MM, 163, 45, 16
MM, 163, 46, 16
MM, 163, 47, 24
MC, 1, 233
MM, 163, 49, 305
MM, 166, 55, 16
MM, 172, 63, 24
MM, 175, 67, 24
MM, 175, 68, 40
MM, 174, 68, 51
MM, 172, 68, 15
MM, 169, 67, 16
MM, 168, 65, 16
MM, 167, 64, 16
MM, 166, 63, 16
MM, 164, 62, 24
MM, 164, 60, 16
MM, 164, 58, 16
MM, 163, 57, 16
MM, 163, 56, 8
MM, 162, 54, 32
MC, 1, 258
MM, 165, 56, 258
MM, 176, 66, 16
MM, 187, 78, 16
MM, 461, 449, 16
MM, 33, 2, 24
MM, 478, 481, 17
MM, 4, 30, 15
MM, 8, 10, 24
MM, 11, 22, 24
MM, 495, 533, 17
MM, 496, 537, 7
MM, 496, 538, 218
MM, 26, 7, 16
MM, 26, 28, 24
MM, 21, 0, 16
MM, 21, 14, 24
MM, 21, 22, 16
MM, 19, 30, 24
MM, 491, 611, 16
MM, 98, 4, 24
MM, 97, 8, 18
MM, 94, 12, 22
MM, 93, 19, 26
MM, 92, 24, 14
MM, 90, 28, 26
MM, 89, 30, 32
MM, 88, 30, 24
MM, 87, 30, 40
MM, 86, 29, 24
MM, 86, 28, 16
MM, 86, 24, 32
MM, 85, 20, 24
MM, 85, 18, 24
MM, 85, 15, 26
MM, 85, 13, 22
MC, 1, 243
MM, 85, 12, 274
MM, 85, 2, 23
MM, 2, 25, 24
MM, 3, 12, 24
MM, 3, 4, 24
MM, 3, 1, 32
MM, 2, 1, 123
MM, 2, 0, 15
MM, 477, 575, 24
MM, 477, 574, 72
MM, 477, 573, 73
MM, 477, 572, 23
MM, 7, 30, 26
MM, 8, 17, 32
MM, 9, 10, 24
MM, 9, 6, 33
MM, 9, 5, 31
MM, 9, 4, 24
MM, 479, 538, 24
MM, 481, 529, 32
MM, 0, 25, 16
MM, 1, 23, 8
MM, 2, 22, 16
MM, 3, 21, 24
MM, 4, 21, 19
MM, 5, 21, 31
MM, 7, 21, 16
MM, 7, 20, 6
MM, 8, 20, 26
MM, 9, 20, 16
MM, 10, 20, 8
MM, 11, 19, 24
MM, 12, 18, 16
MM, 13, 18, 8
MM, 14, 18, 16
MM, 15, 16, 24
MM, 17, 15, 24
MM, 18, 15, 16
MM, 18, 14, 16
MM, 19, 14, 8
MC, 1, 387
MM, 21, 15, 233
MM, 28, 22, 16
MM, 518, 531, 16
MM, 523, 538, 16
MM, 19, 7, 16
MM, 25, 15, 24
MM, 27, 17, 16
MM, 28, 19, 16
MM, 29, 19, 8
MM, 29, 20, 16
MM, 30, 20, 16
MM, 31, 20, 24
MM, 31, 19, 82
MM, 31, 18, 8
MM, 31, 16, 24
MM, 31, 15, 8
MM, 31, 13, 24
MM, 30, 11, 16
MM, 29, 9, 16
MM, 27, 7, 16
MM, 26, 6, 8
MM, 26, 4, 24
MM, 26, 3, 16
MM, 27, 3, 72
MM, 28, 3, 16
MM, 29, 3, 88
MM, 30, 3, 18
MM, 32, 3, 14
MM, 34, 4, 18
MM, 548, 545, 16
MM, 551, 545, 24
MM, 552, 546, 8
MM, 0, 8, 24
MM, 2, 8, 24
MM, 3, 9, 16
MM, 4, 9, 16
MM, 5, 10, 16
MM, 5, 11, 104
MM, 4, 11, 48
MM, 4, 12, 107
MM, 4, 13, 55
MM, 4, 14, 57
MM, 5, 14, 7
MM, 6, 14, 16
MM, 7, 14, 24
MM, 8, 14, 16
MM, 9, 15, 24
MM, 10, 15, 16
MM, 11, 16, 15
MM, 12, 16, 19
MM, 13, 17, 14
MM, 14, 17, 10
MC, 1, 411
MM, 17, 17, 240
MM, 23, 17, 9
MM, 31, 14, 14
MM, 3, 8, 16
MM, 16, 2, 18
MM, 626, 535, 22
MM, 23, 30, 18
MM, 27, 29, 16
MM, 28, 28, 8
MM, 29, 28, 16
MM, 30, 28, 24
MM, 638, 530, 80
MM, 638, 529, 16
MM, 639, 529, 8
MM, 640, 529, 16
MM, 640, 528, 16
MM, 642, 528, 24
MM, 643, 528, 16
MM, 0, 25, 16
MM, 2, 25, 16
MM, 6, 24, 24
MM, 12, 22, 18
MM, 17, 20, 22
MM, 21, 19, 18
MM, 21, 18, 16
MM, 22, 18, 8
MM, 23, 18, 24
MM, 24, 18, 49
MM, 24, 17, 9
MM, 24, 16, 39
MM, 26, 16, 14
MC, 1, 226
MM, 24, 16, 201
MM, 15, 13, 16
MM, 29, 11, 24
MM, 13, 11, 15
MM, 33, 11, 25
MM, 21, 11, 23
MM, 18, 11, 17
MM, 17, 11, 8
MM, 16, 11, 17
MM, 15, 11, 15
MM, 14, 11, 24
MM, 13, 11, 49
MM, 12, 11, 57
MM, 13, 11, 152
MC, 1, 201
MM, 12, 11, 217
MM, 4, 11, 16
MM, 561, 515, 16
MM, 17, 20, 24
MM, 9, 23, 16
MM, 516, 533, 24
MM, 508, 539, 16
MM, 30, 4, 24
MM, 26, 7, 24
MM, 25, 8, 18
MM, 24, 8, 22
MM, 24, 9, 90
MM, 23, 10, 57
MM, 22, 10, 15
MM, 19, 11, 16
MM, 17, 11, 16
MM, 13, 13, 24
MM, 10, 14, 15
MM, 5, 16, 24
MM, 2, 16, 16
MM, 0, 16, 24
MM, 1, 16, 65
MM, 4, 16, 18
MM, 9, 17, 24
MM, 23, 18, 24
MM, 29, 18, 16
MM, 508, 558, 24
MM, 2, 19, 24
MM, 3, 19, 16
MM, 4, 19, 24
MM, 4, 18, 152
MM, 5, 17, 32
MM, 6, 17, 56
MM, 6, 16, 82
MM, 7, 16, 66
MM, 9, 16, 22
MM, 10, 16, 8
MM, 11, 16, 16
MM, 12, 16, 32
MM, 13, 16, 16
MM, 13, 15, 24
MM, 13, 14, 32
MC, 1, 225
MM, 14, 14, 193
MM, 20, 14, 16
MM, 29, 14, 18
MM, 2, 15, 22
MM, 8, 15, 18
MM, 14, 15, 22
MM, 15, 15, 18
MM, 14, 15, 65
MM, 13, 15, 15
MM, 12, 15, 8
MC, 1, 217
MM, 9, 15, 201
MM, 7, 15, 8
MM, 1, 15, 14
MM, 552, 554, 10
MM, 31, 21, 24
MM, 24, 28, 16
MM, 525, 574, 16
MM, 5, 1, 8
MM, 513, 585, 16
MM, 30, 17, 16
MM, 23, 23, 25
MM, 22, 26, 7
MM, 19, 30, 16
MM, 491, 609, 16
MM, 491, 610, 16
MM, 489, 611, 16
MM, 98, 0, 16
MM, 96, 1, 16
MM, 95, 1, 8
MM, 94, 1, 16
MM, 93, 2, 16
MM, 92, 2, 90
MC, 1, 209
MM, 92, 1, 223
MM, 481, 607, 8
MM, 474, 582, 16
MM, 472, 571, 16
MM, 469, 557, 18
MM, 468, 550, 14
MM, 468, 549, 8
MM, 468, 546, 18
MM, 469, 546, 46
MM, 0, 7, 7
MM, 1, 7, 19
MM, 2, 7, 8
MM, 3, 7, 14
MM, 4, 7, 18
MM, 5, 7, 8
MM, 5, 6, 24
MM, 5, 5, 16
MM, 5, 3, 16
MM, 479, 538, 16
MM, 483, 534, 16
MM, 484, 534, 8
MM, 6, 29, 16
MM, 8, 27, 18
MM, 10, 26, 14
MM, 11, 25, 8
MM, 11, 24, 16
MM, 11, 23, 40
MM, 11, 22, 40
MM, 12, 22, 32
MM, 13, 22, 8
MM, 14, 21, 8
MM, 16, 21, 24
MM, 17, 21, 8
MM, 19, 21, 16
MM, 20, 20, 8
MM, 23, 20, 16
MM, 23, 19, 10
MM, 24, 19, 14
MC, 1, 258
MM, 27, 19, 184
MM, 33, 20, 8
MM, 3, 26, 25
MM, 10, 29, 17
MM, 540, 534, 15
MM, 543, 536, 7
MM, 546, 538, 17
MM, 549, 539, 16
MM, 550, 539, 17
MM, 551, 539, 8
MM, 551, 540, 22
MM, 552, 540, 10
MM, 1, 2, 16
MM, 5, 4, 16
MM, 8, 5, 16
MM, 10, 6, 8
MM, 12, 6, 16
MM, 13, 7, 16
MM, 14, 7, 16
MM, 14, 8, 8
MC, 1, 257
MM, 11, 8, 209
MM, 7, 6, 8
MM, 545, 537, 16
MM, 11, 29, 16
MM, 520, 525, 16
MM, 25, 18, 16
MM, 12, 15, 24
MM, 8, 14, 7
MM, 1, 13, 17
MM, 477, 514, 16
MM, 31, 11, 16
MM, 23, 10, 16
MM, 17, 10, 16
MM, 13, 10, 8
MM, 5, 9, 16
MM, 4, 9, 8
MM, 438, 510, 16
MM, 435, 510, 16
MM, 433, 510, 16
MM, 35, 8, 120
MM, 33, 8, 10
MM, 30, 8, 22
MM, 29, 8, 18
MM, 27, 8, 14
MM, 26, 8, 18
MM, 25, 8, 8
MC, 1, 233
MM, 27, 8, 175
MM, 33, 8, 8
MM, 1, 8, 16
MM, 10, 10, 16
MM, 30, 13, 16
MM, 33, 13, 8
MM, 8, 16, 24
MM, 15, 16, 16
MM, 19, 17, 16
MM, 21, 17, 8
MM, 23, 17, 8
MM, 25, 17, 26
MM, 24, 17, 104
MM, 23, 16, 8
MM, 20, 14, 8
MC, 1, 192
MM, 20, 19, 240
MM, 20, 24, 8
MM, 32, 1, 18
MM, 32, 18, 16
MM, 27, 2, 15
MM, 27, 21, 23
MM, 26, 30, 18
MM, 109, 0, 16
MM, 108, 3, 16
MM, 107, 6, 16
MM, 106, 7, 16
MM, 105, 7, 48
MM, 104, 7, 40
MM, 104, 6, 32
MM, 103, 5, 16
MM, 103, 4, 24
MM, 103, 3, 16
MM, 103, 2, 16
MC, 1, 281
MM, 103, 0, 361
MM, 493, 612, 8
MM, 492, 609, 16
MM, 15, 20, 16
MM, 15, 10, 24
MM, 15, 5, 16
MM, 15, 0, 16
MM, 490, 575, 8
MM, 490, 574, 16
MM, 490, 573, 16
MM, 490, 572, 56
MM, 489, 570, 8
MM, 14, 19, 15
MM, 11, 10, 17
MM, 8, 1, 15
MM, 475, 534, 16
MM, 35, 29, 17
MM, 35, 28, 8
MM, 36, 28, 56
MM, 476, 530, 16
MM, 477, 530, 8
MM, 479, 530, 24
MM, 481, 530, 18
MM, 1, 30, 16
MM, 485, 533, 24
MM, 487, 535, 22
MM, 488, 536, 10
MM, 489, 537, 24
MM, 490, 538, 6
MM, 21, 1, 26
MM, 21, 2, 8
MM, 21, 3, 24
MM, 21, 4, 16
MM, 20, 4, 40
MM, 19, 5, 8
MC, 1, 224
MM, 24, 5, 240
MM, 507, 544, 18
MM, 17, 3, 14
MM, 552, 538, 15
MM, 10, 30, 25
MM, 18, 28, 18
MM, 22, 26, 16
MM, 24, 25, 6
MM, 25, 25, 50
MM, 26, 25, 16
MM, 27, 25, 8
MM, 27, 24, 24
MM, 28, 24, 25
MM, 29, 23, 15
MM, 33, 21, 16
MM, 602, 523, 16
MM, 0, 19, 16
MM, 7, 19, 15
MM, 12, 19, 17
MM, 18, 19, 16
MM, 21, 19, 16
MM, 24, 19, 16
MM, 25, 19, 16
MM, 25, 18, 81
MM, 23, 17, 15
MM, 22, 16, 16
MM, 21, 16, 16
MM, 20, 16, 8
MM, 19, 15, 16
MM, 19, 14, 16
MM, 17, 14, 16
MC, 1, 217
MM, 16, 14, 282
MM, 8, 14, 15
MM, 601, 516, 16
MM, 20, 14, 16
MM, 1, 18, 24
MM, 32, 22, 16
MM, 25, 26, 16
MM, 22, 30, 16
MM, 542, 534, 16
MM, 541, 534, 8
MM, 540, 535, 24
MM, 540, 536, 16
MM, 539, 536, 8
MM, 537, 537, 32
MM, 536, 537, 8
MM, 24, 0, 16
MM, 22, 1, 16
MM, 22, 3, 23
MM, 22, 4, 9
MM, 22, 5, 48
MM, 22, 6, 24
MC, 1, 232
MM, 26, 6, 242
MM, 34, 10, 16
MM, 553, 550, 14
MM, 6, 13, 17
MM, 10, 14, 24
MM, 11, 15, 9
MC, 1, 304
MC, 1, 563
MM, 12, 15, 513
MM, 13, 15, 8
MM, 14, 15, 14
MM, 16, 15, 18
MM, 17, 15, 24
MM, 18, 15, 16
MM, 19, 15, 8
MM, 23, 13, 24
MM, 32, 9, 16
MM, 592, 545, 16
MM, 1, 2, 24
MM, 4, 1, 16
MM, 4, 0, 40
MM, 599, 538, 32
MM, 596, 536, 16
MM, 17, 27, 16
MM, 1, 21, 16
MM, 25, 16, 16
MM, 8, 14, 16
MM, 0, 14, 16
MM, 518, 516, 8
MM, 31, 14, 16
MM, 27, 14, 24
MM, 26, 14, 8
MM, 27, 14, 81
MM, 28, 14, 15
MM, 29, 14, 26
MM, 28, 14, 112
MM, 27, 14, 8
MM, 26, 14, 14
MM, 25, 14, 34
MM, 24, 14, 8
MM, 23, 14, 16
MM, 23, 13, 33
MM, 23, 12, 87
MC, 1, 208
MM, 23, 14, 186
MM, 22, 23, 14
MM, 504, 534, 10
MM, 34, 6, 16
MM, 34, 20, 16
MM, 34, 30, 16
MM, 504, 574, 7
MM, 29, 11, 16
MM, 29, 21, 16
MM, 29, 27, 16
MM, 504, 609, 16
MM, 504, 612, 17
MM, 114, 1, 16
MM, 114, 2, 16
MM, 114, 3, 80
MM, 113, 3, 88
MM, 112, 4, 16
MM, 111, 4, 8
MM, 109, 5, 24
MM, 109, 6, 16
MM, 108, 6, 8
MM, 107, 7, 40
MM, 107, 8, 32
MM, 106, 8, 26
MC, 1, 240
MM, 106, 4, 264
MM, 24, 26, 16
MM, 30, 6, 24
MM, 509, 568, 16
MM, 1, 17, 24
MM, 2, 13, 24
MM, 2, 12, 8
MM, 2, 11, 48
MM, 3, 11, 24
MM, 3, 10, 8
MM, 4, 9, 18
MM, 7, 3, 22
MM, 519, 536, 26
MM, 522, 529, 8
MM, 5, 15, 32
MM, 9, 7, 23
MM, 10, 5, 17
MM, 10, 4, 23
MM, 9, 4, 82
MM, 6, 3, 15
MM, 3, 1, 16
MM, 1, 0, 23
MM, 524, 501, 17
MM, 523, 501, 8
MM, 524, 501, 145
MM, 525, 501, 15
MM, 526, 501, 80
MM, 527, 501, 90
MM, 528, 501, 22
MM, 7, 0, 34
MM, 9, 4, 32
MM, 10, 6, 16
MM, 11, 8, 24
MM, 13, 10, 32
MM, 14, 12, 24
MM, 15, 12, 24
MM, 16, 12, 32
MM, 15, 12, 994
MM, 2, 13, 24
MM, 18, 16, 24
MM, 31, 23, 32
MM, 6, 29, 32
MM, 433, 536, 23
MM, 424, 537, 24
MM, 417, 538, 33
MM, 28, 0, 24
MM, 25, 1, 16
MM, 23, 1, 24
MM, 22, 1, 16
MM, 20, 1, 80
MM, 18, 2, 18
MM, 10, 3, 30
MM, 4, 4, 24
MM, 2, 5, 18
MM, 384, 544, 22
MM, 381, 545, 26
MM, 31, 7, 32
MM, 23, 9, 32
MM, 20, 10, 16
MM, 18, 10, 32
MM, 19, 10, 120
MM, 26, 9, 24
MM, 7, 3, 24
MM, 407, 536, 23
MM, 34, 13, 25
MM, 9, 15, 31
MM, 452, 448, 32
MM, 188, 77, 25
MM, 187, 68, 24
MM, 186, 61, 16
MM, 185, 48, 16
MM, 185, 40, 15
MM, 186, 26, 16
MM, 192, 18, 24
MM, 197, 14, 16
MM, 209, 6, 16
MM, 491, 355, 25
MM, 507, 347, 15
MM, 529, 339, 16
MM, 553, 330, 24
MM, 568, 324, 16
MM, 578, 318, 17
MM, 584, 315, 16
MM, 586, 312, 24
MM, 586, 311, 16
MM, 322, 82, 8
MM, 322, 80, 24
MM, 321, 76, 18
MM, 316, 67, 22
MM, 313, 59, 18
MM, 309, 50, 14
MM, 307, 45, 18
MM, 305, 40, 14
MM, 304, 37, 16
MM, 304, 35, 23
MM, 303, 35, 26
MM, 302, 35, 14
MM, 301, 35, 19
MM, 300, 35, 16
MM, 299, 36, 16
MM, 298, 36, 23
MM, 297, 36, 17
MM, 296, 36, 16
MM, 296, 37, 8
MM, 294, 38, 24
MM, 293, 39, 16
MM, 291, 40, 24
MM, 290, 41, 16
MM, 289, 42, 16
MM, 288, 42, 24
MM, 288, 43, 24
MC, 1, 233
MM, 293, 45, 201
MM, 310, 51, 13
MM, 325, 58, 16
MM, 354, 68, 25
MM, 359, 69, 17
MM, 365, 71, 14
MM, 367, 71, 17
MM, 367, 70, 56
MM, 363, 69, 16
MM, 362, 69, 1004
MM, 355, 68, 16
MM, 344, 67, 24
MM, 335, 66, 16
MM, 328, 65, 16
MM, 322, 65, 16
MM, 316, 65, 24
MM, 312, 65, 16
MM, 309, 65, 24
MM, 308, 65, 16
MM, 307, 65, 16
MM, 306, 65, 16
MM, 306, 64, 8
MM, 306, 63, 72
MM, 305, 63, 176
MM, 304, 63, 8
MM, 301, 62, 24
MM, 299, 62, 16
MM, 297, 62, 16
MM, 296, 62, 24
MM, 296, 61, 96
MM, 296, 60, 48
MM, 295, 60, 16
MM, 294, 59, 16
MM, 289, 57, 16
MM, 283, 53, 16
MM, 277, 50, 24
MM, 273, 48, 16
MM, 271, 48, 18
MM, 270, 48, 14
MM, 270, 49, 130
MM, 270, 50, 14
MM, 271, 50, 18
MM, 271, 51, 15
MM, 271, 52, 14
MM, 271, 53, 139
MM, 272, 60, 23
MM, 273, 74, 17
MM, 541, 322, 16
MM, 545, 338, 16
MM, 284, 6, 24
MM, 287, 20, 16
MM, 288, 36, 16
MM, 291, 57, 16
MM, 293, 85, 24
MM, 557, 457, 16
MM, 558, 469, 24
MM, 558, 472, 16
MM, 558, 474, 160
MM, 558, 479, 15
MM, 558, 488, 16
MM, 557, 501, 16
MM, 30, 13, 16
MM, 25, 28, 25
MM, 33, 5, 16
MM, 28, 21, 24
MM, 25, 29, 16
MM, 533, 574, 16
MM, 14, 1, 24
MM, 13, 1, 7
MM, 12, 1, 41
MM, 12, 0, 24
MM, 529, 575, 16
MM, 528, 574, 8
MM, 528, 572, 32
MM, 528, 571, 8
MM, 528, 570, 24
MM, 17, 30, 16
MM, 17, 29, 40
MM, 17, 28, 40
MM, 17, 26, 16
MM, 15, 11, 15
MM, 14, 2, 18
MM, 0, 25, 22
MM, 521, 521, 24
MM, 521, 520, 9
MM, 521, 519, 18
MM, 521, 518, 120
MM, 521, 517, 72
MM, 522, 517, 1122
MM, 0, 15, 24
MM, 0, 16, 24
MM, 1, 17, 16
MM, 1, 19, 16
MM, 2, 20, 24
MM, 2, 22, 15
MM, 2, 23, 17
MM, 2, 22, 144
MM, 2, 21, 8
MM, 1, 19, 40
MM, 1, 18, 16
MM, 1, 17, 40
MM, 1, 16, 106
MM, 1, 17, 489
MM, 1, 20, 23
MM, 1, 22, 23
MM, 1, 28, 32
MM, 13, 1, 24
MM, 10, 20, 33
MM, 8, 26, 24
MM, 8, 29, 23
MM, 11, 29, 241
MM, 29, 30, 24
MM, 10, 0, 32
MM, 25, 2, 32
MM, 29, 2, 24
MM, 30, 2, 10
MM, 588, 575, 48
MM, 585, 572, 24
MM, 25, 30, 30
MM, 18, 28, 18
MM, 33, 26, 32
MM, 2, 24, 24
MM, 24, 24, 16
MM, 9, 24, 15
MM, 8, 24, 265
MM, 0, 24, 16
MM, 25, 27, 24
MM, 437, 570, 24
MM, 424, 575, 23
MM, 28, 2, 25
MM, 27, 3, 8
MM, 27, 4, 32
MM, 27, 5, 24
MM, 27, 6, 16
MM, 29, 8, 24
MM, 34, 11, 24
MM, 433, 593, 15
MM, 15, 27, 24
MM, 75, 0, 27
MM, 88, 8, 22
MM, 97, 14, 23
MM, 101, 15, 16
MM, 102, 16, 18
MM, 103, 16, 14
MM, 102, 16, 67
MM, 99, 14, 24
MM, 97, 12, 13
MM, 95, 9, 26
MM, 93, 6, 25
MM, 92, 3, 15
MM, 91, 0, 25
MM, 481, 611, 16
MM, 481, 610, 17
MM, 482, 609, 31
MM, 486, 609, 24
MM, 488, 609, 15
MM, 491, 607, 33
MM, 493, 607, 15
MM, 21, 30, 24
MM, 24, 30, 25
MM, 26, 29, 24
MM, 25, 29, 112
MM, 24, 29, 24
MM, 22, 29, 16
MM, 21, 29, 16
MM, 19, 30, 16
MM, 490, 607, 23
MM, 487, 607, 16
MM, 484, 607, 17
MM, 480, 608, 24
MM, 478, 610, 16
MM, 475, 611, 16
MM, 83, 0, 16
MM, 81, 1, 16
MM, 78, 3, 24
MM, 77, 4, 18
MM, 75, 5, 14
MM, 73, 6, 26
MM, 70, 7, 22
MM, 68, 7, 18
MM, 65, 7, 14
MM, 62, 7, 18
MM, 61, 7, 16
MM, 60, 7, 16
MM, 60, 8, 80
MM, 60, 10, 8
MM, 61, 13, 23
MM, 62, 14, 16
MM, 63, 16, 16
MM, 64, 18, 16
MM, 65, 19, 25
MM, 65, 20, 16
MM, 65, 21, 24
MC, 1, 467
MM, 64, 15, 279
MM, 62, 10, 8
MM, 445, 607, 24
MM, 6, 19, 16
MM, 3, 14, 15
MM, 431, 581, 16
MM, 421, 573, 16
MM, 9, 20, 24
MM, 381, 554, 17
MM, 17, 6, 24
MM, 1, 1, 24
MM, 332, 536, 16
MM, 11, 29, 24
MM, 4, 26, 15
MM, 308, 526, 16
MM, 306, 524, 33
MM, 305, 523, 8
MM, 306, 523, 66
MM, 307, 523, 5
MM, 2, 21, 24
MM, 7, 24, 24
MM, 11, 26, 24
MM, 15, 30, 24
MM, 326, 533, 18
MM, 329, 536, 24
MM, 339, 545, 32
MM, 4, 12, 24
MM, 11, 18, 24
MM, 15, 20, 16
MM, 16, 21, 16
MM, 16, 20, 57
MM, 16, 19, 24
MM, 15, 18, 8
MM, 14, 17, 16
MM, 14, 16, 40
MC, 1, 224
MM, 19, 16, 200
MM, 2, 16, 16
MM, 14, 16, 24
MM, 24, 16, 23
MM, 30, 14, 24
MM, 33, 9, 32
MM, 14, 5, 27
MM, 33, 1, 31
MM, 0, 0, 30
MM, 1, 0, 27
MM, 638, 538, 6
MM, 638, 536, 41
MM, 638, 535, 24
MM, 638, 534, 16
MM, 638, 533, 89
MM, 639, 533, 81
MM, 641, 533, 15
MM, 645, 534, 24
MM, 651, 536, 16
MM, 26, 1, 23
MM, 35, 3, 16
MM, 7, 6, 24
MM, 14, 8, 24
MM, 17, 8, 16
MM, 19, 8, 17
MM, 20, 9, 16
MC, 1, 385
MC, 2, 224
MM, 18, 10, 329
MM, 6, 16, 16
MM, 656, 570, 24
MM, 20, 12, 24
MM, 602, 600, 15
MM, 586, 610, 25
MM, 573, 619, 24
MM, 568, 623, 16
MM, 559, 627, 24
MM, 162, 16, 24
MM, 157, 16, 24
MM, 153, 17, 16
MM, 148, 19, 24
MM, 143, 21, 23
MM, 139, 23, 24
MM, 136, 23, 24
MM, 133, 24, 25
MM, 131, 25, 23
MM, 129, 26, 24
MC, 1, 226
MM, 128, 24, 345
MM, 125, 20, 16
MM, 123, 16, 16
MM, 121, 12, 16
MM, 120, 11, 16
MM, 120, 10, 8
MM, 120, 9, 24
MM, 120, 8, 112
MM, 120, 7, 40
MM, 120, 6, 15
MM, 121, 6, 81
MC, 1, 347
MM, 121, 1, 247
MM, 35, 19, 16
MM, 508, 566, 24
MM, 24, 29, 24
MM, 24, 9, 32
MM, 24, 0, 24
MM, 506, 497, 23
MM, 26, 28, 32
MM, 26, 26, 24
MM, 26, 25, 9
MM, 27, 24, 39
MM, 27, 23, 24
MM, 28, 23, 97
MM, 28, 24, 24
MM, 28, 28, 24
MM, 508, 499, 40
MM, 26, 2, 31
MM, 23, 10, 40
MM, 22, 14, 33
MM, 22, 15, 16
MC, 1, 241
MM, 23, 16, 201
MM, 520, 522, 24
MM, 17, 26, 24
MM, 568, 537, 32
MM, 28, 2, 24
MM, 33, 3, 24
MM, 36, 4, 24
MM, 591, 544, 16
MM, 592, 545, 31
MM, 591, 545, 130
MM, 35, 6, 15
MM, 31, 8, 16
MM, 28, 10, 16
MM, 23, 10, 16
MM, 21, 10, 16
MM, 20, 10, 8
MM, 18, 8, 24
MM, 18, 7, 8
MM, 17, 7, 8
MM, 16, 7, 24
MM, 15, 7, 16
MM, 14, 7, 8
MM, 13, 7, 23
MM, 11, 7, 17
MM, 6, 7, 23
MC, 1, 292
MM, 3, 5, 319
MM, 0, 4, 7
MM, 36, 0, 16
MM, 536, 534, 16
MM, 517, 526, 25
MM, 22, 20, 16
MM, 9, 16, 16
MM, 480, 515, 15
MM, 31, 9, 16
MM, 21, 7, 17
MM, 10, 4, 16
MM, 3, 2, 16
MM, 434, 501, 15
MM, 427, 499, 16
MM, 420, 497, 16
MM, 416, 496, 16
MM, 20, 29, 24
MM, 18, 29, 17
MM, 17, 29, 7
MM, 15, 29, 24
MM, 14, 29, 16
MM, 12, 29, 16
MM, 11, 29, 16
MM, 10, 29, 25
MM, 11, 29, 96
MM, 13, 29, 16
MM, 14, 30, 18
MM, 408, 496, 14
MM, 408, 498, 18
MM, 410, 499, 13
MM, 411, 501, 19
MM, 14, 0, 16
MM, 15, 2, 6
MM, 15, 4, 26
MM, 16, 5, 14
MM, 16, 6, 18
MC, 1, 257
MM, 16, 7, 167
MM, 16, 15, 16
MM, 19, 26, 16
MM, 419, 538, 16
MM, 422, 548, 16
MM, 425, 556, 16
MM, 0, 21, 16
MM, 2, 25, 16
MM, 2, 27, 8
MM, 3, 30, 24
MM, 4, 30, 16
MM, 432, 571, 16
MM, 432, 572, 16
MM, 433, 573, 16
MM, 434, 574, 16
MM, 434, 575, 16
MM, 1, 1, 16
MM, 1, 2, 16
MM, 2, 4, 24
MM, 5, 11, 16
MM, 8, 18, 16
MM, 10, 25, 16
MM, 446, 607, 16
MM, 447, 611, 16
MM, 57, 0, 16
MM, 57, 1, 8
MM, 57, 0, 104
MM, 57, 1, 194
MM, 57, 2, 23
MC, 1, 241
MM, 63, 2, 216
MM, 68, 2, 8
MM, 76, 1, 16
MM, 480, 612, 16
MM, 488, 609, 15
MM, 495, 607, 17
MM, 25, 28, 16
MM, 29, 26, 8
MM, 34, 22, 16
MM, 513, 592, 16
MM, 0, 11, 16
MM, 4, 2, 16
MM, 524, 572, 16
MM, 15, 26, 16
MM, 16, 21, 16
MM, 16, 17, 16
MM, 16, 14, 18
MM, 16, 8, 14
MM, 17, 4, 8
MM, 528, 537, 17
MM, 5, 28, 14
MM, 6, 21, 25
MM, 6, 18, 16
MM, 6, 17, 10
MM, 6, 16, 7
MM, 6, 14, 24
MM, 6, 13, 73
MM, 4, 12, 88
MM, 2, 12, 16
MM, 0, 11, 16
MM, 520, 513, 15
MM, 517, 512, 16
MM, 31, 10, 17
MM, 29, 10, 16
MM, 28, 10, 8
MM, 27, 10, 15
MM, 26, 10, 57
MC, 1, 232
MM, 32, 10, 185
MM, 521, 512, 7
MM, 19, 13, 16
MM, 2, 17, 17
MM, 28, 20, 22
MM, 603, 523, 16
MM, 0, 21, 17
MM, 2, 21, 7
MM, 3, 21, 11
MM, 3, 20, 30
MM, 3, 19, 10
MM, 3, 18, 22
MM, 3, 17, 18
MM, 4, 17, 87
MM, 5, 17, 7
MM, 7, 17, 18
MM, 9, 17, 14
MM, 10, 17, 10
MM, 11, 17, 24
MC, 1, 264
MM, 11, 20, 208
MM, 10, 23, 7
MM, 613, 535, 16
MM, 8, 12, 24
MM, 4, 21, 17
MM, 1, 27, 16
MM, 596, 569, 16
MM, 596, 571, 23
MM, 595, 571, 16
MM, 595, 572, 72
MM, 595, 573, 18
MM, 594, 574, 23
MM, 594, 575, 7
MM, 34, 1, 24
MM, 33, 3, 17
MM, 31, 5, 17
MM, 31, 6, 8
MM, 31, 7, 16
MM, 30, 9, 16
MM, 28, 11, 14
MM, 28, 12, 10
MM, 26, 14, 25
MM, 25, 15, 15
MM, 24, 15, 8
MM, 23, 15, 16
MM, 22, 15, 24
MM, 20, 15, 16
MM, 18, 16, 17
MM, 17, 17, 8
MC, 1, 184
MM, 14, 17, 255
MM, 8, 16, 9
MM, 36, 4, 16
MM, 12, 21, 26
MM, 31, 7, 14
MM, 483, 537, 16
MM, 25, 28, 23
MM, 18, 24, 19
MM, 12, 23, 22
MM, 11, 23, 8
MM, 9, 22, 18
MM, 5, 22, 14
MM, 2, 22, 18
MM, 436, 524, 24
MM, 434, 524, 23
MM, 433, 524, 16
MM, 35, 22, 72
MM, 34, 22, 25
MM, 33, 21, 23
MM, 32, 21, 41
MM, 31, 21, 32
MM, 30, 21, 39
MM, 14, 16, 25
MC, 1, 208
MM, 14, 19, 224
MM, 32, 0, 23
MM, 422, 555, 24
MM, 429, 573, 33
MM, 432, 584, 24
MM, 1, 17, 26
MM, 3, 25, 30
MM, 4, 29, 24
MM, 439, 609, 26
MM, 50, 5, 31
MM, 51, 13, 32
MM, 52, 15, 22
MM, 52, 17, 27
MM, 52, 18, 32
MM, 52, 19, 16
MM, 51, 19, 112
MM, 50, 19, 8
MC, 1, 232
MM, 51, 19, 239
MM, 67, 17, 25
MM, 82, 12, 24
MM, 101, 7, 23
MM, 113, 4, 24
MM, 118, 1, 16
MM, 510, 612, 24
MM, 512, 611, 25
MM, 513, 607, 23
MM, 516, 601, 16
MM, 4, 13, 18
MM, 9, 4, 14
MM, 532, 570, 18
MM, 25, 24, 15
MM, 28, 19, 15
MM, 28, 18, 10
MM, 32, 15, 22
MM, 33, 14, 10
MM, 550, 550, 22
MM, 2, 8, 19
MM, 11, 2, 23
MM, 571, 536, 17
MM, 14, 29, 22
MM, 16, 26, 18
MM, 18, 23, 22
MM, 19, 21, 9
MM, 19, 17, 24
MM, 19, 13, 24
MM, 19, 8, 16
MM, 19, 3, 25
MM, 17, 0, 23
MM, 580, 501, 8
MM, 578, 501, 32
MM, 577, 501, 24
MM, 575, 501, 17
MM, 10, 1, 15
MM, 3, 3, 24
MM, 558, 507, 24
MM, 29, 6, 25
MM, 28, 7, 8
MM, 26, 8, 32
MM, 24, 9, 24
MM, 17, 11, 40
MM, 13, 12, 15
MM, 9, 13, 16
MM, 3, 13, 24
MM, 521, 515, 16
MM, 517, 515, 25
MM, 34, 13, 15
MM, 32, 13, 17
MM, 30, 13, 23
MM, 28, 13, 25
MM, 27, 13, 8
MM, 24, 13, 24
MM, 22, 13, 23
MM, 21, 13, 9
MM, 16, 13, 24
MC, 1, 240
MM, 18, 13, 185
MM, 517, 515, 17
MM, 29, 13, 23
MM, 27, 11, 32
MM, 7, 7, 32
MM, 19, 4, 25
MM, 638, 504, 32
MM, 2, 1, 24
MM, 5, 1, 24
MM, 7, 1, 24
MM, 8, 1, 24
MM, 9, 1, 120
MC, 1, 314
MM, 9, 4, 200
MM, 6, 11, 16
MM, 639, 530, 24
MM, 31, 7, 23
MM, 26, 14, 16
MM, 21, 23, 32
MM, 19, 26, 24
MM, 17, 27, 17
MM, 13, 30, 23
MM, 605, 571, 24
MM, 600, 574, 24
MM, 597, 576, 16
MM, 36, 0, 17
MM, 35, 0, 15
MM, 34, 0, 24
MM, 32, 1, 32
MM, 30, 2, 25
MM, 29, 3, 16
MM, 26, 5, 32
MM, 24, 6, 16
MM, 19, 8, 24
MM, 15, 9, 24
MM, 11, 11, 16
MC, 1, 185
MM, 10, 11, 206
MM, 3, 13, 19
MM, 36, 19, 24
MM, 21, 29, 30
MM, 532, 610, 17
MM, 526, 612, 24
MM, 134, 0, 24
MM, 133, 0, 16
MM, 132, 0, 33
MM, 131, 0, 47
MM, 129, 0, 17
MM, 125, 1, 23
MC, 1, 210
MM, 121, 1, 199
MM, 499, 610, 17
MM, 471, 600, 22
MM, 10, 15, 27
MM, 26, 6, 24
MM, 7, 0, 22
MM, 389, 573, 17
MM, 380, 570, 22
MM, 31, 28, 24
MM, 27, 27, 16
MM, 22, 26, 32
MM, 18, 26, 18
MM, 16, 25, 24
MM, 16, 24, 30
MM, 14, 24, 18
MM, 12, 23, 24
MM, 10, 22, 24
MM, 9, 22, 16
MM, 9, 21, 8
MC, 1, 249
MM, 16, 21, 207
MM, 25, 21, 17
MM, 21, 22, 24
MM, 14, 28, 24
MM, 474, 573, 24
MM, 14, 0, 16
MM, 23, 2, 23
MM, 25, 2, 8
MM, 28, 2, 33
MM, 28, 3, 39
MM, 29, 3, 9
MM, 30, 4, 26
MM, 31, 4, 40
MM, 32, 5, 14
MM, 33, 5, 18
MM, 35, 5, 22
MM, 512, 582, 10
MM, 1, 8, 22
MM, 6, 11, 26
MM, 8, 11, 14
MM, 9, 12, 26
MM, 10, 13, 24
MM, 17, 15, 22
MC, 1, 210
MM, 15, 15, 200
MM, 6, 13, 16
MM, 34, 7, 24
MM, 18, 1, 24
MM, 479, 573, 24
MM, 465, 572, 24
MM, 448, 572, 32
MM, 441, 572, 24
MM, 437, 571, 15
MM, 435, 571, 24
MM, 434, 570, 16
MM, 7, 30, 57
MM, 7, 29, 24
MM, 7, 28, 31
MM, 7, 27, 8
MM, 8, 26, 33
MM, 9, 25, 15
MM, 11, 25, 16
MM, 12, 24, 16
MM, 13, 22, 24
MM, 14, 20, 24
MM, 15, 18, 25
MM, 15, 17, 16
MM, 16, 16, 16
MM, 16, 15, 16
MC, 1, 232
MM, 16, 16, 258
MM, 18, 24, 16
MM, 14, 0, 24
MM, 17, 13, 24
MM, 18, 22, 23
MM, 19, 26, 16
MM, 454, 608, 24
MM, 65, 1, 25
MM, 65, 4, 15
MM, 65, 7, 32
MM, 65, 10, 16
MM, 65, 13, 24
MM, 65, 16, 25
MM, 65, 18, 23
MC, 1, 298
MM, 70, 16, 239
MM, 87, 4, 18
MM, 22, 27, 22
MM, 35, 16, 25
MM, 515, 590, 24
MM, 1, 13, 14
MM, 5, 13, 35
MM, 16, 11, 23
MM, 36, 9, 32
MM, 6, 7, 16
MM, 18, 3, 24
MM, 585, 575, 22
MM, 585, 572, 26
MM, 585, 570, 14
MM, 31, 30, 18
MM, 31, 29, 16
MM, 29, 28, 40
MM, 27, 26, 25
MM, 27, 25, 32
MM, 26, 25, 16
MM, 26, 24, 15
MM, 26, 23, 24
MM, 24, 23, 32
MM, 24, 21, 16
MM, 24, 20, 17
MM, 24, 18, 23
MM, 26, 18, 56
MM, 29, 18, 17
MM, 592, 557, 32
MM, 0, 18, 23
MM, 2, 18, 24
MM, 3, 18, 8
MM, 6, 18, 40
MM, 7, 17, 24
MM, 9, 16, 16
MM, 10, 15, 33
MM, 11, 14, 15
MC, 1, 251
MM, 7, 12, 223
MM, 28, 3, 16
MM, 17, 25, 32
MM, 27, 16, 24
MM, 7, 12, 25
MM, 480, 513, 16
MM, 30, 10, 24
MM, 21, 9, 24
MM, 15, 9, 24
MM, 12, 9, 16
MM, 6, 9, 23
MM, 438, 511, 25
MM, 433, 511, 16
MM, 31, 9, 23
MM, 27, 9, 24
MM, 20, 9, 24
MM, 15, 9, 16
MM, 9, 9, 25
MM, 7, 9, 16
MM, 6, 9, 24
MC, 1, 336
MM, 9, 9, 250
MM, 16, 9, 13
MM, 23, 9, 18
MM, 35, 10, 23
MM, 436, 512, 18
MM, 438, 512, 16
MM, 0, 10, 6
MM, 1, 10, 26
MM, 2, 10, 32
MM, 3, 10, 24
MM, 4, 11, 40
MM, 5, 11, 15
MM, 5, 12, 16
MM, 7, 12, 16
MM, 8, 12, 16
MM, 9, 12, 41
MM, 10, 12, 15
MM, 11, 12, 8
MM, 12, 12, 25
MM, 13, 13, 16
MM, 15, 14, 24
MM, 16, 14, 16
MC, 1, 320
MC, 2, 184
MM, 19, 14, 466
MM, 26, 14, 15
MM, 0, 15, 16
MM, 24, 16, 65
MM, 518, 518, 144
MM, 9, 16, 72
MC, 1, 321
MM, 9, 17, 279
MM, 15, 13, 98
MM, 133, 17, 112
MM, 128, 23, 80
MM, 127, 23, 120
MM, 126, 21, 47
MM, 126, 17, 112
MM, 126, 16, 16
MM, 126, 15, 41
MC, 1, 240
MM, 123, 14, 257
MM, 111, 8, 17
MM, 97, 3, 14
MM, 470, 611, 18
MM, 458, 609, 14
MM, 11, 30, 17
MM, 0, 29, 22
MM, 430, 604, 19
MM, 32, 24, 14
MM, 20, 18, 18
MM, 7, 12, 16
MM, 32, 4, 24
MM, 26, 0, 16
MM, 372, 573, 16
MM, 370, 572, 24
MM, 370, 571, 24
MM, 369, 570, 40
MM, 368, 570, 55
MM, 23, 30, 16
MM, 21, 27, 16
MM, 18, 25, 25
MM, 16, 24, 16
MM, 16, 22, 16
MM, 15, 21, 24
MM, 15, 20, 24
MM, 15, 19, 15
MC, 1, 312
MM, 18, 19, 169
MM, 32, 19, 18
MM, 384, 558, 13
MM, 5, 19, 18
MM, 25, 16, 23
MM, 31, 14, 18
MM, 34, 13, 8
MM, 423, 549, 32
MM, 423, 548, 16
MM, 423, 547, 55
MM, 423, 546, 25
MM, 424, 546, 88
MM, 425, 546, 15
MM, 3, 6, 16
MM, 8, 4, 16
MM, 15, 2, 24
MM, 18, 1, 16
MM, 19, 0, 17
MM, 446, 538, 24
MM, 446, 536, 24
MM, 446, 534, 24
MM, 446, 533, 8
MM, 7, 29, 24
MM, 7, 28, 7
MM, 7, 26, 24
MM, 7, 25, 40
MM, 8, 24, 25
MM, 9, 24, 23
MM, 11, 24, 16
MM, 12, 24, 16
MM, 14, 23, 16
MM, 16, 23, 16
MM, 17, 23, 17
MM, 17, 22, 39
MC, 1, 225
MM, 14, 21, 226
MM, 7, 18, 16
MM, 438, 516, 15
MM, 29, 10, 24
MM, 23, 9, 24
MM, 21, 9, 16
MC, 1, 353
MM, 21, 10, 217
MM, 24, 21, 15
MM, 2, 1, 18
MM, 10, 20, 22
MM, 16, 30, 17
MM, 446, 575, 14
MM, 14, 5, 32
MM, 15, 6, 26
MM, 15, 8, 17
MM, 16, 10, 15
MM, 17, 14, 24
MM, 17, 17, 16
MM, 17, 20, 16
MM, 17, 23, 24
MM, 17, 25, 16
MM, 17, 28, 24
MM, 17, 29, 8
MM, 451, 607, 32
MM, 450, 607, 129
MM, 449, 607, 24
MM, 448, 607, 15
MM, 448, 608, 329
MM, 448, 609, 15
MM, 448, 610, 8
MM, 448, 611, 26
MM, 448, 612, 8
MM, 58, 0, 7
MM, 58, 1, 25
MM, 58, 2, 6
MM, 58, 3, 16
MM, 58, 5, 18
MM, 57, 5, 23
MM, 57, 6, 9
MM, 56, 6, 24
MM, 55, 7, 6
MC, 1, 203
MM, 55, 6, 232
MM, 57, 2, 7
MM, 23, 27, 17
MM, 469, 584, 16
MM, 476, 574, 16
MM, 13, 24, 16
MM, 16, 20, 16
MM, 16, 18, 8
MM, 16, 16, 18
MM, 16, 15, 128
MM, 16, 14, 6
MM, 15, 13, 10
MM, 15, 11, 24
MC, 1, 264
MM, 15, 9, 215
MM, 11, 3, 8
MM, 32, 23, 16
MM, 23, 8, 16
MM, 12, 27, 24
MM, 11, 23, 16
MM, 10, 23, 8
MM, 12, 24, 67
MM, 13, 25, 7
MM, 14, 26, 14
MM, 15, 28, 18
MM, 16, 30, 14
MM, 455, 496, 8
MM, 456, 498, 18
MM, 457, 499, 9
MM, 458, 501, 14
MM, 20, 1, 18
MM, 21, 3, 13
MM, 22, 6, 19
MM, 23, 7, 8
MM, 24, 9, 13
MM, 24, 12, 18
MM, 24, 15, 16
MM, 24, 17, 16
MM, 24, 18, 8
MM, 24, 19, 8
MM, 24, 20, 16
MM, 24, 21, 16
MM, 23, 21, 25
MC, 1, 208
MM, 29, 21, 175
MM, 477, 524, 9
MM, 11, 26, 16
MM, 29, 29, 16
MM, 535, 534, 16
MM, 556, 537, 16
MM, 566, 537, 8
MM, 579, 538, 16
MM, 591, 538, 16
MM, 602, 538, 15
MM, 606, 538, 16
MM, 609, 538, 18
MM, 614, 535, 14
MM, 11, 30, 19
MM, 14, 27, 22
MM, 15, 26, 10
MM, 15, 24, 21
MM, 15, 23, 179
MC, 1, 200
MM, 14, 23, 216
MM, 4, 21, 15
MM, 30, 16, 16
MM, 11, 12, 16
MM, 17, 9, 24
MM, 0, 9, 16
MM, 12, 9, 25
MM, 3, 9, 15
MM, 30, 10, 24
MM, 20, 12, 17
MM, 13, 13, 15
MM, 9, 14, 16
MM, 6, 14, 24
MM, 5, 14, 16
MM, 4, 14, 131
MM, 3, 14, 71
MM, 2, 14, 16
MM, 2, 15, 8
MM, 1, 15, 32
MM, 0, 15, 8
MM, 438, 517, 16
MM, 433, 518, 32
MM, 31, 17, 16
MM, 28, 17, 16
MM, 25, 17, 24
MM, 25, 18, 32
MM, 23, 18, 8
MC, 1, 209
MM, 27, 18, 199
MM, 8, 26, 17
MM, 467, 538, 16
MM, 508, 556, 23
MM, 14, 25, 16
MM, 543, 573, 24
MM, 30, 1, 18
MM, 33, 3, 17
MM, 34, 3, 14
MM, 34, 4, 18
MM, 35, 4, 24
MM, 36, 5, 16
MM, 554, 581, 24
MM, 555, 581, 47
MM, 556, 581, 25
MM, 558, 582, 15
MM, 2, 7, 16
MM, 5, 8, 16
MM, 6, 9, 8
MM, 8, 10, 32
MM, 8, 11, 16
MM, 8, 12, 25
MM, 7, 12, 40
MM, 5, 12, 15
MM, 3, 12, 16
MM, 1, 12, 16
MM, 558, 588, 24
MM, 557, 588, 16
MM, 555, 587, 24
MM, 35, 11, 16
MM, 33, 11, 16
MM, 29, 10, 25
MM, 28, 10, 7
MM, 25, 9, 24
MM, 24, 9, 16
MM, 22, 8, 24
MC, 1, 275
MM, 20, 8, 192
MM, 8, 6, 16
MM, 498, 573, 24
MM, 6, 28, 24
MM, 36, 25, 15
MM, 27, 21, 33
MM, 25, 19, 16
MM, 24, 19, 23
MM, 22, 19, 17
MM, 20, 19, 15
MM, 17, 18, 24
MM, 16, 17, 16
MM, 15, 17, 9
MM, 14, 17, 16
MM, 15, 17, 160
MC, 1, 192
MM, 12, 17, 226
MM, 5, 17, 15
MM, 423, 554, 16
MM, 30, 14, 16
MM, 20, 14, 33
MM, 19, 14, 15
MM, 18, 14, 24
MM, 17, 15, 65
MM, 16, 15, 7
MC, 1, 217
MM, 24, 17, 210
MM, 12, 28, 15
MM, 7, 6, 16
MM, 558, 611, 24
MM, 609, 626, 25
MM, 639, 634, 16
MM, 663, 641, 15
MM, 693, 648, 25
MM, 704, 650, 15
MM, 717, 652, 16
MM, 725, 653, 16
MM, 731, 654, 16
MM, 734, 654, 16
MM, 738, 654, 25
MM, 741, 654, 16
MM, 745, 653, 15
MM, 749, 652, 16
MM, 754, 649, 17
MM, 760, 646, 32
MM, 764, 644, 15
MM, 770, 643, 17
MM, 778, 642, 15
MM, 785, 641, 17
MM, 799, 641, 23
MM, 807, 641, 16
MM, 814, 641, 17
MM, 828, 642, 24
MM, 837, 643, 16
MM, 845, 645, 18
MM, 851, 647, 14
MM, 854, 648, 17
MM, 858, 649, 23
MM, 20, 2, 23
MM, 26, 3, 16
MM, 24, 3, 530
MM, 13, 3, 16
MM, 831, 658, 24
MM, 804, 668, 32
MM, 789, 675, 32
MM, 787, 676, 16
MM, 786, 676, 24
MM, 786, 675, 177
MM, 786, 674, 8
MM, 786, 670, 23
MM, 783, 658, 25
MM, 771, 641, 16
MM, 752, 617, 16
MM, 739, 598, 16
MM, 728, 583, 16
MM, 719, 570, 24
MM, 718, 567, 18
MM, 717, 567, 6
MM, 33, 28, 24
MM, 31, 25, 273
MM, 691, 533, 14
MM, 7, 6, 18
MM, 336, 40, 16
