********************************************************************************
LOGGING TIME: 20161113_102421
CLIENT IP: 10.146.230.155
USERNAME: Elon Musk
OS: Windows 10
**********************************Emotional database********************************************************************************
MM, 686, 697, 1477468750632
MM, 686, 671, 7
MM, 680, 641, 8
MM, 27, 20, 16
MM, 644, 536, 8
MM, 606, 452, 16
MM, 322, 61, 16
MM, 308, 39, 8
MM, 281, 1, 8
MM, 524, 334, 16
MM, 513, 323, 8
MM, 227, 79, 16
MM, 221, 76, 8
MM, 212, 71, 8
MM, 204, 68, 8
MM, 199, 66, 8
MM, 192, 65, 8
MM, 184, 64, 16
MM, 180, 64, 8
MM, 173, 64, 16
MM, 169, 64, 16
MM, 167, 64, 8
MM, 166, 64, 8
MM, 165, 64, 8
MM, 164, 65, 8
MM, 163, 65, 8
MM, 162, 65, 16
MM, 161, 65, 8
MM, 160, 65, 16
MM, 159, 64, 8
MM, 157, 63, 8
MM, 157, 62, 8
MM, 156, 62, 8
MM, 154, 61, 8
MM, 154, 60, 8
MM, 153, 60, 8
MM, 153, 59, 8
MM, 152, 59, 32
MC, 1, 209
MM, 20, 39, 36381
MM, 19, 46, 8
MM, 15, 53, 7
MM, 11, 62, 8
MM, 9, 70, 8
MM, 4, 78, 10
MM, 264, 312, 6
MM, 261, 316, 10
MM, 256, 325, 6
MM, 254, 328, 10
MM, 250, 334, 6
MM, 248, 339, 10
MM, 246, 344, 9
MM, 242, 354, 8
MM, 242, 360, 7
MM, 242, 368, 8
MM, 242, 380, 8
MM, 242, 394, 8
MM, 242, 411, 14
MM, 243, 420, 10
MM, 246, 426, 8
MM, 247, 431, 8
MM, 248, 435, 8
MM, 248, 437, 8
MM, 249, 439, 9
MM, 251, 439, 15
MM, 252, 439, 8
MM, 253, 439, 24
MM, 255, 439, 8
MM, 258, 439, 8
MM, 263, 439, 9
MM, 25, 82, 24
MM, 56, 83, 16
MM, 65, 85, 8
MM, 79, 87, 8
MM, 360, 448, 16
MM, 369, 450, 8
MM, 377, 452, 8
MM, 381, 453, 8
MM, 383, 454, 8
MM, 387, 454, 8
MM, 387, 452, 272
MM, 122, 88, 8
MM, 117, 77, 16
MM, 111, 65, 16
MM, 110, 62, 8
MM, 110, 59, 8
MM, 109, 57, 16
MM, 110, 58, 40
MM, 115, 59, 8
MM, 126, 59, 10
MM, 138, 59, 6
MC, 1, 217
MM, 140, 59, 264
MM, 150, 59, 9
MM, 165, 60, 8
MM, 192, 60, 16
MM, 209, 60, 8
MM, 224, 60, 8
MM, 255, 60, 23
MM, 262, 60, 8
MM, 269, 59, 16
MM, 271, 57, 8
MM, 271, 56, 17
MM, 271, 55, 7
MM, 271, 54, 17
MM, 272, 54, 460
MM, 281, 54, 8
MM, 292, 54, 8
MM, 297, 54, 8
MM, 302, 54, 8
MM, 309, 54, 8
MM, 313, 54, 7
MM, 315, 54, 8
MM, 316, 57, 16
MM, 317, 67, 32
MM, 314, 71, 8
MM, 312, 75, 8
MM, 309, 81, 6
MM, 308, 85, 11
MM, 568, 447, 7
MM, 564, 455, 16
MM, 563, 457, 8
MM, 562, 458, 8
MM, 562, 460, 8
MM, 562, 461, 8
MM, 562, 462, 8
MM, 563, 461, 33
MM, 564, 459, 8
MM, 566, 458, 7
MM, 566, 457, 8
MM, 566, 456, 16
MM, 568, 456, 17
MM, 571, 458, 7
MM, 14, 2, 8
MM, 20, 12, 16
MM, 25, 20, 9
MM, 29, 26, 8
MM, 31, 1, 15
MM, 36, 8, 8
MM, 602, 514, 16
MM, 604, 517, 16
MM, 605, 519, 9
MM, 606, 520, 8
MM, 606, 521, 8
MM, 606, 522, 16
MM, 606, 523, 16
MM, 606, 524, 16
MM, 0, 22, 64
MM, 1, 21, 40
MM, 1, 20, 8
MM, 2, 19, 23
MM, 2, 18, 25
MM, 3, 18, 8
MM, 4, 18, 8
MM, 7, 17, 39
MM, 8, 17, 17
MM, 9, 16, 16
MM, 9, 15, 16
MM, 9, 14, 16
MM, 9, 13, 15
MC, 1, 209
MM, 8, 13, 176
MM, 6, 13, 10
MM, 606, 515, 6
MM, 22, 12, 16
MM, 558, 514, 16
MM, 22, 12, 10
MM, 5, 12, 16
MM, 30, 12, 14
MM, 25, 12, 10
MM, 19, 12, 15
MM, 16, 13, 6
MM, 14, 13, 18
MM, 13, 13, 8
MM, 12, 13, 49
MM, 11, 13, 16
MM, 11, 14, 39
MM, 10, 14, 65
MM, 9, 14, 15
MM, 8, 14, 25
MC, 1, 280
MM, 8, 15, 194
MM, 8, 17, 8
MM, 488, 534, 40
MM, 488, 537, 7
MM, 16, 6, 16
MM, 14, 7, 9
MM, 13, 16, 16
MM, 12, 22, 16
MM, 11, 25, 8
MM, 9, 28, 8
MM, 478, 571, 16
MM, 477, 573, 8
MM, 0, 1, 16
MM, 473, 579, 8
MM, 471, 582, 16
MM, 34, 13, 16
MM, 33, 13, 8
MM, 31, 18, 16
MM, 29, 19, 16
MM, 27, 20, 16
MM, 27, 21, 24
MM, 27, 22, 63
MM, 26, 22, 9
MM, 24, 23, 40
MM, 23, 24, 8
MM, 21, 25, 16
MM, 20, 26, 10
MM, 19, 28, 22
MM, 18, 29, 26
MM, 17, 29, 40
MM, 17, 30, 8
MM, 451, 607, 39
MM, 451, 608, 9
MM, 451, 609, 8
MM, 451, 610, 40
MM, 451, 611, 8
MM, 451, 612, 7
MM, 60, 1, 16
MM, 58, 2, 9
MM, 56, 6, 16
MM, 55, 8, 8
MM, 54, 10, 8
MM, 52, 12, 16
MM, 52, 13, 8
MM, 50, 14, 8
MM, 49, 14, 8
MM, 49, 15, 8
MM, 48, 17, 16
MM, 46, 17, 16
MC, 1, 202
MM, 44, 10, 200
MM, 428, 612, 8
MM, 28, 14, 16
MM, 21, 2, 8
MM, 16, 15, 16
MM, 393, 537, 26
MM, 391, 533, 6
MM, 37, 26, 15
MM, 35, 25, 17
MM, 35, 24, 9
MM, 35, 23, 65
MM, 35, 22, 32
MM, 35, 21, 31
MM, 35, 20, 25
MM, 35, 19, 24
MM, 35, 18, 8
MM, 35, 17, 8
MM, 35, 16, 15
MM, 35, 15, 9
MM, 35, 14, 8
MM, 34, 14, 16
MM, 33, 13, 7
MM, 32, 12, 16
MM, 31, 12, 8
MM, 30, 12, 9
MM, 28, 12, 16
MM, 26, 12, 8
MM, 25, 11, 8
MM, 22, 11, 16
MM, 21, 11, 16
MM, 20, 11, 9
MM, 20, 12, 64
MM, 20, 13, 8
MM, 21, 13, 8
MC, 1, 193
MM, 24, 13, 226
MM, 33, 13, 8
MM, 392, 515, 8
MM, 17, 14, 16
MM, 433, 517, 8
MM, 21, 15, 15
MM, 12, 15, 16
MM, 27, 15, 8
MM, 17, 14, 16
MM, 6, 7, 24
MM, 15, 5, 9
MM, 25, 0, 16
MM, 591, 501, 7
MM, 593, 499, 8
MM, 594, 498, 16
MM, 594, 497, 16
MM, 594, 499, 67
MM, 594, 500, 22
MM, 594, 501, 15
MM, 30, 0, 10
MM, 30, 1, 41
MM, 31, 1, 8
MM, 32, 1, 8
MM, 35, 2, 8
MM, 603, 505, 8
MM, 3, 4, 16
MM, 7, 4, 8
MM, 14, 5, 16
MM, 18, 6, 8
MM, 25, 7, 16
MM, 29, 8, 8
MM, 640, 510, 15
MM, 642, 511, 9
MM, 1, 9, 16
MM, 3, 9, 8
MM, 4, 9, 8
MM, 5, 9, 40
MM, 5, 10, 7
MC, 1, 292
MM, 0, 10, 310
MM, 642, 512, 9
MM, 28, 10, 16
MM, 23, 10, 10
MM, 15, 10, 14
MM, 11, 10, 10
MM, 5, 10, 16
MM, 604, 515, 16
MM, 34, 16, 15
MM, 31, 17, 7
MM, 28, 18, 18
MM, 25, 19, 16
MM, 24, 19, 8
MM, 22, 19, 16
MC, 1, 296
MM, 24, 21, 233
MM, 28, 22, 9
MM, 605, 529, 16
MM, 615, 533, 8
MM, 627, 536, 15
MM, 3, 1, 8
MM, 17, 4, 16
MM, 20, 5, 8
MM, 31, 7, 17
MM, 34, 7, 7
MM, 673, 547, 8
MM, 0, 8, 16
MM, 4, 9, 16
MM, 6, 10, 10
MM, 8, 10, 8
MM, 10, 10, 14
MM, 11, 10, 19
MM, 12, 10, 7
MM, 16, 10, 16
MM, 17, 10, 8
MM, 19, 10, 8
MM, 22, 10, 16
MM, 23, 10, 8
MM, 24, 10, 8
MM, 26, 10, 8
MM, 27, 10, 8
MM, 28, 10, 24
MM, 26, 10, 56
MC, 1, 185
MM, 24, 10, 209
MM, 20, 10, 8
MM, 15, 10, 8
MM, 13, 10, 8
MM, 8, 10, 8
MM, 32, 9, 17
MM, 17, 9, 16
MM, 6, 9, 10
MM, 633, 548, 8
MM, 15, 13, 16
MM, 4, 17, 8
MM, 592, 560, 8
MM, 18, 28, 16
MM, 556, 571, 16
MM, 548, 572, 16
MM, 544, 572, 7
MM, 540, 572, 9
MM, 533, 572, 15
MM, 528, 572, 8
MM, 526, 571, 9
MM, 6, 28, 16
MM, 0, 24, 16
MM, 34, 20, 7
MM, 31, 19, 8
MM, 13, 11, 17
MM, 9, 10, 7
MM, 467, 546, 8
MM, 31, 7, 16
MM, 29, 7, 8
MM, 20, 7, 16
MM, 19, 8, 9
MM, 18, 8, 8
MM, 17, 9, 7
MM, 16, 9, 8
MM, 16, 10, 90
MM, 15, 10, 49
MM, 14, 11, 8
MM, 13, 12, 16
MM, 12, 12, 8
MM, 11, 12, 8
MC, 1, 225
MM, 11, 13, 185
MM, 11, 16, 7
MM, 11, 23, 16
MM, 11, 24, 8
MM, 11, 29, 16
MM, 12, 29, 8
MM, 439, 571, 16
MM, 440, 572, 8
MM, 440, 575, 19
MM, 6, 1, 5
MM, 7, 7, 16
MM, 9, 8, 18
MM, 10, 11, 14
MM, 11, 13, 8
MM, 11, 16, 16
MM, 11, 17, 19
MM, 11, 18, 6
MM, 12, 19, 17
MM, 12, 21, 16
MM, 13, 23, 14
MM, 13, 25, 10
MM, 14, 30, 16
MM, 448, 608, 9
MM, 448, 611, 16
MM, 58, 0, 7
MM, 58, 1, 16
MM, 59, 2, 16
MM, 58, 2, 104
MM, 56, 2, 9
MM, 52, 2, 16
MM, 46, 6, 16
MM, 43, 9, 8
MM, 41, 13, 15
MM, 39, 15, 9
MM, 37, 19, 15
MM, 36, 20, 16
MC, 1, 398
MM, 39, 20, 263
MM, 42, 20, 8
MM, 50, 16, 16
MM, 57, 14, 8
MM, 64, 10, 16
MM, 68, 8, 16
MM, 71, 7, 8
MM, 73, 6, 10
MM, 74, 5, 15
MM, 74, 4, 7
MM, 75, 4, 15
MM, 74, 4, 83
MM, 73, 4, 40
MM, 73, 1, 313
MM, 464, 611, 8
MM, 34, 28, 16
MM, 472, 598, 17
MM, 0, 19, 15
MM, 1, 17, 8
MM, 3, 16, 16
MM, 3, 15, 25
MM, 4, 15, 71
MM, 5, 15, 24
MM, 6, 15, 16
MM, 7, 15, 16
MC, 1, 220
MM, 5, 13, 257
MM, 3, 11, 6
MM, 470, 581, 16
MM, 458, 574, 16
MM, 452, 570, 10
MM, 13, 24, 15
MM, 6, 20, 16
MM, 426, 554, 16
MM, 35, 11, 17
MM, 34, 10, 8
MM, 28, 8, 16
MM, 24, 6, 16
MM, 20, 4, 15
MM, 16, 2, 16
MM, 15, 0, 8
MM, 398, 538, 16
MM, 395, 536, 16
MM, 395, 535, 9
MM, 394, 535, 16
MM, 393, 533, 15
MM, 393, 532, 24
MM, 393, 531, 49
MM, 393, 530, 15
MM, 393, 529, 16
MM, 393, 528, 16
MM, 393, 526, 18
MM, 393, 525, 6
MM, 393, 524, 10
MM, 394, 523, 22
MM, 396, 522, 10
MM, 1, 19, 17
MM, 4, 18, 16
MM, 5, 17, 16
MM, 6, 17, 8
MM, 7, 16, 16
MM, 8, 16, 8
MM, 9, 16, 8
MM, 10, 16, 15
MM, 11, 16, 24
MC, 1, 243
MM, 12, 21, 274
MM, 13, 27, 6
MM, 28, 6, 16
MM, 30, 27, 18
MM, 26, 11, 16
MM, 26, 21, 16
MM, 26, 28, 8
MM, 27, 1, 16
MM, 27, 7, 16
MM, 27, 10, 16
MM, 27, 12, 16
MM, 27, 13, 87
MM, 27, 14, 40
MM, 27, 15, 32
MM, 27, 16, 17
MM, 27, 17, 8
MM, 27, 18, 34
MM, 26, 18, 16
MM, 25, 18, 22
MC, 1, 218
MM, 23, 14, 178
MM, 18, 7, 8
MM, 3, 22, 16
MM, 31, 30, 24
MM, 22, 16, 16
MM, 15, 6, 15
MM, 13, 2, 8
MM, 355, 537, 16
MM, 354, 536, 16
MM, 355, 537, 97
MM, 355, 538, 8
MM, 12, 0, 16
MM, 13, 1, 16
MM, 14, 1, 15
MM, 14, 2, 8
MM, 14, 3, 10
MM, 14, 4, 121
MM, 14, 5, 16
MM, 15, 6, 8
MM, 15, 7, 8
MC, 1, 256
MM, 16, 7, 170
MM, 19, 6, 8
MM, 20, 3, 8
MM, 368, 535, 16
MM, 19, 27, 16
MM, 23, 20, 16
MM, 26, 16, 16
MM, 28, 12, 16
MM, 28, 11, 8
MM, 29, 11, 16
MM, 30, 11, 24
MM, 30, 10, 7
MM, 31, 10, 16
MM, 31, 9, 16
MM, 32, 9, 9
MM, 34, 9, 18
MM, 34, 8, 14
MM, 35, 8, 10
MM, 35, 7, 56
MC, 1, 201
MM, 37, 7, 281
MM, 395, 509, 16
MM, 3, 8, 16
MM, 4, 8, 8
MM, 7, 8, 16
MM, 10, 8, 16
MM, 11, 8, 8
MM, 12, 8, 16
MM, 14, 8, 16
MC, 1, 282
MM, 14, 9, 247
MM, 14, 11, 10
MM, 14, 23, 22
MM, 14, 25, 10
MM, 411, 533, 16
MM, 411, 536, 16
MM, 410, 538, 9
MM, 25, 0, 15
MM, 25, 1, 16
MM, 25, 2, 24
MM, 25, 3, 24
MM, 25, 4, 17
MM, 25, 5, 8
MM, 24, 6, 15
MM, 24, 7, 8
MM, 23, 8, 16
MM, 23, 9, 24
MM, 23, 10, 8
MM, 22, 12, 16
MM, 21, 13, 17
MM, 21, 14, 7
MM, 20, 14, 8
MM, 19, 14, 32
MC, 1, 220
MM, 21, 14, 208
MM, 30, 14, 7
MM, 16, 14, 16
MM, 7, 10, 16
MM, 9, 2, 18
MM, 551, 533, 16
MM, 4, 29, 7
MM, 7, 28, 160
MM, 8, 28, 8
MM, 11, 26, 8
MM, 17, 25, 16
MM, 20, 23, 8
MM, 23, 23, 8
MM, 30, 21, 16
MM, 34, 21, 8
MM, 603, 523, 17
MM, 605, 523, 7
MM, 1, 21, 16
MM, 4, 21, 16
MM, 6, 21, 16
MM, 18, 21, 59
MM, 21, 21, 16
MM, 22, 21, 8
MM, 24, 21, 8
MM, 27, 21, 16
MM, 639, 523, 16
MM, 643, 523, 16
MM, 2, 21, 16
MM, 6, 21, 16
MM, 9, 21, 16
MM, 10, 21, 8
MM, 11, 21, 24
MM, 13, 21, 16
MM, 14, 21, 16
MM, 15, 20, 16
MM, 16, 20, 16
MM, 16, 19, 16
MM, 16, 18, 24
MM, 16, 17, 8
MC, 1, 218
MM, 13, 21, 208
MM, 8, 27, 8
MM, 644, 537, 15
MM, 0, 8, 18
MM, 632, 553, 16
MM, 33, 19, 16
MM, 31, 21, 17
MM, 31, 23, 15
MM, 30, 23, 8
MM, 30, 24, 33
MM, 30, 25, 16
MM, 29, 26, 16
MM, 28, 27, 16
MM, 28, 28, 7
MM, 27, 30, 16
MM, 623, 571, 16
MM, 621, 574, 16
MM, 16, 0, 16
MM, 13, 2, 17
MM, 11, 4, 15
MM, 11, 5, 16
MM, 11, 6, 8
MM, 10, 7, 16
MM, 10, 8, 106
MM, 10, 9, 17
MM, 9, 9, 8
MM, 9, 10, 8
MM, 9, 11, 63
MM, 9, 12, 25
MM, 9, 13, 71
MM, 9, 14, 9
MM, 9, 15, 16
MM, 9, 16, 32
MM, 9, 17, 15
MM, 8, 17, 57
MM, 6, 17, 292
MM, 601, 593, 14
MM, 36, 17, 16
MM, 33, 17, 8
MM, 30, 18, 17
MM, 28, 18, 6
MM, 26, 18, 24
MM, 25, 18, 16
MC, 1, 267
MM, 23, 18, 192
MM, 17, 14, 8
MM, 0, 0, 18
MM, 549, 567, 6
MM, 10, 4, 16
MM, 5, 16, 26
MM, 28, 2, 16
MM, 449, 496, 16
MM, 437, 494, 16
MM, 426, 493, 16
MM, 28, 28, 16
MM, 24, 28, 16
MM, 22, 28, 16
MM, 21, 28, 16
MM, 21, 29, 23
MM, 21, 30, 24
MM, 412, 496, 8
MM, 412, 497, 33
MM, 412, 498, 16
MM, 412, 499, 8
MM, 412, 500, 24
MM, 16, 0, 7
MM, 16, 2, 16
MM, 16, 5, 17
MM, 16, 7, 16
MM, 16, 9, 24
MM, 16, 10, 10
MM, 16, 11, 32
MM, 16, 12, 24
MM, 16, 13, 23
MM, 16, 14, 9
MM, 16, 15, 8
MM, 16, 16, 24
MM, 16, 17, 16
MC, 1, 200
MM, 16, 20, 209
MM, 17, 24, 9
MM, 416, 537, 15
MM, 35, 13, 16
MM, 422, 566, 16
MM, 34, 5, 16
MM, 36, 13, 16
MM, 428, 599, 16
MM, 429, 608, 17
MM, 430, 612, 8
MM, 40, 6, 16
MM, 40, 12, 16
MM, 40, 14, 16
MM, 40, 15, 8
MM, 40, 16, 24
MM, 40, 17, 7
MC, 1, 435
MM, 42, 17, 241
MM, 46, 17, 8
MM, 63, 17, 16
MM, 82, 17, 16
MM, 101, 15, 16
MM, 112, 13, 16
MM, 116, 13, 8
MM, 122, 11, 16
MM, 125, 10, 16
MM, 125, 9, 10
MM, 125, 7, 16
MM, 125, 3, 22
MM, 123, 0, 18
MM, 511, 610, 17
MM, 510, 608, 8
MM, 35, 29, 15
MM, 35, 28, 25
MM, 35, 27, 16
MM, 35, 26, 15
MM, 35, 25, 16
MM, 511, 599, 9
MM, 515, 593, 16
MM, 3, 7, 16
MM, 527, 573, 16
MM, 23, 23, 16
MM, 29, 17, 16
MM, 36, 9, 24
MM, 550, 545, 16
MM, 552, 544, 16
MM, 553, 544, 16
MM, 553, 543, 8
MM, 552, 542, 50
MM, 551, 542, 6
MM, 548, 540, 15
MM, 535, 536, 26
MM, 527, 535, 6
MM, 518, 533, 19
MM, 29, 30, 16
MM, 25, 29, 16
MM, 23, 29, 16
MM, 23, 28, 16
MM, 25, 28, 39
MM, 27, 28, 17
MM, 28, 28, 8
MM, 517, 530, 16
MM, 1, 27, 16
MM, 12, 26, 15
MM, 22, 25, 16
MM, 33, 25, 16
MM, 4, 25, 16
MM, 12, 25, 16
MM, 16, 25, 16
MM, 20, 25, 16
MM, 21, 24, 24
MM, 22, 24, 16
MM, 23, 24, 49
MM, 24, 24, 18
MM, 25, 24, 6
MM, 28, 24, 16
MM, 32, 24, 16
MM, 36, 24, 9
MM, 0, 24, 16
MM, 6, 24, 16
MM, 9, 24, 17
MM, 12, 24, 16
MM, 13, 24, 8
MM, 13, 23, 24
MM, 13, 22, 55
MM, 13, 21, 40
MM, 12, 21, 8
MC, 1, 225
MM, 11, 21, 234
MM, 5, 21, 8
MM, 34, 20, 16
MM, 17, 19, 16
MM, 560, 521, 16
MM, 22, 19, 16
MM, 520, 525, 15
MM, 25, 28, 16
MM, 492, 534, 16
MM, 5, 1, 27
MM, 464, 545, 22
MM, 31, 8, 16
MM, 29, 9, 16
MM, 27, 10, 10
MM, 26, 10, 16
MM, 25, 10, 32
MM, 24, 10, 64
MM, 23, 10, 112
MM, 22, 10, 16
MM, 21, 10, 16
MM, 21, 11, 7
MM, 20, 12, 24
MM, 19, 13, 24
MM, 18, 13, 16
MM, 15, 13, 16
MM, 13, 14, 16
MM, 12, 15, 8
MM, 12, 16, 8
MM, 10, 16, 26
MM, 9, 16, 81
MM, 8, 16, 87
MM, 9, 16, 426
MM, 11, 16, 16
MM, 13, 16, 8
MM, 16, 16, 16
MM, 21, 16, 16
MM, 29, 16, 17
MM, 35, 16, 15
MM, 465, 555, 8
MM, 2, 15, 24
MM, 4, 14, 16
MM, 5, 14, 8
MM, 6, 14, 33
MM, 7, 14, 15
MM, 8, 14, 33
MM, 9, 14, 65
MC, 1, 281
MM, 9, 15, 233
MM, 9, 17, 8
MM, 10, 24, 16
MM, 11, 28, 16
MM, 481, 571, 16
MM, 481, 573, 25
MM, 481, 574, 39
MM, 481, 575, 33
MM, 6, 0, 8
MM, 6, 1, 15
MM, 6, 2, 16
MM, 5, 3, 8
MM, 4, 6, 16
MM, 0, 14, 24
MM, 474, 591, 8
MM, 472, 596, 17
MM, 470, 599, 15
MM, 469, 600, 8
MM, 469, 602, 8
MM, 34, 27, 16
MM, 34, 28, 16
MM, 34, 29, 17
MM, 34, 30, 49
MM, 33, 30, 16
MM, 467, 607, 8
MM, 467, 608, 33
MM, 467, 609, 8
MM, 467, 610, 15
MM, 467, 611, 17
MM, 77, 0, 15
MM, 77, 1, 24
MM, 77, 2, 8
MM, 76, 3, 8
MM, 76, 4, 24
MM, 76, 6, 16
MM, 75, 6, 8
MM, 74, 6, 65
MM, 73, 6, 15
MM, 72, 6, 16
MC, 1, 185
MM, 69, 4, 209
MM, 15, 25, 16
MM, 3, 6, 16
MM, 424, 565, 16
MM, 31, 19, 16
MM, 22, 9, 16
MM, 17, 6, 16
MM, 12, 3, 17
MM, 7, 0, 15
MM, 387, 536, 16
MM, 383, 534, 16
MM, 380, 533, 16
MM, 26, 29, 16
MM, 25, 29, 10
MM, 24, 29, 16
MM, 24, 28, 6
MM, 24, 27, 10
MM, 24, 26, 16
MM, 24, 25, 33
MM, 24, 24, 13
MM, 24, 23, 10
MM, 24, 22, 16
MM, 24, 21, 8
MM, 24, 20, 18
MM, 24, 19, 6
MM, 24, 18, 16
MM, 24, 17, 17
MM, 24, 16, 15
MM, 24, 15, 16
MM, 25, 15, 24
MC, 1, 193
MM, 27, 15, 355
MM, 33, 15, 16
MM, 35, 15, 8
MM, 393, 517, 16
MM, 2, 15, 16
MM, 7, 15, 16
MM, 10, 15, 16
MM, 11, 15, 9
MM, 12, 15, 8
MM, 13, 15, 15
MM, 14, 15, 24
MM, 15, 15, 49
MC, 1, 232
MM, 15, 16, 241
MM, 15, 19, 8
MM, 17, 27, 16
MM, 414, 534, 17
MM, 30, 2, 8
MM, 31, 13, 16
MM, 416, 572, 23
MM, 25, 5, 17
MM, 25, 14, 16
MM, 25, 16, 8
MM, 26, 21, 16
MM, 26, 25, 24
MM, 26, 26, 16
MM, 26, 27, 15
MM, 27, 28, 8
MM, 418, 608, 24
MM, 418, 610, 16
MM, 418, 611, 16
MM, 418, 612, 16
MM, 28, 0, 34
MM, 28, 1, 16
MM, 28, 2, 23
MM, 28, 4, 10
MM, 28, 6, 16
MM, 28, 11, 24
MM, 27, 15, 16
MM, 26, 18, 8
MM, 25, 22, 15
MM, 25, 25, 16
MM, 25, 29, 24
MM, 25, 30, 8
MM, 25, 28, 81
MM, 25, 27, 15
MM, 25, 26, 9
MM, 25, 25, 7
MM, 25, 24, 17
MM, 25, 23, 16
MM, 25, 22, 47
MM, 24, 22, 8
MM, 23, 20, 24
MC, 1, 243
MM, 23, 19, 239
MM, 20, 11, 8
MM, 13, 30, 16
MM, 9, 19, 8
MM, 2, 2, 16
MM, 2, 21, 17
MM, 382, 544, 26
MM, 381, 539, 16
MM, 381, 536, 16
MM, 380, 535, 16
MM, 380, 534, 24
MM, 380, 533, 23
MM, 28, 29, 24
MM, 26, 25, 16
MM, 24, 17, 24
MM, 24, 16, 8
MM, 23, 13, 16
MM, 22, 11, 16
MM, 22, 10, 16
MM, 23, 10, 73
MM, 24, 10, 16
MM, 24, 11, 48
MC, 1, 208
MM, 26, 11, 289
MM, 33, 12, 16
MM, 396, 517, 16
MM, 11, 16, 24
MM, 19, 18, 16
MM, 22, 18, 16
MM, 23, 18, 8
MM, 24, 18, 16
MC, 1, 275
MM, 26, 18, 256
MM, 27, 18, 9
MM, 30, 18, 16
MM, 31, 18, 16
MM, 34, 18, 16
MM, 434, 520, 16
MM, 435, 520, 8
MM, 438, 520, 16
MM, 2, 18, 16
MM, 3, 18, 16
MM, 4, 18, 16
MM, 5, 18, 24
MM, 6, 18, 33
MM, 7, 18, 15
MM, 8, 18, 24
MM, 9, 18, 24
MC, 1, 225
MM, 8, 18, 321
MM, 3, 18, 16
MM, 436, 520, 16
MM, 35, 18, 16
MM, 32, 18, 16
MM, 30, 18, 17
MM, 27, 18, 63
MC, 1, 211
MM, 27, 22, 207
MM, 28, 29, 16
MM, 1, 2, 16
MM, 5, 16, 16
MM, 7, 20, 8
MM, 436, 575, 24
MM, 4, 10, 16
MM, 5, 22, 16
MM, 6, 30, 16
MM, 440, 609, 10
MM, 50, 0, 22
MM, 51, 2, 18
MM, 51, 3, 8
MM, 52, 3, 64
MM, 52, 2, 81
MM, 52, 1, 23
MM, 52, 2, 120
MM, 52, 3, 24
MC, 1, 259
MM, 49, 0, 280
MM, 429, 605, 15
MM, 33, 24, 10
MM, 17, 11, 22
MM, 11, 8, 10
MM, 390, 576, 24
MM, 382, 572, 17
MM, 376, 570, 15
MM, 31, 29, 8
MM, 27, 29, 16
MM, 26, 28, 16
MM, 24, 28, 16
MM, 23, 27, 16
MM, 22, 26, 8
MM, 20, 26, 17
MM, 18, 25, 15
MM, 16, 24, 24
MM, 15, 24, 17
MM, 15, 23, 16
MM, 15, 22, 24
MM, 15, 21, 23
MC, 1, 259
MM, 19, 21, 215
MM, 381, 562, 16
MM, 20, 29, 16
MM, 431, 575, 16
MM, 10, 1, 8
MM, 0, 11, 32
MM, 8, 15, 16
MM, 13, 16, 18
MM, 15, 17, 17
MM, 17, 18, 22
MM, 17, 19, 65
MM, 16, 19, 112
MC, 1, 193
MM, 19, 19, 210
MM, 513, 592, 15
MM, 36, 0, 25
MM, 33, 23, 16
MM, 30, 9, 24
MM, 12, 3, 23
MM, 22, 0, 16
MM, 28, 0, 24
MM, 31, 0, 24
MM, 33, 0, 16
MM, 675, 541, 24
MM, 0, 4, 16
MM, 6, 7, 24
MM, 10, 8, 18
MM, 12, 8, 16
MM, 13, 9, 16
MM, 12, 9, 96
MM, 11, 9, 8
MC, 1, 361
MM, 9, 9, 258
MM, 32, 5, 15
MM, 629, 534, 24
MM, 601, 530, 16
MM, 8, 26, 16
MM, 24, 25, 16
MM, 31, 25, 26
MM, 20, 25, 6
MM, 481, 529, 16
MM, 27, 28, 19
MM, 14, 29, 16
MM, 5, 29, 16
MM, 0, 29, 23
MM, 437, 531, 16
MM, 437, 530, 24
MM, 437, 529, 40
MM, 436, 528, 48
MM, 435, 528, 41
MM, 434, 528, 39
MM, 434, 527, 25
MM, 434, 526, 79
MM, 433, 525, 16
MM, 433, 524, 66
MM, 35, 22, 6
MM, 35, 20, 27
MM, 33, 20, 16
MM, 32, 18, 24
MM, 31, 18, 8
MM, 30, 18, 23
MM, 29, 18, 40
MC, 1, 224
MM, 29, 20, 258
MM, 29, 24, 8
MM, 428, 535, 16
MM, 7, 20, 24
MM, 11, 30, 16
MM, 8, 4, 16
MM, 11, 11, 16
MM, 14, 17, 16
MM, 16, 22, 25
MM, 18, 27, 24
MM, 453, 608, 15
MM, 455, 611, 17
MM, 66, 4, 23
MM, 66, 10, 42
MM, 66, 11, 14
MM, 66, 12, 8
MM, 67, 14, 32
MM, 67, 15, 8
MC, 1, 283
MM, 71, 14, 210
MM, 82, 3, 15
MM, 7, 26, 16
MM, 21, 4, 24
MM, 34, 22, 16
MM, 507, 551, 16
MM, 29, 22, 56
MM, 29, 20, 8
MM, 31, 16, 16
MM, 32, 14, 16
MM, 33, 13, 8
MM, 34, 11, 24
MM, 34, 10, 16
MM, 33, 10, 139
MM, 32, 10, 16
MM, 31, 10, 6
MC, 1, 218
MM, 33, 10, 218
MM, 6, 10, 15
MM, 561, 512, 23
MM, 20, 7, 17
MM, 602, 504, 17
MM, 613, 501, 15
MM, 628, 497, 16
MM, 639, 496, 16
MM, 644, 496, 8
MM, 651, 496, 16
MM, 12, 30, 16
MM, 15, 30, 16
MM, 16, 30, 16
MM, 17, 30, 25
MM, 18, 30, 63
MM, 662, 496, 72
MM, 662, 497, 56
MM, 662, 498, 11
MM, 662, 499, 22
MM, 662, 501, 15
MM, 18, 0, 18
MM, 18, 2, 7
MM, 17, 5, 26
MM, 16, 6, 16
MM, 15, 7, 24
MM, 13, 7, 15
MM, 12, 8, 17
MC, 1, 200
MM, 8, 11, 225
MM, 640, 523, 16
MM, 624, 534, 16
MM, 10, 7, 16
MM, 569, 573, 56
MM, 558, 578, 24
MM, 33, 7, 16
MM, 20, 14, 25
MM, 14, 18, 16
MM, 7, 22, 16
MM, 1, 26, 24
MM, 514, 604, 16
MM, 510, 607, 16
MM, 508, 608, 8
MM, 503, 612, 16
MM, 109, 3, 16
MM, 104, 8, 16
MM, 100, 12, 16
MM, 99, 14, 10
MM, 98, 16, 21
MM, 97, 17, 19
MM, 96, 17, 39
MM, 96, 16, 112
MC, 1, 249
MM, 97, 14, 210
MM, 107, 9, 15
MM, 122, 1, 16
MM, 10, 26, 24
MM, 22, 12, 32
MM, 24, 6, 16
MM, 541, 574, 24
MM, 541, 571, 16
MM, 30, 29, 16
MM, 30, 27, 16
MM, 31, 27, 25
MM, 33, 27, 16
MM, 35, 27, 16
MM, 548, 566, 10
MM, 552, 566, 30
MM, 0, 27, 26
MM, 553, 566, 96
MM, 552, 566, 7
MM, 549, 566, 24
MM, 32, 27, 16
MM, 27, 27, 16
MM, 20, 27, 16
MM, 14, 27, 24
MM, 12, 27, 8
MM, 12, 26, 64
MM, 12, 24, 25
MM, 12, 23, 15
MM, 12, 21, 24
MM, 11, 20, 24
MM, 10, 20, 8
MM, 9, 19, 16
MM, 8, 19, 24
MM, 7, 19, 26
MM, 5, 19, 24
MM, 3, 18, 16
MM, 0, 17, 17
MM, 509, 554, 15
MM, 507, 552, 16
MM, 34, 10, 16
MM, 31, 7, 24
MM, 30, 7, 16
MM, 30, 6, 25
MM, 28, 6, 63
MM, 25, 5, 8
MC, 1, 249
MM, 29, 5, 193
MM, 7, 5, 16
MM, 2, 5, 24
MM, 32, 5, 16
MM, 631, 541, 24
MM, 11, 2, 17
MM, 30, 2, 15
MM, 674, 541, 9
MM, 8, 2, 24
MM, 18, 2, 47
MM, 19, 2, 24
MM, 20, 2, 18
MM, 21, 2, 72
MM, 21, 3, 483
MM, 21, 5, 7
MM, 21, 8, 16
MM, 20, 10, 24
MM, 19, 10, 8
MM, 18, 10, 32
MM, 17, 10, 8
MC, 1, 194
MM, 14, 10, 241
MM, 8, 8, 7
MM, 28, 0, 16
MM, 3, 29, 16
MM, 12, 22, 16
MM, 23, 14, 24
MM, 561, 512, 16
MM, 6, 15, 210
MC, 1, 257
MM, 6, 18, 233
MM, 6, 23, 8
MM, 527, 535, 16
MM, 12, 4, 16
MM, 2, 22, 24
MM, 506, 573, 16
MM, 26, 4, 8
MM, 21, 12, 16
MM, 14, 21, 24
MM, 11, 24, 16
MM, 11, 25, 8
MM, 9, 26, 16
MM, 8, 29, 16
MM, 481, 608, 16
MM, 478, 612, 16
MM, 86, 3, 16
MM, 85, 7, 16
MM, 84, 9, 16
MM, 83, 10, 8
MM, 82, 10, 41
MM, 82, 11, 105
MC, 1, 224
MM, 83, 11, 218
MM, 90, 11, 8
MM, 112, 0, 17
MM, 13, 22, 15
MM, 29, 14, 8
MM, 28, 0, 24
MM, 609, 570, 16
MM, 632, 566, 16
MM, 11, 24, 16
MM, 22, 23, 18
MM, 29, 21, 22
MM, 32, 20, 24
MM, 33, 20, 40
MM, 673, 557, 24
MM, 678, 555, 24
MM, 4, 16, 24
MM, 8, 15, 25
MM, 9, 15, 39
MM, 10, 15, 24
MM, 11, 15, 43
MM, 12, 15, 7
MM, 13, 14, 16
MM, 14, 13, 32
MM, 15, 13, 24
MC, 1, 272
MM, 11, 12, 218
MM, 5, 8, 8
MM, 28, 1, 25
MM, 654, 536, 15
MM, 642, 532, 24
MM, 638, 531, 16
MM, 29, 27, 16
MM, 29, 26, 8
MM, 29, 25, 72
MM, 29, 24, 48
MM, 29, 23, 42
MM, 28, 23, 6
MM, 28, 22, 34
MM, 27, 22, 8
MM, 27, 21, 24
MM, 26, 21, 8
MM, 25, 21, 16
MM, 25, 20, 16
MM, 24, 20, 8
MM, 22, 20, 24
MC, 1, 257
MM, 23, 21, 337
MM, 24, 23, 8
MM, 29, 29, 16
MM, 640, 535, 16
MM, 8, 1, 40
MM, 9, 2, 16
MM, 9, 3, 18
MM, 10, 3, 16
MM, 11, 4, 16
MM, 12, 5, 24
MM, 13, 5, 16
MM, 13, 6, 8
MM, 14, 6, 8
MC, 1, 288
MM, 13, 6, 202
MM, 634, 537, 16
MM, 606, 526, 16
MM, 18, 16, 16
MM, 31, 7, 16
MM, 3, 1, 24
MM, 28, 0, 17
MM, 498, 500, 16
MM, 490, 500, 16
MM, 484, 500, 15
MM, 479, 499, 16
MM, 475, 499, 16
MM, 472, 499, 16
MM, 471, 498, 16
MM, 470, 497, 18
MM, 469, 496, 16
MM, 468, 496, 22
MM, 467, 496, 10
MM, 464, 496, 24
MM, 461, 496, 16
MM, 20, 30, 16
MM, 13, 30, 24
MM, 8, 30, 16
MM, 5, 30, 16
MM, 3, 30, 8
MM, 1, 30, 24
MM, 438, 495, 16
MM, 432, 497, 24
MM, 427, 498, 16
MM, 423, 499, 16
MM, 418, 501, 16
MM, 19, 0, 16
MM, 18, 0, 9
MM, 18, 1, 15
MM, 18, 2, 81
MM, 17, 3, 17
MM, 15, 3, 16
MM, 15, 5, 16
MM, 13, 5, 16
MM, 12, 6, 16
MM, 12, 7, 33
MM, 10, 8, 15
MC, 1, 200
MM, 10, 9, 242
MM, 10, 14, 16
MM, 11, 22, 16
MM, 411, 537, 16
MM, 27, 14, 24
MM, 27, 29, 24
MM, 21, 3, 16
MM, 21, 11, 16
MM, 21, 15, 16
MM, 21, 18, 16
MM, 21, 21, 16
MM, 21, 22, 8
MM, 21, 23, 24
MM, 21, 24, 16
MM, 22, 24, 218
MM, 22, 25, 8
MM, 24, 26, 16
MM, 24, 27, 8
MM, 24, 29, 24
MM, 415, 607, 16
MM, 416, 610, 24
MM, 417, 611, 9
MM, 417, 612, 16
MM, 27, 1, 8
MM, 27, 3, 23
MM, 27, 4, 17
MM, 28, 4, 8
MM, 28, 5, 16
MM, 28, 6, 23
MM, 27, 6, 64
MM, 26, 6, 8
MC, 1, 178
MM, 28, 6, 249
MM, 434, 609, 15
MM, 16, 21, 16
MM, 474, 573, 24
MM, 10, 26, 8
MM, 20, 8, 26
MM, 493, 535, 16
MM, 12, 28, 16
MM, 12, 20, 24
MM, 13, 18, 16
MM, 13, 17, 8
MM, 13, 16, 24
MM, 13, 15, 80
MM, 14, 15, 24
MM, 15, 15, 24
MM, 16, 15, 8
MM, 17, 15, 16
MM, 18, 15, 24
MM, 19, 14, 16
MC, 1, 251
MM, 21, 14, 199
MM, 518, 515, 16
MM, 28, 12, 24
MM, 6, 12, 16
MM, 26, 12, 18
MM, 1, 12, 16
MM, 13, 12, 16
MM, 22, 12, 16
MM, 27, 12, 16
MM, 638, 514, 8
MM, 0, 12, 25
MM, 3, 12, 15
MM, 7, 12, 25
MM, 9, 12, 15
MM, 9, 11, 57
MM, 9, 10, 15
MM, 9, 9, 16
MM, 10, 9, 120
MM, 11, 9, 8
MC, 1, 251
MM, 10, 9, 239
MM, 6, 10, 8
MM, 638, 520, 16
MM, 19, 29, 16
MM, 14, 8, 26
MM, 5, 17, 16
MM, 595, 564, 22
MM, 592, 568, 16
MM, 586, 572, 26
MM, 586, 574, 8
MM, 21, 2, 24
MM, 18, 4, 16
MM, 16, 6, 8
MM, 14, 7, 8
MM, 11, 11, 32
MM, 11, 12, 16
MC, 1, 315
MM, 12, 12, 199
MM, 36, 17, 16
MM, 23, 23, 16
MM, 678, 607, 16
MM, 692, 610, 8
MM, 731, 616, 18
MM, 762, 621, 16
MM, 830, 645, 56
MM, 835, 647, 8
MM, 0, 4, 24
MM, 3, 12, 64
MM, 3, 14, 40
MM, 4, 16, 32
MM, 4, 17, 16
MM, 5, 18, 16
MM, 8, 20, 8
MM, 11, 22, 16
MM, 15, 23, 16
MM, 18, 23, 24
MM, 10, 17, 1119
MM, 837, 651, 8
MM, 788, 596, 15
MM, 384, 75, 24
