********************************************************************************
LOGGING TIME: 20161113_095706
CLIENT IP: 127.0.0.1
USERNAME: Elon Musk
OS: Windows 10
**********************************Emotional database********************************************************************************
********************************************************************************
LOGGING TIME: 20161113_095709
CLIENT IP: 127.0.0.1
USERNAME: Elon Musk
OS: Windows 10
**********************************Emotional database********************************************************************************
********************************************************************************
LOGGING TIME: 20161113_095709
CLIENT IP: 127.0.0.1
USERNAME: Elon Musk
OS: Windows 10
**********************************Emotional database********************************************************************************
********************************************************************************
LOGGING TIME: 20161113_095709
CLIENT IP: 127.0.0.1
USERNAME: Elon Musk
OS: Windows 10
**********************************Emotional database********************************************************************************
MM, 640, 678, 1477468750140
MM, 640, 672, 16
MM, 639, 672, 144
MM, 638, 668, 144
MM, 634, 662, 10
MM, 632, 656, 6
MM, 627, 649, 8
MM, 621, 635, 10
MM, 614, 619, 6
MM, 593, 565, 16
MM, 35, 12, 10
MM, 31, 1, 8
MM, 5, 20, 14
MM, 560, 461, 10
MM, 284, 59, 16
MM, 282, 48, 8
MM, 279, 39, 8
MM, 268, 5, 40
MM, 268, 4, 8
MM, 267, 4, 8
MM, 266, 4, 8
MM, 265, 4, 240
MM, 261, 4, 8
MM, 256, 4, 8
MM, 243, 4, 18
MM, 237, 4, 6
MM, 224, 4, 16
MM, 215, 5, 10
MM, 214, 5, 6
MM, 209, 5, 10
MM, 205, 5, 8
MM, 201, 5, 6
MM, 195, 5, 11
MM, 192, 5, 5
MM, 188, 5, 10
MM, 178, 3, 16
MM, 174, 1, 8
MM, 435, 356, 8
MM, 433, 354, 8
MM, 430, 352, 8
MM, 427, 349, 8
MM, 422, 343, 8
MM, 414, 332, 16
MM, 405, 321, 8
MM, 401, 317, 8
MM, 127, 79, 18
MM, 122, 73, 8
MM, 113, 62, 14
MM, 110, 59, 8
MM, 106, 56, 16
MM, 105, 54, 10
MM, 105, 53, 16
MM, 104, 53, 70
MM, 103, 52, 10
MM, 102, 51, 8
MM, 102, 50, 8
MM, 101, 49, 8
MM, 100, 47, 8
MM, 97, 42, 16
MM, 92, 34, 16
MC, 1, 199
MM, 139, 20, 17461
MM, 207, 7, 7
MM, 520, 217, 25
MM, 528, 216, 7
MM, 546, 216, 24
MM, 555, 216, 25
MM, 561, 219, 8
MM, 564, 221, 7
MM, 569, 225, 16
MM, 569, 227, 8
MM, 306, 1, 9
MM, 306, 2, 8
MM, 306, 4, 8
MM, 306, 7, 8
MM, 306, 17, 24
MM, 307, 24, 8
MM, 309, 36, 8
MM, 305, 44, 6150
MM, 298, 53, 8
MM, 291, 63, 8
MM, 283, 72, 8
MM, 276, 80, 8
MM, 534, 314, 8
MM, 523, 326, 8
MM, 518, 329, 8
MM, 503, 344, 16
MM, 498, 348, 8
MM, 494, 351, 8
MM, 492, 353, 8
MM, 489, 355, 8
MM, 488, 356, 7
MM, 224, 0, 8
MM, 223, 0, 8
MM, 223, 1, 16
MM, 223, 2, 17
MC, 1, 297
MM, 223, 3, 169
MM, 223, 7, 8
MM, 223, 12, 8
MM, 221, 18, 8
MM, 217, 23, 8
MM, 215, 27, 8
MM, 212, 30, 8
MM, 209, 32, 8
MM, 205, 37, 8
MM, 199, 42, 8
MM, 193, 47, 8
MM, 190, 49, 8
MM, 186, 51, 8
MM, 183, 53, 8
MM, 180, 55, 8
MM, 176, 58, 16
MM, 175, 58, 16
MM, 174, 58, 24
MM, 173, 58, 56
MM, 173, 57, 16
MM, 173, 58, 48
MM, 173, 62, 8
MM, 177, 72, 8
MM, 453, 456, 16
MM, 21, 7, 8
MM, 26, 16, 8
MM, 30, 24, 8
MM, 473, 499, 8
MM, 479, 513, 19
MM, 0, 17, 13
MM, 0, 18, 16
MM, 481, 520, 48
MM, 477, 519, 31
MM, 476, 518, 8
MM, 476, 517, 8
MM, 36, 13, 16
MM, 35, 12, 8
MM, 34, 11, 16
MM, 34, 10, 8
MM, 34, 9, 9
MM, 33, 9, 56
MM, 33, 8, 16
MM, 32, 8, 8
MM, 32, 7, 16
MM, 32, 6, 16
MM, 31, 6, 16
MM, 32, 6, 72
MM, 33, 7, 8
MM, 35, 9, 16
MM, 36, 9, 8
MM, 477, 512, 18
MM, 479, 513, 14
MM, 480, 513, 8
MM, 1, 12, 16
MM, 6, 12, 16
MM, 6, 13, 8
MM, 8, 13, 10
MM, 10, 13, 6
MM, 11, 13, 16
MM, 12, 13, 10
MM, 12, 14, 6
MM, 12, 15, 50
MM, 13, 15, 24
MM, 14, 15, 16
MM, 15, 15, 8
MM, 16, 15, 24
MM, 17, 15, 16
MC, 1, 257
MM, 18, 15, 225
MM, 22, 16, 8
MM, 33, 23, 32
MM, 520, 528, 16
MM, 3, 30, 15
MM, 529, 533, 8
MM, 533, 535, 17
MM, 535, 536, 8
MM, 536, 536, 8
MM, 539, 538, 16
MM, 540, 538, 24
MM, 541, 538, 8
MM, 30, 0, 15
MM, 31, 0, 16
MM, 32, 0, 8
MM, 33, 1, 16
MM, 34, 1, 57
MM, 35, 1, 24
MM, 36, 1, 16
MM, 548, 540, 16
MM, 549, 540, 7
MM, 551, 541, 16
MM, 552, 541, 9
MM, 553, 542, 16
MM, 0, 4, 8
MM, 1, 4, 7
MM, 1, 5, 8
MM, 2, 5, 8
MM, 3, 5, 16
MM, 4, 5, 16
MM, 6, 7, 17
MM, 10, 8, 10
MM, 12, 8, 6
MM, 13, 9, 8
MM, 18, 10, 16
MM, 19, 10, 8
MM, 21, 10, 18
MM, 20, 9, 56
MM, 20, 8, 8
MC, 1, 224
MM, 19, 8, 184
MM, 14, 8, 8
MM, 11, 8, 8
MM, 5, 8, 8
MM, 35, 5, 16
MM, 20, 1, 8
MM, 21, 26, 16
MM, 479, 516, 16
MM, 27, 5, 10
MM, 451, 497, 13
MM, 3, 27, 8
MM, 433, 485, 16
MM, 430, 483, 11
MM, 427, 481, 14
MM, 427, 480, 10
MM, 426, 480, 8
MM, 426, 479, 8
MM, 34, 15, 80
MM, 34, 16, 8
MM, 34, 17, 8
MM, 33, 18, 8
MM, 33, 19, 48
MM, 32, 19, 16
MM, 31, 21, 24
MM, 30, 23, 8
MM, 29, 25, 7
MM, 26, 29, 8
MM, 415, 496, 8
MM, 411, 499, 16
MM, 10, 1, 17
MM, 9, 2, 15
MM, 8, 2, 9
MM, 8, 3, 8
MM, 8, 4, 32
MM, 8, 5, 16
MM, 8, 7, 16
MM, 8, 8, 8
MM, 9, 9, 8
MM, 9, 11, 16
MM, 9, 12, 8
MM, 10, 14, 8
MM, 10, 15, 7
MM, 10, 17, 19
MM, 10, 18, 22
MC, 1, 226
MM, 10, 20, 208
MM, 11, 24, 9
MM, 13, 30, 7
MM, 31, 8, 16
MM, 422, 558, 16
MM, 424, 564, 8
MM, 427, 570, 7
MM, 430, 578, 16
MM, 431, 581, 8
MM, 431, 583, 8
MM, 432, 586, 17
MM, 432, 587, 8
MM, 432, 588, 7
MM, 433, 594, 16
MM, 0, 22, 8
MM, 0, 25, 8
MM, 436, 608, 16
MM, 46, 1, 16
MM, 47, 4, 16
MM, 47, 7, 18
MM, 47, 8, 22
MM, 47, 9, 18
MM, 47, 10, 15
MM, 47, 8, 90
MC, 1, 208
MM, 45, 2, 167
MM, 428, 604, 9
MM, 30, 15, 8
MM, 24, 30, 16
MM, 7, 2, 16
MM, 388, 535, 8
MM, 25, 17, 15
MM, 18, 9, 16
MM, 15, 6, 16
MM, 13, 6, 10
MM, 12, 6, 6
MM, 11, 6, 16
MM, 11, 7, 67
MM, 13, 8, 6
MM, 14, 8, 10
MM, 15, 10, 8
MM, 18, 12, 16
MM, 19, 12, 16
MM, 20, 13, 8
MM, 21, 13, 15
MM, 22, 13, 73
MM, 23, 12, 8
MM, 24, 11, 16
MM, 24, 10, 8
MC, 1, 232
MM, 22, 10, 186
MM, 20, 10, 8
MM, 19, 10, 8
MM, 17, 10, 8
MM, 16, 11, 8
MM, 14, 12, 16
MM, 12, 13, 8
MM, 11, 14, 16
MM, 10, 15, 8
MM, 9, 16, 8
MM, 8, 17, 16
MM, 6, 19, 8
MM, 5, 19, 8
MM, 4, 22, 8
MM, 1, 24, 16
MM, 1, 26, 7
MM, 0, 27, 9
MM, 351, 530, 8
MM, 350, 532, 15
MM, 350, 533, 8
MM, 350, 534, 17
MM, 350, 536, 7
MM, 350, 538, 24
MM, 6, 0, 16
MM, 6, 1, 8
MM, 6, 2, 17
MM, 7, 2, 103
MM, 8, 2, 56
MM, 9, 2, 65
MC, 1, 283
MM, 10, 2, 207
MM, 14, 2, 9
MM, 28, 2, 6
MM, 384, 539, 9
MM, 18, 28, 16
MM, 27, 26, 7
MM, 15, 17, 16
MM, 29, 15, 9
MM, 2, 9, 16
MM, 11, 7, 7
MM, 24, 3, 17
MM, 27, 2, 8
MM, 30, 2, 8
MM, 33, 1, 16
MM, 34, 0, 8
MM, 516, 501, 16
MM, 517, 500, 16
MM, 519, 500, 16
MM, 520, 500, 23
MM, 521, 500, 9
MM, 522, 500, 7
MM, 523, 500, 9
MM, 527, 500, 15
MM, 531, 500, 9
MM, 535, 499, 8
MM, 539, 499, 8
MM, 543, 499, 8
MM, 552, 497, 16
MM, 555, 497, 8
MM, 559, 496, 9
MM, 562, 496, 15
MM, 563, 496, 10
MM, 561, 496, 56
MM, 559, 496, 6
MM, 557, 497, 16
MM, 556, 498, 10
MM, 555, 498, 6
MM, 554, 499, 10
MM, 553, 500, 6
MM, 552, 500, 18
MM, 552, 501, 8
MM, 551, 501, 8
MM, 550, 501, 16
MM, 27, 0, 6
MM, 25, 1, 16
MM, 25, 2, 10
MM, 24, 2, 8
MM, 24, 3, 16
MM, 23, 4, 16
MM, 22, 4, 16
MM, 21, 5, 23
MM, 21, 6, 17
MM, 21, 7, 16
MM, 20, 7, 8
MM, 20, 8, 8
MM, 19, 9, 16
MM, 18, 10, 8
MC, 1, 216
MM, 18, 14, 192
MM, 18, 18, 7
MM, 15, 28, 16
MM, 25, 4, 16
MM, 23, 15, 16
MM, 21, 23, 10
MM, 20, 29, 14
MM, 11, 0, 9
MM, 9, 5, 16
MM, 516, 595, 23
MM, 512, 599, 8
MM, 31, 30, 16
MM, 500, 612, 18
MM, 104, 3, 23
MM, 103, 5, 16
MM, 102, 5, 26
MM, 101, 5, 14
MC, 1, 306
MM, 101, 4, 199
MM, 491, 612, 8
MM, 15, 29, 16
MM, 15, 24, 16
MM, 14, 20, 17
MM, 14, 19, 7
MM, 14, 17, 16
MM, 14, 16, 17
MM, 14, 15, 7
MM, 14, 12, 16
MM, 15, 10, 8
MM, 17, 7, 16
MM, 20, 2, 17
MM, 498, 574, 17
MM, 502, 571, 16
MM, 506, 567, 17
MM, 508, 566, 6
MM, 1, 26, 26
MM, 4, 25, 14
MM, 8, 25, 15
MM, 11, 25, 10
MM, 14, 24, 6
MM, 20, 22, 18
MM, 26, 21, 8
MM, 34, 17, 16
MM, 3, 13, 17
MM, 10, 10, 15
MM, 18, 7, 16
MM, 25, 5, 16
MM, 29, 5, 16
MM, 33, 5, 17
MM, 35, 5, 8
MM, 36, 5, 8
MM, 591, 544, 16
MM, 592, 544, 8
MM, 592, 545, 32
MM, 593, 546, 8
MM, 593, 547, 24
MM, 594, 548, 7
MM, 595, 549, 9
MM, 2, 11, 24
MM, 3, 11, 8
MM, 5, 11, 16
MM, 5, 12, 8
MM, 6, 12, 8
MM, 7, 12, 40
MM, 8, 12, 24
MM, 10, 12, 24
MM, 11, 12, 8
MM, 12, 11, 8
MM, 15, 10, 16
MM, 17, 9, 16
MM, 18, 8, 8
MM, 19, 8, 8
MM, 19, 7, 24
MM, 19, 6, 8
MC, 1, 216
MM, 16, 5, 201
MM, 10, 3, 9
MM, 4, 1, 7
MM, 584, 533, 16
MM, 6, 29, 8
MM, 9, 19, 17
MM, 26, 15, 16
MM, 10, 13, 16
MM, 1, 12, 7
MM, 33, 9, 16
MM, 21, 7, 16
MM, 16, 6, 9
MM, 13, 5, 7
MM, 5, 2, 17
MM, 438, 502, 15
MM, 435, 501, 9
MM, 430, 499, 16
MM, 429, 499, 8
MM, 428, 499, 15
MM, 427, 499, 9
MM, 426, 499, 96
MM, 425, 499, 16
MM, 424, 499, 8
MM, 423, 499, 8
MM, 421, 500, 16
MM, 420, 501, 16
MM, 22, 0, 16
MM, 22, 1, 16
MM, 22, 2, 23
MM, 22, 3, 41
MM, 23, 5, 16
MM, 24, 6, 8
MM, 25, 6, 8
MM, 28, 9, 16
MM, 28, 10, 16
MM, 29, 11, 8
MM, 30, 12, 16
MC, 1, 224
MM, 33, 12, 282
MM, 433, 514, 8
MM, 0, 12, 15
MM, 6, 12, 16
MM, 9, 12, 16
MM, 11, 12, 8
MM, 12, 12, 25
MM, 12, 13, 48
MC, 1, 330
MC, 2, 264
MM, 13, 13, 306
MM, 16, 13, 13
MM, 18, 13, 11
MM, 19, 13, 8
MM, 23, 13, 16
MM, 28, 13, 14
MM, 479, 515, 15
MM, 1, 13, 10
MM, 10, 13, 16
MM, 15, 14, 16
MM, 18, 14, 8
MM, 20, 14, 16
MM, 21, 14, 129
MM, 25, 14, 8
MM, 30, 15, 16
MM, 33, 16, 8
MM, 519, 519, 16
MM, 521, 519, 8
MM, 1, 18, 15
MM, 2, 18, 9
MM, 6, 20, 16
MM, 8, 21, 8
MM, 12, 22, 16
MM, 13, 22, 8
MM, 14, 22, 8
MM, 16, 23, 8
MM, 17, 23, 15
MM, 18, 23, 8
MM, 19, 23, 25
MM, 20, 23, 7
MM, 23, 23, 16
MM, 26, 22, 8
MM, 30, 22, 16
MM, 559, 524, 16
MM, 0, 21, 17
MM, 2, 21, 8
MM, 4, 21, 8
MM, 5, 21, 16
MM, 6, 21, 8
MM, 6, 20, 23
MM, 6, 19, 24
MM, 4, 19, 9
MM, 3, 18, 8
MM, 563, 520, 15
MM, 560, 519, 16
MM, 558, 519, 11
MM, 32, 16, 13
MM, 28, 15, 16
MM, 26, 15, 8
MM, 21, 13, 18
MM, 18, 13, 7
MM, 15, 12, 15
MM, 12, 12, 16
MM, 10, 12, 16
MM, 9, 12, 10
MM, 7, 12, 16
MM, 5, 12, 16
MM, 4, 12, 17
MM, 4, 13, 23
MM, 4, 15, 9
MM, 4, 17, 15
MM, 4, 19, 8
MC, 1, 257
MM, 4, 20, 418
MM, 4, 22, 8
MM, 4, 23, 8
MM, 4, 27, 16
MM, 4, 28, 8
MM, 4, 30, 16
MM, 527, 533, 8
MM, 527, 534, 16
MM, 526, 536, 8
MM, 13, 1, 15
MM, 8, 10, 16
MM, 0, 23, 16
MM, 509, 565, 8
MM, 25, 5, 24
MM, 22, 12, 17
MM, 20, 18, 23
MM, 19, 25, 24
MM, 18, 30, 16
MM, 492, 609, 8
MM, 101, 1, 16
MM, 100, 6, 17
MM, 99, 8, 7
MM, 99, 9, 16
MM, 98, 10, 8
MM, 97, 11, 16
MM, 96, 11, 16
MM, 96, 12, 56
MM, 95, 12, 16
MM, 95, 13, 16
MC, 1, 265
MM, 95, 10, 265
MM, 95, 6, 8
MM, 94, 2, 9
MM, 482, 608, 15
MM, 7, 26, 18
MM, 7, 24, 6
MM, 7, 22, 16
MM, 7, 21, 8
MM, 8, 21, 16
MM, 10, 21, 8
MM, 12, 21, 17
MM, 15, 21, 15
MM, 16, 21, 8
MM, 18, 21, 16
MM, 20, 21, 16
MM, 21, 21, 8
MM, 22, 21, 16
MM, 23, 21, 8
MM, 22, 21, 65
MM, 21, 21, 16
MM, 20, 21, 8
MM, 19, 21, 8
MM, 19, 20, 16
MM, 18, 20, 16
MM, 17, 20, 16
MM, 16, 20, 42
MM, 15, 20, 16
MM, 14, 20, 6
MM, 13, 20, 16
MM, 12, 20, 10
MM, 11, 20, 6
MM, 8, 19, 18
MM, 6, 18, 6
MM, 2, 16, 16
MM, 0, 15, 10
MM, 473, 590, 6
MM, 470, 587, 18
MM, 31, 8, 16
MM, 29, 7, 8
MM, 26, 5, 16
MM, 23, 3, 16
MM, 21, 2, 16
MM, 19, 1, 8
MM, 450, 575, 16
MM, 445, 572, 16
MM, 11, 29, 16
MM, 7, 26, 15
MM, 2, 24, 17
MM, 0, 22, 16
MM, 426, 560, 8
MM, 0, 21, 55
MM, 2, 21, 16
MM, 3, 21, 8
MM, 4, 21, 8
MM, 6, 21, 16
MM, 7, 21, 17
MM, 8, 21, 16
MM, 9, 21, 8
MM, 10, 21, 16
MM, 11, 21, 16
MM, 12, 21, 23
MM, 13, 21, 17
MC, 1, 248
MM, 14, 21, 218
MM, 19, 21, 9
MM, 33, 21, 15
MM, 13, 17, 16
MM, 0, 11, 16
MM, 27, 4, 16
MM, 1, 0, 17
MM, 568, 535, 15
MM, 574, 533, 16
MM, 13, 30, 16
MM, 14, 29, 8
MM, 15, 29, 16
MM, 15, 28, 8
MM, 17, 28, 16
MM, 19, 27, 16
MM, 21, 26, 8
MM, 25, 25, 8
MM, 32, 20, 16
MM, 36, 17, 8
MM, 3, 7, 16
MM, 10, 2, 16
MM, 625, 499, 16
MM, 628, 496, 16
MM, 28, 29, 15
MM, 29, 29, 24
MM, 28, 30, 114
MM, 27, 30, 8
MM, 630, 496, 8
MM, 629, 496, 8
MM, 629, 497, 25
MM, 629, 498, 16
MM, 628, 499, 16
MM, 627, 500, 16
MM, 627, 501, 8
MM, 19, 0, 16
MM, 19, 2, 23
MM, 19, 4, 16
MM, 19, 5, 8
MM, 19, 6, 25
MM, 19, 7, 7
MM, 19, 8, 8
MM, 19, 9, 24
MM, 18, 10, 17
MM, 17, 10, 15
MM, 17, 11, 24
MM, 16, 11, 16
MM, 16, 12, 8
MM, 15, 12, 16
MM, 14, 12, 8
MC, 1, 217
MM, 9, 12, 217
MM, 606, 514, 8
MM, 21, 9, 16
MM, 2, 6, 16
MM, 25, 4, 8
MM, 11, 1, 16
MM, 521, 501, 17
MM, 510, 499, 15
MM, 501, 498, 16
MM, 494, 497, 16
MM, 488, 497, 16
MM, 484, 496, 16
MM, 482, 496, 25
MM, 481, 496, 15
MM, 481, 497, 56
MM, 481, 498, 8
MM, 481, 499, 17
MM, 483, 499, 15
MM, 483, 501, 16
MM, 4, 0, 16
MM, 5, 3, 16
MM, 8, 4, 16
MM, 9, 6, 19
MM, 11, 6, 8
MM, 12, 8, 23
MM, 13, 9, 16
MM, 14, 9, 24
MM, 15, 10, 16
MM, 16, 10, 8
MM, 16, 11, 24
MC, 1, 225
MM, 16, 12, 258
MM, 15, 22, 16
MM, 21, 16, 24
MM, 474, 611, 56
MM, 78, 1, 24
MM, 75, 1, 24
MM, 74, 1, 40
MM, 463, 612, 16
MM, 461, 611, 32
MM, 17, 30, 32
MM, 4, 24, 24
MM, 36, 18, 24
MM, 27, 14, 24
MM, 23, 12, 16
MM, 23, 11, 8
MM, 22, 11, 8
MM, 22, 12, 137
MM, 23, 12, 32
MM, 24, 12, 8
MM, 25, 12, 17
MC, 1, 216
MM, 28, 12, 186
MM, 10, 12, 16
MM, 470, 587, 16
MM, 29, 7, 16
MM, 549, 574, 24
MM, 13, 30, 16
MM, 32, 26, 24
MM, 36, 24, 16
MM, 592, 562, 16
MM, 592, 561, 104
MM, 592, 560, 31
MM, 592, 559, 8
MM, 592, 558, 8
MM, 592, 557, 64
MM, 591, 557, 16
MM, 36, 17, 16
MM, 35, 17, 17
MM, 34, 16, 15
MM, 33, 15, 16
MM, 31, 14, 16
MM, 30, 13, 26
MM, 28, 12, 17
MM, 27, 13, 63
MC, 1, 216
MM, 25, 13, 168
MM, 9, 13, 16
MM, 27, 10, 16
MM, 25, 4, 26
MM, 6, 2, 16
MM, 27, 0, 24
MM, 23, 0, 16
MM, 22, 0, 8
MM, 449, 538, 136
MM, 449, 537, 33
MM, 449, 536, 24
MM, 448, 535, 24
MM, 446, 534, 16
MM, 443, 533, 16
MM, 442, 533, 8
MM, 436, 532, 15
MM, 32, 29, 16
MM, 28, 29, 16
MM, 23, 28, 25
MM, 21, 28, 7
MM, 20, 28, 178
MM, 18, 28, 8
MM, 14, 27, 16
MM, 10, 26, 16
MM, 7, 26, 17
MM, 5, 25, 8
MM, 5, 24, 32
MC, 1, 320
MM, 5, 26, 266
MM, 5, 29, 7
MM, 16, 1, 24
MM, 16, 5, 16
MM, 15, 9, 16
MM, 14, 10, 17
MM, 14, 11, 194
MM, 14, 12, 23
MM, 14, 13, 41
MC, 1, 272
MM, 14, 15, 151
MM, 18, 22, 17
MM, 20, 28, 10
MM, 27, 14, 15
MM, 40, 8, 24
MM, 47, 27, 24
MM, 441, 650, 24
MM, 442, 651, 9
MM, 442, 652, 15
MM, 442, 651, 58
MM, 442, 649, 14
MM, 442, 648, 17
MM, 442, 647, 7
MM, 442, 646, 24
MM, 442, 644, 16
MM, 52, 30, 33
MM, 52, 29, 16
MM, 52, 28, 16
MM, 53, 28, 39
MM, 53, 27, 104
MM, 53, 26, 8
MM, 53, 25, 33
MM, 54, 24, 8
MM, 54, 23, 23
MM, 55, 23, 9
MM, 55, 22, 40
MM, 55, 21, 32
MM, 55, 20, 10
MM, 55, 19, 24
MM, 55, 18, 16
MM, 55, 17, 22
MM, 55, 16, 10
MM, 55, 15, 16
MM, 55, 14, 15
MM, 55, 13, 17
MM, 55, 12, 15
MC, 1, 232
MM, 58, 9, 242
MM, 459, 611, 16
MM, 3, 18, 16
MM, 508, 567, 22
MM, 13, 12, 27
MM, 19, 5, 16
MM, 531, 538, 24
MM, 531, 536, 16
MM, 530, 533, 24
MM, 5, 30, 15
MM, 3, 29, 16
MM, 2, 29, 16
MM, 1, 28, 16
MM, 0, 27, 8
MM, 522, 528, 24
MM, 521, 526, 24
MM, 518, 522, 24
MM, 517, 518, 16
MM, 34, 13, 16
MM, 32, 10, 25
MM, 32, 11, 120
MM, 32, 13, 15
MM, 31, 13, 514
MM, 30, 13, 24
MM, 29, 13, 8
MM, 28, 13, 65
MM, 27, 13, 31
MM, 26, 14, 41
MC, 1, 223
MM, 33, 15, 379
MM, 16, 19, 16
MM, 18, 24, 24
MM, 605, 526, 16
MM, 25, 24, 23
MM, 640, 526, 17
MM, 643, 526, 16
MM, 643, 525, 55
MM, 643, 524, 16
MM, 640, 522, 24
MM, 638, 522, 16
MM, 30, 18, 16
MM, 28, 17, 16
MM, 27, 17, 24
MM, 26, 17, 8
MM, 26, 16, 17
MM, 27, 16, 79
MM, 28, 16, 11
MM, 30, 17, 23
MM, 638, 519, 144
MM, 640, 519, 16
MM, 2, 17, 24
MM, 6, 19, 16
MM, 10, 21, 17
MM, 14, 22, 23
MM, 15, 22, 8
MM, 16, 22, 24
MM, 16, 21, 72
MC, 1, 257
MM, 16, 25, 184
MM, 18, 8, 26
MM, 0, 3, 31
MM, 26, 19, 24
MM, 21, 25, 17
MM, 19, 27, 8
MM, 18, 27, 16
MM, 16, 27, 24
MM, 15, 27, 16
MM, 13, 20, 24
MM, 11, 18, 16
MM, 11, 15, 16
MM, 11, 13, 24
MM, 11, 12, 24
MM, 11, 11, 32
MM, 10, 11, 16
MM, 9, 11, 32
MM, 8, 11, 15
MM, 7, 11, 16
MM, 6, 11, 9
MM, 0, 12, 16
MM, 36, 14, 16
MM, 25, 17, 24
MM, 21, 18, 16
MM, 19, 18, 8
MM, 18, 18, 130
MM, 14, 18, 7
MC, 1, 185
MM, 13, 18, 223
MM, 9, 18, 8
MM, 0, 22, 16
MM, 29, 29, 17
MM, 538, 610, 16
MM, 139, 3, 18
MM, 134, 6, 14
MM, 132, 8, 15
MM, 131, 9, 8
MM, 131, 10, 19
MM, 131, 11, 54
MM, 130, 12, 10
MM, 129, 13, 23
MM, 127, 14, 16
MM, 126, 14, 42
MC, 1, 223
MM, 130, 12, 224
MM, 139, 4, 8
MM, 28, 28, 16
MM, 12, 2, 24
MM, 27, 30, 16
MM, 35, 22, 16
MM, 592, 558, 16
MM, 593, 556, 16
MM, 593, 555, 16
MM, 593, 554, 49
MM, 593, 553, 6
MM, 593, 552, 10
MM, 594, 549, 22
MM, 595, 548, 26
MM, 595, 547, 8
MM, 0, 6, 16
MM, 3, 0, 24
MM, 603, 533, 16
MM, 605, 528, 16
MM, 0, 24, 16
MM, 0, 22, 8
MM, 0, 21, 16
MM, 1, 20, 16
MM, 2, 20, 8
MM, 3, 20, 16
MM, 4, 20, 24
MM, 5, 20, 16
MM, 7, 20, 17
MM, 8, 21, 8
MM, 10, 21, 15
MM, 12, 21, 16
MM, 13, 21, 24
MM, 12, 21, 467
MM, 3, 21, 16
MM, 30, 24, 16
MM, 10, 30, 15
MM, 554, 537, 17
MM, 27, 3, 16
MM, 13, 7, 16
MM, 33, 11, 24
MM, 25, 12, 15
MM, 18, 13, 16
MM, 14, 13, 8
MM, 7, 14, 17
MM, 2, 14, 16
MM, 469, 553, 16
MM, 467, 553, 15
MM, 466, 553, 8
MM, 465, 553, 49
MM, 36, 14, 16
MM, 32, 14, 16
MM, 28, 14, 16
MM, 19, 14, 24
MM, 12, 14, 16
MM, 8, 15, 16
MM, 5, 16, 8
MM, 1, 17, 16
MM, 1, 18, 8
MM, 424, 558, 16
MM, 422, 558, 16
MM, 421, 558, 7
MM, 35, 19, 27
MM, 422, 558, 72
MM, 425, 558, 16
MM, 4, 19, 15
MM, 8, 19, 16
MM, 14, 19, 16
MM, 19, 19, 8
MM, 28, 18, 16
MM, 0, 15, 16
MM, 18, 10, 17
MM, 509, 543, 15
MM, 532, 538, 16
MM, 542, 535, 9
MM, 34, 28, 16
MM, 13, 23, 16
MM, 33, 17, 24
MM, 605, 516, 15
MM, 9, 12, 24
MM, 13, 11, 16
MM, 15, 11, 16
MM, 16, 11, 8
MM, 15, 11, 64
MM, 14, 11, 16
MC, 1, 379
MM, 11, 11, 200
MM, 7, 11, 8
MM, 601, 513, 16
MM, 14, 11, 23
MM, 10, 11, 9
MM, 2, 12, 15
MM, 561, 516, 16
MM, 558, 517, 17
MM, 34, 15, 24
MM, 32, 16, 16
MM, 29, 17, 15
MM, 22, 18, 17
MM, 19, 18, 9
MM, 4, 19, 24
MM, 33, 20, 16
MM, 22, 21, 16
MM, 12, 23, 16
MM, 6, 25, 8
MM, 481, 528, 16
MM, 31, 29, 24
MM, 467, 533, 16
MM, 463, 534, 16
MM, 462, 534, 24
MM, 462, 535, 9
MM, 461, 535, 23
MM, 460, 535, 121
MM, 459, 535, 16
MM, 457, 535, 8
MM, 453, 536, 24
MM, 452, 537, 8
MM, 21, 0, 15
MM, 15, 3, 16
MM, 10, 6, 16
MM, 4, 8, 16
MM, 1, 10, 8
MM, 423, 552, 16
MM, 33, 16, 24
MM, 31, 17, 8
MM, 28, 17, 32
MM, 27, 18, 8
MM, 26, 19, 16
MM, 24, 20, 16
MM, 23, 20, 10
MM, 22, 20, 22
MM, 21, 21, 16
MC, 1, 275
MM, 21, 23, 215
MM, 413, 573, 16
MM, 31, 11, 16
MM, 36, 19, 16
MM, 431, 602, 16
MM, 1, 30, 17
MM, 436, 608, 16
MM, 436, 609, 49
MM, 437, 609, 9
MM, 438, 611, 15
MM, 50, 5, 16
MM, 52, 10, 16
MM, 54, 16, 16
MM, 56, 19, 16
MM, 57, 23, 16
MM, 58, 23, 32
MM, 59, 23, 64
MC, 1, 305
MM, 61, 23, 394
MM, 64, 23, 8
MM, 72, 23, 16
MM, 84, 21, 16
MM, 93, 19, 8
MM, 96, 19, 8
MM, 107, 16, 15
MM, 113, 14, 8
MM, 119, 13, 16
MM, 120, 13, 8
MM, 121, 13, 8
MM, 121, 12, 33
MM, 120, 11, 42
MM, 118, 11, 14
MM, 118, 10, 8
MM, 117, 10, 10
MM, 116, 10, 16
MM, 115, 10, 63
MM, 114, 10, 40
MM, 113, 10, 9
MM, 112, 9, 23
MM, 111, 9, 8
MM, 110, 8, 8
MM, 109, 8, 16
MM, 108, 7, 8
MM, 107, 7, 16
MM, 107, 6, 8
MM, 106, 6, 24
MM, 106, 5, 8
MM, 106, 4, 136
MM, 105, 3, 8
MM, 105, 2, 8
MM, 105, 1, 16
MM, 105, 0, 8
MM, 494, 611, 24
MM, 493, 610, 16
MM, 493, 608, 24
MM, 493, 607, 8
MM, 18, 29, 24
MM, 18, 28, 11
MM, 18, 26, 22
MM, 19, 25, 25
MM, 19, 24, 8
MM, 19, 23, 16
MM, 20, 23, 8
MM, 20, 22, 33
MM, 20, 21, 24
MM, 20, 20, 40
MM, 20, 19, 71
MM, 19, 19, 65
MM, 18, 19, 16
MM, 17, 19, 8
MM, 16, 19, 24
MM, 14, 19, 16
MM, 12, 19, 16
MM, 5, 19, 16
MM, 473, 595, 15
MM, 31, 18, 25
MM, 27, 18, 15
MM, 27, 19, 56
MM, 28, 19, 10
MM, 29, 19, 7
MM, 29, 20, 15
MM, 29, 19, 67
MM, 29, 17, 15
MM, 29, 16, 24
MM, 29, 15, 16
MM, 28, 14, 24
MM, 27, 14, 17
MM, 26, 14, 16
MM, 25, 14, 8
MM, 24, 14, 24
MM, 22, 14, 48
MC, 1, 216
MM, 21, 11, 201
MM, 19, 7, 8
MM, 15, 0, 17
MM, 18, 30, 16
MM, 17, 26, 16
MM, 16, 25, 8
MM, 15, 23, 16
MM, 13, 19, 24
MM, 11, 17, 8
MM, 6, 11, 16
MM, 0, 5, 16
MM, 424, 541, 8
MM, 419, 537, 16
MM, 416, 534, 16
MM, 414, 533, 8
MM, 16, 30, 7
MM, 15, 30, 41
MM, 15, 29, 8
MM, 15, 28, 24
MM, 14, 27, 16
MM, 13, 26, 23
MM, 13, 25, 24
MM, 13, 24, 32
MM, 13, 22, 17
MM, 12, 20, 23
MM, 11, 18, 16
MM, 10, 14, 24
MM, 8, 10, 24
MM, 8, 8, 17
MM, 8, 7, 24
MC, 1, 250
MM, 11, 7, 248
MM, 17, 7, 16
MM, 21, 8, 15
MM, 28, 9, 17
MM, 438, 512, 32
MM, 13, 10, 24
MM, 22, 10, 24
MM, 28, 10, 23
MM, 28, 9, 10
MM, 28, 8, 22
MM, 28, 7, 40
MM, 28, 6, 26
MM, 28, 5, 23
MM, 28, 4, 65
MC, 1, 216
MM, 30, 4, 312
MM, 481, 506, 16
MM, 25, 8, 24
MM, 520, 510, 18
MM, 15, 8, 23
MM, 21, 8, 18
MM, 23, 8, 16
MM, 25, 8, 16
MM, 24, 8, 159
MC, 1, 208
MM, 24, 9, 248
MM, 23, 21, 24
MM, 542, 537, 24
MM, 24, 15, 24
MM, 6, 6, 32
MM, 35, 27, 32
MM, 111, 5, 40
MM, 110, 11, 32
MM, 109, 12, 26
MM, 108, 13, 88
MM, 107, 13, 16
MM, 106, 13, 24
MM, 105, 13, 64
MM, 105, 12, 56
MM, 105, 11, 17
MM, 105, 10, 23
MC, 1, 225
MM, 105, 7, 338
MM, 104, 1, 7
MM, 18, 30, 8
MM, 14, 14, 16
MM, 10, 0, 16
MM, 14, 29, 8
MM, 12, 23, 16
MM, 12, 21, 8
MM, 12, 20, 8
MM, 13, 20, 80
MM, 14, 20, 17
MM, 15, 20, 16
MM, 14, 20, 63
MM, 13, 20, 8
MM, 12, 20, 8
MM, 10, 20, 17
MM, 9, 20, 8
MM, 8, 20, 8
MM, 7, 20, 8
MM, 8, 20, 111
MM, 9, 20, 16
MC, 1, 259
MM, 10, 20, 327
MM, 13, 20, 10
MM, 22, 18, 16
MM, 32, 14, 16
MM, 505, 552, 6
MM, 3, 8, 16
MM, 11, 5, 18
MM, 16, 2, 16
MM, 19, 1, 16
MM, 22, 0, 22
MM, 533, 538, 18
MM, 538, 536, 17
MM, 543, 533, 15
MM, 33, 24, 24
MM, 563, 523, 16
MM, 4, 17, 16
MM, 8, 16, 16
MM, 11, 15, 16
MM, 12, 14, 16
MM, 14, 14, 16
MM, 15, 14, 24
MM, 16, 14, 8
MM, 17, 14, 16
MM, 18, 13, 40
MM, 19, 13, 24
MM, 20, 13, 24
MM, 20, 12, 16
MC, 1, 257
MM, 20, 16, 225
MM, 18, 20, 8
MM, 17, 24, 8
MM, 16, 27, 9
MM, 20, 2, 16
MM, 16, 11, 16
MM, 13, 16, 8
MM, 10, 19, 8
MM, 8, 25, 16
MM, 6, 27, 8
MM, 5, 29, 8
MM, 3, 30, 16
MM, 2, 30, 16
MM, 554, 570, 8
MM, 552, 571, 16
MM, 550, 572, 15
MM, 548, 573, 8
MM, 546, 575, 17
MM, 544, 575, 16
MM, 26, 0, 16
MM, 26, 1, 8
MM, 26, 2, 16
MM, 25, 2, 16
MM, 25, 3, 121
MM, 25, 4, 16
MM, 25, 5, 40
MM, 24, 5, 16
MM, 24, 6, 8
MC, 1, 217
MC, 2, 248
MM, 23, 5, 619
MM, 537, 574, 16
MM, 24, 30, 16
MM, 23, 23, 24
MM, 23, 20, 16
MM, 23, 18, 16
MM, 24, 17, 24
MM, 25, 16, 16
MM, 26, 15, 16
MM, 27, 15, 8
MM, 28, 12, 32
MM, 28, 4, 24
MM, 539, 535, 16
MM, 16, 27, 17
MM, 16, 21, 23
MM, 16, 19, 16
MM, 17, 18, 8
MC, 1, 395
MM, 19, 18, 183
MM, 573, 533, 16
MM, 33, 25, 24
MM, 683, 588, 16
MM, 719, 604, 16
MM, 751, 614, 16
MM, 774, 623, 16
MM, 787, 628, 16
MM, 794, 630, 8
MM, 809, 636, 32
MM, 819, 642, 32
MM, 824, 647, 26
MM, 829, 651, 33
MM, 834, 653, 24
MM, 836, 654, 24
MM, 838, 654, 16
MM, 840, 655, 23
MM, 842, 655, 33
MM, 1, 5, 16
MM, 10, 5, 39
MM, 21, 4, 33
MM, 24, 4, 15
MM, 28, 4, 8
MM, 867, 649, 467
MM, 849, 637, 16
MM, 827, 618, 15
MM, 787, 588, 24
MM, 737, 557, 24
MM, 717, 547, 8
MM, 34, 2, 233
MM, 4, 9, 15
MM, 370, 67, 26
********************************************************************************
LOGGING TIME: 20161113_100735
CLIENT IP: 127.0.0.1
USERNAME: Elon Musk
OS: Windows 10
**********************************Emotional database********************************************************************************
MM, 582, 628, 1477468750654
MM, 239, 77, 24
MM, 457, 324, 16
MM, 151, 8, 24
MM, 396, 201, 16
MM, 378, 166, 24
MM, 372, 157, 15
MM, 371, 154, 24
MM, 371, 155, 80
MM, 371, 159, 24
MM, 371, 162, 17
MM, 372, 170, 24
MM, 373, 177, 16
MM, 373, 183, 16
MM, 373, 189, 24
MM, 373, 191, 16
MM, 373, 193, 8
MM, 373, 196, 32
MM, 373, 198, 24
MM, 373, 204, 24
MM, 371, 214, 24
MM, 367, 226, 16
MM, 98, 12, 24
MM, 92, 25, 16
MM, 89, 35, 24
MM, 87, 40, 16
MM, 87, 41, 8
MC, 1, 235
MM, 87, 44, 37943
MM, 87, 54, 16
MM, 87, 78, 23
MM, 352, 333, 24
MM, 351, 345, 16
MM, 83, 0, 16
MM, 80, 11, 24
MM, 79, 14, 16
MM, 79, 15, 16
MM, 79, 16, 24
MM, 79, 17, 16
MM, 79, 22, 16
MM, 79, 30, 27
MM, 79, 36, 21
MM, 79, 37, 11
MC, 1, 216
MM, 80, 37, 215
MM, 91, 48, 16
MM, 107, 57, 26
MM, 132, 72, 14
MM, 433, 452, 26
MM, 34, 10, 16
MM, 514, 500, 24
MM, 18, 13, 24
MM, 28, 20, 16
MM, 33, 23, 16
MM, 559, 526, 16
MM, 560, 526, 16
MM, 1, 28, 32
MM, 570, 534, 16
MM, 32, 9, 32
MM, 596, 557, 24
MM, 6, 23, 16
MM, 25, 30, 32
MM, 631, 572, 16
MM, 641, 575, 24
MM, 4, 0, 16
MM, 6, 1, 16
MM, 6, 2, 16
MM, 6, 3, 33
MM, 4, 3, 7
MM, 3, 3, 16
MM, 2, 4, 8
MM, 1, 4, 8
MM, 0, 4, 80
MM, 639, 580, 10
MM, 638, 580, 23
MM, 638, 579, 7
MM, 637, 577, 16
MM, 635, 576, 10
MM, 635, 575, 6
MM, 32, 30, 16
MM, 23, 24, 16
MM, 14, 21, 16
MM, 11, 21, 10
MM, 2, 20, 16
MM, 591, 559, 16
MM, 32, 20, 15
MM, 29, 21, 17
MM, 28, 21, 8
MM, 27, 24, 16
MM, 27, 26, 15
MM, 27, 27, 10
MM, 27, 28, 32
MM, 27, 29, 56
MM, 28, 29, 15
MM, 29, 30, 16
MM, 584, 570, 24
MM, 585, 571, 8
MM, 585, 574, 41
MM, 585, 575, 15
MM, 25, 0, 8
MM, 25, 2, 40
MM, 25, 3, 8
MM, 25, 4, 33
MC, 1, 192
MM, 21, 2, 215
MM, 568, 571, 16
MM, 29, 19, 24
MM, 15, 13, 24
MM, 5, 8, 16
MM, 507, 544, 16
MM, 497, 538, 25
MM, 491, 533, 15
MM, 5, 29, 24
MM, 1, 27, 16
MM, 476, 527, 41
MM, 33, 24, 16
MM, 28, 23, 31
MM, 27, 23, 25
MM, 26, 22, 8
MC, 1, 264
MM, 26, 23, 184
MM, 7, 3, 23
MM, 20, 14, 16
MM, 512, 571, 24
MM, 13, 6, 16
MM, 555, 591, 16
MM, 18, 18, 27
MM, 26, 18, 15
MM, 34, 18, 14
MM, 602, 595, 26
MM, 1, 19, 16
MM, 4, 20, 24
MM, 5, 22, 16
MM, 7, 23, 25
MM, 12, 25, 23
MM, 19, 27, 16
MM, 29, 30, 24
MM, 636, 607, 16
MM, 639, 607, 24
MM, 641, 608, 17
MM, 642, 608, 24
MM, 643, 608, 7
MM, 646, 608, 24
MM, 8, 30, 16
MM, 16, 26, 24
MM, 23, 23, 24
MM, 29, 21, 24
MM, 671, 596, 16
MM, 672, 595, 8
MM, 672, 594, 24
MM, 30, 17, 25
MM, 29, 17, 8
MC, 1, 216
MM, 28, 17, 250
MM, 24, 17, 15
MM, 22, 17, 16
MM, 19, 17, 16
MM, 15, 16, 24
MM, 14, 15, 16
MM, 11, 15, 546
MM, 1, 12, 25
MM, 25, 11, 15
MM, 14, 9, 16
MM, 31, 9, 26
MM, 6, 13, 22
MM, 33, 17, 16
MM, 19, 22, 26
MM, 13, 23, 16
MM, 10, 24, 24
MM, 9, 24, 24
MM, 9, 25, 9
MM, 8, 25, 31
MM, 7, 25, 17
MM, 6, 25, 7
MM, 5, 25, 16
MM, 4, 25, 8
MM, 3, 25, 16
MM, 2, 25, 16
MM, 1, 25, 8
MM, 516, 601, 16
MM, 514, 601, 8
MM, 511, 601, 16
MM, 31, 24, 16
MM, 25, 23, 16
MM, 21, 22, 17
MM, 18, 22, 8
MM, 13, 20, 16
MM, 12, 20, 8
MM, 12, 19, 16
MM, 11, 19, 16
MM, 10, 19, 16
MM, 10, 18, 8
MC, 1, 224
MM, 10, 16, 169
MM, 6, 11, 8
MM, 471, 575, 17
MM, 34, 22, 15
MM, 18, 2, 24
MM, 442, 538, 8
MM, 434, 527, 16
MM, 32, 19, 16
MM, 30, 17, 9
MM, 28, 15, 8
MM, 26, 14, 24
MM, 25, 14, 8
MM, 26, 14, 114
MM, 27, 14, 32
MM, 26, 14, 71
MM, 25, 14, 8
MM, 24, 14, 16
MM, 22, 14, 16
MC, 1, 217
MM, 21, 14, 177
MM, 19, 14, 6
MM, 13, 14, 10
MM, 0, 18, 16
MM, 37, 21, 8
MM, 26, 25, 16
MM, 16, 29, 16
MM, 365, 533, 8
MM, 361, 537, 16
MM, 361, 538, 8
MM, 16, 0, 16
MM, 16, 1, 16
MM, 15, 1, 32
MM, 14, 1, 48
MM, 13, 1, 16
MM, 12, 1, 8
MM, 12, 2, 81
MM, 12, 3, 8
MC, 1, 192
MM, 17, 3, 274
MM, 23, 5, 8
MM, 0, 12, 16
MM, 15, 17, 16
MM, 426, 561, 16
MM, 21, 25, 16
MM, 469, 566, 16
MM, 9, 28, 16
MM, 496, 571, 24
MM, 500, 572, 8
MM, 505, 573, 16
MM, 508, 574, 8
MM, 512, 576, 16
MM, 516, 577, 8
MM, 5, 3, 15
MM, 12, 6, 17
MM, 17, 8, 16
MM, 22, 10, 10
MM, 28, 13, 23
MM, 31, 15, 16
MM, 34, 16, 16
MM, 34, 17, 8
MM, 36, 17, 32
MM, 554, 593, 16
MM, 555, 593, 24
MM, 36, 15, 73
MM, 34, 14, 7
MC, 1, 305
MM, 34, 16, 619
MM, 33, 18, 8
MM, 28, 25, 16
MM, 148, 0, 16
MM, 138, 8, 24
MM, 135, 11, 8
MM, 130, 16, 16
MM, 126, 20, 16
MM, 123, 21, 16
MM, 121, 22, 16
MM, 121, 23, 8
MM, 120, 23, 24
MC, 1, 201
MM, 119, 23, 202
MM, 104, 18, 15
MM, 82, 7, 16
MM, 69, 1, 8
MM, 26, 18, 24
MM, 15, 14, 16
MM, 6, 9, 16
MM, 1, 6, 17
MM, 0, 6, 23
MM, 390, 581, 16
MM, 0, 5, 72
MM, 0, 4, 74
MM, 0, 3, 39
MM, 0, 2, 17
MM, 0, 1, 8
MM, 0, 0, 24
MM, 391, 575, 24
MM, 391, 574, 40
MM, 391, 573, 32
MM, 391, 572, 24
MM, 392, 572, 48
MM, 393, 572, 16
MM, 394, 572, 16
MM, 394, 571, 112
MM, 394, 570, 16
MM, 9, 30, 8
MM, 8, 29, 24
MM, 8, 27, 16
MM, 8, 26, 27
MM, 8, 25, 16
MM, 8, 24, 29
MM, 9, 24, 10
MM, 10, 23, 16
MM, 11, 22, 8
MM, 12, 22, 16
MM, 12, 21, 16
MM, 12, 18, 16
MC, 1, 210
MM, 12, 15, 216
MM, 12, 12, 6
MM, 12, 7, 18
MM, 13, 2, 16
MM, 14, 0, 6
MM, 400, 537, 18
MM, 401, 533, 16
MM, 6, 26, 16
MM, 7, 21, 24
MM, 8, 19, 16
MM, 10, 18, 16
MM, 10, 17, 8
MM, 11, 16, 24
MM, 12, 16, 16
MM, 12, 15, 32
MM, 12, 14, 17
MM, 13, 14, 7
MM, 14, 11, 16
MM, 15, 9, 16
MM, 16, 7, 16
MM, 16, 5, 16
MM, 16, 4, 8
MM, 16, 3, 16
MM, 16, 2, 24
MC, 1, 291
MC, 1, 666
MM, 16, 3, 555
MM, 16, 10, 16
MM, 12, 17, 16
MM, 10, 21, 6
MM, 7, 29, 18
MM, 15, 0, 16
MM, 12, 9, 24
MM, 10, 12, 16
MM, 10, 14, 8
MM, 10, 15, 16
MC, 1, 321
MM, 10, 17, 241
MM, 15, 21, 9
MM, 21, 29, 15
MM, 23, 0, 17
MM, 29, 6, 24
MM, 31, 9, 16
MM, 32, 10, 16
MM, 33, 11, 16
MM, 35, 13, 26
MM, 428, 592, 5
MM, 430, 597, 16
MM, 433, 601, 18
MM, 1, 30, 16
MM, 436, 608, 16
MM, 436, 610, 16
MM, 436, 611, 176
MP, 1, 177
MR, 1, 0
MC, 1, 0
MM, 46, 0, 281
MM, 46, 2, 16
MM, 46, 5, 16
MM, 46, 6, 8
MM, 46, 8, 8
MM, 46, 11, 24
MM, 46, 12, 16
MM, 46, 13, 17
MM, 46, 14, 16
MM, 44, 14, 31
MC, 1, 185
MM, 44, 12, 305
MM, 50, 3, 8
MM, 20, 18, 16
MM, 2, 21, 26
MM, 9, 6, 16
MM, 485, 533, 16
MM, 5, 24, 16
MM, 7, 22, 16
MM, 7, 21, 8
MM, 7, 22, 104
MM, 7, 23, 33
MM, 7, 24, 7
MM, 7, 25, 25
MC, 1, 280
MM, 8, 25, 233
MM, 11, 25, 8
MM, 25, 29, 16
MM, 522, 537, 16
MM, 27, 5, 16
MM, 551, 550, 16
MM, 15, 18, 24
MM, 21, 21, 16
MM, 25, 23, 24
MM, 26, 23, 8
MM, 27, 23, 50
MM, 27, 24, 32
MC, 1, 265
MM, 25, 24, 207
MM, 17, 19, 16
MM, 13, 17, 10
MM, 6, 14, 16
MM, 549, 548, 16
MM, 11, 3, 22
MM, 2, 2, 10
MM, 23, 0, 16
MM, 473, 537, 16
MM, 463, 537, 16
MM, 447, 535, 24
MM, 439, 533, 16
MM, 34, 29, 16
MM, 28, 27, 16
MM, 20, 24, 24
MM, 16, 23, 16
MM, 13, 23, 16
MM, 12, 22, 8
MM, 11, 22, 16
MM, 9, 22, 24
MM, 8, 22, 24
MM, 7, 22, 8
MM, 6, 22, 16
MC, 1, 193
MM, 6, 24, 266
MM, 28, 5, 16
MM, 32, 0, 23
MM, 431, 601, 24
MM, 43, 6, 24
MM, 43, 13, 16
MM, 43, 17, 16
MM, 43, 20, 24
MM, 42, 20, 40
MM, 41, 20, 34
MM, 40, 20, 22
MM, 40, 19, 33
MM, 40, 18, 33
MM, 39, 18, 8
MM, 39, 17, 32
MM, 39, 15, 16
MM, 39, 14, 16
MM, 39, 13, 16
MC, 1, 225
MM, 38, 12, 225
MM, 34, 8, 16
MM, 29, 4, 16
MM, 413, 612, 16
MM, 409, 608, 24
MM, 16, 29, 16
MM, 13, 27, 24
MM, 11, 26, 24
MM, 10, 24, 16
MM, 10, 23, 8
MM, 6, 17, 40
MM, 390, 580, 32
MM, 385, 572, 34
MM, 384, 571, 6
MM, 385, 571, 75
MM, 386, 572, 15
MM, 388, 572, 8
MM, 390, 574, 16
MM, 391, 575, 8
MM, 3, 1, 16
MM, 6, 3, 16
MM, 7, 5, 16
MM, 8, 5, 9
MM, 9, 6, 15
MM, 10, 7, 8
MM, 11, 7, 16
MM, 12, 8, 8
MM, 13, 8, 24
MM, 14, 9, 8
MM, 14, 10, 8
MM, 14, 11, 48
MM, 13, 11, 25
MC, 1, 184
MM, 14, 11, 209
MM, 22, 11, 8
MM, 9, 1, 17
MM, 34, 30, 7
MM, 10, 4, 24
MM, 550, 533, 16
MM, 9, 23, 16
MM, 32, 16, 16
MM, 604, 515, 8
MM, 9, 11, 16
MM, 18, 9, 26
MM, 19, 9, 6
MM, 21, 9, 10
MM, 22, 9, 16
MM, 23, 9, 176
MM, 24, 9, 24
MM, 25, 9, 8
MM, 26, 9, 16
MM, 28, 9, 8
MM, 29, 9, 16
MM, 30, 10, 8
MM, 638, 512, 8
MM, 640, 512, 24
MM, 641, 512, 8
MM, 643, 512, 16
MM, 0, 10, 8
MM, 3, 10, 16
MM, 4, 10, 18
MM, 5, 11, 14
MC, 1, 323
MM, 6, 11, 185
MM, 14, 12, 8
MM, 683, 520, 16
MM, 18, 19, 18
MM, 729, 521, 14
MM, 745, 521, 16
MM, 760, 521, 16
MM, 763, 521, 8
MM, 766, 521, 8
MM, 767, 520, 16
MM, 766, 520, 121
MM, 764, 520, 15
MM, 762, 520, 16
MM, 761, 520, 8
MM, 757, 520, 18
MM, 752, 518, 16
MM, 749, 518, 8
MM, 744, 517, 16
MM, 743, 517, 6
MM, 739, 517, 18
MM, 738, 517, 16
MM, 737, 517, 8
MM, 736, 517, 81
MM, 735, 517, 31
MM, 734, 517, 16
MM, 733, 517, 24
MM, 731, 516, 16
MM, 730, 516, 8
MM, 728, 516, 8
MM, 726, 515, 16
MM, 724, 515, 8
MM, 35, 13, 24
MM, 34, 13, 8
MM, 33, 13, 24
MM, 32, 13, 16
MM, 30, 13, 18
MM, 27, 13, 14
MM, 23, 13, 18
MM, 20, 13, 16
MM, 19, 13, 8
MM, 17, 13, 24
MM, 16, 13, 24
MC, 1, 249
MM, 15, 13, 201
MM, 3, 13, 16
MM, 18, 16, 16
MM, 23, 21, 16
MM, 26, 30, 24
MM, 8, 0, 24
MM, 34, 4, 24
MM, 28, 5, 16
MM, 21, 6, 24
MM, 17, 6, 16
MM, 8, 6, 24
MM, 3, 6, 16
MM, 508, 545, 16
MM, 32, 6, 16
MM, 22, 6, 24
MM, 14, 6, 16
MM, 5, 6, 16
MM, 464, 543, 24
MM, 32, 3, 16
MM, 26, 3, 24
MM, 22, 3, 16
MM, 15, 3, 24
MM, 7, 3, 24
MM, 3, 3, 16
MM, 426, 542, 16
MM, 422, 542, 16
MM, 31, 3, 26
MM, 24, 2, 16
MM, 12, 0, 15
MM, 384, 538, 25
MM, 375, 537, 16
MM, 365, 537, 24
MM, 362, 537, 16
MM, 361, 537, 8
MM, 360, 537, 24
MM, 359, 538, 32
MM, 15, 0, 8
MM, 15, 1, 24
MM, 15, 2, 8
MM, 16, 3, 32
MM, 19, 3, 24
MM, 21, 4, 16
MM, 26, 6, 24
MM, 31, 8, 24
MM, 380, 549, 16
MM, 383, 551, 16
MM, 0, 13, 16
MM, 3, 14, 24
MM, 4, 15, 8
MM, 4, 16, 16
MM, 4, 17, 26
MM, 5, 17, 8
MM, 6, 17, 32
MM, 7, 17, 73
MC, 1, 328
MM, 8, 18, 241
MM, 13, 26, 16
MM, 402, 574, 16
MM, 17, 9, 16
MM, 21, 21, 24
MM, 23, 27, 16
MM, 416, 607, 24
MM, 416, 608, 8
MM, 416, 609, 24
MM, 417, 610, 24
MM, 418, 610, 24
MM, 418, 611, 8
MM, 418, 612, 40
MM, 28, 0, 16
MM, 28, 1, 24
MM, 28, 2, 48
MM, 28, 3, 10
MM, 28, 4, 22
MM, 28, 5, 10
MM, 27, 5, 16
MM, 27, 6, 96
MM, 27, 7, 56
MM, 28, 7, 24
MM, 28, 8, 8
MC, 1, 242
MM, 28, 6, 352
MM, 414, 608, 16
MM, 16, 17, 16
MM, 11, 5, 18
MM, 396, 571, 16
MM, 8, 26, 17
MM, 6, 23, 15
MM, 4, 22, 16
MM, 4, 21, 8
MM, 3, 21, 73
MM, 2, 21, 7
MM, 0, 21, 16
MM, 384, 560, 8
MM, 383, 560, 8
MM, 382, 560, 16
MM, 381, 560, 16
MM, 380, 560, 24
MM, 379, 560, 32
MM, 33, 21, 8
MM, 30, 21, 16
MM, 28, 20, 8
MM, 25, 20, 24
MM, 24, 19, 18
MM, 22, 18, 6
MM, 21, 18, 16
MM, 18, 17, 16
MM, 17, 17, 10
MM, 15, 17, 8
MC, 1, 225
MM, 16, 17, 209
MM, 21, 17, 8
MM, 34, 21, 16
MM, 1, 24, 8
MM, 14, 27, 16
MM, 417, 571, 24
MM, 425, 573, 16
MM, 432, 574, 16
MM, 7, 1, 16
MM, 15, 3, 16
MM, 27, 7, 16
MM, 1, 14, 16
MM, 8, 17, 16
MM, 14, 19, 16
MM, 17, 20, 8
MM, 21, 21, 16
MM, 22, 21, 8
MM, 23, 22, 24
MM, 24, 22, 24
MM, 24, 23, 24
MM, 25, 23, 115
MM, 26, 23, 23
MM, 27, 23, 14
MM, 28, 23, 18
MM, 30, 23, 8
MM, 33, 24, 16
MM, 511, 600, 8
MM, 516, 601, 16
MM, 6, 25, 16
MM, 10, 25, 16
MM, 15, 26, 16
MM, 17, 26, 16
MM, 18, 26, 8
MM, 19, 26, 16
MC, 1, 283
MM, 19, 25, 415
MM, 16, 23, 10
MM, 13, 22, 8
MM, 2, 18, 16
MM, 33, 14, 16
MM, 18, 11, 16
MM, 0, 7, 16
MM, 33, 6, 8
MM, 17, 3, 16
MM, 9, 1, 16
MM, 433, 575, 16
MM, 426, 573, 16
MM, 423, 572, 16
MM, 421, 572, 8
MM, 419, 571, 24
MM, 419, 570, 16
MM, 418, 570, 8
MM, 33, 30, 64
MM, 33, 29, 48
MM, 35, 29, 32
MM, 423, 568, 16
MM, 0, 29, 16
MM, 4, 29, 18
MM, 5, 29, 6
MM, 9, 29, 16
MM, 12, 29, 18
MM, 13, 29, 8
MM, 14, 29, 22
MM, 14, 28, 10
MM, 15, 28, 8
MM, 15, 27, 32
MM, 16, 26, 16
MM, 17, 25, 16
MM, 17, 24, 32
MM, 17, 23, 8
MM, 17, 22, 8
MM, 17, 21, 24
MM, 17, 20, 16
MM, 17, 19, 8
MM, 16, 19, 80
MC, 1, 185
MM, 16, 22, 273
MM, 16, 27, 8
MM, 9, 4, 16
MM, 8, 23, 24
MM, 51, 0, 16
MM, 49, 10, 16
MM, 48, 14, 16
MM, 48, 17, 16
MM, 47, 17, 32
MM, 46, 17, 16
MM, 45, 17, 27
MM, 45, 16, 13
MM, 45, 15, 18
MM, 45, 14, 30
MM, 45, 13, 18
MM, 45, 12, 40
MC, 1, 281
MM, 47, 12, 265
MM, 50, 10, 8
MM, 61, 4, 16
MM, 460, 611, 16
MM, 33, 28, 16
MM, 473, 598, 16
MM, 3, 15, 16
MM, 7, 9, 16
MM, 11, 4, 16
MM, 13, 0, 18
MM, 490, 572, 22
MM, 490, 571, 16
MM, 23, 28, 16
MM, 28, 21, 18
MM, 33, 14, 16
MM, 508, 544, 16
MM, 512, 538, 16
MM, 514, 534, 16
MM, 515, 533, 8
MM, 33, 29, 16
MM, 33, 27, 16
MM, 33, 26, 25
MM, 33, 25, 15
MM, 33, 24, 16
MM, 33, 23, 25
MM, 32, 21, 7
MM, 31, 19, 16
MM, 28, 13, 16
MM, 24, 6, 16
MM, 22, 3, 8
MM, 500, 500, 16
MM, 498, 497, 16
MM, 498, 496, 8
MM, 498, 497, 80
MM, 499, 498, 16
MM, 499, 499, 26
MM, 499, 500, 8
MM, 499, 501, 24
MM, 17, 0, 8
MM, 17, 2, 16
MM, 17, 4, 8
MM, 17, 7, 24
MM, 17, 9, 16
MM, 17, 10, 8
MM, 17, 11, 16
MM, 17, 13, 16
MC, 1, 256
MM, 15, 13, 219
MM, 11, 13, 7
MM, 4, 13, 16
MM, 480, 515, 16
MM, 36, 13, 24
MM, 34, 13, 16
MM, 33, 13, 16
MM, 32, 13, 24
MM, 30, 13, 16
MM, 29, 13, 16
MM, 27, 13, 8
MM, 26, 13, 16
MM, 25, 13, 8
MM, 24, 13, 24
MM, 22, 13, 67
MM, 20, 13, 15
MM, 17, 13, 16
MM, 14, 13, 6
MM, 8, 13, 16
MM, 6, 13, 10
MC, 1, 320
MM, 13, 13, 450
MM, 30, 15, 16
MM, 3, 16, 8
MM, 9, 19, 26
MM, 2, 19, 22
MM, 20, 19, 16
MM, 29, 19, 16
MM, 32, 19, 18
MM, 33, 19, 8
MM, 34, 18, 64
MM, 36, 18, 19
MM, 603, 519, 21
MM, 0, 16, 24
MM, 4, 16, 16
MM, 6, 16, 16
MM, 8, 16, 16
MM, 10, 16, 24
MM, 11, 16, 40
MM, 11, 15, 25
MM, 11, 14, 95
MC, 1, 194
MM, 7, 14, 240
MM, 32, 10, 16
MM, 563, 507, 26
MM, 16, 3, 13
MM, 23, 3, 27
MM, 1, 2, 16
MM, 460, 500, 15
MM, 431, 492, 24
MM, 30, 24, 16
MM, 20, 20, 17
MM, 15, 18, 24
MM, 14, 18, 8
MM, 14, 17, 8
MM, 13, 17, 56
MM, 13, 18, 72
MM, 14, 19, 8
MM, 16, 20, 16
MM, 17, 22, 16
MM, 19, 23, 16
MM, 19, 24, 8
MM, 21, 25, 26
MM, 21, 26, 22
MM, 22, 27, 10
MM, 23, 29, 16
MM, 416, 499, 24
MM, 20, 0, 16
MM, 20, 2, 16
MM, 21, 4, 16
MM, 21, 5, 80
MM, 21, 6, 32
MM, 21, 7, 16
MM, 20, 7, 80
MC, 1, 195
MM, 20, 8, 223
MM, 18, 12, 8
MM, 11, 22, 18
MM, 8, 29, 16
MM, 16, 0, 16
MM, 14, 5, 16
MM, 13, 7, 8
MM, 13, 9, 24
MM, 13, 10, 24
MM, 13, 11, 64
MM, 13, 12, 32
MC, 1, 283
MM, 14, 13, 249
MM, 18, 18, 14
MM, 21, 21, 8
MM, 27, 27, 18
MM, 415, 570, 16
MM, 28, 0, 16
MM, 33, 8, 24
MM, 35, 11, 16
MM, 36, 15, 16
MM, 428, 592, 24
MM, 428, 593, 8
MM, 428, 594, 32
MM, 429, 595, 16
MM, 429, 596, 16
MM, 429, 597, 32
MM, 429, 598, 8
MM, 429, 599, 24
MM, 429, 600, 32
MM, 429, 601, 8
MM, 429, 603, 23
MM, 429, 604, 9
MM, 429, 606, 26
MM, 429, 607, 6
MM, 429, 609, 26
MM, 430, 611, 16
MM, 40, 0, 16
MM, 40, 1, 16
MM, 40, 2, 8
MM, 40, 5, 24
MM, 40, 6, 24
MM, 40, 8, 8
MM, 40, 10, 24
MM, 40, 11, 8
MM, 39, 11, 64
MC, 1, 195
MM, 45, 8, 255
MM, 51, 3, 8
MM, 453, 607, 16
MM, 469, 591, 24
MM, 0, 9, 16
MM, 4, 4, 16
MM, 485, 570, 26
MM, 20, 16, 24
MM, 25, 1, 16
MM, 15, 27, 16
MM, 21, 13, 24
MM, 25, 7, 16
MM, 27, 5, 16
MM, 30, 5, 16
MM, 32, 5, 16
MM, 33, 5, 8
MM, 34, 5, 16
MM, 517, 507, 24
MM, 517, 508, 56
MM, 34, 6, 112
MM, 33, 7, 18
MM, 31, 8, 14
MM, 30, 9, 16
MM, 28, 9, 10
MM, 26, 9, 22
MM, 25, 9, 10
MM, 23, 9, 32
MM, 23, 11, 16
MC, 1, 185
MM, 27, 12, 289
MM, 521, 515, 16
MM, 20, 13, 16
MM, 8, 14, 24
MM, 27, 14, 16
MM, 602, 516, 16
MM, 1, 15, 24
MM, 2, 15, 24
MM, 3, 15, 40
MM, 4, 15, 48
MM, 5, 15, 24
MM, 6, 15, 8
MM, 8, 15, 26
MM, 10, 15, 16
MM, 12, 15, 16
MM, 15, 15, 16
MM, 17, 15, 16
MM, 20, 15, 16
MM, 23, 15, 16
MM, 28, 15, 15
MM, 642, 517, 17
MM, 11, 15, 24
MM, 20, 17, 23
MM, 24, 17, 16
MM, 28, 17, 24
MM, 29, 17, 49
MM, 29, 16, 7
MC, 1, 251
MM, 29, 17, 378
MM, 25, 24, 16
MM, 21, 30, 16
MM, 21, 4, 16
MM, 16, 13, 16
MM, 8, 22, 15
MM, 636, 570, 16
MM, 18, 3, 24
MM, 7, 7, 16
MM, 601, 585, 16
MM, 26, 12, 25
MM, 17, 14, 24
MM, 7, 17, 16
MM, 1, 19, 16
MM, 555, 598, 16
MM, 29, 27, 24
MM, 536, 608, 24
MM, 531, 611, 16
MM, 138, 0, 16
MM, 134, 2, 16
MM, 132, 4, 16
MM, 129, 5, 16
MM, 126, 7, 24
MM, 125, 8, 16
MM, 123, 9, 16
MM, 123, 10, 26
MM, 122, 10, 8
MC, 1, 264
MM, 126, 10, 226
MM, 536, 612, 16
MM, 3, 23, 16
MM, 23, 14, 16
MM, 7, 1, 24
MM, 624, 570, 16
MM, 631, 565, 16
MM, 2, 20, 24
MM, 9, 12, 24
MM, 15, 7, 16
MM, 21, 1, 16
MM, 23, 28, 24
MM, 28, 23, 16
MM, 31, 17, 16
MM, 34, 13, 16
MM, 36, 11, 16
MM, 682, 511, 16
MM, 684, 511, 16
MM, 686, 511, 18
MM, 1, 9, 24
MM, 4, 9, 24
MM, 6, 9, 16
MM, 8, 9, 8
MM, 11, 9, 24
MM, 12, 9, 16
MM, 13, 10, 8
MM, 13, 9, 72
MM, 13, 8, 8
MC, 1, 193
MM, 11, 10, 209
MM, 2, 18, 16
MM, 36, 28, 16
MM, 35, 0, 16
MM, 31, 8, 24
MM, 30, 10, 24
MM, 30, 11, 16
MM, 31, 12, 72
MM, 32, 12, 8
MM, 33, 12, 16
MM, 35, 12, 24
MM, 673, 551, 18
MM, 675, 551, 16
MM, 678, 551, 22
MM, 2, 12, 16
MM, 7, 12, 26
MM, 10, 12, 15
MM, 13, 12, 17
MM, 14, 12, 24
MM, 15, 12, 88
MC, 1, 200
MM, 12, 12, 274
MM, 674, 550, 16
MM, 31, 8, 24
MM, 594, 547, 16
MM, 548, 547, 24
MM, 13, 8, 15
MM, 510, 547, 17
MM, 17, 8, 26
MM, 4, 9, 16
MM, 35, 9, 16
MM, 20, 9, 24
MM, 9, 8, 16
MM, 423, 544, 24
MM, 27, 5, 24
MM, 19, 5, 24
MM, 12, 4, 16
MM, 9, 4, 16
MM, 4, 4, 15
MM, 383, 543, 25
MM, 379, 543, 15
MM, 33, 4, 17
MM, 32, 4, 8
MM, 29, 4, 24
MM, 26, 4, 24
MM, 24, 4, 24
MM, 23, 4, 16
MC, 1, 314
MM, 24, 4, 242
MM, 380, 543, 16
MM, 23, 4, 24
MM, 5, 1, 16
MM, 448, 538, 16
MM, 32, 30, 24
MM, 481, 529, 24
MM, 4, 26, 24
MM, 4, 25, 8
MM, 7, 25, 32
MM, 11, 25, 16
MM, 14, 25, 16
MM, 18, 25, 16
MM, 23, 24, 16
MM, 29, 24, 24
MM, 31, 24, 16
MM, 33, 24, 8
MM, 518, 526, 24
MM, 2, 24, 32
MM, 12, 24, 24
MM, 17, 24, 15
MM, 22, 24, 17
MM, 23, 24, 16
MM, 24, 24, 10
MM, 25, 24, 24
MM, 25, 23, 23
MC, 1, 282
MM, 25, 27, 305
MM, 35, 3, 16
MM, 28, 27, 32
MM, 17, 7, 24
MM, 11, 23, 40
MM, 4, 30, 24
MM, 126, 0, 24
MM, 124, 3, 24
MM, 123, 4, 32
MM, 122, 4, 42
MM, 122, 5, 8
MM, 121, 6, 24
MM, 120, 6, 24
MM, 120, 7, 16
MM, 120, 8, 32
MM, 119, 8, 56
MC, 1, 184
MM, 119, 3, 178
MM, 27, 5, 24
MM, 27, 11, 24
MM, 13, 30, 24
MM, 13, 25, 16
MM, 13, 24, 24
MM, 12, 24, 120
MM, 11, 24, 113
MM, 10, 24, 39
MM, 9, 24, 10
MM, 8, 24, 15
MM, 7, 24, 24
MM, 5, 24, 24
MM, 4, 24, 25
MM, 3, 24, 16
MM, 2, 24, 8
MM, 1, 24, 32
MM, 0, 24, 16
MM, 0, 23, 24
MM, 481, 526, 202
MM, 477, 531, 16
MM, 473, 537, 16
MM, 469, 544, 16
MM, 467, 551, 16
MM, 465, 556, 16
MM, 464, 562, 16
MM, 464, 569, 24
MM, 464, 573, 24
MM, 464, 574, 8
MM, 463, 574, 24
MM, 462, 574, 24
MM, 461, 574, 24
MM, 460, 574, 55
MM, 459, 574, 41
MM, 457, 574, 234
MM, 454, 575, 16
MM, 450, 575, 16
MM, 13, 1, 24
MM, 12, 2, 16
MM, 12, 3, 16
MM, 12, 4, 8
MM, 12, 7, 24
MM, 12, 8, 16
MM, 12, 9, 16
MM, 12, 10, 16
MM, 11, 10, 39
MM, 10, 10, 24
MM, 9, 10, 18
MM, 7, 10, 17
MM, 2, 12, 21
MM, 433, 588, 18
MM, 430, 589, 16
MM, 428, 589, 25
MM, 36, 13, 8
MM, 35, 13, 64
MM, 33, 13, 16
MM, 30, 13, 16
MM, 27, 13, 24
MM, 25, 13, 16
MM, 24, 13, 8
MC, 1, 234
MM, 30, 13, 258
MM, 3, 11, 16
MM, 34, 3, 24
MM, 490, 573, 15
MM, 506, 570, 17
MM, 15, 26, 23
MM, 23, 24, 16
MM, 26, 23, 17
MM, 27, 23, 8
MM, 28, 23, 16
MM, 28, 22, 8
MM, 29, 22, 56
MM, 30, 22, 8
MM, 32, 22, 24
MM, 33, 22, 8
MM, 34, 22, 16
MM, 35, 22, 16
MM, 35, 21, 47
MM, 36, 21, 8
MM, 548, 559, 25
MM, 550, 559, 16
MM, 551, 559, 18
MM, 553, 559, 16
MM, 1, 20, 16
MM, 3, 20, 16
MM, 5, 20, 16
MM, 7, 20, 16
MM, 8, 19, 8
MM, 9, 19, 24
MM, 10, 19, 16
MM, 11, 19, 40
MM, 11, 18, 40
MM, 11, 17, 16
MM, 11, 16, 24
MC, 1, 202
MM, 15, 15, 242
MM, 23, 10, 8
MM, 592, 539, 15
MM, 2, 24, 16
MM, 20, 8, 24
MM, 27, 0, 16
MM, 638, 499, 17
MM, 639, 496, 15
MM, 639, 497, 187
MM, 639, 498, 32
MM, 639, 499, 7
MM, 639, 500, 8
MM, 30, 0, 24
MM, 30, 2, 16
MM, 28, 3, 17
MM, 27, 5, 16
MM, 27, 6, 8
MM, 25, 8, 24
MM, 25, 9, 8
MM, 24, 11, 24
MM, 24, 12, 16
MM, 22, 14, 15
MM, 21, 15, 24
MM, 17, 17, 16
MC, 1, 204
MM, 22, 19, 232
MM, 2, 27, 17
MM, 35, 3, 23
MM, 5, 9, 16
MM, 19, 15, 25
MM, 22, 16, 7
MM, 25, 17, 17
MM, 28, 18, 16
MM, 29, 18, 15
MM, 30, 18, 48
MC, 1, 323
MM, 27, 18, 257
MM, 22, 18, 8
MM, 6, 18, 16
MM, 26, 18, 16
MM, 631, 557, 25
MM, 13, 19, 16
MM, 591, 559, 16
MM, 21, 21, 16
MM, 5, 21, 18
MM, 24, 21, 22
MM, 9, 21, 16
MM, 507, 560, 16
MM, 24, 21, 18
MM, 8, 21, 16
MM, 18, 20, 24
MM, 421, 559, 16
MM, 19, 21, 16
MM, 6, 23, 16
MM, 384, 564, 16
MM, 383, 565, 16
MM, 384, 565, 56
MM, 0, 26, 16
MM, 1, 26, 16
MM, 3, 26, 16
MM, 5, 26, 16
MM, 12, 26, 24
MM, 22, 26, 16
MM, 35, 26, 16
MM, 3, 26, 16
MM, 13, 25, 18
MM, 19, 23, 16
MM, 23, 22, 16
MM, 24, 21, 16
MM, 24, 20, 55
MM, 24, 19, 17
MM, 23, 19, 8
MM, 21, 18, 16
MM, 20, 18, 32
MM, 20, 17, 8
MM, 20, 16, 32
MC, 1, 250
MM, 22, 16, 216
MM, 25, 16, 10
MM, 1, 18, 22
MM, 14, 18, 16
MM, 22, 18, 16
MM, 30, 18, 18
MM, 33, 18, 8
MM, 508, 557, 24
MM, 509, 557, 8
MM, 510, 557, 24
MM, 0, 18, 40
MM, 0, 19, 16
MM, 1, 19, 32
MM, 2, 19, 8
MM, 5, 20, 15
MM, 8, 21, 16
MM, 15, 22, 16
MM, 22, 23, 16
MM, 30, 24, 16
MM, 36, 25, 17
MM, 550, 565, 8
MM, 3, 26, 25
MM, 6, 26, 16
MM, 8, 26, 22
MM, 8, 25, 83
MM, 8, 24, 32
MM, 9, 24, 16
MM, 9, 23, 8
MM, 9, 22, 16
MM, 10, 22, 32
MM, 10, 21, 8
MM, 11, 21, 16
MM, 12, 20, 40
MM, 13, 20, 16
MM, 14, 20, 16
MM, 14, 19, 8
MM, 15, 19, 24
MC, 1, 267
MM, 21, 17, 209
MM, 25, 15, 8
MM, 6, 4, 16
MM, 28, 22, 24
MM, 15, 10, 16
MM, 27, 3, 16
MM, 681, 500, 16
MM, 684, 498, 16
MM, 686, 498, 15
MM, 685, 498, 57
MM, 684, 497, 16
MM, 683, 497, 24
MM, 682, 497, 8
MM, 680, 497, 24
MM, 679, 497, 7
MM, 678, 497, 16
MM, 677, 497, 16
MM, 676, 497, 10
MM, 676, 498, 33
MM, 675, 499, 16
MM, 673, 500, 16
MM, 26, 2, 16
MM, 22, 6, 16
MM, 20, 9, 16
MM, 18, 13, 16
MM, 16, 15, 16
MM, 16, 17, 24
MM, 15, 17, 33
MC, 1, 226
MC, 2, 207
MM, 10, 17, 468
MM, 3, 17, 8
MM, 26, 18, 15
MM, 5, 21, 16
MM, 12, 24, 17
MM, 11, 30, 23
MM, 33, 1, 24
MM, 18, 5, 16
MM, 9, 8, 17
MM, 6, 9, 16
MM, 4, 10, 16
MM, 3, 10, 114
MM, 2, 10, 16
MM, 1, 10, 6
MM, 468, 548, 34
MM, 465, 547, 16
MM, 464, 546, 16
MM, 36, 6, 16
MM, 35, 6, 16
MM, 34, 6, 56
MM, 33, 6, 8
MM, 31, 6, 16
MM, 29, 6, 16
MM, 26, 6, 16
MM, 25, 6, 16
MM, 24, 6, 24
MC, 1, 266
MM, 24, 9, 242
MM, 24, 15, 16
MM, 25, 24, 16
MM, 452, 570, 16
MM, 452, 575, 15
MM, 18, 3, 17
MM, 18, 4, 8
MM, 18, 5, 16
MM, 18, 6, 24
MM, 18, 7, 24
MM, 18, 8, 56
MM, 18, 9, 23
MM, 18, 10, 33
MM, 18, 11, 56
MM, 18, 12, 9
MM, 18, 13, 33
MM, 18, 14, 16
MM, 18, 15, 24
MM, 18, 16, 32
MM, 18, 17, 16
MM, 18, 18, 24
MM, 18, 20, 16
MM, 18, 22, 23
MM, 18, 25, 40
MM, 18, 28, 24
MM, 452, 607, 25
MM, 451, 609, 16
MM, 61, 0, 32
MM, 60, 2, 16
MM, 60, 3, 10
MM, 59, 4, 37
MM, 58, 4, 43
MC, 1, 209
MM, 59, 3, 265
MM, 454, 610, 16
MM, 30, 22, 32
MM, 469, 590, 24
MM, 474, 585, 23
MM, 3, 3, 25
MM, 488, 573, 23
MM, 28, 30, 16
MM, 1, 27, 25
MM, 14, 25, 25
MM, 21, 24, 22
MM, 25, 22, 18
MM, 26, 20, 33
MM, 26, 18, 24
MM, 26, 17, 16
MM, 26, 16, 16
MC, 1, 259
MM, 24, 16, 223
MM, 510, 550, 24
MM, 9, 8, 24
MM, 33, 7, 16
MM, 16, 7, 24
MM, 4, 7, 24
MM, 0, 7, 16
MM, 424, 546, 16
MM, 32, 7, 34
MM, 21, 6, 30
MM, 15, 6, 18
MM, 8, 6, 24
MM, 4, 6, 16
MM, 382, 546, 23
MM, 34, 7, 24
MM, 34, 8, 9
MM, 32, 8, 40
MM, 32, 9, 7
MM, 32, 10, 97
MM, 31, 10, 50
MM, 29, 10, 14
MM, 26, 10, 34
MM, 25, 11, 32
MC, 1, 208
MM, 26, 11, 201
MM, 384, 554, 32
MM, 24, 20, 33
MM, 18, 25, 32
MM, 480, 571, 24
MM, 2, 3, 32
MM, 23, 8, 23
MM, 556, 587, 33
MM, 2, 13, 23
MM, 4, 14, 25
MM, 5, 15, 23
MM, 5, 16, 92
MM, 6, 16, 15
MM, 13, 20, 32
MM, 26, 25, 32
MM, 35, 28, 32
MM, 597, 604, 16
MM, 36, 28, 87
MM, 35, 28, 33
MM, 34, 27, 57
MM, 31, 24, 23
MM, 23, 18, 42
MM, 21, 16, 16
MM, 20, 15, 31
MC, 1, 257
MM, 16, 13, 218
MM, 557, 577, 23
MM, 20, 26, 24
MM, 33, 15, 32
MM, 4, 10, 40
MM, 32, 9, 32
MM, 27, 8, 24
MM, 23, 5, 33
MM, 20, 3, 25
MM, 16, 0, 24
MM, 440, 537, 24
MM, 436, 535, 41
MM, 434, 534, 16
MM, 35, 30, 40
MM, 34, 29, 16
MM, 33, 27, 48
MM, 32, 27, 16
MM, 31, 26, 24
MM, 30, 26, 34
MM, 29, 24, 22
MM, 28, 24, 16
MM, 26, 22, 42
MM, 26, 21, 16
MM, 24, 21, 24
MM, 23, 21, 16
MC, 1, 265
MM, 24, 21, 201
MM, 1, 23, 16
MM, 471, 535, 16
MM, 29, 24, 24
MM, 1, 17, 24
MM, 653, 613, 24
MM, 683, 627, 24
MM, 706, 636, 32
MM, 718, 638, 16
MM, 732, 640, 26
MM, 745, 642, 16
MM, 763, 642, 24
MM, 789, 644, 24
MM, 806, 644, 16
MM, 824, 645, 24
MM, 834, 645, 24
MM, 837, 646, 16
MM, 838, 646, 15
MM, 840, 647, 72
MM, 844, 648, 266
MM, 12, 1, 17
MM, 28, 7, 24
MM, 37, 10, 16
MM, 42, 11, 16
MM, 44, 12, 8
MM, 45, 12, 16
MM, 43, 12, 627
MM, 40, 12, 16
MM, 33, 12, 24
MM, 30, 12, 8
MM, 25, 6, 202
MM, 825, 605, 16
MM, 724, 496, 24
MM, 381, 55, 16
********************************************************************************
LOGGING TIME: 20161113_102905
CLIENT IP: 10.146.230.155
USERNAME: Elon Musk
OS: Windows 10
**********************************Emotional database********************************************************************************
MM, 4, 1, 1477468750227
MM, 4, 0, 322
MM, 7, 6, 16
MM, 142, 59, 24
MM, 112, 70, 24
MM, 98, 25, 24
MM, 356, 226, 24
MM, 355, 220, 16
MM, 355, 219, 16
MM, 354, 219, 24
MM, 354, 221, 24
MM, 354, 223, 16
MM, 354, 226, 16
MM, 91, 4, 24
MM, 95, 14, 24
MM, 100, 23, 16
MM, 104, 30, 16
MM, 108, 36, 24
MM, 111, 41, 15
MM, 114, 49, 25
MM, 114, 56, 15
MM, 114, 61, 8
MM, 114, 62, 23595
MM, 114, 66, 16
MM, 114, 70, 16
MM, 115, 74, 16
MM, 116, 78, 15
MM, 380, 312, 17
MM, 381, 320, 17
MM, 382, 326, 23
MM, 383, 329, 7
MM, 383, 330, 8
MM, 383, 332, 18
MM, 384, 333, 16
MM, 384, 334, 38
MM, 384, 335, 40
MM, 384, 336, 33
MM, 384, 337, 9
MM, 384, 338, 8
MM, 384, 346, 16
MM, 383, 351, 8
MM, 119, 3, 16
MM, 118, 14, 16
MM, 118, 17, 8
MM, 117, 22, 17
MM, 117, 23, 8
MM, 116, 25, 8
MM, 115, 25, 143
MM, 114, 25, 24
MM, 114, 26, 17
MM, 113, 26, 8
MM, 113, 28, 15
MM, 113, 29, 16
MM, 113, 30, 16
MM, 113, 31, 16
MM, 113, 32, 48
MM, 113, 33, 8
MM, 113, 34, 25
MM, 113, 35, 8
MM, 111, 36, 16
MM, 110, 36, 8
MM, 108, 37, 16
MM, 106, 38, 8
MM, 105, 38, 15
MM, 103, 39, 8
MM, 102, 39, 16
MM, 101, 39, 8
MM, 100, 40, 8
MM, 97, 40, 16
MM, 95, 41, 17
MM, 93, 43, 8
MM, 91, 44, 8
MM, 90, 45, 288
MM, 88, 46, 8
MM, 83, 50, 15
MM, 80, 52, 8
MC, 1, 580
MM, 81, 53, 262
MM, 85, 57, 8
MM, 92, 65, 8
MM, 105, 84, 17
MM, 379, 456, 8
MM, 390, 472, 15
MM, 11, 25, 8
MM, 410, 499, 16
MM, 28, 12, 16
MM, 30, 14, 8
MM, 433, 521, 16
MM, 436, 524, 17
MM, 437, 525, 8
MM, 438, 525, 8
MM, 0, 23, 16
MM, 1, 23, 15
MM, 1, 22, 41
MM, 1, 21, 16
MM, 1, 20, 7
MM, 1, 19, 8
MM, 1, 18, 8
MM, 1, 17, 16
MM, 1, 15, 8
MM, 1, 14, 16
MM, 1, 9, 16
MM, 1, 7, 8
MM, 2, 0, 17
MM, 442, 499, 7
MM, 5, 28, 16
MM, 7, 23, 16
MM, 8, 21, 8
MM, 9, 20, 16
MM, 10, 20, 16
MM, 11, 20, 17
MM, 12, 20, 32
MM, 13, 20, 8
MM, 13, 21, 8
MM, 15, 23, 16
MM, 16, 26, 16
MM, 17, 27, 8
MM, 461, 498, 16
MM, 463, 501, 7
MM, 32, 8, 16
MM, 34, 10, 8
MM, 478, 518, 16
MM, 0, 20, 16
MM, 2, 22, 16
MM, 3, 22, 9
MM, 4, 22, 15
MM, 5, 22, 18
MM, 6, 22, 17
MM, 7, 22, 16
MM, 8, 22, 6
MM, 9, 22, 16
MM, 10, 22, 26
MM, 11, 21, 8
MM, 12, 20, 16
MM, 12, 19, 16
MM, 13, 17, 8
MM, 14, 17, 15
MM, 14, 16, 8
MM, 15, 15, 8
MM, 15, 14, 17
MC, 1, 216
MM, 16, 14, 207
MM, 22, 17, 8
MM, 26, 20, 8
MM, 518, 529, 16
MM, 535, 538, 16
MM, 28, 0, 8
MM, 549, 545, 17
MM, 2, 9, 16
MM, 6, 10, 7
MM, 11, 11, 16
MM, 12, 12, 10
MM, 15, 12, 16
MM, 16, 13, 6
MM, 17, 14, 16
MM, 18, 14, 17
MM, 18, 15, 34
MC, 1, 281
MM, 16, 15, 198
MM, 10, 15, 8
MM, 553, 552, 16
MM, 21, 5, 16
MM, 6, 0, 17
MM, 509, 537, 10
MM, 500, 534, 14
MM, 492, 534, 15
MM, 487, 534, 8
MM, 477, 534, 16
MM, 471, 535, 8
MM, 453, 538, 16
MM, 449, 538, 10
MM, 12, 1, 6
MM, 2, 2, 16
MM, 423, 541, 18
MM, 421, 541, 6
MM, 34, 3, 16
MM, 34, 4, 26
MM, 35, 4, 72
MM, 35, 3, 8
MM, 421, 541, 16
MM, 421, 540, 8
MM, 421, 538, 16
MM, 422, 537, 8
MM, 423, 536, 17
MM, 424, 535, 8
MM, 425, 534, 16
MM, 426, 534, 8
MM, 427, 534, 16
MM, 427, 533, 48
MM, 30, 30, 31
MM, 29, 30, 9
MM, 28, 29, 8
MM, 27, 29, 16
MM, 25, 28, 16
MM, 24, 27, 8
MM, 23, 26, 16
MM, 22, 26, 15
MM, 22, 25, 24
MM, 21, 25, 16
MC, 1, 233
MM, 21, 26, 242
MM, 21, 28, 8
MM, 33, 0, 16
MM, 34, 7, 16
MM, 35, 13, 16
MM, 421, 554, 8
MM, 422, 558, 16
MM, 422, 559, 15
MM, 422, 560, 8
MM, 423, 560, 24
MM, 423, 561, 24
MM, 423, 563, 16
MM, 423, 566, 17
MM, 424, 569, 17
MM, 425, 571, 16
MM, 425, 573, 16
MM, 425, 575, 8
MM, 35, 1, 24
MM, 36, 2, 17
MM, 36, 4, 15
MM, 36, 9, 16
MM, 36, 14, 16
MM, 36, 24, 24
MM, 427, 607, 17
MM, 37, 0, 16
MM, 37, 4, 16
MM, 37, 8, 16
MM, 37, 10, 24
MM, 37, 11, 32
MM, 37, 10, 96
MC, 1, 226
MM, 36, 8, 184
MM, 22, 24, 15
MM, 9, 5, 16
MM, 5, 27, 16
MM, 32, 7, 24
MM, 371, 538, 25
MM, 370, 535, 15
MM, 370, 534, 32
MM, 369, 533, 41
MM, 17, 30, 32
MM, 17, 29, 16
MM, 17, 26, 24
MM, 17, 24, 16
MM, 17, 23, 8
MM, 17, 20, 16
MM, 17, 18, 10
MM, 17, 17, 31
MM, 18, 17, 14
MM, 19, 17, 16
MM, 20, 17, 16
MC, 1, 235
MM, 20, 18, 346
MM, 20, 19, 15
MM, 20, 20, 25
MM, 20, 21, 8
MM, 20, 22, 16
MM, 20, 24, 32
MM, 19, 25, 16
MM, 19, 26, 16
MM, 18, 27, 8
MM, 18, 28, 16
MM, 18, 29, 16
MM, 18, 30, 16
MM, 369, 533, 24
MM, 369, 535, 16
MM, 368, 538, 24
MM, 24, 1, 15
MM, 23, 2, 8
MM, 23, 4, 24
MM, 22, 5, 16
MM, 21, 6, 25
MM, 21, 7, 16
MM, 20, 7, 8
MM, 19, 7, 16
MM, 18, 7, 16
MC, 1, 184
MM, 26, 7, 241
MM, 4, 7, 16
MM, 424, 540, 17
MM, 448, 536, 16
MM, 466, 533, 16
MM, 481, 529, 16
MM, 8, 24, 16
MM, 13, 23, 16
MM, 14, 21, 16
MM, 15, 21, 7
MM, 18, 20, 24
MM, 20, 19, 16
MM, 22, 18, 8
MM, 27, 17, 18
MM, 32, 16, 14
MM, 520, 517, 19
MM, 2, 14, 15
MM, 9, 13, 16
MM, 16, 11, 14
MM, 21, 8, 17
MM, 26, 6, 16
MM, 28, 4, 16
MM, 29, 4, 10
MM, 31, 3, 16
MC, 1, 344
MM, 30, 6, 353
MM, 28, 12, 9
MM, 24, 20, 16
MM, 542, 535, 16
MM, 28, 9, 16
MM, 534, 574, 24
MM, 15, 9, 16
MM, 14, 21, 15
MM, 531, 607, 16
MM, 141, 2, 16
MM, 140, 14, 24
MM, 140, 15, 9
MM, 139, 20, 16
MM, 138, 23, 15
MM, 137, 24, 9
MM, 136, 25, 15
MM, 135, 26, 10
MM, 134, 27, 23
MM, 133, 27, 10
MM, 132, 27, 24
MM, 131, 28, 7
MM, 130, 29, 16
MM, 128, 30, 16
MM, 127, 30, 16
MM, 517, 644, 16
MP, 1, 209
MR, 1, 0
MC, 1, 0
MM, 516, 644, 306
MM, 122, 30, 15
MM, 116, 26, 16
MM, 112, 23, 17
MM, 106, 21, 16
MM, 103, 18, 16
MM, 99, 16, 16
MM, 96, 15, 15
MM, 95, 15, 8
MM, 92, 15, 24
MM, 91, 15, 8
MM, 89, 14, 24
MM, 88, 14, 8
MM, 86, 14, 24
MM, 85, 14, 24
MC, 1, 243
MM, 85, 11, 360
MM, 6, 22, 16
MM, 9, 13, 16
MM, 14, 2, 18
MM, 490, 573, 16
MM, 492, 570, 15
MM, 23, 30, 8
MM, 24, 30, 17
MM, 25, 30, 88
MM, 25, 29, 15
MM, 25, 28, 16
MM, 25, 27, 24
MM, 25, 26, 25
MM, 25, 25, 15
MM, 25, 24, 16
MM, 23, 21, 16
MM, 21, 14, 16
MM, 21, 11, 8
MM, 20, 5, 17
MM, 489, 538, 15
MM, 487, 535, 16
MM, 487, 534, 16
MM, 488, 534, 203
MM, 489, 534, 15
MM, 490, 533, 32
MM, 10, 30, 17
MM, 11, 28, 15
MM, 14, 24, 16
MM, 17, 20, 24
MM, 20, 19, 16
MM, 22, 17, 25
MM, 23, 16, 15
MM, 24, 16, 8
MM, 25, 16, 8
MM, 25, 15, 16
MM, 25, 14, 16
MC, 1, 251
MM, 27, 14, 208
MM, 34, 17, 16
MM, 3, 23, 16
MM, 536, 534, 16
MM, 33, 1, 24
MM, 36, 3, 16
MM, 548, 543, 16
MM, 549, 544, 10
MM, 549, 545, 22
MM, 550, 545, 10
MM, 550, 546, 24
MM, 550, 547, 31
MM, 551, 547, 16
MM, 553, 548, 16
MM, 4, 11, 24
MM, 8, 13, 25
MM, 9, 13, 8
MC, 1, 240
MM, 4, 13, 218
MM, 550, 550, 8
MM, 7, 1, 24
MM, 495, 534, 15
MM, 25, 29, 24
MM, 15, 29, 16
MM, 3, 29, 16
MM, 434, 531, 16
MM, 34, 29, 16
MM, 31, 29, 16
MM, 30, 29, 16
MM, 29, 28, 8
MM, 28, 28, 16
MM, 28, 27, 24
MM, 27, 27, 17
MM, 27, 26, 10
MM, 26, 25, 15
MM, 25, 25, 16
MM, 25, 24, 24
MM, 24, 23, 16
MM, 23, 23, 16
MM, 23, 22, 8
MM, 22, 22, 48
MM, 22, 21, 16
MM, 22, 20, 41
MM, 22, 19, 48
MC, 1, 248
MM, 22, 23, 202
MM, 421, 536, 15
MM, 426, 553, 16
MM, 430, 572, 16
MM, 433, 588, 16
MM, 2, 25, 16
MM, 438, 608, 17
MM, 439, 612, 15
MM, 50, 0, 9
MM, 50, 1, 15
MM, 51, 1, 48
MM, 51, 2, 11
MM, 51, 3, 13
MM, 51, 4, 91
MM, 51, 5, 23
MM, 51, 6, 16
MM, 51, 7, 8
MM, 51, 8, 16
MM, 51, 9, 8
MM, 51, 11, 25
MM, 51, 13, 24
MM, 50, 15, 16
MM, 49, 15, 31
MM, 48, 15, 16
MC, 1, 193
MM, 47, 10, 233
MM, 44, 0, 16
MM, 430, 605, 16
MM, 428, 597, 24
MM, 428, 595, 16
MM, 429, 595, 73
MM, 431, 595, 15
MM, 433, 595, 16
MM, 7, 19, 16
MM, 13, 18, 18
MM, 30, 15, 22
MM, 474, 591, 16
MM, 7, 15, 16
MM, 10, 15, 18
MM, 12, 15, 8
MM, 13, 15, 16
MM, 14, 15, 16
MM, 14, 16, 32
MM, 15, 16, 177
MC, 1, 232
MM, 16, 16, 234
MM, 34, 8, 15
MM, 26, 28, 16
MM, 20, 5, 24
MM, 34, 28, 24
MM, 1, 24, 16
MM, 8, 20, 24
MM, 9, 20, 26
MM, 9, 21, 65
MM, 9, 22, 15
MM, 9, 21, 128
MM, 9, 19, 16
MM, 9, 17, 16
MM, 9, 15, 8
MM, 9, 14, 16
MM, 9, 12, 16
MC, 1, 195
MM, 7, 11, 224
MM, 35, 7, 16
MM, 14, 4, 15
MM, 31, 3, 16
MM, 517, 505, 25
MM, 19, 3, 15
MM, 3, 5, 18
MM, 477, 510, 16
MM, 32, 10, 17
MM, 27, 11, 22
MM, 25, 11, 17
MM, 24, 11, 16
MM, 23, 11, 8
MM, 22, 11, 32
MM, 21, 11, 24
MM, 20, 11, 8
MM, 19, 11, 33
MM, 18, 11, 7
MM, 17, 11, 16
MM, 17, 10, 32
MC, 1, 265
MM, 17, 11, 257
MM, 17, 15, 8
MM, 17, 21, 16
MM, 17, 26, 16
MM, 17, 30, 16
MM, 456, 534, 16
MM, 456, 535, 10
MM, 455, 535, 88
MM, 455, 536, 41
MM, 454, 537, 15
MM, 453, 538, 16
MM, 25, 0, 16
MM, 24, 1, 16
MM, 23, 1, 8
MM, 23, 2, 17
MM, 23, 3, 31
MM, 22, 3, 16
MM, 21, 3, 8
MC, 1, 185
MM, 21, 4, 210
MM, 21, 6, 7
MM, 21, 13, 16
MM, 21, 22, 16
MM, 23, 30, 17
MM, 17, 3, 15
MM, 18, 13, 24
MM, 18, 16, 17
MM, 18, 18, 8
MM, 18, 20, 24
MM, 18, 21, 8
MM, 18, 22, 24
MM, 18, 24, 16
MM, 18, 25, 31
MM, 18, 26, 24
MM, 18, 27, 33
MM, 18, 28, 15
MM, 18, 29, 16
MM, 18, 30, 35
MM, 452, 607, 24
MM, 452, 608, 8
MM, 453, 608, 15
MM, 453, 609, 14
MM, 453, 610, 16
MM, 453, 611, 18
MP, 1, 224
MR, 1, 0
MC, 1, 0
MM, 63, 0, 387
MM, 63, 2, 16
MM, 63, 4, 8
MM, 62, 7, 24
MM, 61, 7, 23
MM, 60, 7, 16
MC, 1, 171
MM, 65, 7, 216
MM, 74, 7, 9
MM, 107, 1, 16
MM, 21, 26, 16
MM, 35, 10, 22
MM, 22, 0, 18
MM, 638, 570, 16
MM, 14, 23, 24
MM, 18, 21, 16
MM, 19, 20, 17
MM, 19, 19, 16
MM, 19, 18, 16
MM, 19, 17, 79
MM, 19, 16, 24
MM, 20, 16, 56
MM, 21, 16, 8
MM, 23, 16, 24
MM, 24, 16, 8
MM, 29, 15, 16
MM, 673, 552, 16
MM, 1, 10, 16
MM, 11, 8, 26
MM, 17, 6, 17
MM, 20, 5, 16
MM, 22, 4, 8
MM, 23, 4, 15
MC, 1, 249
MM, 20, 4, 225
MM, 9, 4, 16
MM, 29, 4, 16
MM, 4, 4, 16
MM, 9, 4, 16
MM, 32, 4, 16
MM, 34, 7, 24
MM, 8, 7, 16
MM, 22, 7, 16
MM, 36, 7, 16
MM, 6, 4, 25
MM, 29, 2, 16
MM, 16, 2, 16
MM, 9, 1, 18
MM, 6, 0, 14
MM, 389, 538, 23
MM, 389, 537, 34
MM, 389, 538, 129
MM, 1, 0, 16
MM, 384, 541, 16
MM, 382, 542, 15
MM, 381, 542, 8
MM, 380, 543, 16
MM, 379, 543, 49
MP, 1, 232
MR, 1, 0
MC, 1, 0
MM, 384, 543, 225
MM, 18, 4, 17
MM, 426, 543, 15
MM, 27, 4, 16
MM, 23, 4, 27
MM, 509, 543, 16
MM, 14, 3, 22
MM, 18, 1, 16
MM, 531, 538, 25
MM, 533, 537, 16
MM, 533, 536, 8
MM, 534, 536, 16
MM, 536, 536, 24
MM, 537, 536, 41
MM, 537, 535, 8
MM, 538, 535, 16
MM, 539, 535, 16
MM, 540, 535, 32
MM, 541, 535, 24
MM, 542, 535, 55
MM, 542, 534, 56
MM, 542, 533, 34
MM, 539, 533, 14
MM, 537, 533, 18
MM, 530, 533, 17
MM, 507, 533, 23
MM, 497, 533, 8
MM, 472, 537, 16
MM, 19, 4, 16
MM, 23, 13, 24
MM, 4, 19, 25
MM, 384, 558, 7
MM, 34, 21, 24
MM, 31, 21, 24
MM, 31, 22, 25
MM, 30, 22, 8
MM, 29, 22, 15
MM, 28, 22, 24
MM, 27, 22, 16
MM, 26, 22, 24
MM, 24, 22, 27
MM, 21, 20, 15
MM, 17, 19, 16
MM, 15, 18, 6
MM, 12, 18, 26
MM, 11, 18, 16
MM, 10, 18, 16
MM, 10, 17, 185
MC, 1, 233
MM, 13, 17, 240
MM, 22, 17, 8
MM, 1, 17, 18
MM, 29, 17, 16
MM, 17, 17, 16
MM, 8, 17, 16
MM, 29, 17, 16
MM, 8, 17, 16
MM, 24, 13, 24
MM, 27, 12, 8
MM, 29, 8, 16
MM, 29, 6, 17
MM, 29, 4, 16
MM, 29, 2, 16
MM, 29, 1, 8
MM, 29, 0, 24
MM, 540, 538, 24
MM, 540, 537, 39
MM, 540, 536, 16
MM, 540, 535, 16
MM, 540, 534, 48
MM, 542, 534, 16
MM, 545, 534, 8
MM, 551, 534, 26
MM, 564, 534, 22
MM, 573, 533, 16
MM, 20, 27, 32
MM, 21, 26, 16
MM, 21, 24, 26
MM, 21, 22, 24
MM, 21, 21, 8
MM, 19, 19, 24
MM, 18, 19, 9
MM, 18, 17, 24
MM, 18, 16, 16
MC, 1, 304
MM, 17, 16, 186
MM, 11, 19, 15
MM, 5, 24, 16
MM, 563, 532, 24
MM, 559, 535, 24
MM, 558, 536, 16
MM, 557, 536, 40
MM, 556, 537, 43
MM, 556, 538, 32
MM, 1, 0, 15
MM, 553, 539, 24
MM, 551, 542, 24
MM, 549, 543, 24
MM, 36, 6, 24
MM, 34, 8, 32
MM, 33, 9, 16
MM, 31, 10, 24
MM, 28, 11, 24
MC, 1, 225
MM, 30, 11, 218
MM, 548, 550, 15
MM, 10, 13, 24
MM, 24, 15, 25
MM, 32, 17, 24
MM, 35, 17, 16
MM, 33, 17, 95
MC, 1, 219
MM, 28, 17, 321
MM, 2, 16, 24
MM, 1, 15, 24
MM, 0, 15, 24
MM, 8, 16, 24
MM, 21, 21, 33
MM, 15, 22, 16
MM, 10, 23, 24
MM, 10, 22, 119
MM, 10, 21, 32
MM, 10, 20, 32
MM, 10, 19, 41
MC, 1, 218
MM, 12, 24, 303
MM, 403, 570, 18
MM, 19, 5, 22
MM, 25, 14, 16
MM, 28, 26, 26
MM, 31, 1, 24
MM, 31, 8, 16
MM, 31, 16, 24
MM, 31, 20, 16
MM, 31, 24, 16
MM, 31, 27, 24
MM, 31, 28, 8
MM, 31, 27, 88
MM, 30, 26, 16
MM, 29, 26, 8
MM, 29, 25, 40
MM, 29, 24, 24
MM, 29, 23, 16
MM, 29, 22, 34
MM, 29, 21, 16
MM, 29, 20, 16
MM, 29, 19, 32
MM, 30, 18, 16
MM, 30, 17, 24
MC, 1, 233
MM, 30, 16, 194
MM, 30, 6, 16
MM, 31, 19, 23
MM, 423, 569, 24
MM, 423, 558, 16
MM, 423, 552, 25
MM, 423, 550, 7
MM, 423, 549, 57
MM, 35, 5, 15
MM, 11, 25, 24
MM, 395, 505, 24
MM, 32, 22, 24
MM, 26, 14, 24
MM, 24, 13, 16
MM, 23, 13, 10
MM, 22, 13, 14
MM, 22, 14, 74
MM, 20, 17, 16
MM, 14, 23, 24
MM, 11, 29, 16
MM, 358, 501, 24
MM, 5, 3, 16
MM, 5, 5, 24
MM, 5, 6, 24
MM, 5, 7, 16
MM, 5, 8, 16
MM, 5, 9, 24
MM, 5, 10, 8
MM, 5, 11, 16
MM, 5, 12, 24
MC, 1, 193
MM, 7, 12, 233
MM, 25, 15, 17
MM, 6, 19, 16
MM, 16, 26, 24
MM, 19, 30, 23
MM, 530, 537, 25
MM, 27, 0, 15
MM, 551, 544, 24
MM, 5, 7, 24
MM, 13, 11, 24
MM, 16, 13, 16
MM, 22, 16, 24
MM, 24, 16, 16
MM, 25, 16, 10
MM, 26, 16, 22
MM, 26, 17, 40
MM, 26, 18, 43
MC, 1, 232
MM, 25, 18, 241
MM, 11, 15, 16
MM, 28, 6, 24
MM, 0, 0, 25
MM, 491, 535, 15
MM, 21, 30, 24
MM, 0, 28, 24
MM, 30, 26, 16
MM, 22, 24, 25
MM, 20, 23, 15
MM, 19, 23, 16
MM, 19, 22, 72
MM, 19, 21, 138
MC, 1, 217
MM, 20, 21, 231
MM, 428, 534, 17
MM, 12, 3, 15
MM, 31, 22, 26
MM, 471, 573, 22
MM, 5, 4, 16
MM, 13, 10, 24
MM, 16, 11, 16
MM, 19, 12, 19
MM, 20, 13, 14
MM, 24, 15, 15
MM, 27, 16, 17
MM, 31, 18, 17
MM, 34, 19, 16
MM, 511, 596, 17
MM, 512, 597, 24
MM, 513, 597, 16
MM, 514, 597, 16
MM, 515, 597, 24
MM, 0, 21, 8
MM, 4, 21, 23
MM, 6, 21, 17
MM, 10, 21, 24
MM, 11, 21, 8
MM, 13, 20, 24
MM, 13, 19, 15
MC, 1, 243
MM, 13, 22, 279
MM, 8, 27, 16
MM, 520, 609, 16
MM, 123, 2, 25
MM, 122, 6, 15
MM, 120, 8, 16
MM, 119, 10, 18
MM, 119, 11, 30
MM, 118, 11, 59
MC, 1, 248
MM, 119, 10, 281
MM, 517, 611, 17
MM, 6, 26, 15
MM, 15, 5, 24
MM, 534, 570, 16
MM, 23, 25, 16
MM, 23, 19, 24
MM, 23, 17, 16
MM, 20, 15, 16
MM, 15, 13, 16
MM, 10, 10, 16
MM, 5, 6, 16
MM, 1, 2, 16
MM, 507, 539, 16
MM, 500, 533, 24
MM, 14, 28, 16
MM, 9, 25, 18
MM, 6, 24, 22
MM, 5, 23, 16
MM, 5, 22, 10
MM, 7, 22, 40
MM, 10, 22, 16
MM, 13, 22, 16
MM, 18, 23, 16
MM, 22, 23, 16
MM, 27, 24, 16
MM, 34, 26, 25
MM, 1, 27, 16
MM, 7, 28, 16
MM, 12, 29, 16
MM, 17, 30, 24
MM, 18, 30, 8
MM, 19, 30, 24
MM, 20, 30, 24
MM, 543, 533, 15
MM, 544, 534, 40
MM, 545, 534, 24
MM, 546, 535, 18
MM, 549, 536, 22
MM, 554, 538, 16
MM, 6, 1, 18
MM, 16, 5, 24
MM, 21, 6, 16
MM, 27, 8, 16
MM, 32, 10, 17
MM, 592, 550, 23
MM, 1, 13, 24
MM, 4, 13, 16
MM, 6, 14, 16
MM, 7, 14, 17
MM, 8, 14, 23
MM, 8, 13, 80
MM, 6, 10, 16
MC, 1, 209
MM, 5, 10, 218
MM, 31, 5, 23
MM, 17, 0, 16
MM, 551, 535, 16
MM, 3, 29, 24
MM, 27, 28, 16
MM, 1, 26, 26
MM, 28, 26, 22
MM, 19, 26, 16
MM, 12, 26, 26
MM, 9, 26, 16
MM, 4, 25, 16
MM, 1, 24, 16
MM, 435, 524, 24
MM, 33, 20, 16
MM, 26, 17, 24
MM, 22, 17, 16
MM, 19, 16, 16
MM, 17, 15, 25
MM, 16, 14, 23
MM, 16, 13, 64
MM, 17, 13, 56
MC, 1, 274
MM, 19, 13, 224
MM, 24, 13, 16
MM, 31, 13, 18
MM, 435, 515, 16
MM, 0, 13, 16
MM, 3, 13, 25
MM, 4, 13, 8
MM, 5, 13, 32
MM, 6, 13, 39
MM, 7, 13, 16
MC, 1, 305
MC, 1, 396
MM, 9, 13, 279
MM, 17, 13, 16
MM, 32, 13, 16
MM, 7, 13, 16
MM, 28, 13, 24
MM, 522, 515, 16
MM, 6, 13, 16
MM, 12, 14, 26
MM, 14, 14, 16
MM, 15, 14, 8
MC, 1, 441
MM, 15, 16, 218
MM, 12, 25, 15
MM, 531, 536, 16
MM, 15, 12, 24
MM, 14, 19, 16
MM, 13, 23, 16
MM, 12, 27, 16
MM, 11, 30, 24
MM, 521, 571, 16
MM, 520, 575, 16
MM, 0, 6, 24
MM, 515, 587, 16
MM, 513, 590, 16
MM, 511, 595, 24
MM, 34, 23, 16
MM, 32, 26, 16
MM, 31, 30, 15
MM, 505, 608, 17
MM, 505, 611, 26
MM, 505, 612, 6
MM, 115, 0, 26
MM, 115, 1, 16
MM, 115, 2, 24
MM, 115, 3, 41
MM, 115, 4, 23
MM, 114, 4, 16
MM, 114, 5, 8
MM, 112, 5, 16
MC, 1, 208
MM, 110, 3, 274
MM, 12, 27, 16
MM, 474, 588, 16
MM, 27, 24, 24
MM, 6, 0, 24
MM, 29, 28, 16
MM, 16, 14, 24
MM, 12, 10, 16
MM, 9, 5, 24
MM, 8, 4, 16
MM, 7, 3, 10
MM, 7, 2, 22
MM, 6, 2, 16
MM, 5, 0, 26
MM, 402, 501, 16
MM, 401, 501, 16
MM, 402, 501, 64
MM, 403, 501, 9
MM, 404, 501, 31
MM, 405, 501, 8
MM, 8, 1, 370
MM, 8, 3, 8
MM, 8, 6, 24
MM, 8, 8, 24
MM, 8, 9, 8
MM, 8, 11, 24
MM, 8, 12, 8
MM, 8, 14, 32
MM, 7, 14, 56
MM, 6, 14, 16
MC, 1, 219
MM, 6, 15, 282
MM, 1, 25, 13
MM, 7, 0, 16
MM, 382, 557, 26
MM, 375, 574, 24
MM, 21, 5, 16
MM, 19, 11, 24
MM, 17, 13, 16
MM, 15, 13, 16
MM, 15, 14, 17
MC, 1, 320
MM, 17, 14, 209
MM, 0, 14, 16
MM, 15, 12, 24
MM, 21, 1, 24
MM, 15, 23, 32
MM, 5, 17, 24
MM, 23, 15, 26
MM, 28, 14, 17
MM, 31, 14, 15
MM, 34, 14, 24
MM, 2, 13, 24
MM, 13, 10, 24
MM, 19, 9, 16
MM, 24, 7, 16
MM, 27, 6, 24
MM, 28, 4, 16
MM, 28, 2, 24
MM, 28, 1, 8
MM, 28, 0, 24
MM, 708, 537, 24
MM, 709, 536, 16
MM, 711, 534, 16
MM, 26, 29, 24
MM, 28, 28, 24
MM, 29, 27, 16
MM, 29, 26, 8
MM, 29, 25, 32
MM, 29, 24, 16
MM, 29, 23, 16
MM, 29, 22, 42
MM, 27, 22, 33
MC, 1, 183
MM, 27, 23, 258
MM, 25, 26, 16
MM, 710, 533, 24
MM, 709, 535, 16
MM, 709, 537, 24
MM, 709, 538, 32
MM, 30, 0, 16
MM, 30, 1, 16
MM, 30, 2, 16
MM, 29, 4, 16
MM, 27, 8, 24
MM, 26, 13, 24
MM, 24, 16, 16
MM, 22, 18, 16
MM, 21, 19, 24
MM, 20, 19, 16
MC, 1, 193
MM, 19, 19, 201
MM, 5, 18, 16
MM, 16, 12, 16
MM, 595, 540, 24
MM, 519, 537, 24
MM, 487, 537, 16
MM, 26, 0, 24
MM, 11, 3, 16
MM, 6, 5, 16
MM, 2, 5, 40
MM, 2, 6, 106
MM, 426, 545, 24
MM, 423, 546, 24
MM, 33, 9, 16
MM, 25, 10, 32
MM, 20, 12, 24
MM, 18, 12, 16
MM, 15, 12, 16
MM, 12, 13, 24
MM, 10, 13, 16
MM, 7, 14, 16
MM, 3, 15, 16
MM, 382, 556, 16
MM, 26, 21, 32
MM, 21, 24, 16
MC, 1, 283
MM, 25, 24, 241
MM, 1, 24, 16
MM, 27, 21, 16
MM, 25, 17, 16
MM, 33, 11, 24
MM, 30, 7, 24
MM, 27, 3, 24
MM, 595, 538, 17
MM, 4, 29, 24
MM, 11, 23, 23
MM, 13, 18, 16
MM, 15, 13, 16
MM, 16, 10, 16
MM, 17, 8, 16
MM, 18, 7, 24
MM, 18, 6, 16
MC, 1, 370
MM, 14, 6, 250
MM, 606, 517, 16
MM, 576, 536, 24
MM, 4, 10, 16
MM, 28, 24, 24
MM, 527, 575, 24
MM, 6, 3, 16
MM, 1, 8, 24
MM, 0, 11, 16
MM, 516, 588, 16
MM, 516, 589, 8
MM, 516, 591, 24
MM, 516, 592, 16
MM, 516, 593, 72
MM, 516, 594, 16
MM, 1, 18, 16
MM, 2, 18, 27
MM, 3, 18, 5
MM, 4, 18, 43
MM, 5, 18, 23
MM, 7, 17, 16
MM, 9, 16, 16
MM, 10, 15, 16
MM, 12, 14, 17
MM, 12, 13, 23
MM, 12, 12, 16
MC, 1, 217
MM, 11, 12, 249
MM, 6, 10, 16
MM, 31, 6, 24
MM, 16, 2, 16
MM, 5, 0, 16
MM, 469, 572, 16
MM, 458, 570, 24
MM, 454, 570, 16
MM, 453, 570, 8
MM, 25, 30, 24
MM, 24, 30, 8
MM, 24, 29, 49
MM, 23, 29, 7
MM, 22, 29, 16
MM, 21, 29, 32
MM, 18, 28, 16
MM, 15, 27, 18
MM, 12, 25, 16
MM, 8, 24, 16
MM, 4, 22, 24
MM, 2, 21, 16
MM, 1, 21, 8
MM, 426, 559, 24
MM, 425, 558, 24
MM, 424, 558, 16
MM, 422, 556, 16
MM, 32, 13, 24
MM, 27, 11, 24
MM, 24, 9, 24
MM, 24, 8, 16
MM, 24, 7, 40
MM, 23, 7, 24
MM, 20, 7, 16
MC, 1, 235
MM, 20, 10, 247
MM, 410, 571, 24
MM, 23, 12, 26
MM, 25, 22, 24
MM, 27, 27, 25
MM, 28, 28, 23
MM, 29, 29, 24
MM, 29, 30, 24
MM, 421, 608, 32
MM, 423, 609, 24
MM, 424, 611, 24
MM, 35, 0, 24
MM, 35, 1, 16
MM, 36, 4, 16
MM, 37, 9, 24
MM, 37, 14, 24
MM, 38, 15, 24
MM, 38, 16, 8
MC, 1, 283
MM, 43, 16, 242
MM, 66, 9, 15
MM, 87, 1, 16
MM, 29, 25, 16
MM, 20, 6, 24
MM, 0, 29, 24
MM, 9, 18, 24
MM, 12, 15, 16
MM, 13, 12, 16
MM, 14, 10, 24
MM, 16, 6, 24
MM, 17, 2, 24
MM, 18, 0, 16
MM, 574, 537, 16
MM, 577, 534, 24
MM, 16, 30, 16
MM, 23, 28, 24
MM, 35, 25, 32
MM, 4, 21, 26
MM, 13, 18, 24
MM, 19, 16, 24
MM, 20, 15, 8
MM, 21, 14, 16
MM, 21, 13, 16
MM, 20, 13, 72
MM, 19, 13, 8
MC, 1, 200
MM, 15, 13, 226
MM, 3, 13, 16
MM, 30, 11, 16
MM, 33, 11, 32
MM, 3, 11, 16
MM, 15, 11, 24
MM, 34, 15, 24
MM, 23, 17, 32
MM, 22, 17, 8
MM, 21, 17, 24
MM, 19, 17, 16
MM, 13, 19, 24
MM, 8, 20, 16
MM, 3, 22, 18
MM, 437, 526, 16
MM, 26, 30, 24
MM, 413, 537, 24
MM, 22, 0, 24
MM, 21, 1, 8
MM, 18, 1, 32
MM, 17, 1, 23
MM, 16, 2, 17
MM, 13, 3, 23
MM, 11, 3, 24
MM, 10, 4, 8
MM, 10, 5, 25
MM, 10, 7, 24
MC, 1, 187
MM, 11, 10, 263
MM, 15, 16, 18
MM, 19, 23, 16
MM, 23, 28, 16
MM, 21, 0, 22
MM, 22, 4, 18
MM, 23, 12, 24
MM, 23, 16, 16
MM, 24, 22, 16
MM, 25, 28, 16
MM, 417, 610, 24
MM, 28, 1, 24
MM, 28, 2, 16
MM, 28, 3, 16
MM, 28, 4, 32
MM, 28, 5, 8
MM, 28, 6, 24
MC, 1, 257
MM, 28, 5, 218
MM, 419, 608, 15
MM, 32, 14, 17
MM, 5, 27, 23
MM, 13, 8, 26
MM, 16, 2, 16
MM, 445, 538, 16
MM, 448, 536, 24
MM, 14, 29, 24
MM, 19, 24, 16
MM, 23, 19, 16
MM, 29, 12, 24
MM, 32, 8, 16
MM, 33, 6, 16
MM, 34, 3, 24
MM, 34, 2, 24
MM, 34, 1, 16
MM, 33, 1, 72
MM, 31, 1, 16
MM, 30, 1, 396
MM, 28, 2, 16
MM, 26, 4, 24
MM, 26, 5, 16
MM, 26, 6, 8
MM, 26, 7, 32
MC, 1, 201
MM, 25, 7, 241
MM, 18, 7, 24
MM, 16, 8, 16
MM, 11, 11, 16
MM, 7, 13, 16
MM, 438, 520, 32
MM, 434, 521, 16
MM, 433, 521, 16
MM, 32, 19, 24
MM, 30, 19, 16
MM, 28, 17, 16
MM, 25, 16, 24
MM, 23, 14, 24
MM, 22, 14, 10
MM, 20, 13, 24
MM, 19, 12, 8
MM, 18, 12, 24
MC, 1, 241
MM, 16, 12, 233
MM, 9, 19, 16
MM, 394, 529, 16
MM, 379, 538, 24
MM, 28, 3, 24
MM, 24, 5, 24
MM, 23, 5, 32
MM, 22, 5, 24
MM, 21, 5, 26
MM, 20, 5, 22
MM, 19, 5, 18
MM, 18, 5, 16
MM, 17, 5, 49
MM, 17, 6, 80
MC, 1, 200
MM, 22, 6, 201
MM, 5, 6, 16
MM, 12, 6, 24
MM, 508, 543, 32
MM, 35, 2, 24
MM, 15, 0, 24
MM, 593, 538, 26
MM, 609, 538, 22
MM, 627, 538, 26
MM, 635, 540, 16
MM, 13, 7, 23
MM, 28, 12, 25
MM, 35, 15, 15
MM, 2, 19, 33
MM, 5, 19, 24
MM, 6, 19, 16
MM, 7, 19, 136
MM, 9, 19, 16
MM, 11, 18, 26
MM, 12, 18, 30
MM, 14, 18, 10
MC, 1, 193
MC, 2, 274
MM, 9, 16, 418
MM, 31, 8, 15
MM, 626, 536, 24
MM, 15, 27, 32
MM, 558, 528, 24
MM, 31, 26, 16
MM, 29, 26, 10
MM, 29, 25, 30
MM, 29, 24, 202
MM, 29, 23, 16
MM, 29, 22, 40
MM, 29, 20, 16
MM, 25, 19, 24
MM, 22, 17, 16
MM, 19, 15, 26
MM, 16, 13, 24
MM, 14, 13, 16
MM, 13, 13, 40
MC, 1, 227
MM, 13, 15, 199
MM, 13, 20, 16
MM, 536, 535, 24
MM, 25, 15, 24
MM, 14, 3, 24
MM, 6, 22, 24
MM, 125, 0, 24
MM, 121, 4, 16
MM, 117, 8, 34
MM, 116, 9, 16
MM, 113, 11, 24
MM, 109, 12, 24
MM, 106, 14, 24
MM, 104, 15, 16
MM, 101, 18, 24
MM, 96, 22, 24
MM, 90, 26, 24
MM, 86, 29, 24
MM, 474, 644, 24
MM, 472, 644, 24
MM, 470, 644, 26
MM, 467, 644, 16
MM, 77, 29, 296
MM, 77, 26, 16
MM, 77, 21, 16
MM, 77, 17, 32
MM, 77, 15, 16
MM, 77, 14, 34
MM, 78, 13, 16
MM, 78, 12, 40
MM, 79, 12, 16
MM, 80, 12, 16
MM, 81, 12, 16
MC, 1, 251
MM, 81, 11, 191
MM, 81, 2, 17
MM, 469, 590, 32
MM, 469, 579, 22
MM, 469, 576, 27
MM, 469, 575, 24
MM, 469, 574, 40
MM, 469, 573, 16
MM, 469, 568, 32
MM, 469, 563, 16
MM, 469, 558, 24
MM, 469, 556, 24
MM, 0, 17, 24
MM, 1, 17, 16
MM, 2, 17, 32
MC, 1, 277
MM, 3, 17, 263
MM, 22, 13, 16
MM, 15, 1, 23
MM, 30, 29, 24
MM, 7, 22, 24
MM, 12, 20, 25
MM, 13, 20, 8
MM, 14, 20, 32
MM, 15, 20, 24
MM, 16, 20, 40
MM, 17, 19, 26
MM, 18, 19, 40
MM, 18, 18, 16
MM, 18, 17, 64
MM, 18, 16, 16
MM, 18, 15, 16
MC, 1, 233
MM, 18, 16, 289
MM, 16, 24, 16
MM, 16, 2, 24
MM, 6, 15, 26
MM, 2, 21, 22
MM, 2, 22, 18
MM, 1, 23, 16
MM, 1, 24, 64
MM, 1, 25, 16
MM, 1, 26, 16
MM, 1, 27, 32
MM, 1, 29, 16
MM, 1, 30, 24
MM, 554, 572, 24
MM, 552, 575, 24
MM, 33, 1, 8
MM, 28, 7, 32
MM, 25, 11, 24
MM, 23, 13, 26
MM, 21, 14, 14
MM, 20, 15, 10
MC, 1, 209
MC, 1, 402
MM, 20, 11, 249
MM, 537, 574, 16
MM, 26, 6, 32
MM, 537, 536, 16
MM, 14, 28, 16
MM, 14, 26, 24
MM, 15, 26, 56
MM, 17, 26, 16
MM, 20, 26, 26
MM, 22, 26, 23
MM, 23, 26, 16
MM, 23, 25, 65
MM, 23, 24, 16
MM, 22, 23, 8
MC, 1, 217
MM, 23, 23, 289
MM, 561, 536, 16
MM, 31, 17, 26
MM, 7, 0, 24
MM, 23, 11, 24
MM, 637, 595, 24
MM, 3, 21, 24
MM, 4, 22, 15
MM, 6, 22, 32
MM, 6, 21, 105
MC, 1, 259
MM, 7, 21, 215
MM, 23, 28, 15
MM, 693, 617, 26
MM, 737, 631, 24
MM, 779, 638, 25
MM, 805, 642, 24
MM, 825, 645, 24
MM, 832, 647, 24
MM, 834, 648, 15
MM, 835, 649, 9
MM, 835, 651, 40
MM, 835, 652, 16
MM, 835, 653, 24
MM, 839, 656, 24
MM, 2, 8, 24
MM, 8, 10, 24
MM, 11, 11, 16
MM, 14, 11, 26
MM, 18, 11, 22
MM, 15, 11, 410
MM, 1, 11, 16
MM, 815, 663, 26
MM, 789, 666, 24
MM, 772, 668, 24
MM, 765, 668, 24
MM, 763, 668, 24
MM, 762, 668, 24
MM, 761, 667, 24
MM, 747, 649, 24
MM, 716, 609, 15
MM, 638, 512, 24
MM, 311, 79, 25
MM, 283, 44, 16
********************************************************************************
LOGGING TIME: 20161113_105626
CLIENT IP: 10.146.230.155
USERNAME: Elon Musk
OS: Windows 10
**********************************Emotional database********************************************************************************
MM, 559, 669, 1477468750590
MM, 23, 20, 23
MM, 144, 17, 16
MM, 110, 78, 10
MM, 97, 49, 41
MM, 82, 21, 22
MM, 80, 19, 16
MM, 80, 26, 32
MM, 83, 42, 24
MM, 92, 55, 24
MM, 105, 75, 24
MM, 111, 81, 16
MM, 384, 316, 24
MM, 388, 317, 23
MM, 389, 317, 9
MM, 389, 315, 47
MM, 389, 313, 16
MM, 125, 81, 24
MM, 125, 78, 24
MM, 125, 76, 8
MM, 125, 74, 32
MM, 125, 73, 17
MM, 126, 78, 18416
MM, 394, 325, 24
MM, 394, 328, 16
MM, 394, 331, 16
MM, 392, 337, 32
MM, 385, 346, 16
MM, 110, 3, 24
MM, 101, 16, 23
MM, 99, 20, 16
MM, 98, 25, 24
MM, 98, 27, 24
MM, 97, 27, 40
MC, 1, 210
MM, 97, 30, 215
MM, 102, 47, 24
MM, 111, 69, 24
MM, 116, 80, 16
MM, 122, 89, 24
MM, 389, 449, 24
MM, 391, 451, 16
MM, 398, 459, 24
MM, 420, 496, 32
MM, 34, 11, 15
MM, 20, 4, 24
MM, 29, 17, 25
MM, 33, 22, 16
MM, 34, 23, 16
MM, 34, 22, 56
MM, 34, 21, 8
MM, 34, 19, 23
MM, 34, 18, 24
MM, 3, 17, 32
MM, 23, 16, 25
MM, 3, 14, 23
MM, 8, 14, 25
MM, 8, 13, 48
MM, 8, 10, 23
MM, 6, 8, 16
MM, 5, 6, 24
MM, 4, 4, 16
MM, 4, 0, 25
MM, 33, 28, 23
MM, 33, 22, 24
MM, 33, 18, 24
MM, 32, 14, 25
MM, 31, 12, 23
MM, 30, 11, 24
MM, 31, 11, 72
MM, 31, 12, 8
MC, 1, 201
MM, 32, 12, 199
MM, 2, 18, 17
MM, 545, 533, 24
MM, 4, 4, 24
MM, 12, 11, 24
MM, 15, 13, 15
MM, 15, 14, 64
MM, 16, 14, 9
MM, 17, 14, 40
MM, 17, 13, 31
MM, 17, 11, 17
MM, 17, 9, 24
MM, 17, 8, 16
MC, 1, 209
MM, 16, 8, 143
MM, 3, 1, 16
MM, 4, 28, 24
MM, 8, 19, 24
MM, 5, 16, 32
MM, 28, 16, 24
MM, 13, 16, 24
MM, 5, 16, 23
MM, 2, 16, 24
MM, 1, 16, 41
MM, 2, 16, 354
MM, 8, 16, 16
MM, 15, 16, 22
MM, 20, 16, 25
MM, 20, 15, 56
MC, 1, 200
MM, 20, 18, 185
MM, 20, 30, 16
MM, 421, 563, 24
MM, 32, 3, 24
MM, 33, 12, 24
MM, 33, 13, 8
MM, 33, 14, 144
MM, 33, 15, 23
MM, 33, 16, 9
MM, 33, 19, 32
MM, 33, 21, 16
MM, 33, 26, 24
MM, 33, 30, 23
MM, 424, 609, 24
MM, 424, 610, 8
MM, 424, 611, 113
MM, 32, 1, 24
MM, 31, 5, 23
MM, 31, 8, 16
MM, 29, 11, 17
MM, 27, 12, 32
MC, 1, 193
MM, 27, 9, 207
MM, 413, 611, 18
MM, 16, 18, 22
MM, 13, 7, 32
MM, 13, 6, 24
MM, 13, 5, 145
MM, 14, 4, 24
MM, 14, 2, 23
MM, 405, 572, 17
MM, 20, 17, 24
MM, 402, 538, 24
MM, 3, 28, 24
MM, 3, 26, 8
MM, 3, 27, 73
MM, 3, 29, 16
MM, 400, 533, 24
MM, 400, 535, 24
MM, 400, 536, 8
MM, 15, 0, 39
MM, 15, 1, 24
MM, 15, 3, 16
MM, 14, 8, 24
MM, 14, 12, 24
MM, 14, 14, 16
MM, 14, 15, 16
MC, 1, 225
MM, 20, 15, 168
MM, 21, 15, 24
MM, 20, 20, 32
MM, 34, 28, 31
MM, 32, 30, 32
MM, 721, 569, 33
MM, 721, 570, 8
MM, 720, 570, 144
MM, 719, 570, 8
MM, 717, 570, 40
MM, 714, 568, 24
MM, 32, 27, 26
MM, 29, 21, 21
MM, 26, 19, 24
MM, 25, 17, 16
MM, 23, 16, 24
MM, 23, 15, 19
MM, 22, 14, 21
MM, 20, 14, 18
MM, 18, 14, 48
MC, 1, 201
MM, 17, 14, 209
MM, 678, 550, 15
MM, 632, 539, 24
MM, 560, 531, 32
MM, 19, 29, 24
MM, 24, 0, 24
MM, 421, 548, 24
MM, 16, 19, 24
MM, 10, 21, 24
MM, 8, 22, 8
MM, 8, 23, 24
MM, 7, 23, 88
MM, 6, 23, 96
MM, 4, 23, 31
MM, 383, 561, 26
MM, 34, 20, 22
MM, 31, 20, 26
MM, 31, 19, 6
MC, 1, 292
MM, 34, 19, 254
MM, 6, 23, 17
MM, 429, 571, 31
MM, 25, 1, 24
MM, 471, 578, 16
MM, 16, 6, 32
MM, 19, 6, 17
MM, 20, 7, 25
MM, 21, 9, 22
MM, 23, 10, 24
MM, 28, 13, 26
MM, 34, 14, 22
MM, 513, 591, 16
MM, 516, 592, 26
MM, 0, 16, 25
MM, 1, 16, 37
MM, 2, 16, 10
MM, 5, 16, 25
MM, 8, 16, 24
MM, 10, 15, 24
MC, 1, 240
MM, 10, 13, 175
MM, 10, 11, 16
MM, 10, 9, 16
MM, 10, 6, 24
MM, 527, 573, 33
MM, 16, 28, 23
MM, 16, 25, 17
MM, 16, 24, 103
MM, 16, 23, 8
MM, 16, 22, 24
MC, 1, 273
MM, 16, 23, 330
MM, 16, 27, 16
MM, 7, 1, 24
MM, 3, 11, 24
MM, 516, 597, 24
MM, 514, 602, 24
MM, 513, 604, 16
MM, 513, 605, 16
MM, 513, 606, 16
MM, 512, 606, 80
MM, 35, 30, 23
MM, 508, 608, 265
MM, 502, 612, 16
MM, 98, 11, 32
MM, 91, 15, 15
MM, 84, 19, 24
MM, 78, 21, 27
MM, 77, 21, 14
MC, 1, 225
MM, 78, 21, 257
MM, 91, 19, 16
MM, 120, 3, 24
MM, 20, 23, 16
MM, 573, 571, 24
MM, 1, 8, 24
MM, 7, 29, 24
MM, 14, 24, 32
MM, 15, 24, 7
MM, 17, 24, 32
MM, 18, 24, 32
MM, 19, 24, 144
MM, 29, 21, 24
MM, 3, 18, 24
MM, 13, 15, 24
MM, 19, 12, 24
MM, 21, 11, 25
MM, 21, 10, 15
MM, 21, 9, 8
MM, 21, 8, 42
MC, 1, 217
MM, 19, 8, 135
MM, 10, 8, 16
MM, 7, 12, 25
MM, 4, 19, 24
MM, 6, 25, 24
MM, 19, 27, 32
MM, 12, 27, 24
MM, 9, 27, 24
MM, 6, 29, 24
MM, 482, 534, 23
MM, 5, 0, 24
MM, 0, 3, 25
MM, 468, 544, 24
MM, 468, 545, 16
MM, 0, 6, 24
MM, 3, 7, 24
MM, 5, 8, 24
MM, 7, 8, 15
MM, 8, 9, 17
MM, 9, 11, 32
MM, 10, 11, 16
MM, 11, 11, 23
MC, 1, 226
MM, 11, 14, 192
MM, 11, 22, 25
MM, 11, 27, 16
MM, 481, 573, 24
MM, 6, 0, 24
MM, 6, 1, 47
MM, 6, 3, 17
MM, 6, 6, 24
MM, 5, 10, 23
MM, 2, 16, 24
MM, 1, 19, 16
MM, 474, 598, 24
MM, 474, 600, 25
MM, 473, 600, 15
MM, 472, 600, 16
MM, 471, 601, 32
MM, 471, 602, 24
MM, 469, 604, 24
MM, 466, 607, 24
MM, 465, 609, 16
MM, 465, 610, 24
MM, 464, 610, 8
MM, 464, 611, 160
MM, 464, 612, 8
MM, 74, 1, 32
MM, 74, 3, 25
MM, 74, 4, 16
MM, 72, 8, 32
MM, 72, 9, 24
MM, 71, 9, 16
MM, 71, 8, 31
MC, 1, 177
MM, 71, 6, 168
MM, 456, 608, 18
MM, 10, 11, 23
MM, 6, 23, 30
MM, 4, 17, 26
MM, 4, 16, 8
MM, 4, 15, 144
MM, 4, 14, 8
MM, 6, 14, 32
MM, 7, 14, 32
MM, 8, 14, 17
MC, 1, 192
MM, 14, 14, 192
MM, 464, 551, 16
MM, 27, 3, 23
MM, 8, 28, 24
MM, 32, 19, 24
MM, 562, 518, 25
MM, 0, 16, 15
MM, 563, 518, 120
MM, 0, 16, 144
MM, 4, 17, 18
MM, 11, 17, 24
MM, 17, 17, 24
MM, 19, 17, 16
MM, 18, 17, 48
MC, 1, 217
MM, 17, 17, 248
MM, 7, 19, 15
MM, 29, 26, 24
MM, 3, 3, 32
MM, 17, 17, 24
MM, 36, 29, 25
MM, 12, 1, 32
MM, 7, 3, 24
MM, 4, 3, 16
MM, 0, 4, 32
MM, 429, 580, 23
MM, 32, 4, 26
MM, 27, 4, 38
MC, 1, 259
MM, 32, 4, 160
MM, 5, 4, 24
MM, 9, 2, 32
MM, 520, 574, 24
MM, 546, 572, 32
MM, 557, 572, 24
MM, 560, 572, 16
MM, 562, 572, 16
MM, 564, 572, 32
MM, 567, 571, 16
MM, 23, 29, 23
MM, 14, 17, 72
MM, 20, 16, 26
MM, 25, 14, 24
MM, 631, 550, 24
MM, 635, 549, 17
MM, 2, 9, 23
MM, 4, 9, 16
MM, 2, 9, 72
MC, 1, 177
MM, 636, 548, 200
MM, 25, 18, 23
MM, 600, 573, 26
MM, 22, 10, 22
MM, 12, 21, 26
MM, 3, 29, 24
MM, 557, 610, 23
MM, 159, 1, 25
MM, 155, 2, 24
MM, 154, 2, 17
MM, 153, 2, 15
MM, 152, 2, 32
MM, 151, 2, 41
MM, 149, 3, 16
MM, 146, 3, 23
MM, 143, 4, 24
MM, 141, 4, 16
MM, 139, 4, 24
MC, 1, 217
MM, 530, 612, 210
MM, 34, 10, 23
MM, 12, 28, 16
MM, 595, 534, 32
MM, 1, 16, 24
MM, 6, 11, 24
MM, 7, 10, 8
MM, 8, 10, 24
MM, 10, 10, 25
MM, 10, 11, 81
MM, 10, 12, 6
MM, 10, 13, 42
MM, 10, 14, 24
MM, 9, 14, 40
MC, 1, 177
MM, 5, 14, 201
MM, 36, 14, 16
MM, 31, 13, 31
MM, 34, 14, 25
MM, 1, 20, 22
MM, 15, 30, 26
MM, 437, 538, 25
MM, 33, 6, 32
MM, 29, 8, 16
MM, 22, 8, 23
MM, 15, 9, 25
MM, 9, 9, 23
MM, 4, 9, 24
MM, 1, 9, 16
MM, 0, 9, 24
MC, 1, 362
MM, 0, 11, 371
MM, 6, 21, 16
MM, 14, 15, 24
MM, 24, 5, 24
MM, 30, 30, 24
MM, 421, 653, 23
MM, 421, 656, 16
MM, 420, 656, 114
MM, 420, 654, 272
MM, 420, 648, 16
MM, 34, 22, 24
MM, 38, 15, 24
MM, 42, 10, 24
MM, 44, 9, 16
MM, 46, 9, 24
MM, 47, 9, 16
MM, 48, 9, 16
MM, 48, 8, 50
MM, 48, 7, 8
MM, 48, 6, 41
MC, 1, 232
MM, 48, 2, 201
MM, 4, 29, 16
MM, 4, 8, 24
MM, 11, 23, 24
MM, 11, 9, 24
MM, 438, 538, 24
MM, 439, 533, 16
MM, 2, 23, 24
MM, 2, 18, 24
MM, 2, 17, 24
MM, 3, 17, 24
MM, 4, 17, 24
MM, 5, 17, 24
MM, 7, 17, 16
MM, 8, 16, 24
MM, 10, 16, 16
MM, 11, 16, 33
MM, 12, 15, 26
MM, 12, 14, 22
MC, 1, 227
MM, 11, 14, 198
MM, 8, 14, 16
MM, 5, 14, 24
MM, 3, 14, 18
MM, 2, 14, 38
MM, 2, 13, 35
MM, 1, 13, 39
MM, 438, 515, 16
MM, 433, 515, 24
MM, 30, 13, 24
MM, 28, 13, 24
MM, 27, 13, 16
MM, 26, 13, 48
MM, 25, 13, 16
MM, 21, 14, 24
MM, 17, 15, 25
MM, 15, 15, 8
MM, 13, 15, 32
MC, 1, 224
MM, 11, 15, 209
MM, 0, 17, 16
MM, 29, 21, 24
MM, 15, 25, 24
MM, 8, 29, 25
MM, 6, 30, 15
MM, 358, 533, 24
MM, 358, 534, 16
MM, 358, 535, 24
MM, 358, 536, 32
MM, 358, 537, 25
MM, 360, 538, 15
MM, 17, 0, 25
MM, 19, 1, 25
MM, 19, 4, 22
MM, 21, 5, 26
MM, 21, 6, 16
MM, 21, 7, 17
MM, 22, 9, 31
MM, 21, 9, 89
MC, 1, 192
MM, 22, 9, 210
MM, 6, 11, 23
MM, 6, 14, 24
MM, 23, 23, 24
MM, 533, 570, 24
MM, 575, 575, 24
MM, 6, 1, 24
MM, 30, 1, 24
MM, 12, 1, 24
MM, 24, 1, 24
MM, 29, 1, 16
MM, 671, 575, 32
MM, 672, 571, 24
MM, 35, 29, 32
MM, 673, 566, 32
MM, 676, 563, 32
MM, 677, 562, 27
MM, 0, 23, 29
MM, 1, 23, 10
MM, 5, 22, 22
MM, 9, 20, 34
MM, 11, 19, 24
MM, 12, 18, 8
MM, 12, 17, 16
MC, 1, 241
MC, 2, 312
MM, 8, 16, 289
MM, 675, 546, 16
MM, 648, 533, 24
MM, 6, 21, 32
MM, 601, 521, 16
MM, 26, 17, 24
MM, 22, 17, 26
MM, 21, 17, 14
MM, 19, 17, 32
MM, 17, 17, 16
MM, 12, 17, 26
MM, 8, 16, 24
MM, 5, 16, 16
MM, 4, 16, 72
MM, 3, 16, 16
MM, 2, 16, 33
MM, 1, 16, 16
MM, 0, 16, 40
MM, 558, 517, 23
MM, 27, 13, 24
MM, 20, 12, 24
MM, 15, 11, 24
MM, 14, 11, 16
MM, 13, 11, 16
MC, 1, 201
MM, 12, 14, 226
MM, 526, 534, 23
MM, 8, 11, 24
MM, 2, 25, 24
MM, 509, 572, 24
MM, 30, 3, 25
MM, 29, 7, 23
MM, 25, 12, 24
MM, 22, 19, 16
MM, 16, 30, 25
MM, 98, 0, 23
MM, 96, 5, 24
MM, 95, 6, 16
MM, 95, 7, 114
MM, 95, 8, 25
MM, 95, 10, 23
MM, 95, 11, 16
MM, 95, 12, 16
MM, 96, 13, 32
MC, 1, 225
MM, 96, 11, 177
MM, 474, 600, 22
MM, 31, 8, 18
MM, 29, 28, 24
MM, 23, 20, 32
MM, 21, 19, 25
MM, 20, 19, 15
MM, 17, 19, 24
MM, 17, 20, 16
MM, 17, 22, 24
MM, 17, 24, 24
MM, 17, 28, 24
MM, 444, 570, 16
MM, 444, 574, 24
MM, 10, 3, 24
MM, 6, 7, 24
MM, 433, 586, 24
MM, 33, 12, 32
MM, 29, 14, 24
MM, 26, 15, 16
MM, 23, 17, 32
MM, 22, 17, 16
MM, 19, 19, 24
MM, 17, 19, 8
MC, 1, 187
MM, 19, 19, 247
MM, 1, 12, 24
MM, 30, 2, 24
MM, 485, 570, 16
MM, 9, 16, 32
MM, 20, 12, 18
MM, 548, 545, 22
MM, 8, 1, 24
MM, 572, 535, 17
MM, 23, 27, 31
MM, 28, 25, 18
MM, 33, 23, 24
MM, 34, 22, 16
MM, 34, 21, 24
MM, 34, 20, 24
MM, 34, 18, 24
MM, 34, 17, 16
MM, 34, 16, 16
MM, 33, 16, 40
MM, 32, 16, 25
MM, 30, 16, 8
MM, 25, 16, 32
MM, 22, 16, 16
MM, 21, 16, 16
MM, 20, 16, 24
MM, 19, 16, 63
MC, 1, 185
MM, 18, 16, 153
MM, 10, 15, 16
MM, 2, 12, 24
MM, 32, 11, 24
MM, 16, 10, 25
MM, 520, 512, 23
MM, 25, 11, 25
MM, 18, 13, 23
MM, 16, 13, 16
MM, 15, 13, 16
MM, 14, 13, 89
MM, 13, 13, 39
MM, 11, 12, 48
MC, 1, 203
MM, 8, 12, 176
MM, 481, 514, 15
MM, 20, 12, 26
MM, 34, 15, 24
MM, 14, 17, 24
MM, 3, 20, 24
MM, 395, 522, 24
MM, 394, 522, 16
MM, 395, 522, 120
MM, 0, 21, 16
MM, 3, 21, 24
MM, 5, 21, 16
MM, 8, 21, 32
MM, 12, 21, 24
MM, 18, 21, 24
MM, 22, 21, 17
MM, 26, 20, 24
MM, 27, 17, 23
MC, 1, 259
MM, 32, 17, 215
MM, 9, 21, 16
MM, 488, 534, 25
MM, 30, 12, 25
MM, 27, 25, 22
MM, 28, 3, 35
MM, 24, 11, 24
MM, 694, 593, 23
MM, 726, 600, 25
MM, 758, 608, 24
MM, 790, 620, 24
MM, 810, 628, 16
MM, 836, 639, 23
MM, 855, 648, 24
MM, 23, 6, 24
MM, 32, 14, 24
MM, 39, 20, 24
MM, 40, 20, 8
MM, 42, 22, 32
MM, 43, 22, 8
MM, 43, 23, 18
MM, 43, 20, 536
MM, 26, 2, 16
MM, 784, 561, 32
MM, 6, 5, 24
MM, 362, 52, 24
