********************************************************************************
LOGGING TIME: 20161113_112934
CLIENT IP: 10.146.230.155
USERNAME: Elon Musk
OS: Windows 10
**********************************Emotional database********************************************************************************
MM, 574, 694, 1477468750661
MM, 559, 680, 10
MM, 135, 30, 6
MM, 0, 9, 16
MM, 11, 5, 16
MM, 62, 45, 82
MM, 58, 38, 14
MM, 56, 32, 16
MM, 56, 31, 10
MM, 57, 29, 16
MM, 59, 28, 6
MM, 65, 28, 16
MM, 68, 28, 8
MM, 73, 28, 26
MM, 75, 28, 16
MM, 77, 28, 6
MM, 78, 29, 16
MM, 81, 29, 10
MM, 86, 31, 16
MM, 90, 31, 8
MM, 102, 33, 16
MM, 111, 33, 6
MM, 115, 33, 10
MM, 124, 33, 8
MM, 155, 31, 32
MM, 159, 31, 8
MM, 156, 32, 35898
MM, 151, 35, 8
MM, 145, 40, 8
MM, 139, 44, 8
MM, 133, 48, 8
MM, 127, 52, 8
MM, 124, 54, 8
MM, 119, 57, 8
MM, 107, 66, 24
MC, 1, 208
MM, 109, 67, 265
MM, 115, 69, 6
MM, 120, 73, 10
MM, 128, 75, 8
MM, 137, 79, 9
MM, 144, 80, 8
MM, 155, 83, 8
MM, 164, 86, 8
MM, 174, 87, 8
MM, 183, 89, 8
MM, 451, 447, 8
MM, 463, 449, 8
MM, 466, 450, 8
MM, 471, 452, 8
MM, 475, 452, 8
MM, 477, 452, 8
MM, 483, 453, 40
MM, 483, 454, 23
MM, 483, 455, 25
MM, 483, 456, 8
MM, 484, 457, 7
MM, 484, 458, 8
MM, 485, 460, 9
MM, 486, 461, 7
MM, 486, 463, 8
MM, 6, 0, 8
MM, 7, 2, 16
MM, 7, 4, 8
MM, 7, 6, 16
MM, 7, 8, 8
MM, 8, 8, 8
MM, 8, 10, 8
MM, 10, 12, 8
MM, 11, 12, 8
MM, 11, 14, 8
MM, 12, 15, 9
MM, 14, 16, 8
MM, 15, 16, 8
MM, 15, 17, 8
MM, 16, 17, 15
MM, 17, 18, 24
MM, 18, 19, 25
MM, 19, 20, 8
MM, 20, 21, 7
MM, 21, 22, 18
MM, 22, 23, 16
MM, 23, 23, 16
MM, 24, 23, 40
MM, 24, 22, 73
MM, 25, 23, 72
MM, 25, 24, 7
MM, 25, 25, 24
MM, 25, 26, 8
MM, 26, 26, 8
MM, 26, 27, 32
MM, 27, 27, 16
MM, 27, 28, 8
MM, 27, 29, 16
MM, 27, 30, 25
MM, 507, 496, 7
MM, 507, 497, 8
MM, 507, 498, 16
MM, 507, 499, 8
MM, 507, 500, 16
MM, 507, 501, 8
MM, 25, 0, 16
MM, 25, 3, 33
MM, 25, 4, 8
MM, 25, 5, 8
MM, 25, 6, 7
MM, 24, 7, 40
MM, 23, 7, 114
MM, 22, 7, 73
MM, 21, 6, 15
MM, 27, 6, 249
MM, 517, 508, 9
MM, 2, 7, 6
MM, 14, 8, 16
MM, 20, 9, 8
MM, 30, 11, 8
MM, 0, 12, 10
MM, 17, 13, 16
MM, 21, 13, 8
MM, 33, 14, 17
MM, 602, 516, 8
MM, 3, 14, 15
MM, 12, 14, 41
MM, 14, 14, 16
MM, 16, 14, 8
MM, 19, 14, 16
MM, 22, 15, 7
MM, 29, 17, 16
MM, 641, 522, 8
MM, 6, 23, 16
MM, 8, 24, 8
MM, 14, 26, 8
MM, 17, 28, 8
MM, 21, 29, 8
MM, 24, 30, 8
MM, 674, 535, 17
MM, 677, 535, 7
MM, 678, 535, 16
MM, 676, 535, 64
MM, 674, 534, 8
MM, 673, 533, 10
MM, 26, 30, 6
MM, 21, 27, 16
MM, 19, 26, 10
MM, 18, 26, 6
MM, 16, 25, 10
MM, 14, 24, 6
MM, 14, 23, 10
MM, 13, 23, 8
MM, 13, 22, 17
MM, 12, 22, 96
MM, 11, 22, 31
MM, 8, 22, 32
MM, 17, 11, 57
MM, 9, 9, 16
MM, 6, 8, 8
MM, 5, 8, 8
MM, 3, 7, 8
MM, 2, 7, 8
MM, 1, 7, 7
MM, 2, 8, 83
MM, 3, 9, 8
MM, 4, 10, 15
MM, 5, 12, 8
MC, 1, 225
MM, 2, 12, 337
MM, 604, 514, 8
MM, 34, 13, 8
MM, 29, 13, 8
MM, 15, 13, 16
MM, 11, 13, 8
MM, 22, 14, 48
MM, 20, 14, 8
MM, 16, 15, 16
MM, 13, 15, 8
MM, 12, 16, 8
MM, 11, 16, 8
MM, 10, 16, 9
MM, 9, 17, 16
MM, 5, 17, 8
MM, 4, 17, 186
MM, 3, 17, 7
MM, 2, 17, 16
MM, 0, 17, 25
MM, 522, 519, 7
MM, 520, 519, 17
MM, 518, 518, 8
MM, 34, 16, 16
MM, 29, 16, 7
MM, 26, 15, 16
MM, 25, 15, 8
MM, 24, 15, 8
MM, 22, 15, 8
MM, 19, 15, 8
MM, 18, 15, 8
MM, 13, 15, 16
MM, 10, 15, 8
MC, 1, 209
MM, 8, 15, 185
MM, 4, 15, 8
MM, 477, 517, 9
MM, 437, 517, 32
MM, 30, 15, 8
MM, 26, 15, 8
MM, 20, 15, 8
MM, 16, 15, 8
MM, 9, 16, 16
MM, 4, 18, 24
MM, 3, 19, 8
MM, 2, 20, 16
MM, 1, 20, 23
MM, 1, 21, 34
MM, 1, 22, 17
MM, 1, 24, 21
MM, 1, 25, 16
MM, 1, 26, 18
MM, 2, 27, 6
MM, 2, 28, 10
MM, 3, 30, 17
MM, 400, 534, 7
MM, 400, 535, 16
MM, 400, 537, 8
MM, 15, 0, 17
MM, 15, 1, 7
MM, 15, 2, 8
MM, 15, 7, 32
MM, 15, 9, 17
MM, 15, 10, 8
MM, 15, 11, 16
MM, 15, 12, 16
MM, 15, 13, 15
MC, 1, 201
MM, 15, 14, 548
MM, 16, 16, 16
MM, 18, 18, 7
MM, 18, 19, 8
MM, 21, 24, 8
MM, 23, 26, 9
MM, 25, 28, 5
MM, 414, 572, 10
MM, 28, 1, 17
MM, 30, 6, 7
MM, 32, 9, 8
MM, 34, 11, 8
MM, 429, 593, 16
MM, 430, 595, 8
MM, 430, 597, 8
MM, 432, 598, 8
MM, 0, 27, 16
MM, 0, 29, 8
MM, 435, 607, 8
MM, 436, 612, 16
MM, 47, 1, 9
MM, 47, 2, 8
MM, 47, 3, 7
MM, 47, 5, 8
MM, 47, 6, 16
MM, 47, 7, 8
MC, 1, 354
MM, 47, 5, 193
MM, 48, 1, 8
MM, 440, 612, 8
MM, 9, 29, 15
MM, 11, 26, 8
MM, 11, 23, 8
MM, 13, 19, 16
MM, 13, 18, 8
MM, 24, 4, 83
MM, 25, 4, 7
MM, 27, 2, 6
MM, 31, 0, 8
MM, 467, 574, 10
MM, 473, 570, 16
MM, 6, 29, 9
MM, 9, 27, 8
MM, 12, 25, 7
MM, 16, 22, 16
MM, 20, 19, 17
MM, 21, 18, 8
MM, 21, 17, 8
MM, 22, 17, 16
MC, 1, 264
MM, 27, 17, 185
MM, 32, 16, 8
MM, 508, 553, 8
MM, 10, 8, 16
MM, 14, 6, 8
MM, 20, 4, 8
MM, 540, 538, 16
MM, 542, 537, 9
MM, 545, 535, 8
MM, 547, 533, 7
MM, 27, 30, 16
MM, 27, 29, 8
MM, 28, 29, 8
MM, 29, 29, 8
MM, 30, 29, 32
MM, 32, 29, 9
MM, 33, 29, 8
MM, 558, 531, 7
MM, 561, 530, 17
MM, 563, 529, 7
MM, 1, 27, 8
MM, 3, 26, 16
MM, 4, 26, 10
MM, 5, 26, 6
MM, 5, 25, 10
MM, 6, 24, 32
MM, 6, 22, 8
MM, 8, 19, 16
MM, 9, 18, 8
MM, 10, 16, 8
MM, 11, 15, 8
MM, 13, 13, 8
MC, 1, 233
MM, 13, 15, 266
MM, 12, 18, 7
MM, 11, 20, 8
MM, 10, 23, 8
MM, 8, 24, 9
MM, 568, 533, 15
MM, 567, 536, 8
MM, 566, 538, 8
MM, 8, 4, 16
MM, 7, 6, 8
MM, 6, 7, 8
MM, 5, 9, 8
MM, 5, 10, 8
MM, 4, 11, 16
MM, 3, 12, 9
MM, 3, 13, 16
MM, 2, 14, 7
MM, 1, 15, 17
MM, 0, 16, 24
MM, 0, 17, 17
MM, 0, 18, 23
MM, 553, 558, 31
MM, 552, 558, 10
MM, 551, 559, 8
MM, 550, 560, 16
MM, 549, 561, 8
MM, 549, 562, 8
MM, 548, 562, 9
MM, 36, 25, 7
MM, 35, 27, 17
MM, 35, 30, 15
MM, 34, 30, 8
MM, 545, 571, 8
MM, 545, 572, 8
MM, 545, 573, 25
MM, 544, 574, 8
MM, 543, 575, 8
MM, 25, 2, 15
MM, 25, 4, 8
MM, 24, 5, 8
MM, 23, 8, 8
MM, 21, 12, 16
MM, 20, 13, 8
MM, 19, 15, 8
MM, 18, 18, 16
MM, 17, 18, 8
MM, 15, 18, 8
MC, 1, 227
MC, 2, 207
MM, 14, 15, 396
MM, 11, 7, 8
MM, 10, 0, 8
MM, 12, 23, 16
MM, 12, 9, 16
MM, 11, 0, 8
MM, 522, 536, 8
MM, 522, 533, 8
MM, 522, 532, 9
MM, 522, 529, 16
MM, 0, 27, 23
MM, 1, 27, 16
MM, 2, 27, 8
MM, 3, 27, 8
MM, 4, 27, 25
MM, 5, 27, 8
MM, 6, 27, 23
MM, 7, 27, 8
MM, 8, 26, 24
MM, 8, 25, 8
MM, 8, 24, 8
MM, 9, 23, 17
MM, 9, 22, 8
MM, 10, 21, 8
MM, 11, 21, 8
MM, 11, 20, 8
MM, 12, 19, 16
MM, 13, 19, 17
MM, 13, 18, 16
MM, 14, 18, 23
MC, 1, 236
MM, 12, 18, 192
MM, 8, 18, 7
MM, 4, 18, 8
MM, 519, 520, 8
MM, 22, 18, 16
MM, 11, 19, 8
MM, 36, 22, 16
MM, 33, 23, 8
MM, 27, 25, 8
MM, 19, 28, 8
MM, 450, 533, 16
MM, 444, 536, 16
MM, 443, 536, 8
MM, 441, 537, 8
MM, 439, 538, 8
MM, 10, 1, 8
MM, 8, 3, 16
MM, 6, 3, 8
MM, 4, 5, 17
MM, 2, 6, 8
MM, 1, 8, 8
MM, 0, 10, 8
MM, 426, 550, 10
MM, 424, 552, 16
MM, 423, 553, 6
MM, 423, 554, 10
MM, 422, 556, 6
MM, 35, 19, 16
MM, 35, 20, 9
MM, 34, 21, 16
MM, 33, 22, 8
MM, 32, 23, 8
MM, 32, 24, 16
MM, 31, 26, 8
MM, 31, 27, 16
MM, 31, 28, 8
MM, 31, 29, 16
MM, 32, 29, 16
MM, 421, 568, 8
MM, 4, 29, 16
MM, 15, 29, 8
MM, 464, 566, 16
MM, 6, 26, 8
MM, 507, 565, 17
MM, 12, 26, 8
MM, 550, 566, 16
MM, 568, 570, 16
MM, 575, 573, 7
MM, 582, 574, 8
MM, 25, 0, 8
MM, 31, 2, 16
MM, 33, 2, 8
MM, 33, 3, 17
MM, 34, 3, 10
MM, 34, 4, 13
MM, 35, 4, 8
MM, 36, 4, 18
MM, 36, 5, 16
MM, 598, 583, 8
MM, 600, 585, 8
MM, 2, 13, 17
MM, 6, 18, 8
MM, 9, 21, 8
MM, 15, 26, 16
MM, 18, 27, 8
MM, 19, 29, 8
MM, 21, 30, 8
MM, 627, 608, 16
MM, 627, 607, 48
MM, 22, 30, 8
MM, 20, 27, 298
MM, 17, 25, 7
MM, 15, 22, 8
MM, 12, 20, 8
MM, 8, 16, 16
MM, 7, 15, 8
MM, 5, 13, 8
MM, 4, 12, 8
MM, 3, 12, 8
MM, 3, 11, 8
MM, 3, 12, 88
MM, 4, 12, 17
MM, 5, 12, 17
MM, 5, 13, 16
MM, 6, 13, 22
MC, 1, 251
MM, 5, 15, 329
MM, 3, 16, 8
MM, 0, 18, 8
MM, 34, 22, 16
MM, 29, 24, 8
MM, 26, 25, 8
MM, 22, 27, 8
MM, 14, 30, 16
MM, 571, 607, 8
MM, 563, 609, 16
MM, 561, 610, 8
MM, 557, 610, 8
MM, 549, 611, 16
MM, 545, 612, 8
MM, 152, 0, 10
MM, 148, 1, 6
MM, 140, 4, 16
MM, 138, 6, 10
MM, 135, 7, 6
MM, 131, 9, 16
MM, 129, 10, 10
MM, 127, 12, 8
MM, 124, 13, 8
MM, 123, 14, 8
MC, 1, 227
MM, 123, 11, 191
MM, 123, 6, 8
MM, 123, 1, 8
MM, 34, 25, 15
MM, 32, 16, 10
MM, 29, 7, 7
MM, 28, 1, 8
MM, 30, 24, 16
MM, 29, 18, 8
MM, 28, 10, 16
MM, 28, 8, 8
MM, 28, 6, 8
MM, 28, 4, 8
MM, 28, 3, 18
MM, 28, 2, 6
MM, 28, 1, 16
MM, 28, 0, 10
MM, 498, 538, 6
MM, 500, 536, 16
MM, 500, 535, 10
MM, 500, 533, 8
MM, 18, 27, 17
MM, 18, 25, 16
MM, 18, 24, 8
MM, 18, 22, 7
MM, 18, 20, 9
MM, 18, 19, 7
MM, 18, 18, 8
MM, 18, 16, 8
MM, 16, 15, 9
MM, 16, 14, 23
MM, 16, 17, 80
MC, 1, 210
MM, 20, 19, 176
MM, 24, 20, 8
MM, 28, 23, 8
MM, 1, 29, 17
MM, 537, 537, 16
MM, 29, 0, 10
MM, 36, 3, 15
MM, 550, 544, 6
MM, 553, 545, 18
MM, 0, 7, 8
MM, 1, 7, 16
MM, 2, 7, 8
MM, 3, 7, 8
MM, 4, 8, 8
MM, 5, 9, 8
MM, 6, 10, 8
MM, 9, 12, 16
MM, 11, 13, 8
MM, 12, 14, 8
MM, 13, 14, 8
MM, 13, 15, 8
MM, 14, 15, 8
MC, 1, 235
MM, 12, 15, 160
MM, 8, 15, 7
MM, 4, 14, 8
MM, 553, 550, 8
MM, 32, 8, 16
MM, 21, 5, 8
MM, 11, 3, 10
MM, 5, 2, 8
MM, 504, 536, 6
MM, 486, 533, 16
MM, 0, 30, 10
MM, 32, 27, 16
MM, 28, 26, 6
MM, 21, 25, 18
MM, 18, 25, 8
MM, 17, 24, 8
MM, 15, 24, 8
MM, 12, 22, 16
MM, 9, 21, 8
MM, 7, 21, 8
MM, 4, 20, 8
MM, 0, 19, 16
MM, 437, 521, 8
MM, 434, 520, 8
MM, 34, 17, 16
MM, 31, 17, 8
MM, 30, 16, 8
MM, 28, 16, 8
MM, 26, 16, 16
MM, 24, 16, 8
MM, 22, 16, 8
MM, 21, 15, 8
MM, 16, 15, 17
MM, 14, 15, 9
MM, 13, 15, 6
MM, 11, 15, 11
MM, 8, 15, 6
MM, 5, 15, 15
MM, 4, 15, 26
MC, 1, 243
MM, 4, 16, 239
MM, 4, 20, 8
MM, 4, 25, 8
MM, 4, 28, 8
MM, 16, 3, 17
MM, 16, 9, 7
MM, 16, 18, 10
MM, 16, 21, 6
MM, 401, 572, 17
MM, 10, 0, 10
MM, 10, 9, 16
MM, 10, 12, 7
MM, 10, 16, 16
MM, 10, 19, 8
MM, 10, 20, 8
MM, 9, 21, 16
MM, 9, 22, 8
MM, 8, 22, 16
MM, 8, 23, 16
MM, 8, 24, 8
MM, 8, 25, 8
MM, 8, 26, 16
MM, 8, 27, 8
MM, 7, 28, 16
MM, 7, 29, 57
MM, 7, 30, 48
MM, 398, 608, 58
MM, 398, 609, 5
MM, 398, 610, 10
MM, 9, 1, 16
MM, 10, 3, 8
MM, 11, 5, 8
MM, 13, 10, 16
MM, 14, 12, 8
MM, 15, 13, 8
MM, 16, 14, 8
MM, 16, 16, 8
MM, 16, 17, 56
MM, 17, 17, 48
MM, 17, 16, 88
MM, 16, 16, 8
MM, 15, 16, 8
MM, 14, 16, 27
MC, 1, 304
MM, 13, 13, 217
MM, 12, 9, 8
MM, 10, 3, 8
MM, 398, 612, 8
MM, 3, 26, 16
MM, 1, 22, 8
MM, 0, 18, 8
MM, 390, 591, 8
MM, 389, 586, 16
MM, 389, 585, 8
MM, 389, 584, 8
MM, 389, 583, 16
MM, 389, 581, 50
MM, 389, 579, 8
MM, 389, 577, 8
MM, 389, 573, 8
MM, 389, 570, 8
MM, 4, 23, 16
MM, 4, 21, 8
MM, 4, 18, 8
MM, 4, 15, 16
MM, 4, 13, 8
MM, 4, 11, 16
MM, 5, 11, 56
MM, 6, 11, 8
MM, 7, 11, 16
MM, 8, 11, 8
MM, 9, 11, 25
MM, 10, 11, 8
MM, 11, 11, 56
MM, 12, 11, 42
MC, 1, 241
MM, 17, 11, 217
MM, 26, 14, 7
MM, 33, 15, 8
MM, 425, 556, 8
MM, 30, 25, 16
MM, 466, 565, 8
MM, 495, 570, 17
MM, 511, 572, 8
MM, 524, 573, 8
MM, 547, 575, 16
MM, 552, 575, 8
MM, 559, 575, 8
MM, 566, 575, 7
MM, 571, 575, 9
MM, 577, 575, 15
MM, 578, 575, 11
MM, 579, 575, 5
MM, 580, 574, 10
MM, 581, 573, 6
MM, 582, 573, 51
MM, 583, 572, 23
MM, 583, 571, 41
MM, 583, 570, 7
MM, 29, 30, 32
MM, 28, 29, 8
MM, 28, 28, 17
MM, 28, 27, 7
MM, 27, 27, 8
MM, 27, 26, 8
MM, 26, 25, 16
MM, 25, 24, 8
MM, 25, 23, 8
MM, 25, 22, 24
MM, 25, 21, 17
MM, 24, 21, 9
MM, 24, 20, 6
MM, 23, 20, 34
MM, 23, 19, 8
MM, 22, 18, 16
MM, 22, 17, 33
MM, 20, 15, 7
MC, 1, 209
MM, 22, 15, 210
MM, 26, 14, 7
MM, 30, 12, 8
MM, 591, 549, 8
MM, 11, 3, 16
MM, 15, 1, 8
MM, 627, 533, 16
MM, 26, 28, 8
MM, 642, 525, 16
MM, 3, 19, 16
MM, 6, 17, 8
MM, 9, 15, 10
MM, 11, 14, 8
MM, 16, 11, 16
MM, 16, 10, 8
MM, 17, 9, 8
MM, 18, 8, 8
MM, 19, 8, 8
MM, 19, 7, 56
MM, 19, 6, 33
MM, 19, 5, 15
MM, 18, 5, 24
MM, 17, 5, 33
MC, 1, 209
MM, 10, 3, 227
MM, 1, 0, 7
MM, 636, 500, 8
MM, 601, 491, 16
MM, 17, 23, 9
MM, 4, 21, 8
MM, 7, 18, 16
MM, 29, 17, 8
MM, 1, 17, 16
MM, 475, 482, 7
MM, 16, 17, 16
MM, 8, 17, 8
MM, 434, 482, 16
MM, 429, 482, 8
MM, 33, 17, 8
MM, 25, 17, 16
MM, 21, 17, 8
MM, 19, 17, 8
MM, 13, 17, 16
MM, 10, 17, 8
MM, 9, 17, 8
MM, 7, 17, 8
MM, 5, 18, 8
MM, 2, 18, 16
MM, 0, 19, 8
MM, 390, 484, 8
MM, 388, 484, 10
MM, 34, 20, 14
MM, 31, 21, 8
MM, 29, 21, 8
MM, 26, 21, 10
MM, 21, 22, 16
MM, 19, 23, 8
MM, 17, 24, 8
MM, 16, 24, 8
MM, 14, 25, 16
MM, 13, 25, 8
MM, 13, 26, 64
MM, 13, 27, 40
MM, 13, 28, 8
MM, 14, 28, 9
MM, 15, 29, 15
MM, 15, 30, 8
MM, 366, 496, 8
MM, 368, 497, 16
MM, 368, 498, 8
MM, 370, 499, 16
MM, 371, 500, 8
MM, 19, 0, 10
MM, 20, 0, 7
MM, 21, 2, 15
MM, 21, 3, 11
MM, 22, 3, 5
MM, 23, 5, 16
MM, 23, 6, 10
MM, 24, 6, 9
MM, 24, 7, 7
MM, 24, 8, 17
MC, 1, 272
MM, 24, 9, 225
MM, 29, 13, 8
MM, 35, 19, 8
MM, 393, 528, 11
MM, 22, 1, 15
MM, 25, 4, 6
MM, 30, 11, 10
MM, 35, 14, 8
MM, 0, 22, 16
MM, 2, 25, 8
MM, 437, 571, 16
MM, 9, 3, 16
MM, 11, 5, 8
MM, 13, 8, 8
MM, 19, 15, 16
MM, 21, 20, 8
MM, 24, 23, 8
MM, 26, 26, 8
MM, 29, 30, 16
MM, 465, 609, 8
MM, 466, 612, 8
MM, 77, 1, 9
MM, 77, 4, 16
MM, 77, 6, 8
MM, 77, 7, 16
MM, 77, 8, 8
MM, 76, 8, 121
MM, 75, 6, 8
MM, 75, 5, 8
MM, 461, 607, 19
MM, 19, 6, 14
MM, 22, 28, 8
MM, 434, 521, 16
MM, 426, 490, 7
MM, 144, 74, 16
MM, 137, 43, 8
MM, 129, 8, 16
MM, 128, 1, 8
MM, 389, 334, 8
MM, 389, 320, 16
MM, 388, 315, 8
MM, 388, 311, 8
MM, 124, 80, 8
MM, 124, 78, 8
MM, 124, 77, 16
MM, 125, 77, 43
MM, 126, 77, 24
MM, 127, 78, 47
MM, 128, 78, 8
MM, 129, 79, 8
MM, 130, 80, 8
MM, 131, 80, 8
MM, 134, 80, 16
MM, 136, 81, 8
MM, 137, 81, 8
MM, 138, 81, 8
MM, 140, 81, 16
MM, 141, 81, 16
MM, 141, 77, 24
MM, 141, 73, 8
MM, 141, 69, 8
MM, 141, 60, 16
MM, 141, 52, 8
MM, 141, 49, 8
MM, 141, 46, 8
MM, 141, 42, 16
MM, 141, 40, 10
MM, 142, 40, 14
MM, 143, 40, 18
MC, 1, 267
MM, 143, 41, 247
MM, 144, 42, 8
MM, 145, 45, 8
MM, 148, 50, 16
MM, 149, 52, 8
MM, 150, 53, 18
MM, 151, 54, 9
MM, 151, 55, 15
MM, 152, 55, 41
MM, 152, 56, 23
MM, 153, 56, 33
MM, 154, 56, 23
MM, 154, 57, 8
MM, 154, 56, 80
MM, 154, 55, 8
MM, 154, 54, 16
MM, 154, 53, 8
MM, 153, 52, 16
MM, 153, 50, 10
MM, 153, 49, 17
MM, 153, 48, 15
MM, 153, 47, 6
MM, 153, 46, 26
MM, 153, 45, 16
MM, 153, 44, 24
MM, 152, 44, 8
MM, 151, 44, 16
MM, 150, 43, 8
MM, 149, 42, 8
MC, 1, 211
MM, 149, 46, 6504
MM, 153, 56, 7
MM, 155, 66, 8
MM, 422, 317, 16
MM, 422, 327, 8
MM, 422, 344, 8
MM, 158, 16, 16
MM, 156, 35, 8
MM, 149, 67, 16
MM, 148, 75, 8
MM, 406, 459, 16
MM, 13, 6, 16
MM, 13, 11, 8
MM, 13, 24, 16
MM, 13, 28, 10
MM, 404, 498, 6
MM, 7, 2, 16
MM, 7, 7, 16
MM, 7, 8, 10
MM, 8, 8, 6
MM, 8, 6, 58
MM, 8, 4, 8
MM, 8, 1, 16
MM, 405, 500, 8
MM, 405, 497, 8
MM, 15, 22, 16
MM, 17, 7, 16
MM, 410, 454, 8
MM, 148, 73, 16
MM, 150, 51, 16
MM, 150, 41, 8
MM, 151, 33, 8
MM, 151, 24, 16
MM, 151, 22, 8
MM, 152, 20, 16
MM, 153, 20, 32
MM, 154, 20, 8
MM, 155, 20, 8
MM, 155, 21, 16
MM, 156, 21, 8
MM, 157, 22, 8
MM, 158, 24, 16
MM, 158, 25, 8
MM, 158, 26, 8
MM, 160, 27, 16
MM, 160, 28, 8
MM, 161, 29, 8
MM, 162, 30, 24
MM, 162, 31, 32
MM, 162, 32, 16
MC, 1, 195
MM, 163, 34, 207
MM, 166, 38, 8
MM, 172, 49, 16
MM, 177, 58, 8
MM, 181, 69, 8
MM, 189, 89, 16
MM, 456, 458, 10
MM, 19, 14, 14
MM, 19, 26, 18
MM, 458, 498, 6
MM, 19, 5, 18
MM, 23, 5, 217
MM, 31, 9, 7
MM, 481, 517, 8
MM, 24, 29, 16
MM, 514, 537, 8
MM, 32, 10, 16
MM, 15, 20, 16
MM, 33, 25, 16
MM, 596, 566, 8
MM, 11, 29, 16
MM, 18, 29, 16
MM, 20, 29, 8
MM, 21, 29, 16
MM, 22, 29, 8
MM, 22, 27, 16
MM, 22, 26, 8
MM, 22, 25, 8
MM, 22, 24, 27
MM, 22, 23, 5
MM, 22, 21, 16
MM, 22, 19, 8
MM, 22, 18, 8
MM, 22, 12, 16
MM, 24, 5, 18
MM, 25, 3, 6
MM, 622, 536, 18
MM, 623, 533, 8
MM, 16, 27, 16
MM, 16, 26, 6
MM, 15, 26, 42
MM, 14, 26, 8
MM, 13, 26, 16
MM, 12, 26, 8
MM, 11, 26, 32
MM, 11, 25, 48
MM, 11, 24, 9
MM, 11, 23, 8
MM, 11, 22, 15
MM, 11, 20, 8
MM, 11, 19, 8
MM, 11, 16, 16
MM, 11, 15, 8
MM, 11, 13, 16
MM, 11, 12, 25
MC, 1, 224
MM, 8, 12, 169
MM, 1, 14, 8
MM, 35, 17, 8
MM, 33, 24, 24
MM, 6, 29, 8
MM, 498, 534, 16
MM, 481, 535, 8
MM, 450, 535, 16
MM, 428, 536, 16
MM, 424, 536, 8
MM, 412, 538, 16
MM, 23, 0, 8
MM, 18, 0, 16
MM, 15, 0, 8
MM, 12, 2, 16
MM, 11, 3, 8
MM, 10, 4, 8
MM, 9, 5, 16
MM, 9, 6, 8
MM, 9, 7, 16
MM, 9, 8, 16
MM, 9, 9, 16
MM, 10, 9, 72
MM, 11, 10, 32
MM, 12, 10, 24
MM, 13, 11, 16
MM, 14, 11, 34
MM, 15, 12, 14
MM, 16, 12, 18
MC, 1, 233
MM, 18, 13, 184
MM, 21, 15, 7
MM, 24, 17, 8
MM, 30, 22, 16
MM, 33, 24, 8
MM, 421, 566, 16
MM, 422, 567, 8
MM, 423, 568, 8
MM, 423, 569, 16
MM, 424, 569, 144
MM, 425, 569, 26
MM, 426, 569, 16
MM, 0, 30, 32
MM, 1, 30, 25
MM, 2, 30, 31
MM, 4, 30, 8
MM, 5, 30, 8
MM, 9, 30, 16
MM, 10, 30, 8
MM, 11, 30, 8
MM, 441, 570, 16
MM, 443, 571, 8
MM, 446, 573, 16
MM, 447, 574, 16
MM, 448, 574, 8
MM, 448, 575, 8
MM, 15, 0, 16
MM, 16, 0, 40
MM, 17, 1, 8
MM, 18, 3, 8
MM, 22, 6, 16
MM, 24, 7, 8
MM, 26, 11, 16
MM, 28, 12, 8
MM, 30, 14, 17
MM, 30, 15, 8
MM, 30, 16, 7
MM, 31, 16, 16
MM, 31, 17, 8
MM, 31, 18, 8
MM, 31, 19, 8
MM, 31, 20, 25
MM, 30, 20, 39
MM, 29, 20, 10
MM, 27, 20, 6
MM, 24, 20, 10
MM, 17, 20, 16
MM, 14, 20, 6
MM, 8, 20, 10
MM, 433, 596, 16
MM, 31, 20, 16
MM, 27, 20, 8
MM, 22, 20, 16
MM, 19, 20, 8
MM, 18, 20, 8
MM, 15, 20, 16
MM, 14, 20, 8
MM, 13, 20, 16
MM, 12, 20, 8
MM, 11, 20, 8
MM, 10, 20, 24
MM, 9, 20, 8
MM, 9, 21, 8
MM, 8, 22, 16
MM, 7, 22, 8
MM, 6, 22, 8
MM, 4, 23, 16
MM, 3, 23, 8
MM, 0, 23, 16
MM, 389, 599, 8
MM, 385, 598, 16
MM, 33, 21, 8
MM, 26, 16, 16
MM, 24, 15, 8
MM, 19, 11, 8
MM, 8, 4, 16
MM, 7, 3, 9
MM, 2, 0, 7
MM, 342, 572, 18
MM, 341, 572, 6
MM, 56, 30, 16
MM, 54, 29, 10
MM, 52, 29, 16
MM, 51, 29, 16
MM, 50, 29, 16
MM, 49, 28, 8
MM, 48, 28, 24
MM, 48, 27, 8
MM, 48, 26, 16
MM, 48, 25, 40
MM, 47, 24, 17
MM, 47, 23, 63
MM, 49, 23, 112
MM, 51, 23, 8
MM, 52, 23, 8
MM, 339, 562, 16
MM, 0, 23, 8
MM, 8, 23, 16
MM, 16, 26, 8
MM, 23, 27, 8
MM, 386, 571, 16
MM, 19, 5, 18
MM, 30, 12, 6
MM, 4, 22, 15
MM, 8, 27, 11
MM, 68, 0, 15
MM, 75, 7, 17
MM, 77, 9, 7
MM, 80, 11, 17
MM, 80, 12, 8
MM, 81, 12, 15
MM, 80, 12, 97
MM, 78, 11, 8
MC, 1, 257
MM, 79, 9, 225
MM, 83, 7, 8
MM, 487, 609, 16
MM, 28, 19, 16
MM, 512, 588, 8
MM, 528, 572, 16
MM, 25, 26, 8
MM, 34, 19, 16
MM, 550, 553, 8
MM, 2, 8, 16
MM, 7, 4, 16
MM, 8, 3, 8
MM, 12, 1, 16
MM, 14, 0, 8
MM, 569, 537, 8
MM, 574, 534, 16
MM, 15, 29, 16
MM, 19, 26, 16
MM, 22, 25, 10
MM, 24, 24, 6
MM, 27, 22, 15
MM, 30, 21, 11
MM, 32, 20, 7
MM, 35, 19, 8
MM, 603, 520, 16
MM, 1, 16, 17
MM, 3, 16, 8
MM, 4, 15, 9
MM, 7, 15, 15
MM, 8, 15, 8
MM, 9, 15, 8
MM, 10, 15, 16
MM, 11, 15, 16
MM, 12, 15, 8
MM, 13, 15, 8
MM, 16, 15, 16
MM, 18, 15, 8
MM, 23, 15, 16
MM, 26, 15, 8
MM, 28, 15, 8
MM, 641, 517, 16
MM, 643, 517, 8
MM, 4, 14, 16
MM, 6, 14, 8
MM, 8, 14, 16
MM, 10, 13, 8
MM, 10, 12, 25
MM, 11, 11, 7
MM, 11, 10, 16
MC, 1, 211
MM, 8, 10, 202
MM, 3, 10, 5
MM, 23, 14, 16
MM, 14, 18, 8
MM, 5, 23, 18
MM, 606, 528, 6
MM, 597, 534, 16
MM, 595, 536, 10
MM, 36, 1, 16
MM, 36, 3, 8
MM, 33, 5, 16
MM, 32, 6, 7
MM, 31, 7, 9
MM, 27, 8, 16
MM, 26, 8, 7
MM, 23, 10, 8
MM, 18, 13, 16
MM, 15, 15, 8
MM, 13, 17, 8
MM, 10, 22, 17
MM, 8, 23, 7
MM, 7, 26, 10
MM, 557, 570, 15
MM, 555, 573, 8
MM, 35, 3, 16
MM, 29, 9, 16
MM, 27, 10, 8
MM, 24, 13, 8
MM, 18, 20, 16
MM, 14, 22, 8
MM, 11, 25, 8
MM, 6, 28, 15
MM, 4, 28, 8
MM, 2, 29, 9
MM, 0, 29, 16
MM, 516, 605, 7
MM, 515, 605, 17
MM, 514, 605, 26
MM, 515, 605, 256
MM, 2, 28, 7
MM, 9, 24, 17
MM, 13, 21, 8
MM, 17, 19, 7
MM, 22, 17, 8
MM, 27, 13, 17
MM, 29, 11, 10
MM, 31, 10, 5
MM, 32, 10, 11
MM, 33, 10, 15
MM, 33, 9, 6
MM, 30, 9, 68
MM, 27, 9, 7
MC, 1, 209
MM, 26, 9, 257
MM, 18, 8, 8
MM, 8, 2, 8
MM, 500, 570, 16
MM, 23, 28, 8
MM, 468, 558, 16
MM, 20, 11, 16
MM, 14, 10, 8
MM, 426, 544, 16
MM, 32, 1, 16
MM, 28, 0, 8
MM, 407, 538, 16
MM, 405, 538, 10
MM, 402, 537, 16
MM, 401, 537, 6
MM, 400, 537, 10
MM, 399, 537, 24
MM, 399, 536, 16
MM, 398, 535, 16
MM, 398, 534, 24
MM, 398, 533, 32
MM, 1, 30, 16
MM, 1, 29, 24
MM, 1, 28, 16
MM, 1, 27, 8
MM, 2, 26, 8
MM, 3, 23, 16
MM, 3, 22, 16
MM, 3, 20, 7
MM, 5, 20, 16
MM, 5, 19, 8
MM, 6, 19, 8
MM, 8, 18, 17
MM, 9, 18, 16
MC, 1, 203
MM, 10, 22, 175
MM, 12, 28, 8
MM, 410, 535, 8
MM, 30, 6, 18
MM, 32, 14, 6
MM, 422, 563, 16
MM, 426, 573, 15
MM, 428, 577, 11
MM, 429, 581, 6
MM, 432, 587, 18
MM, 432, 590, 8
MM, 433, 591, 8
MM, 433, 595, 16
MM, 433, 596, 16
MM, 433, 597, 8
MM, 433, 598, 16
MM, 433, 599, 8
MM, 433, 600, 16
MM, 433, 601, 16
MM, 433, 602, 8
MM, 433, 603, 8
MM, 433, 604, 16
MM, 433, 605, 8
MM, 432, 606, 16
MM, 432, 607, 8
MM, 431, 608, 8
MM, 431, 609, 16
MM, 431, 611, 15
MM, 430, 611, 17
MM, 430, 612, 8
MM, 39, 0, 8
MM, 38, 1, 16
MM, 38, 3, 16
MM, 37, 5, 16
MM, 36, 6, 10
MM, 35, 7, 14
MM, 35, 8, 10
MM, 35, 9, 8
MM, 34, 9, 16
MM, 34, 10, 8
MM, 32, 11, 16
MM, 32, 12, 24
MC, 1, 177
MM, 35, 12, 185
MM, 42, 12, 8
MM, 49, 10, 8
MM, 74, 5, 16
MM, 91, 2, 8
MM, 498, 610, 8
MM, 16, 24, 16
MM, 12, 11, 16
MM, 19, 8, 8
MM, 603, 573, 16
MM, 15, 28, 8
MM, 26, 20, 16
MM, 30, 16, 8
MM, 636, 548, 16
MM, 4, 5, 16
MM, 6, 3, 8
MM, 8, 2, 16
MM, 9, 2, 8
MM, 10, 1, 25
MM, 11, 0, 33
MM, 648, 538, 40
MM, 648, 536, 16
MM, 648, 535, 16
MM, 648, 534, 8
MM, 648, 533, 16
MM, 4, 29, 8
MM, 4, 28, 16
MM, 4, 27, 8
MM, 4, 26, 8
MM, 4, 25, 16
MM, 4, 24, 8
MM, 4, 23, 8
MM, 5, 22, 16
MM, 6, 21, 8
MM, 7, 20, 16
MM, 8, 20, 8
MM, 9, 19, 8
MM, 11, 18, 16
MM, 12, 18, 8
MM, 13, 18, 16
MM, 15, 17, 8
MM, 16, 17, 24
MC, 1, 211
MM, 14, 17, 191
MM, 9, 17, 8
MM, 2, 17, 8
MM, 30, 17, 8
MM, 603, 519, 16
MM, 12, 17, 18
MM, 562, 521, 6
MM, 11, 27, 16
MM, 519, 535, 18
MM, 512, 538, 7
MM, 28, 6, 15
MM, 24, 8, 10
MM, 15, 13, 16
MM, 12, 14, 8
MM, 10, 15, 8
MM, 5, 18, 16
MM, 3, 20, 8
MM, 2, 21, 8
MM, 2, 22, 24
MM, 2, 23, 16
MM, 2, 24, 16
MM, 3, 24, 24
MM, 4, 25, 8
MM, 4, 26, 16
MM, 5, 26, 8
MM, 6, 26, 16
MM, 7, 26, 290
MM, 9, 24, 8
MM, 16, 19, 16
MM, 22, 16, 16
MM, 24, 14, 8
MM, 26, 13, 16
MM, 26, 12, 8
MM, 27, 12, 8
MM, 27, 11, 16
MM, 26, 11, 56
MM, 25, 11, 8
MC, 1, 195
MM, 25, 13, 215
MM, 25, 18, 8
MM, 499, 570, 16
MM, 499, 573, 8
MM, 25, 2, 10
MM, 26, 11, 13
MM, 26, 14, 9
MM, 26, 18, 8
MM, 26, 25, 18
MM, 26, 29, 14
MM, 501, 608, 10
MM, 501, 609, 8
MM, 109, 0, 16
MM, 108, 2, 8
MM, 107, 3, 24
MM, 107, 4, 17
MM, 107, 5, 15
MM, 107, 6, 32
MM, 106, 7, 16
MM, 106, 8, 16
MM, 105, 8, 8
MM, 105, 9, 8
MM, 104, 10, 8
MM, 104, 12, 16
MM, 103, 13, 8
MM, 101, 16, 16
MM, 100, 18, 16
MM, 100, 19, 8
MM, 99, 20, 8
MM, 98, 21, 8
MM, 98, 22, 16
MM, 97, 23, 8
MM, 96, 23, 16
MM, 95, 23, 16
MC, 1, 178
MM, 100, 23, 202
MM, 106, 23, 8
MM, 114, 21, 8
MM, 138, 14, 16
MM, 149, 10, 8
MM, 160, 6, 8
MM, 565, 614, 16
MM, 572, 612, 8
MM, 582, 608, 16
MM, 585, 607, 8
MM, 28, 29, 16
MM, 29, 28, 8
MM, 30, 28, 8
MM, 31, 28, 16
MM, 31, 27, 8
MM, 31, 26, 88
MM, 31, 25, 24
MM, 32, 25, 16
MM, 32, 24, 8
MC, 1, 257
MM, 32, 23, 233
MM, 31, 18, 8
MM, 27, 11, 8
MM, 580, 570, 16
MM, 17, 14, 16
MM, 13, 5, 8
MM, 561, 534, 16
MM, 559, 530, 8
MM, 32, 21, 16
MM, 31, 19, 8
MM, 30, 18, 16
MM, 30, 17, 8
MM, 30, 16, 16
MM, 29, 16, 24
MM, 29, 15, 72
MM, 28, 14, 26
MM, 28, 13, 8
MM, 27, 12, 24
MM, 27, 11, 7
MM, 26, 11, 8
MM, 25, 10, 16
MM, 24, 10, 25
MM, 23, 10, 24
MM, 22, 10, 16
MM, 20, 10, 8
MM, 15, 8, 8
MC, 1, 185
MM, 15, 11, 161
MM, 15, 16, 8
MM, 15, 25, 16
MM, 537, 533, 8
MM, 23, 10, 16
MM, 22, 19, 8
MM, 530, 572, 16
MM, 10, 9, 16
MM, 7, 17, 16
MM, 5, 21, 8
MM, 3, 24, 8
MM, 1, 29, 16
MM, 517, 607, 8
MM, 516, 608, 16
MM, 516, 610, 8
MM, 516, 611, 24
MM, 515, 611, 16
MM, 515, 612, 8
MM, 125, 0, 16
MM, 124, 1, 32
MM, 124, 2, 8
MM, 123, 2, 24
MM, 123, 3, 8
MM, 123, 4, 8
MM, 123, 5, 8
MM, 123, 6, 16
MM, 123, 7, 16
MM, 122, 8, 8
MM, 121, 8, 16
MM, 121, 9, 8
MM, 120, 10, 8
MM, 119, 11, 24
MM, 119, 12, 10
MM, 118, 12, 6
MM, 117, 12, 26
MC, 1, 184
MM, 115, 10, 200
MM, 112, 4, 8
MM, 495, 607, 8
MM, 10, 14, 16
MM, 470, 570, 16
MM, 33, 18, 16
MM, 24, 8, 16
MM, 21, 5, 10
MM, 20, 3, 6
MM, 18, 1, 10
MM, 444, 538, 8
MM, 443, 538, 16
MM, 444, 538, 88
MM, 17, 0, 8
MM, 19, 1, 16
MM, 20, 1, 8
MM, 21, 1, 24
MM, 22, 1, 8
MM, 23, 1, 24
MM, 24, 1, 8
MM, 25, 1, 8
MM, 26, 1, 16
MM, 27, 1, 8
MM, 28, 1, 16
MM, 29, 1, 32
MM, 30, 1, 25
MM, 31, 1, 23
MM, 32, 2, 16
MM, 33, 3, 8
MM, 33, 4, 16
MM, 34, 4, 8
MM, 35, 5, 8
MM, 36, 6, 8
MM, 464, 545, 16
MM, 465, 545, 16
MM, 468, 545, 16
MM, 0, 7, 10
MM, 1, 7, 6
MM, 5, 7, 17
MM, 6, 7, 8
MM, 11, 7, 16
MM, 13, 7, 17
MM, 14, 7, 7
MC, 1, 194
MM, 12, 7, 202
MM, 7, 7, 7
MM, 3, 7, 8
MM, 467, 545, 8
MM, 27, 5, 16
MM, 16, 2, 8
MM, 4, 2, 16
MM, 424, 541, 8
MM, 32, 2, 8
MM, 20, 2, 16
MM, 15, 2, 7
MM, 11, 2, 8
MM, 7, 2, 9
MM, 1, 2, 16
MM, 0, 2, 8
MM, 383, 541, 8
MM, 381, 542, 8
MM, 34, 5, 24
MM, 34, 6, 80
MM, 34, 7, 18
MM, 33, 7, 104
MM, 32, 8, 8
MM, 31, 8, 8
MM, 27, 9, 16
MM, 25, 9, 8
MM, 23, 9, 8
MM, 20, 9, 8
MM, 16, 9, 16
MM, 12, 9, 16
MM, 11, 9, 8
MM, 9, 10, 8
MC, 1, 209
MM, 17, 11, 177
MM, 28, 14, 8
MM, 382, 556, 8
MM, 13, 20, 16
MM, 19, 22, 8
MM, 3, 28, 16
MM, 440, 570, 16
MM, 449, 570, 16
MM, 453, 570, 8
MM, 455, 570, 8
MM, 461, 571, 16
MM, 464, 571, 8
MM, 466, 571, 8
MM, 471, 571, 16
MM, 474, 572, 8
MM, 477, 572, 16
MM, 479, 572, 8
MM, 480, 573, 16
MM, 481, 573, 10
MM, 480, 574, 88
MM, 479, 575, 8
MM, 477, 575, 8
MM, 472, 578, 16
MM, 469, 580, 8
MM, 33, 5, 8
MM, 26, 9, 16
MM, 23, 10, 8
MM, 18, 13, 16
MM, 16, 14, 8
MM, 15, 15, 16
MM, 14, 16, 8
MM, 14, 17, 8
MM, 14, 18, 56
MC, 1, 241
MM, 18, 18, 201
MM, 25, 18, 8
MM, 4, 11, 16
MM, 513, 576, 16
MM, 3, 20, 16
MM, 29, 8, 16
MM, 605, 538, 16
MM, 20, 27, 16
MM, 640, 523, 16
MM, 6, 18, 16
MM, 12, 16, 18
MM, 14, 15, 16
MM, 16, 15, 16
MM, 16, 14, 24
MM, 15, 14, 160
MM, 14, 14, 8
MC, 1, 202
MM, 11, 14, 314
MM, 2, 13, 16
MM, 639, 514, 8
MM, 19, 10, 16
MM, 9, 9, 16
MM, 6, 9, 8
MM, 0, 9, 16
MM, 606, 511, 8
MM, 605, 511, 8
MM, 604, 511, 16
MM, 603, 511, 24
MM, 602, 511, 16
MM, 601, 511, 24
MM, 36, 9, 104
MM, 35, 9, 10
MM, 32, 9, 16
MM, 27, 10, 16
MM, 25, 10, 8
MM, 21, 11, 16
MM, 20, 11, 8
MM, 19, 11, 8
MM, 17, 12, 16
MC, 1, 216
MM, 14, 12, 178
MM, 10, 12, 8
MM, 4, 12, 8
MM, 29, 12, 16
MM, 10, 11, 16
MM, 0, 10, 8
MM, 31, 10, 8
MM, 18, 10, 16
MM, 12, 10, 8
MM, 3, 10, 16
MM, 0, 10, 8
MM, 479, 512, 16
MM, 478, 512, 8
MM, 477, 512, 16
MM, 477, 513, 73
MM, 476, 513, 129
MM, 36, 11, 16
MM, 35, 11, 8
MM, 33, 11, 16
MM, 32, 11, 8
MM, 31, 11, 15
MM, 30, 11, 8
MM, 29, 11, 8
MM, 28, 11, 16
MM, 27, 11, 8
MM, 26, 11, 8
MM, 25, 11, 16
MM, 24, 11, 9
MM, 23, 11, 15
MM, 22, 11, 8
MM, 21, 11, 8
MM, 20, 11, 25
MC, 1, 218
MM, 25, 11, 192
MM, 32, 14, 8
MM, 477, 518, 8
MM, 14, 20, 16
MM, 8, 26, 23
MM, 32, 26, 26
MM, 34, 21, 57
MM, 3, 20, 32
MM, 8, 20, 16
MM, 10, 20, 16
MM, 11, 20, 8
MM, 13, 20, 24
MM, 14, 20, 24
MM, 14, 19, 56
MM, 14, 18, 66
MM, 14, 17, 16
MM, 15, 16, 6
MM, 15, 15, 26
MM, 15, 14, 16
MC, 1, 232
MM, 13, 14, 226
MM, 7, 12, 8
MM, 0, 8, 8
MM, 26, 5, 16
MM, 7, 2, 16
MM, 563, 504, 8
MM, 26, 2, 16
MM, 19, 2, 8
MM, 7, 2, 16
MM, 3, 2, 8
MM, 518, 505, 18
MM, 31, 3, 13
MM, 29, 4, 11
MM, 27, 4, 8
MM, 25, 5, 16
MM, 24, 5, 8
MM, 23, 5, 24
MM, 23, 6, 7
MM, 23, 8, 32
MC, 1, 371
MM, 19, 8, 160
MM, 15, 8, 10
MM, 10, 8, 8
MM, 478, 511, 16
MM, 31, 9, 8
MM, 11, 10, 16
MM, 1, 10, 16
MM, 433, 512, 8
MM, 24, 11, 16
MM, 16, 11, 15
MM, 13, 11, 9
MM, 8, 11, 24
MM, 7, 11, 16
MM, 6, 11, 16
MM, 6, 12, 8
MC, 1, 331
MM, 6, 13, 257
MM, 6, 16, 8
MM, 8, 20, 8
MM, 410, 534, 16
MM, 28, 8, 16
MM, 33, 26, 23
MM, 29, 0, 16
MM, 31, 8, 16
MM, 32, 12, 8
MM, 34, 19, 16
MM, 34, 22, 8
MM, 35, 24, 9
MM, 427, 607, 16
MM, 428, 611, 8
MM, 39, 5, 16
MM, 40, 9, 8
MM, 41, 15, 16
MM, 41, 18, 10
MM, 42, 20, 8
MM, 42, 21, 6
MM, 42, 25, 18
MM, 42, 26, 8
MM, 42, 27, 16
MM, 42, 28, 16
MM, 42, 27, 128
MM, 42, 26, 16
MM, 42, 25, 16
MM, 42, 24, 24
MM, 42, 23, 32
MM, 42, 22, 16
MM, 42, 21, 16
MM, 42, 20, 34
MM, 42, 19, 17
MM, 42, 18, 31
MM, 42, 17, 8
MC, 1, 217
MM, 42, 15, 185
MM, 42, 10, 8
MM, 38, 0, 16
MM, 425, 607, 8
MM, 28, 19, 15
MM, 20, 2, 16
MM, 407, 571, 8
MM, 18, 23, 16
MM, 14, 13, 17
MM, 13, 10, 8
MM, 12, 9, 8
MM, 11, 6, 16
MM, 11, 5, 16
MM, 11, 4, 8
MM, 11, 3, 16
MM, 11, 2, 24
MM, 11, 1, 16
MM, 11, 0, 18
MM, 12, 0, 22
MM, 397, 538, 26
MM, 398, 538, 5
MM, 398, 536, 18
MM, 398, 533, 9
MM, 1, 27, 16
MM, 1, 22, 16
MM, 1, 21, 8
MM, 1, 19, 8
MM, 1, 17, 16
MM, 0, 17, 40
MM, 396, 519, 24
MM, 394, 519, 7
MM, 391, 519, 17
MM, 38, 17, 8
MM, 34, 17, 16
MM, 33, 17, 16
MM, 32, 17, 8
MM, 31, 17, 8
MM, 30, 17, 138
MM, 28, 17, 8
MM, 26, 17, 8
MC, 1, 240
MM, 31, 17, 217
MM, 392, 520, 8
MM, 18, 27, 16
MM, 429, 534, 8
MM, 30, 4, 16
MM, 12, 10, 16
MM, 3, 17, 25
MM, 15, 19, 16
MM, 22, 21, 8
MM, 549, 561, 16
MM, 552, 561, 10
MM, 6, 22, 16
MM, 12, 22, 16
MM, 14, 22, 8
MM, 17, 22, 8
MM, 20, 22, 24
MM, 21, 22, 16
MM, 21, 21, 184
MM, 20, 20, 66
MM, 19, 20, 14
MM, 18, 20, 10
MM, 17, 20, 8
MM, 15, 19, 16
MM, 15, 18, 8
MM, 14, 18, 16
MC, 1, 241
MM, 11, 17, 194
MM, 6, 15, 7
MM, 551, 550, 8
MM, 20, 3, 16
MM, 28, 30, 16
MM, 22, 29, 8
MM, 3, 23, 16
MM, 478, 523, 8
MM, 29, 19, 16
MM, 25, 18, 8
MM, 21, 18, 15
MM, 18, 18, 8
MM, 17, 18, 10
MM, 14, 18, 8
MM, 11, 18, 16
MM, 9, 18, 9
MM, 6, 18, 6
MM, 3, 18, 18
MM, 0, 18, 8
MM, 438, 520, 8
MM, 434, 520, 16
MM, 35, 18, 16
MM, 34, 18, 16
MM, 33, 18, 120
MM, 32, 18, 7
MM, 30, 18, 8
MM, 24, 18, 17
MC, 1, 269
MM, 27, 19, 207
MM, 33, 22, 8
MM, 0, 26, 8
MM, 458, 538, 16
MM, 6, 9, 15
MM, 17, 15, 8
MM, 34, 24, 16
MM, 508, 565, 8
MM, 521, 571, 16
MM, 529, 575, 8
MM, 19, 2, 17
MM, 22, 4, 8
MM, 28, 6, 15
MM, 30, 7, 8
MM, 34, 10, 16
MM, 36, 12, 8
MM, 554, 588, 8
MM, 555, 590, 16
MM, 556, 590, 16
MM, 555, 590, 67
MM, 36, 14, 280
MM, 34, 14, 10
MM, 33, 14, 8
MM, 29, 14, 16
MC, 1, 346
MM, 29, 15, 473
MM, 28, 18, 8
MM, 26, 22, 9
MM, 24, 25, 8
MM, 535, 611, 16
MM, 142, 2, 8
MM, 138, 9, 16
MM, 136, 11, 8
MM, 134, 15, 16
MM, 133, 16, 8
MM, 132, 17, 8
MM, 131, 18, 8
MM, 130, 18, 48
MC, 1, 225
MM, 131, 18, 201
MM, 137, 12, 8
MM, 147, 5, 8
MM, 35, 28, 16
MM, 2, 18, 8
MM, 34, 28, 24
MM, 4, 11, 16
MM, 6, 7, 8
MM, 609, 534, 16
MM, 6, 22, 16
MM, 7, 19, 8
MM, 9, 16, 18
MM, 10, 15, 14
MM, 11, 15, 18
MM, 12, 15, 8
MM, 13, 15, 32
MM, 13, 14, 80
MC, 1, 248
MM, 10, 14, 202
MM, 5, 20, 8
MM, 601, 530, 8
MM, 31, 4, 16
MM, 13, 19, 16
MM, 6, 26, 8
MM, 552, 571, 8
MM, 26, 2, 18
MM, 22, 6, 6
MM, 17, 10, 16
MM, 15, 12, 10
MM, 14, 13, 16
MM, 13, 13, 14
MM, 13, 14, 32
MM, 12, 14, 82
MM, 12, 15, 24
MM, 11, 15, 8
MM, 10, 16, 8
MM, 118, 3, 202
MM, 116, 5, 15
MM, 116, 6, 8
MM, 115, 7, 16
MM, 114, 7, 57
MC, 1, 209
MM, 111, 5, 153
MM, 107, 2, 8
MM, 494, 612, 8
MM, 8, 27, 16
MM, 469, 595, 16
MM, 18, 8, 18
MM, 436, 575, 14
MM, 428, 571, 8
MM, 29, 24, 16
MM, 25, 19, 8
MM, 19, 13, 16
MM, 16, 10, 8
MM, 14, 7, 8
MM, 10, 3, 16
MM, 9, 2, 8
MM, 8, 1, 8
MM, 8, 0, 8
MM, 392, 538, 24
MM, 392, 537, 32
MM, 392, 536, 26
MM, 393, 536, 63
MM, 393, 535, 33
MM, 393, 534, 16
MM, 393, 533, 24
MM, 393, 532, 16
MM, 393, 531, 7
MM, 393, 530, 17
MM, 393, 529, 8
MM, 393, 527, 8
MM, 391, 526, 16
MM, 38, 22, 8
MM, 37, 21, 16
MM, 37, 20, 8
MM, 36, 20, 8
MM, 35, 18, 16
MM, 34, 18, 39
MM, 32, 17, 8
MC, 1, 211
MM, 32, 18, 426
MM, 32, 19, 18
MM, 32, 20, 6
MM, 32, 21, 15
MM, 32, 22, 25
MM, 32, 23, 7
MM, 32, 24, 17
MM, 32, 25, 16
MM, 32, 26, 10
MM, 32, 27, 16
MM, 32, 28, 8
MM, 32, 29, 6
MM, 30, 30, 18
MM, 382, 533, 8
MM, 381, 534, 8
MM, 381, 535, 16
MM, 381, 536, 8
MM, 380, 536, 8
MM, 379, 537, 16
MM, 379, 538, 8
MM, 34, 0, 24
MM, 34, 1, 8
MC, 1, 193
MM, 380, 540, 225
MM, 383, 541, 8
MM, 2, 4, 16
MM, 4, 4, 8
MM, 8, 5, 16
MM, 8, 6, 8
MM, 9, 6, 8
MM, 10, 6, 10
MM, 10, 7, 21
MM, 10, 8, 11
MM, 11, 8, 6
MM, 12, 9, 23
MM, 13, 10, 19
MM, 13, 11, 16
MM, 15, 11, 8
MM, 17, 11, 8
MM, 21, 12, 16
MM, 23, 13, 8
MM, 24, 13, 8
MM, 27, 14, 16
MM, 28, 14, 8
MM, 28, 13, 56
MC, 1, 192
MM, 30, 16, 234
MM, 33, 21, 8
MM, 421, 566, 8
MM, 427, 575, 16
MM, 430, 580, 8
MM, 0, 10, 8
MM, 6, 21, 16
MM, 8, 28, 16
MM, 10, 30, 8
MM, 445, 609, 8
MM, 447, 612, 15
MM, 58, 0, 11
MM, 58, 2, 14
MM, 59, 3, 42
MM, 59, 4, 16
MM, 59, 5, 16
MM, 59, 6, 40
MM, 60, 6, 16
MM, 60, 7, 23
MM, 60, 8, 34
MC, 1, 234
MM, 58, 7, 191
MM, 55, 3, 8
MM, 432, 603, 16
MM, 30, 17, 16
MM, 22, 9, 8
MM, 15, 2, 16
MM, 403, 575, 8
MM, 10, 28, 16
MM, 5, 25, 7
MM, 383, 558, 17
MM, 33, 17, 15
MM, 30, 15, 10
MM, 29, 14, 6
MM, 25, 13, 16
MM, 25, 12, 10
MM, 24, 12, 9
MM, 23, 12, 15
MM, 22, 12, 25
MM, 22, 13, 87
MC, 1, 193
MM, 23, 13, 177
MM, 26, 14, 9
MM, 31, 18, 8
MM, 5, 29, 15
MM, 398, 574, 8
MM, 26, 10, 16
MM, 431, 594, 16
MM, 14, 29, 16
MM, 456, 611, 17
MM, 68, 0, 8
MM, 74, 5, 16
MM, 76, 7, 7
MM, 78, 8, 8
MM, 81, 12, 16
MM, 82, 13, 8
MM, 83, 14, 8
MM, 84, 15, 16
MM, 84, 16, 8
MM, 85, 16, 17
MC, 1, 259
MM, 88, 16, 191
MM, 93, 16, 10
MM, 104, 12, 6
MM, 113, 10, 10
MM, 535, 611, 16
MM, 543, 607, 6
MM, 12, 20, 18
MM, 25, 15, 7
MM, 5, 5, 16
MM, 11, 3, 9
MM, 629, 571, 15
MM, 633, 569, 8
MM, 5, 28, 17
MM, 8, 26, 16
MM, 9, 26, 8
MM, 10, 26, 7
MM, 11, 26, 25
MM, 9, 25, 162
MC, 1, 200
MM, 8, 24, 258
MM, 6, 21, 7
MM, 3, 18, 8
MM, 0, 15, 8
MM, 33, 4, 17
MM, 623, 533, 16
MM, 12, 23, 16
MM, 9, 18, 16
MM, 8, 14, 8
MM, 8, 12, 8
MM, 7, 10, 16
MM, 7, 9, 16
MM, 8, 9, 56
MM, 9, 9, 8
MM, 10, 9, 32
MM, 11, 9, 16
MC, 1, 242
MM, 8, 9, 210
MM, 0, 9, 8
MM, 33, 12, 8
MM, 562, 520, 16
MM, 22, 22, 8
MM, 33, 29, 16
MM, 483, 538, 16
MM, 467, 542, 16
MM, 464, 542, 8
MM, 24, 6, 16
MM, 21, 6, 8
MM, 18, 6, 16
MM, 16, 6, 8
MM, 15, 6, 16
MM, 14, 6, 8
MM, 13, 6, 23
MC, 1, 454
MM, 18, 7, 207
MM, 33, 13, 7
MM, 24, 26, 16
MM, 518, 575, 8
MM, 14, 18, 17
MM, 600, 603, 8
MM, 648, 616, 16
MM, 672, 621, 10
MM, 707, 627, 16
MM, 742, 633, 16
MM, 758, 636, 8
MM, 765, 637, 8
MM, 782, 640, 8
MM, 793, 642, 16
MM, 804, 644, 15
MM, 807, 645, 8
MM, 811, 646, 8
MM, 816, 648, 17
MM, 817, 649, 7
MM, 818, 649, 8
MM, 820, 649, 8
MM, 821, 649, 16
MM, 822, 649, 24
MM, 823, 649, 41
MM, 825, 649, 31
MM, 826, 649, 8
MM, 831, 649, 17
MM, 835, 649, 8
MM, 837, 649, 8
MM, 846, 649, 16
MM, 6, 0, 8
MM, 14, 2, 16
MM, 20, 3, 10
MM, 23, 4, 6
MM, 30, 6, 16
MM, 33, 7, 10
MM, 35, 8, 6
MM, 37, 10, 10
MM, 32, 6, 441
MM, 867, 649, 9
MM, 846, 632, 16
MM, 834, 620, 7
MM, 796, 595, 16
MM, 725, 557, 16
MM, 12, 1, 8
MM, 28, 10, 17
MM, 605, 496, 7
MM, 2, 8, 16
MM, 531, 455, 17
MM, 243, 85, 15
MM, 228, 74, 16
MM, 222, 68, 8
MM, 211, 60, 9
MM, 203, 53, 8
MM, 193, 45, 8
********************************************************************************
LOGGING TIME: 20161113_114510
CLIENT IP: 10.146.230.155
USERNAME: Elon Musk
OS: Windows 10
**********************************Emotional database********************************************************************************
MM, 649, 683, 1477468778714
MM, 638, 663, 13
MM, 632, 652, 8
MM, 624, 638, 16
MM, 621, 635, 8
MM, 618, 632, 16
MM, 617, 630, 8
MM, 617, 629, 8
MM, 617, 628, 32
MM, 617, 627, 72
MM, 615, 627, 72
MM, 612, 625, 15
MM, 609, 623, 8
MM, 597, 614, 17
MM, 23, 27, 16
MM, 9, 17, 16
MM, 557, 583, 16
MM, 33, 2, 16
MM, 547, 575, 16
MM, 546, 574, 16
MM, 547, 574, 56
MM, 548, 574, 48
MM, 549, 574, 16
MM, 550, 574, 15
MM, 551, 574, 8
MM, 552, 574, 8
MM, 554, 574, 16
MM, 555, 574, 8
MM, 556, 574, 16
MM, 557, 574, 16
MM, 558, 575, 9
MM, 0, 1, 15
MM, 3, 4, 16
MM, 6, 5, 16
MM, 7, 6, 16
MM, 7, 7, 16
MM, 8, 7, 8
MM, 9, 7, 33
MM, 9, 8, 8
MC, 1, 240
MM, 8, 8, 242
MM, 2, 6, 8
MM, 36, 2, 8
MM, 27, 30, 16
MM, 10, 21, 16
MM, 510, 551, 16
MM, 30, 2, 15
MM, 494, 535, 17
MM, 10, 30, 8
MM, 6, 27, 16
MM, 5, 25, 8
MM, 5, 24, 8
MM, 4, 24, 16
MM, 3, 22, 16
MM, 2, 22, 8
MM, 1, 21, 15
MM, 481, 523, 9
MM, 480, 522, 16
MM, 477, 521, 16
MM, 476, 521, 8
MM, 35, 18, 16
MC, 1, 337
MM, 477, 521, 273
MM, 481, 524, 8
MM, 7, 29, 16
MM, 493, 534, 8
MM, 505, 542, 16
MM, 2, 10, 16
MM, 12, 17, 15
MM, 545, 571, 40
MM, 555, 577, 17
MM, 559, 580, 8
MM, 6, 7, 16
MM, 12, 10, 8
MM, 21, 14, 16
MM, 24, 16, 8
MM, 31, 19, 16
MM, 32, 19, 8
MM, 35, 20, 8
MM, 597, 596, 16
MM, 599, 596, 8
MM, 601, 596, 8
MM, 602, 596, 16
MM, 1, 20, 8
MM, 3, 20, 16
MM, 4, 20, 8
MM, 5, 20, 24
MM, 6, 20, 16
MM, 6, 19, 113
MM, 7, 19, 551
MM, 8, 19, 10
MM, 9, 19, 6
MM, 13, 19, 23
MM, 14, 19, 8
MM, 15, 19, 8
MM, 18, 19, 16
MM, 20, 19, 10
MM, 23, 19, 6
MM, 28, 20, 17
MM, 634, 596, 8
MM, 639, 596, 16
MM, 2, 20, 8
MM, 5, 20, 18
MM, 6, 20, 6
MM, 8, 20, 10
MM, 8, 19, 48
MM, 8, 18, 14
MC, 1, 208
MM, 6, 18, 194
MM, 639, 594, 8
MM, 19, 15, 16
MM, 4, 15, 8
MM, 28, 14, 16
MM, 5, 14, 16
MM, 0, 14, 8
MM, 36, 14, 8
MM, 24, 14, 15
MM, 17, 14, 16
MM, 16, 14, 8
MM, 14, 14, 8
MM, 13, 14, 8
MM, 12, 14, 16
MM, 10, 14, 17
MM, 9, 14, 16
MM, 8, 14, 8
MM, 6, 14, 16
MM, 4, 14, 8
MM, 0, 14, 16
MM, 514, 590, 8
MM, 34, 14, 16
MM, 30, 14, 8
MM, 23, 14, 16
MM, 17, 15, 16
MM, 12, 15, 16
MM, 11, 15, 8
MM, 9, 15, 8
MM, 8, 16, 8
MM, 7, 16, 16
MM, 6, 16, 8
MM, 5, 16, 16
MC, 1, 296
MM, 0, 11, 216
MM, 470, 582, 8
MM, 24, 21, 24
MM, 17, 15, 8
MM, 14, 12, 8
MM, 3, 1, 16
MM, 24, 29, 16
MM, 18, 24, 16
MM, 14, 19, 16
MM, 12, 17, 8
MM, 9, 15, 16
MM, 8, 14, 8
MM, 8, 13, 18
MM, 7, 13, 24
MM, 7, 14, 600
MM, 7, 17, 16
MM, 7, 18, 8
MM, 6, 18, 16
MM, 6, 19, 8
MM, 8, 19, 215
MM, 9, 19, 16
MM, 10, 19, 8
MM, 12, 18, 17
MM, 14, 18, 15
MM, 15, 18, 16
MM, 15, 17, 8
MM, 15, 16, 65
MM, 14, 16, 8
MC, 1, 217
MM, 10, 16, 184
MM, 8, 16, 8
MM, 394, 520, 16
MM, 27, 22, 16
MM, 18, 25, 16
MM, 14, 26, 8
MM, 10, 28, 17
MM, 358, 533, 15
MM, 357, 534, 16
MM, 357, 535, 8
MM, 356, 536, 16
MM, 356, 537, 8
MM, 356, 538, 24
MM, 12, 0, 17
MM, 12, 1, 40
MM, 12, 2, 24
MM, 13, 2, 80
MM, 13, 3, 8
MM, 13, 4, 32
MC, 1, 208
MM, 17, 4, 218
MM, 22, 4, 8
MM, 381, 543, 16
MM, 15, 4, 16
MM, 421, 543, 16
MM, 13, 5, 16
MM, 25, 6, 16
MM, 465, 548, 15
MM, 5, 11, 16
MM, 9, 12, 16
MM, 11, 12, 9
MM, 13, 12, 15
MM, 14, 12, 17
MM, 14, 13, 8
MM, 14, 14, 23
MM, 15, 15, 8
MM, 18, 16, 16
MM, 19, 17, 8
MM, 25, 20, 16
MM, 31, 23, 16
MM, 505, 564, 8
MM, 1, 28, 17
MM, 5, 30, 15
MM, 8, 30, 16
MM, 9, 30, 16
MM, 10, 30, 8
MM, 11, 30, 41
MM, 522, 570, 15
MM, 522, 571, 24
MM, 523, 571, 8
MM, 525, 572, 16
MM, 527, 572, 16
MM, 527, 573, 8
MM, 528, 574, 17
MM, 528, 575, 39
MM, 11, 1, 49
MC, 1, 216
MM, 10, 2, 417
MM, 8, 3, 8
MM, 1, 6, 16
MM, 514, 584, 8
MM, 32, 12, 16
MM, 25, 16, 16
MM, 20, 21, 17
MM, 19, 23, 8
MM, 16, 26, 16
MM, 16, 28, 16
MM, 15, 29, 16
MM, 15, 30, 16
MM, 490, 607, 8
MM, 490, 608, 16
MM, 490, 609, 40
MM, 489, 609, 8
MM, 489, 610, 8
MM, 489, 611, 40
MM, 488, 612, 8
MM, 98, 1, 16
MM, 98, 3, 8
MM, 95, 9, 16
MM, 94, 10, 8
MM, 92, 13, 8
MM, 88, 17, 16
MM, 87, 19, 8
MM, 83, 20, 16
MM, 82, 20, 10
MM, 81, 20, 6
MM, 77, 20, 8
MC, 1, 218
MM, 76, 20, 223
MM, 73, 20, 8
MM, 66, 15, 8
MM, 54, 6, 17
MM, 48, 1, 8
MM, 430, 609, 7
MM, 32, 25, 16
MM, 23, 16, 16
MM, 20, 13, 8
MM, 16, 8, 16
MM, 15, 7, 8
MM, 14, 5, 8
MM, 13, 4, 17
MM, 13, 3, 16
MM, 13, 2, 8
MM, 13, 1, 8
MM, 13, 0, 24
MM, 404, 575, 8
MM, 403, 574, 8
MM, 403, 572, 15
MM, 403, 570, 17
MM, 17, 30, 8
MM, 17, 28, 16
MM, 17, 27, 8
MM, 17, 26, 8
MM, 17, 25, 16
MM, 17, 24, 10
MM, 17, 23, 22
MM, 17, 22, 8
MM, 17, 21, 16
MM, 17, 20, 25
MM, 17, 19, 16
MM, 17, 18, 6
MM, 18, 18, 27
MM, 18, 17, 8
MC, 1, 208
MM, 19, 17, 239
MM, 22, 17, 8
MM, 26, 17, 8
MM, 424, 556, 16
MM, 6, 17, 8
MM, 28, 19, 17
MM, 8, 20, 16
MM, 30, 21, 16
MM, 505, 560, 8
MM, 9, 22, 16
MM, 12, 23, 8
MM, 19, 23, 16
MM, 21, 23, 8
MM, 23, 23, 16
MM, 24, 23, 7
MM, 26, 24, 40
MM, 28, 24, 8
MM, 32, 24, 17
MM, 35, 24, 8
MM, 549, 563, 8
MM, 0, 24, 15
MM, 3, 24, 16
MM, 5, 24, 8
MM, 6, 24, 9
MM, 7, 24, 15
MC, 1, 257
MM, 9, 24, 208
MM, 13, 23, 8
MM, 24, 18, 16
MM, 34, 14, 10
MM, 0, 10, 6
MM, 11, 4, 16
MM, 619, 537, 8
MM, 630, 533, 16
MM, 29, 27, 16
MM, 643, 525, 16
MM, 2, 21, 8
MM, 9, 17, 17
MM, 12, 15, 7
MM, 15, 13, 10
MM, 18, 11, 14
MM, 21, 9, 16
MM, 23, 8, 9
MM, 24, 7, 25
MM, 24, 6, 15
MM, 25, 5, 16
MC, 1, 297
MM, 23, 5, 215
MM, 18, 5, 8
MM, 13, 5, 9
MM, 641, 507, 16
MM, 10, 5, 16
MM, 29, 5, 16
MM, 2, 3, 16
MM, 18, 3, 16
MM, 7, 3, 8
MM, 31, 3, 16
MM, 14, 3, 15
MM, 4, 3, 9
MM, 476, 505, 16
MM, 24, 5, 16
MM, 19, 5, 8
MM, 12, 7, 15
MM, 8, 7, 17
MM, 6, 7, 8
MM, 5, 7, 16
MM, 4, 7, 7
MM, 3, 7, 16
MM, 2, 7, 80
MM, 1, 7, 8
MM, 437, 509, 16
MM, 434, 509, 8
MM, 33, 7, 16
MM, 30, 7, 8
MM, 24, 9, 17
MM, 22, 9, 8
MM, 19, 10, 7
MM, 13, 12, 16
MM, 8, 14, 16
MM, 5, 14, 8
MM, 3, 15, 8
MM, 394, 519, 16
MM, 392, 519, 8
MM, 35, 18, 16
MM, 34, 18, 8
MM, 30, 18, 16
MM, 28, 18, 8
MM, 25, 18, 16
MM, 24, 18, 10
MM, 23, 19, 6
MM, 21, 19, 16
MM, 20, 19, 8
MM, 18, 19, 16
MC, 1, 338
MM, 18, 20, 337
MM, 18, 22, 8
MM, 17, 26, 16
MM, 15, 29, 15
MM, 366, 533, 16
MM, 366, 535, 16
MM, 365, 535, 64
MM, 366, 535, 128
MM, 368, 536, 8
MM, 375, 537, 16
MM, 377, 537, 8
MM, 384, 538, 16
MM, 2, 0, 9
MM, 5, 0, 8
MM, 8, 1, 16
MM, 9, 1, 8
MM, 10, 2, 16
MM, 11, 2, 7
MM, 12, 3, 16
MC, 1, 260
MM, 12, 4, 190
MM, 13, 8, 6
MM, 15, 13, 10
MM, 18, 21, 16
MM, 21, 25, 8
MM, 22, 29, 8
MM, 407, 571, 8
MM, 409, 574, 16
MM, 19, 1, 17
MM, 19, 2, 32
MM, 20, 4, 8
MM, 20, 5, 8
MM, 21, 7, 8
MM, 22, 11, 16
MM, 22, 12, 8
MM, 22, 15, 16
MM, 22, 16, 15
MM, 22, 17, 16
MM, 22, 18, 32
MM, 22, 19, 56
MM, 22, 20, 145
MM, 22, 21, 15
MM, 22, 22, 8
MM, 22, 23, 9
MM, 23, 23, 15
MM, 23, 24, 8
MM, 23, 26, 16
MM, 23, 27, 24
MM, 23, 28, 8
MM, 23, 29, 8
MM, 414, 607, 25
MM, 414, 608, 25
MM, 414, 609, 6
MM, 414, 610, 16
MM, 414, 611, 27
MM, 414, 612, 8
MM, 24, 0, 8
MM, 24, 1, 23
MM, 24, 2, 17
MM, 25, 3, 39
MC, 1, 249
MM, 26, 3, 199
MM, 28, 2, 8
MM, 32, 0, 8
MM, 432, 606, 16
MM, 4, 25, 8
MM, 18, 15, 16
MM, 24, 10, 8
MM, 31, 4, 17
MM, 475, 573, 24
MM, 478, 570, 18
MM, 10, 29, 14
MM, 10, 28, 8
MM, 10, 27, 24
MM, 10, 26, 16
MM, 10, 25, 10
MM, 10, 24, 16
MM, 10, 23, 5
MM, 10, 22, 16
MM, 11, 21, 16
MM, 12, 21, 18
MM, 13, 21, 24
MM, 15, 21, 8
MM, 17, 21, 6
MM, 24, 20, 18
MM, 29, 19, 8
MM, 1, 18, 17
MM, 5, 17, 8
MM, 16, 16, 16
MM, 20, 16, 8
MM, 24, 15, 8
MM, 28, 14, 15
MM, 30, 14, 8
MM, 32, 13, 16
MM, 33, 12, 8
MM, 34, 12, 25
MM, 34, 11, 24
MM, 35, 11, 136
MM, 36, 11, 15
MM, 548, 550, 16
MM, 549, 550, 8
MM, 550, 550, 8
MM, 551, 550, 24
MM, 552, 550, 8
MM, 552, 551, 16
MM, 553, 551, 8
MM, 1, 12, 25
MM, 2, 12, 7
MM, 5, 12, 16
MM, 7, 12, 17
MM, 8, 12, 7
MM, 9, 12, 24
MC, 1, 258
MM, 10, 12, 209
MM, 13, 12, 8
MM, 25, 9, 16
MM, 32, 5, 8
MM, 35, 3, 8
MM, 595, 538, 8
MM, 605, 532, 16
MM, 4, 26, 15
MM, 6, 24, 17
MM, 7, 23, 8
MM, 8, 23, 8
MM, 8, 22, 103
MM, 9, 22, 64
MM, 10, 22, 17
MM, 11, 22, 24
MM, 11, 21, 15
MC, 1, 225
MM, 9, 21, 201
MM, 4, 21, 6
MM, 31, 19, 16
MM, 10, 17, 17
MM, 0, 15, 9
MM, 30, 15, 6
MM, 521, 517, 24
MM, 34, 15, 10
MM, 18, 15, 16
MM, 13, 15, 6
MM, 2, 17, 16
MM, 480, 520, 11
MM, 33, 19, 13
MM, 30, 20, 10
MM, 24, 21, 16
MM, 23, 23, 6
MM, 17, 25, 18
MM, 14, 26, 8
MM, 9, 28, 16
MM, 7, 29, 9
MM, 441, 533, 15
MM, 438, 533, 16
MM, 435, 534, 16
MM, 433, 535, 16
MM, 430, 537, 16
MM, 429, 538, 8
MM, 426, 540, 17
MM, 424, 541, 8
MM, 35, 4, 16
MM, 34, 5, 8
MM, 31, 6, 16
MM, 30, 7, 8
MM, 29, 8, 16
MM, 28, 8, 8
MC, 1, 232
MM, 28, 9, 192
MM, 28, 16, 7
MM, 32, 4, 16
MM, 429, 595, 8
MM, 50, 6, 16
MM, 58, 24, 16
MM, 454, 654, 16
MM, 456, 662, 16
MM, 457, 664, 8
MM, 457, 665, 24
MM, 457, 663, 40
MM, 457, 662, 8
MM, 456, 661, 17
MM, 456, 660, 8
MM, 456, 659, 16
MM, 455, 659, 8
MM, 454, 657, 24
MM, 453, 656, 8
MM, 453, 655, 8
MM, 450, 652, 16
MM, 449, 651, 8
MM, 449, 649, 8
MM, 449, 648, 8
MM, 449, 647, 15
MM, 449, 646, 8
MM, 449, 645, 8
MM, 449, 644, 24
MM, 59, 30, 8
MM, 60, 29, 16
MM, 61, 28, 17
MM, 62, 28, 8
MM, 63, 27, 16
MM, 64, 27, 16
MM, 65, 27, 16
MM, 65, 26, 8
MM, 66, 26, 8
MM, 66, 25, 15
MM, 66, 24, 9
MM, 66, 23, 24
MM, 66, 22, 7
MM, 66, 21, 8
MM, 66, 20, 24
MM, 67, 19, 8
MM, 68, 19, 16
MM, 68, 18, 9
MM, 68, 17, 8
MM, 69, 16, 15
MM, 70, 16, 8
MM, 70, 15, 40
MM, 70, 13, 8
MC, 1, 209
MM, 70, 12, 216
MM, 72, 8, 8
MM, 465, 612, 16
MM, 471, 594, 24
MM, 472, 587, 10
MM, 0, 1, 13
MM, 7, 29, 17
MM, 9, 24, 16
MM, 9, 23, 7
MM, 10, 22, 8
MM, 10, 20, 16
MM, 11, 20, 16
MM, 11, 19, 88
MM, 11, 18, 24
MM, 11, 17, 32
MM, 10, 17, 24
MM, 9, 17, 42
MC, 1, 199
MM, 6, 16, 225
MM, 465, 546, 15
MM, 23, 0, 16
MM, 433, 530, 18
MM, 19, 20, 24
MM, 8, 16, 14
MM, 4, 15, 10
MM, 395, 515, 16
MM, 38, 12, 16
MM, 35, 11, 14
MM, 34, 11, 10
MM, 33, 11, 16
MM, 32, 11, 16
MM, 31, 11, 16
MM, 32, 11, 159
MM, 33, 11, 8
MM, 34, 11, 16
MM, 36, 11, 16
MM, 37, 12, 8
MM, 391, 514, 9
MM, 394, 515, 23
MM, 0, 13, 25
MM, 2, 14, 15
MM, 4, 14, 8
MM, 6, 15, 16
MM, 8, 15, 9
MM, 9, 15, 15
MM, 10, 15, 8
MM, 11, 15, 24
MC, 1, 233
MM, 7, 15, 224
MM, 396, 519, 16
MM, 392, 520, 7
MM, 33, 21, 17
MM, 27, 23, 16
MM, 26, 25, 7
MM, 23, 29, 17
MM, 21, 30, 8
MM, 373, 533, 7
MM, 372, 535, 17
MM, 372, 536, 15
MM, 371, 536, 8
MM, 370, 537, 65
MM, 370, 538, 24
MM, 26, 0, 24
MM, 26, 1, 24
MM, 26, 2, 16
MM, 25, 2, 8
MM, 23, 2, 7
MM, 21, 2, 17
MM, 19, 2, 7
MM, 15, 2, 16
MM, 12, 2, 8
MM, 7, 3, 8
MC, 1, 201
MM, 9, 3, 272
MM, 12, 3, 8
MM, 18, 3, 8
MM, 28, 3, 16
MM, 383, 541, 9
MM, 396, 538, 15
MM, 406, 534, 16
MM, 410, 533, 8
MM, 17, 30, 9
MM, 22, 29, 15
MM, 26, 28, 16
MM, 27, 27, 10
MM, 31, 26, 16
MM, 34, 25, 6
MM, 434, 525, 16
MM, 437, 524, 8
MM, 1, 21, 15
MM, 3, 21, 10
MM, 5, 20, 16
MM, 6, 20, 6
MM, 7, 19, 16
MM, 7, 18, 18
MM, 8, 18, 248
MM, 9, 18, 23
MM, 10, 18, 10
MM, 10, 17, 8
MM, 11, 17, 16
MM, 12, 17, 16
MM, 12, 16, 7
MM, 13, 16, 8
MM, 13, 15, 8
MM, 13, 14, 32
MC, 1, 233
MM, 13, 18, 216
MM, 17, 25, 8
MM, 459, 533, 8
MM, 36, 6, 16
MM, 464, 547, 7
MM, 467, 558, 16
MM, 469, 566, 16
MM, 469, 571, 8
MM, 470, 578, 17
MM, 470, 585, 16
MM, 470, 588, 8
MM, 470, 593, 16
MM, 470, 595, 8
MM, 470, 598, 16
MM, 470, 599, 32
MM, 470, 600, 15
MM, 470, 601, 25
MM, 470, 602, 7
MM, 470, 603, 8
MM, 470, 604, 16
MM, 470, 605, 25
MM, 470, 606, 15
MM, 470, 607, 48
MM, 470, 608, 9
MM, 470, 609, 32
MM, 470, 610, 16
MM, 470, 611, 15
MM, 470, 612, 24
MM, 80, 0, 16
MM, 80, 1, 17
MM, 80, 2, 16
MM, 80, 3, 8
MM, 80, 4, 24
MM, 80, 5, 8
MM, 80, 6, 16
MM, 79, 6, 34
MM, 78, 6, 6
MM, 77, 6, 8
MC, 1, 177
MM, 80, 6, 208
MM, 87, 4, 9
MM, 92, 2, 8
MM, 498, 607, 16
MM, 32, 27, 6
MM, 3, 18, 16
MM, 13, 11, 18
MM, 17, 6, 8
MM, 541, 573, 16
MM, 34, 26, 14
MM, 548, 558, 17
MM, 548, 555, 8
MM, 549, 551, 16
MM, 550, 550, 8
MM, 551, 549, 16
MM, 551, 548, 6
MM, 552, 548, 27
MM, 553, 548, 15
MM, 0, 9, 24
MM, 1, 9, 6
MM, 2, 8, 18
MM, 2, 7, 8
MM, 4, 6, 8
MM, 6, 5, 16
MM, 8, 4, 7
MM, 12, 1, 17
MM, 13, 0, 8
MM, 569, 537, 8
MM, 572, 536, 16
MM, 573, 535, 8
MM, 576, 533, 16
MM, 578, 533, 16
MM, 579, 533, 9
MM, 580, 533, 15
MM, 581, 533, 16
MM, 18, 30, 8
MM, 20, 28, 16
MM, 22, 26, 16
MM, 25, 23, 17
MM, 27, 22, 7
MM, 29, 19, 17
MM, 33, 18, 15
MM, 34, 17, 8
MM, 36, 16, 8
MM, 605, 517, 16
MM, 606, 516, 8
MM, 3, 12, 16
MM, 5, 12, 8
MM, 8, 11, 17
MM, 10, 10, 15
MM, 11, 9, 8
MM, 13, 9, 16
MM, 13, 8, 16
MM, 14, 8, 41
MC, 1, 272
MM, 11, 8, 192
MM, 7, 12, 8
MM, 2, 16, 8
MM, 36, 26, 16
MM, 31, 30, 8
MM, 35, 1, 15
MM, 30, 8, 16
MM, 27, 11, 8
MM, 23, 16, 16
MM, 21, 18, 8
MM, 17, 22, 16
MM, 17, 24, 8
MM, 15, 26, 8
MM, 10, 30, 16
MM, 558, 572, 16
MM, 555, 574, 8
MM, 33, 0, 16
MM, 28, 2, 16
MM, 26, 4, 16
MM, 25, 5, 8
MM, 24, 5, 8
MM, 23, 5, 32
MM, 23, 6, 8
MM, 22, 6, 8
MM, 21, 7, 16
MM, 20, 7, 16
MM, 19, 8, 8
MM, 18, 10, 16
MM, 16, 10, 16
MM, 16, 11, 8
MM, 14, 12, 17
MM, 13, 12, 8
MM, 12, 12, 16
MM, 11, 12, 8
MC, 1, 208
MM, 11, 14, 361
MM, 11, 17, 6
MM, 8, 27, 16
MM, 7, 29, 10
MM, 131, 2, 17
MM, 128, 11, 13
MM, 125, 17, 16
MM, 124, 18, 10
MM, 124, 19, 6
MM, 123, 19, 10
MM, 122, 19, 30
MM, 121, 19, 10
MM, 120, 19, 17
MM, 120, 18, 5
MM, 119, 16, 10
MM, 119, 14, 16
MM, 119, 13, 14
MM, 119, 12, 98
MC, 1, 225
MM, 113, 8, 160
MM, 493, 611, 8
MM, 474, 595, 16
MM, 450, 575, 15
MM, 15, 29, 9
MM, 34, 8, 15
MM, 30, 5, 9
MM, 2, 30, 15
MM, 391, 527, 17
MM, 32, 22, 15
MM, 28, 21, 16
MM, 27, 21, 8
MM, 23, 21, 16
MM, 22, 21, 17
MM, 21, 21, 7
MM, 20, 21, 8
MM, 18, 21, 16
MM, 17, 21, 8
MM, 14, 21, 24
MM, 14, 22, 8
MM, 13, 25, 16
MM, 12, 27, 17
MM, 12, 29, 7
MM, 12, 30, 8
MM, 364, 534, 16
MM, 364, 535, 8
MM, 364, 537, 16
MM, 364, 538, 25
MM, 20, 0, 15
MM, 20, 1, 8
MM, 20, 2, 16
MM, 20, 3, 8
MM, 20, 4, 24
MM, 20, 5, 41
MM, 20, 6, 15
MM, 20, 7, 32
MM, 20, 8, 25
MC, 1, 224
MM, 20, 9, 200
MM, 22, 13, 7
MM, 27, 18, 8
MM, 382, 569, 16
MM, 3, 6, 16
MM, 8, 11, 8
MM, 10, 14, 8
MM, 16, 19, 16
MM, 18, 21, 8
MM, 20, 24, 16
MM, 21, 25, 9
MM, 22, 26, 16
MM, 23, 26, 15
MM, 24, 27, 8
MM, 25, 28, 8
MM, 28, 29, 16
MM, 30, 30, 8
MM, 427, 609, 16
MM, 428, 610, 8
MM, 433, 612, 17
MM, 45, 0, 8
MM, 48, 1, 16
MM, 50, 1, 16
MM, 50, 2, 8
MM, 51, 2, 15
MM, 52, 2, 24
MM, 53, 2, 8
MM, 55, 3, 8
MM, 60, 4, 16
MM, 63, 6, 16
MM, 64, 6, 8
MM, 65, 6, 8
MM, 66, 6, 16
MC, 1, 233
MM, 66, 5, 280
MM, 66, 2, 7
MM, 456, 611, 8
MM, 22, 24, 24
MM, 22, 21, 10
MM, 22, 18, 16
MM, 22, 16, 6
MM, 22, 15, 18
MM, 22, 16, 134
MM, 22, 17, 16
MC, 1, 193
MM, 20, 13, 209
MM, 15, 5, 8
MM, 445, 575, 8
MM, 9, 19, 16
MM, 2, 8, 16
MM, 0, 3, 9
MM, 422, 535, 16
MM, 24, 30, 8
MM, 22, 28, 16
MM, 22, 27, 8
MM, 21, 26, 8
MM, 21, 25, 39
MM, 21, 24, 9
MM, 21, 23, 7
MM, 21, 21, 17
MM, 19, 17, 16
MM, 18, 15, 8
MM, 17, 11, 16
MM, 16, 9, 16
MM, 16, 7, 8
MM, 17, 7, 64
MM, 18, 7, 16
MM, 19, 7, 8
MC, 1, 192
MM, 20, 7, 207
MM, 26, 7, 16
MM, 28, 7, 9
MM, 434, 509, 15
MM, 5, 7, 24
MM, 9, 7, 16
MM, 12, 8, 16
MM, 14, 8, 8
MM, 16, 8, 17
MC, 1, 304
MM, 17, 8, 200
MM, 20, 8, 8
MM, 26, 9, 7
MM, 480, 512, 16
MM, 11, 11, 16
MM, 19, 13, 9
MM, 31, 13, 16
MM, 0, 14, 15
MM, 3, 14, 9
MM, 8, 14, 15
MM, 9, 14, 8
MM, 11, 14, 8
MM, 13, 14, 16
MM, 14, 14, 32
MM, 14, 13, 64
MC, 1, 209
MM, 14, 16, 215
MM, 14, 21, 8
MM, 14, 26, 8
MM, 26, 6, 16
MM, 26, 17, 17
MM, 26, 22, 7
MM, 536, 570, 16
MM, 536, 573, 8
MM, 18, 3, 16
MM, 18, 4, 8
MM, 18, 11, 16
MM, 18, 16, 17
MM, 18, 20, 8
MM, 18, 28, 16
MM, 18, 30, 8
MM, 535, 608, 8
MM, 145, 1, 16
MM, 145, 2, 24
MM, 144, 2, 32
MM, 143, 2, 88
MM, 143, 3, 112
MM, 143, 4, 15
MM, 143, 5, 24
MM, 143, 6, 16
MM, 143, 7, 32
MM, 142, 7, 16
MM, 141, 7, 8
MC, 1, 217
MM, 141, 6, 272
MM, 142, 2, 10
MM, 536, 609, 6
MM, 25, 18, 15
MM, 549, 574, 18
MM, 552, 561, 16
MM, 1, 15, 6
MM, 4, 5, 16
MM, 5, 1, 11
MM, 561, 536, 16
MM, 562, 535, 16
MM, 562, 534, 8
MM, 563, 534, 32
MM, 564, 534, 24
MM, 565, 534, 55
MM, 566, 534, 17
MM, 567, 534, 22
MM, 567, 533, 26
MM, 4, 30, 8
MM, 5, 30, 8
MM, 6, 29, 8
MM, 10, 27, 22
MM, 13, 25, 10
MM, 15, 23, 8
MM, 19, 20, 16
MM, 23, 18, 8
MM, 27, 15, 13
MM, 27, 14, 10
MM, 27, 12, 6
MM, 28, 11, 18
MM, 28, 10, 8
MM, 28, 9, 24
MM, 27, 9, 25
MM, 26, 9, 7
MC, 1, 185
MM, 25, 9, 200
MM, 22, 11, 7
MM, 11, 20, 17
MM, 7, 24, 8
MM, 563, 532, 15
MM, 559, 535, 8
MM, 0, 1, 16
MM, 549, 543, 16
MM, 36, 5, 9
MM, 33, 7, 15
MM, 31, 7, 8
MM, 30, 9, 16
MM, 28, 9, 8
MM, 27, 10, 9
MM, 27, 12, 15
MM, 25, 17, 16
MM, 24, 19, 8
MM, 22, 24, 16
MM, 21, 29, 17
MM, 531, 571, 8
MM, 530, 574, 16
MM, 530, 575, 8
MM, 13, 1, 16
MM, 13, 2, 8
MM, 13, 3, 24
MM, 13, 4, 16
MM, 13, 5, 32
MM, 12, 5, 112
MM, 12, 7, 7
MM, 12, 8, 8
MC, 1, 233
MM, 13, 8, 207
MM, 16, 5, 8
MM, 23, 0, 16
MM, 548, 570, 16
MM, 0, 26, 16
MM, 4, 22, 8
MM, 10, 18, 16
MM, 19, 11, 16
MM, 23, 6, 8
MM, 589, 537, 16
MM, 32, 29, 8
MM, 603, 524, 16
MM, 2, 16, 16
MM, 5, 14, 8
MM, 7, 12, 16
MM, 8, 11, 8
MM, 9, 10, 16
MM, 9, 11, 152
MC, 1, 192
MM, 5, 11, 184
MM, 602, 513, 8
MM, 24, 11, 8
MM, 31, 11, 16
MM, 27, 11, 16
MM, 32, 11, 16
MM, 434, 513, 16
MM, 16, 11, 16
MM, 6, 12, 8
MM, 394, 514, 8
MM, 30, 13, 16
MM, 23, 13, 16
MM, 20, 14, 8
MM, 17, 14, 17
MM, 16, 14, 8
MM, 16, 15, 119
MM, 15, 15, 200
MM, 14, 15, 16
MM, 13, 15, 24
MM, 10, 15, 16
MM, 8, 15, 8
MM, 5, 15, 9
MM, 0, 15, 15
MM, 349, 517, 8
MM, 346, 517, 8
MM, 32, 15, 18
MM, 30, 15, 6
MM, 27, 15, 16
MM, 26, 15, 8
MM, 25, 15, 8
MC, 1, 257
MM, 30, 15, 209
MM, 348, 517, 6
MM, 13, 15, 18
MM, 35, 14, 16
MM, 4, 13, 7
MM, 438, 508, 25
MM, 9, 4, 6
MM, 22, 4, 18
MM, 36, 2, 16
MM, 480, 504, 8
MM, 13, 2, 25
MM, 16, 2, 5
MM, 23, 2, 18
MM, 27, 2, 16
MM, 32, 2, 16
MM, 517, 504, 8
MM, 522, 506, 24
MM, 2, 5, 16
MM, 3, 5, 8
MM, 6, 6, 16
MM, 7, 6, 8
MM, 10, 7, 24
MM, 11, 7, 8
MM, 14, 8, 16
MM, 16, 9, 16
MM, 18, 10, 8
MM, 19, 10, 8
MM, 21, 10, 16
MM, 23, 10, 16
MM, 24, 10, 8
MM, 25, 10, 16
MM, 26, 10, 41
MM, 27, 10, 48
MM, 28, 10, 24
MM, 30, 10, 8
MM, 34, 11, 16
MM, 560, 513, 7
MM, 2, 11, 16
MM, 5, 12, 9
MM, 9, 12, 16
MM, 11, 12, 7
MM, 13, 12, 17
MM, 13, 13, 8
MM, 14, 13, 7
MC, 1, 233
MM, 12, 13, 207
MM, 6, 13, 8
MM, 29, 10, 16
MM, 5, 6, 16
MM, 33, 3, 8
MM, 6, 2, 16
MM, 481, 504, 9
MM, 21, 2, 15
MM, 8, 2, 16
MM, 2, 2, 10
MM, 435, 504, 16
MM, 33, 2, 14
MM, 31, 2, 16
MM, 30, 2, 9
MM, 29, 2, 23
MM, 29, 3, 72
MM, 27, 3, 66
MC, 1, 191
MM, 27, 5, 210
MM, 27, 10, 7
MM, 30, 20, 16
MM, 32, 26, 8
MM, 5, 2, 16
MM, 7, 9, 16
MM, 9, 15, 16
MM, 11, 21, 16
MM, 12, 24, 8
MM, 13, 28, 8
MM, 442, 575, 16
MM, 9, 7, 17
MM, 10, 16, 15
MM, 11, 23, 16
MM, 12, 29, 16
MM, 446, 608, 8
MM, 447, 612, 16
MM, 57, 1, 8
MM, 57, 8, 25
MM, 58, 10, 7
MM, 58, 12, 16
MM, 58, 13, 8
MM, 59, 14, 8
MM, 59, 15, 24
MC, 1, 280
MM, 59, 12, 136
MM, 58, 1, 8
MM, 10, 27, 9
MM, 2, 9, 18
MM, 0, 3, 6
MM, 1, 29, 16
MM, 34, 9, 16
MM, 31, 0, 18
MM, 414, 535, 6
MM, 13, 28, 16
MM, 12, 25, 16
MM, 11, 24, 10
MM, 10, 24, 55
MM, 9, 24, 33
MM, 8, 23, 7
MM, 5, 21, 16
MM, 2, 20, 8
MM, 395, 520, 16
MM, 392, 520, 8
MM, 35, 15, 16
MM, 34, 14, 8
MM, 31, 12, 17
MM, 29, 12, 7
MM, 29, 11, 16
MM, 28, 11, 8
MM, 27, 11, 16
MC, 1, 312
MM, 26, 12, 160
MM, 26, 14, 8
MM, 26, 16, 8
MM, 25, 17, 16
MM, 25, 19, 10
MM, 24, 20, 16
MM, 24, 22, 6
MM, 24, 23, 16
MM, 24, 25, 9
MM, 23, 25, 8
MM, 23, 28, 18
MM, 23, 29, 16
MM, 23, 30, 6
MM, 375, 533, 15
MM, 375, 535, 11
MM, 373, 537, 15
MM, 27, 2, 15
MM, 25, 7, 25
MM, 24, 9, 6
MM, 23, 9, 10
MM, 22, 11, 17
MM, 22, 12, 7
MM, 22, 13, 48
MM, 22, 14, 24
MC, 1, 193
MM, 24, 14, 191
MM, 29, 14, 8
MM, 379, 553, 8
MM, 10, 10, 16
MM, 28, 5, 16
MM, 424, 540, 16
MM, 432, 538, 9
MM, 444, 536, 15
MM, 449, 533, 8
MM, 15, 30, 8
MM, 26, 29, 16
MM, 33, 28, 8
MM, 480, 529, 16
MM, 3, 27, 8
MM, 14, 26, 16
MM, 18, 25, 8
MM, 28, 24, 16
MM, 31, 23, 8
MM, 520, 523, 16
MM, 3, 19, 16
MM, 5, 18, 8
MM, 7, 17, 8
MM, 10, 16, 16
MM, 12, 15, 10
MM, 12, 14, 30
MC, 1, 225
MM, 13, 17, 217
MM, 16, 25, 8
MM, 540, 534, 8
MM, 32, 9, 16
MM, 36, 21, 16
MM, 548, 565, 8
MM, 33, 0, 16
MM, 33, 6, 9
MM, 35, 12, 15
MM, 36, 18, 16
MM, 555, 601, 16
MM, 557, 605, 16
MM, 560, 610, 16
MM, 560, 612, 8
MM, 562, 615, 16
MM, 563, 617, 8
MM, 564, 618, 8
MM, 565, 618, 16
MM, 568, 620, 16
MM, 571, 620, 9
MM, 577, 621, 8
MM, 591, 622, 16
MM, 601, 623, 8
MM, 627, 625, 16
MM, 653, 626, 8
MM, 682, 628, 16
MM, 699, 628, 10
MM, 714, 628, 5
MM, 733, 628, 16
MM, 743, 628, 8
MM, 757, 628, 16
MM, 761, 628, 8
MM, 764, 628, 8
MM, 768, 628, 226
MM, 771, 629, 8
MM, 784, 635, 16
MM, 791, 638, 8
MM, 811, 644, 16
MM, 827, 647, 16
MM, 836, 649, 8
MM, 6, 1, 16
MM, 19, 2, 24
MM, 22, 2, 8
MM, 28, 2, 24
MM, 31, 2, 16
MM, 34, 1, 24
MM, 34, 0, 8
MM, 29, 0, 602
MM, 28, 0, 24
MM, 22, 0, 24
MM, 18, 0, 16
MM, 7, 0, 16
MM, 835, 640, 15
MM, 814, 625, 18
MM, 790, 603, 16
MM, 758, 574, 15
MM, 732, 544, 16
MM, 32, 15, 24
MM, 380, 83, 17
MM, 347, 45, 15
