********************************************************************************
LOGGING TIME: 20161106_111400
CLIENT IP: 10.146.230.155
USERNAME: Elon Musk
OS: Windows 10
**********************************Emotional database********************************************************************************
MM, 561, 666, 1477468750577
MM, 545, 644, 8
MM, 142, 13, 8
MM, 30, 27, 16
MM, 21, 11, 8
MM, 3, 11, 8
MM, 438, 464, 10
MM, 157, 67, 14
MM, 154, 60, 8
MM, 149, 49, 8
MM, 143, 31, 10
MM, 143, 29, 248
MM, 141, 21, 6
MM, 106, 56, 48
MM, 102, 44, 8
MM, 97, 27, 16
MM, 94, 22, 8
MM, 93, 19, 8
MM, 93, 17, 8
MM, 93, 16, 10
MM, 92, 16, 14
MM, 92, 17, 274
MM, 93, 17, 8
MM, 94, 18, 8
MM, 94, 19, 8
MM, 95, 24, 48
MM, 95, 25, 8
MM, 95, 26, 7
MM, 95, 27, 16
MM, 95, 28, 8
MM, 95, 29, 16
MC, 1, 273
MM, 96, 29, 34483
MM, 100, 29, 8
MM, 103, 31, 10
MM, 107, 32, 6
MM, 110, 34, 8
MM, 112, 35, 8
MM, 114, 37, 8
MM, 118, 38, 10
MM, 120, 39, 6
MM, 122, 40, 8
MM, 123, 40, 9
MM, 125, 41, 9
MM, 126, 42, 14
MM, 127, 42, 8
MM, 127, 43, 18
MM, 128, 43, 8
MM, 129, 43, 14
MM, 130, 43, 18
MM, 130, 44, 22
MM, 131, 44, 19
MM, 132, 44, 31
MM, 132, 45, 33
MM, 133, 45, 15
MM, 133, 46, 8
MM, 134, 46, 16
MM, 135, 46, 57
MM, 136, 46, 23
MM, 137, 46, 16
MM, 138, 45, 8
MM, 138, 44, 17
MM, 139, 44, 16
MM, 139, 43, 7
MM, 140, 42, 8
MM, 140, 41, 25
MM, 140, 40, 15
MM, 141, 40, 8
MM, 142, 40, 8
MM, 143, 40, 16
MC, 1, 265
MM, 147, 40, 7040
MM, 154, 40, 8
MM, 161, 40, 8
MM, 168, 40, 8
MM, 194, 39, 23
MM, 203, 39, 8
MM, 218, 37, 8
MM, 232, 37, 8
MM, 257, 37, 16
MM, 267, 37, 8
MM, 278, 37, 8
MM, 295, 37, 17
MM, 302, 38, 8
MM, 305, 39, 7
MM, 309, 40, 8
MM, 313, 40, 8
MM, 315, 41, 8
MM, 318, 41, 8
MM, 322, 43, 16
MM, 322, 44, 8
MM, 323, 45, 8
MM, 324, 45, 17
MM, 325, 45, 25279
MM, 329, 45, 8
MM, 334, 45, 8
MM, 338, 45, 8
MM, 346, 45, 8
MM, 350, 45, 8
MM, 355, 45, 8
MM, 364, 47, 8
MM, 366, 48, 8
MM, 371, 49, 8
MM, 376, 50, 16
MM, 378, 50, 8
MM, 380, 51, 8
MM, 382, 52, 8
MM, 382, 53, 8
MM, 383, 53, 8
MM, 386, 54, 31
MM, 387, 54, 9
MM, 388, 54, 24
MM, 389, 54, 136
MM, 387, 54, 12670
MM, 380, 56, 10
MM, 369, 63, 8
MM, 360, 68, 6
MM, 352, 72, 8
MM, 343, 77, 10
MM, 334, 81, 8
MM, 579, 316, 14
MM, 565, 323, 8
MM, 557, 328, 10
MM, 537, 337, 6
MM, 529, 341, 8
MM, 518, 348, 8
MM, 507, 355, 10
MM, 239, 1, 6
MM, 232, 8, 8
MM, 226, 11, 8
MM, 223, 14, 8
MM, 219, 19, 16
MM, 218, 20, 8
MM, 216, 21, 8
MM, 215, 22, 16
MM, 213, 22, 8
MM, 212, 22, 8
MM, 210, 22, 8
MM, 208, 22, 8
MM, 204, 22, 8
MM, 203, 22, 8
MM, 188, 15, 47
MM, 186, 13, 8
MM, 184, 13, 8
MM, 183, 13, 16
MM, 182, 13, 11
MM, 181, 13, 22
MM, 181, 15, 32
MM, 181, 18, 8
MM, 181, 21, 8
MM, 181, 25, 16
MM, 180, 27, 8
MM, 180, 28, 10
MM, 180, 29, 6
MM, 179, 29, 1322
MM, 178, 29, 8
MM, 177, 29, 8
MM, 176, 29, 8
MM, 174, 30, 8
MM, 173, 31, 8
MM, 172, 32, 8
MM, 171, 33, 8
MM, 166, 38, 32
MM, 165, 39, 8
MM, 165, 40, 16
MM, 165, 41, 16
MM, 166, 41, 498
MM, 167, 41, 8
MM, 168, 41, 16
MM, 170, 41, 8
MM, 171, 41, 16
MM, 172, 40, 8
MM, 173, 40, 8
MM, 175, 40, 16
MM, 181, 38, 16
MM, 185, 37, 16
MM, 188, 37, 8
MM, 190, 36, 8
MM, 191, 35, 8
MM, 193, 34, 8
MM, 196, 33, 16
MM, 199, 33, 16
MM, 200, 33, 8
MM, 204, 31, 16
MM, 206, 31, 8
MM, 209, 30, 8
MM, 212, 29, 8
MM, 214, 29, 8
MM, 219, 27, 8
MM, 227, 24, 16
MM, 232, 23, 10
MM, 240, 20, 6
MM, 263, 12, 16
MM, 275, 7, 8
MM, 289, 0, 10
MM, 561, 353, 6
MM, 596, 336, 16
MM, 604, 332, 10
MM, 629, 316, 14
MM, 376, 82, 7
MM, 386, 75, 9
MM, 395, 68, 10
MM, 444, 34, 54
MM, 448, 32, 8
MM, 451, 30, 10
MM, 457, 27, 22
MM, 458, 26, 18
MM, 459, 26, 136
MM, 461, 26, 16
MM, 463, 26, 7
MM, 475, 30, 18
MM, 483, 31, 6
MM, 490, 32, 9
MM, 508, 37, 16
MM, 517, 40, 8
MM, 526, 43, 8
MM, 534, 47, 16
MM, 545, 52, 64
MM, 545, 51, 144
MM, 545, 50, 8
MM, 545, 49, 16
MM, 545, 47, 8
MM, 545, 46, 16
MM, 545, 45, 8
MM, 545, 44, 8
MM, 544, 43, 16
MM, 544, 42, 8
MM, 544, 41, 8
MM, 542, 40, 64
MM, 541, 40, 32
MM, 541, 39, 8
MM, 539, 38, 16
MM, 537, 38, 8
MM, 533, 38, 8
MM, 523, 37, 15
MM, 515, 36, 19
MM, 511, 36, 6
MM, 504, 36, 16
MM, 503, 36, 8
MM, 500, 36, 10
MM, 498, 36, 6
MM, 497, 36, 8
MM, 495, 36, 8
MM, 493, 36, 10
MM, 490, 36, 14
MM, 487, 36, 8
MM, 483, 36, 16
MM, 480, 36, 10
MM, 472, 36, 14
MM, 470, 36, 8
MM, 463, 36, 8
MM, 456, 37, 18
MM, 453, 37, 8
MM, 449, 38, 6
MM, 445, 38, 18
MM, 442, 39, 8
MM, 439, 40, 8
MM, 437, 41, 16
MM, 435, 41, 8
MM, 432, 42, 16
MM, 431, 43, 8
MM, 430, 43, 8
MM, 427, 43, 16
MM, 426, 43, 16
MM, 425, 43, 8
MM, 424, 44, 16
MM, 422, 44, 8
MM, 420, 44, 16
MM, 418, 45, 8
MM, 417, 45, 8
MM, 416, 46, 8
MM, 414, 46, 8
MM, 413, 47, 16
MM, 412, 47, 8
MM, 411, 47, 16
MC, 1, 217
MM, 412, 47, 241
MM, 416, 47, 6
MM, 423, 47, 18
MM, 428, 47, 7
MM, 432, 47, 9
MM, 441, 47, 15
MM, 444, 47, 9
MM, 448, 47, 15
MM, 452, 47, 16
MM, 453, 47, 8
MM, 454, 47, 26
MM, 454, 46, 31
MM, 454, 45, 32
MM, 454, 44, 32
MM, 455, 44, 40
MM, 455, 43, 24
MC, 1, 313
MM, 459, 43, 209
MM, 462, 43, 8
MM, 467, 43, 8
MM, 476, 43, 16
MM, 481, 43, 8
MM, 487, 43, 16
MM, 488, 43, 8
MM, 492, 43, 16
MM, 492, 42, 64
MM, 492, 41, 16
MM, 491, 41, 8
MM, 490, 41, 16
MM, 489, 41, 16
MM, 488, 41, 24
MM, 486, 41, 48
MC, 1, 201
MM, 482, 41, 7263
MM, 479, 43, 8
MM, 475, 46, 8
MM, 465, 57, 16
MM, 462, 60, 7
MM, 452, 74, 16
MM, 450, 76, 8
MM, 708, 311, 16
MM, 702, 316, 17
MM, 696, 321, 15
MM, 690, 326, 16
MM, 684, 330, 16
MM, 680, 332, 8
MM, 674, 337, 8
MM, 669, 342, 9
MM, 665, 346, 8
MM, 656, 354, 16
MM, 654, 356, 8
MM, 381, 9, 16
MM, 375, 16, 16
MM, 373, 17, 8
MM, 368, 21, 16
MM, 364, 24, 8
MM, 362, 25, 18
MM, 359, 26, 14
MM, 358, 26, 8
MM, 356, 26, 10
MM, 354, 26, 22
MM, 353, 26, 10
MM, 352, 26, 7
MM, 350, 26, 9
MM, 346, 26, 14
MM, 343, 26, 10
MM, 339, 26, 8
MM, 334, 26, 14
MM, 330, 26, 10
MC, 1, 192
MM, 329, 26, 208
MM, 326, 26, 7
MM, 314, 26, 16
MM, 293, 25, 16
MM, 271, 23, 16
MM, 259, 23, 8
MM, 237, 23, 17
MM, 228, 23, 8
MM, 223, 23, 7
MM, 217, 24, 8
MM, 206, 25, 16
MM, 203, 26, 8
MM, 202, 26, 10
MM, 201, 26, 6
MM, 200, 26, 8
MM, 200, 27, 107
MM, 202, 28, 14
MM, 206, 29, 18
MM, 209, 29, 13
MM, 211, 29, 8
MM, 213, 31, 18
MM, 216, 32, 14
MM, 219, 33, 18
MM, 220, 33, 8
MM, 221, 33, 15
MM, 222, 33, 10
MM, 222, 34, 16
MM, 222, 33, 136
MM, 221, 32, 8
MM, 220, 31, 16
MM, 219, 29, 8
MM, 218, 29, 8
MM, 218, 28, 16
MM, 215, 26, 16
MM, 214, 25, 15
MM, 212, 23, 8
MM, 207, 21, 24
MM, 204, 18, 17
MM, 203, 17, 16
MM, 202, 16, 8
MM, 201, 16, 8
MM, 200, 16, 32
MC, 1, 290
MM, 198, 16, 248
MM, 196, 16, 8
MM, 192, 16, 8
MM, 186, 16, 15
MM, 184, 16, 8
MM, 179, 15, 17
MM, 178, 15, 8
MM, 174, 15, 24
MM, 173, 15, 8
MM, 171, 15, 16
MM, 170, 15, 55
MM, 170, 14, 9
MM, 170, 13, 32
MM, 172, 12, 56
MM, 174, 12, 8
MM, 175, 12, 8
MM, 180, 11, 16
MM, 181, 11, 8
MM, 185, 11, 16
MM, 186, 10, 8
MM, 188, 10, 8
MM, 190, 10, 7
MM, 192, 9, 17
MM, 199, 7, 23
MM, 202, 7, 16
MM, 203, 7, 9
MM, 205, 6, 16
MM, 205, 5, 72
MM, 205, 4, 39
MM, 205, 3, 16
MM, 205, 2, 25
MM, 204, 2, 10
MM, 203, 2, 14
MM, 203, 1, 23
MC, 1, 332
MM, 201, 1, 246
MM, 198, 0, 8
MM, 458, 355, 9
MM, 446, 348, 24
MM, 435, 345, 16
MM, 419, 343, 32
MM, 414, 343, 16
MM, 406, 343, 24
MM, 402, 345, 24
MM, 401, 345, 8
MM, 400, 345, 23
MM, 401, 344, 112
MM, 402, 343, 8
MM, 403, 341, 17
MM, 404, 340, 7
MM, 414, 332, 16
MM, 423, 328, 8
MM, 435, 320, 16
MM, 444, 313, 16
MM, 185, 82, 8
MM, 187, 80, 10
MM, 193, 76, 32
MM, 193, 75, 14
MM, 193, 74, 89
MM, 193, 73, 18
MM, 194, 73, 32
MM, 195, 73, 8
MM, 203, 69, 14
MM, 207, 68, 10
MM, 211, 66, 7
MM, 225, 58, 16
MM, 228, 56, 8
MM, 233, 53, 8
MM, 237, 51, 8
MM, 244, 48, 16
MM, 248, 46, 16
MM, 249, 46, 8
MM, 251, 45, 25
MM, 251, 46, 143
MM, 250, 47, 8
MM, 226, 60, 49
MM, 203, 70, 24
MM, 187, 76, 16
MM, 432, 311, 16
MM, 422, 315, 8
MM, 404, 321, 16
MM, 394, 325, 8
MM, 378, 333, 15
MM, 369, 337, 8
MM, 359, 342, 8
MM, 344, 349, 16
MM, 337, 353, 8
MM, 64, 0, 16
MM, 54, 5, 25
MM, 52, 5, 16
MM, 51, 5, 8
MM, 51, 6, 120
MM, 50, 7, 16
MM, 49, 8, 33
MM, 49, 9, 15
MM, 48, 9, 8
MM, 47, 9, 10
MM, 46, 10, 6
MM, 45, 12, 16
MM, 40, 15, 32
MM, 39, 16, 9
MM, 38, 16, 9
MM, 34, 17, 13
MM, 33, 18, 9
MM, 30, 18, 18
MM, 27, 18, 14
MM, 23, 18, 32
MM, 22, 18, 8
MM, 25, 23, 466
MM, 37, 39, 23
MM, 58, 63, 33
MM, 65, 71, 16
MM, 70, 79, 15
MM, 72, 81, 9
MM, 77, 85, 16
MM, 78, 87, 9
MM, 79, 89, 9
MM, 346, 450, 22
MM, 347, 453, 10
MM, 349, 455, 6
MM, 351, 460, 16
MM, 353, 463, 10
MM, 3, 0, 8
MM, 31, 14, 40
MM, 22, 22, 14
MM, 3, 3, 18
MM, 592, 534, 40
MM, 634, 545, 40
MM, 0, 7, 7
MM, 3, 8, 16
MM, 2, 8, 64
MM, 1, 8, 17
MM, 0, 8, 7
MM, 636, 546, 16
MM, 635, 545, 8
MM, 634, 545, 16
MM, 634, 544, 17
MM, 633, 544, 47
MM, 632, 544, 24
MM, 632, 546, 24
MM, 28, 18, 57
MM, 26, 22, 16
MM, 25, 24, 16
MM, 24, 25, 8
MM, 24, 26, 26
MM, 23, 26, 79
MM, 21, 26, 15
MM, 19, 26, 10
MM, 16, 25, 8
MM, 12, 25, 16
MM, 10, 25, 8
MM, 7, 25, 16
MM, 6, 25, 8
MM, 3, 25, 8
MM, 596, 567, 16
MM, 591, 572, 16
MM, 27, 2, 16
MM, 22, 13, 40
MM, 21, 14, 8
MM, 21, 16, 24
MM, 21, 17, 16
MC, 1, 378
MM, 21, 11, 200
MM, 22, 4, 7
MM, 35, 20, 19
MM, 597, 533, 14
MM, 36, 25, 10
MM, 606, 514, 16
MM, 5, 2, 14
MM, 614, 501, 10
MM, 618, 498, 16
MM, 619, 498, 8
MM, 620, 498, 16
MM, 621, 498, 16
MM, 17, 1, 80
MM, 18, 2, 24
MM, 18, 3, 23
MM, 19, 3, 32
MC, 1, 249
MM, 20, 5, 218
MM, 24, 9, 8
MM, 642, 523, 24
MM, 2, 24, 8
MM, 657, 537, 16
MM, 26, 2, 17
MM, 32, 5, 22
MM, 33, 6, 10
MM, 34, 6, 8
MM, 35, 6, 6
MM, 673, 545, 8
MM, 673, 546, 18
MM, 674, 546, 15
MM, 678, 547, 42
MM, 0, 8, 16
MM, 3, 8, 24
MM, 20, 13, 72
MM, 20, 12, 55
MM, 20, 11, 33
MM, 18, 9, 16
MC, 1, 200
MM, 15, 9, 225
MM, 10, 7, 9
MM, 677, 542, 16
MM, 33, 0, 16
MM, 661, 535, 16
MM, 658, 534, 8
MM, 653, 533, 16
MM, 7, 30, 16
MM, 5, 29, 16
MM, 30, 26, 82
MM, 27, 25, 16
MM, 24, 24, 14
MM, 21, 23, 74
MC, 1, 296
MM, 20, 23, 263
MM, 7, 23, 27
MM, 0, 23, 8
MM, 27, 23, 16
MM, 11, 24, 16
MM, 561, 529, 15
MM, 539, 535, 16
MM, 530, 538, 9
MM, 10, 1, 8
MM, 508, 544, 16
MM, 15, 10, 24
MM, 2, 14, 16
MM, 24, 17, 48
MM, 22, 17, 15
MM, 20, 17, 8
MM, 9, 17, 56
MM, 25, 23, 48
MM, 2, 24, 40
MM, 381, 563, 18
MM, 31, 24, 16
MM, 30, 24, 6
MM, 28, 24, 8
MM, 26, 24, 10
MM, 25, 24, 25
MM, 24, 24, 7
MM, 23, 24, 25
MM, 23, 23, 32
MM, 23, 22, 32
MM, 24, 20, 16
MM, 25, 20, 8
MM, 32, 2, 96
MM, 466, 539, 16
MM, 467, 538, 8
MM, 468, 533, 71
MM, 27, 27, 81
MM, 27, 26, 15
MM, 27, 25, 10
MM, 27, 24, 22
MM, 27, 23, 18
MM, 28, 23, 41
MM, 29, 23, 15
MM, 30, 23, 8
MM, 31, 23, 8
MM, 33, 23, 16
MM, 35, 23, 16
MM, 478, 525, 25
MM, 10, 22, 72
MM, 15, 21, 16
MM, 23, 21, 24
MM, 27, 20, 16
MM, 28, 20, 8
MM, 29, 19, 64
MM, 29, 18, 23
MM, 28, 18, 33
MM, 27, 18, 18
MM, 26, 18, 13
MM, 26, 17, 8
MM, 25, 17, 75
MM, 24, 17, 47
MM, 23, 17, 32
MM, 22, 17, 57
MM, 21, 17, 48
MM, 21, 16, 522
MM, 21, 15, 16
MC, 1, 219
MM, 17, 15, 191
MM, 13, 15, 8
MM, 479, 520, 15
MM, 0, 23, 33
MM, 26, 26, 17
MM, 17, 27, 17
MM, 14, 27, 6
MM, 9, 27, 18
MM, 6, 28, 7
MM, 395, 530, 24
MM, 36, 29, 16
MM, 28, 29, 17
MM, 25, 29, 8
MM, 367, 533, 16
MM, 361, 535, 15
MM, 352, 538, 16
MM, 338, 544, 56
MM, 57, 5, 17
MM, 56, 5, 15
MM, 56, 6, 64
MM, 56, 7, 137
MM, 57, 7, 18
MM, 338, 546, 14
MM, 339, 547, 8
MM, 341, 548, 18
MM, 343, 549, 14
MM, 2, 10, 18
MM, 3, 10, 7
MM, 5, 10, 14
MM, 7, 11, 18
MM, 8, 11, 8
MM, 9, 12, 16
MM, 10, 12, 8
MM, 12, 13, 72
MC, 1, 266
MM, 15, 13, 185
MM, 30, 5, 112
MM, 31, 4, 7
MM, 32, 2, 24
MM, 32, 1, 16
MM, 33, 1, 16
MM, 33, 0, 27
MM, 418, 538, 14
MM, 425, 537, 26
MM, 431, 537, 13
MM, 434, 537, 9
MM, 437, 536, 10
MM, 442, 536, 16
MM, 445, 536, 14
MM, 446, 536, 10
MM, 7, 30, 88
MM, 7, 29, 136
MC, 1, 256
MM, 13, 29, 258
MM, 13, 16, 88
MM, 17, 16, 16
MM, 18, 16, 8
MM, 18, 15, 98
MM, 17, 15, 16
MM, 16, 15, 8
MM, 15, 15, 40
MC, 1, 280
MM, 15, 18, 194
MM, 14, 23, 8
MM, 533, 538, 16
MM, 16, 18, 24
MM, 13, 29, 15
MM, 515, 586, 120
MM, 513, 590, 24
MM, 35, 18, 17
MM, 33, 20, 7
MM, 31, 23, 8
MM, 28, 28, 16
MM, 500, 608, 16
MM, 497, 610, 19
MM, 496, 612, 8
MM, 104, 0, 14
MM, 104, 1, 10
MM, 103, 1, 15
MM, 102, 1, 8
MM, 101, 1, 6
MM, 100, 1, 32
MM, 100, 2, 83
MM, 100, 3, 24
MM, 100, 6, 64
MM, 100, 7, 24
MM, 99, 8, 24
MC, 1, 248
MM, 98, 8, 162
MM, 6, 10, 71
MM, 31, 2, 16
MM, 372, 574, 17
MM, 369, 571, 15
MM, 368, 571, 8
MM, 367, 570, 16
MM, 23, 30, 16
MM, 23, 29, 16
MM, 23, 28, 41
MM, 22, 27, 15
MM, 22, 26, 34
MM, 22, 25, 25
MM, 27, 23, 71
MM, 29, 23, 8
MM, 33, 23, 24
MM, 3, 23, 64
MM, 5, 21, 40
MM, 6, 21, 9
MM, 7, 20, 15
MM, 9, 18, 25
MM, 10, 18, 23
MM, 10, 17, 9
MM, 11, 17, 8
MM, 12, 17, 24
MM, 13, 17, 23
MC, 1, 225
MM, 13, 16, 234
MM, 13, 7, 16
MM, 16, 0, 15
MM, 7, 28, 17
MM, 13, 20, 40
MM, 15, 19, 32
MM, 16, 19, 40
MM, 20, 20, 66
MC, 1, 256
MM, 25, 20, 306
MM, 30, 19, 16
MM, 433, 520, 16
MM, 435, 520, 8
MM, 438, 519, 15
MM, 1, 17, 8
MM, 2, 17, 24
MM, 3, 17, 16
MM, 4, 17, 17
MM, 5, 17, 16
MM, 6, 17, 15
MM, 7, 17, 16
MM, 15, 17, 80
MM, 17, 14, 64
MC, 1, 233
MM, 17, 17, 202
MM, 431, 578, 80
MM, 431, 586, 88
MM, 432, 587, 24
MM, 432, 589, 18
MM, 433, 589, 8
MM, 0, 14, 14
MM, 0, 15, 8
MM, 0, 17, 32
MM, 1, 18, 18
MM, 1, 19, 24
MM, 1, 20, 16
MM, 0, 20, 64
MC, 1, 192
MM, 7, 20, 258
MM, 16, 20, 16
MM, 470, 594, 15
MM, 13, 16, 25
MM, 26, 14, 24
MM, 2, 5, 63
MM, 530, 575, 24
MM, 537, 571, 16
MM, 540, 570, 8
MM, 2, 21, 16
MM, 14, 14, 24
MM, 17, 12, 8
MM, 20, 10, 8
MM, 23, 9, 9
MM, 30, 1, 16
MM, 590, 535, 16
MM, 30, 28, 16
MM, 33, 25, 15
MM, 603, 522, 64
MM, 603, 521, 40
MM, 603, 520, 65
MM, 604, 518, 72
MM, 2, 16, 73
MM, 3, 16, 16
MC, 1, 249
MM, 605, 518, 215
MM, 33, 17, 8
MM, 3, 24, 25
MM, 544, 533, 16
MM, 528, 538, 16
MM, 8, 3, 8
MM, 2, 5, 8
MM, 34, 8, 18
MM, 29, 12, 22
MM, 26, 13, 18
MM, 21, 16, 14
MM, 18, 19, 8
MM, 12, 22, 18
MM, 4, 30, 53
MM, 470, 571, 106
MM, 465, 572, 17
MM, 21, 0, 23
MM, 17, 1, 8
MM, 14, 2, 9
MM, 7, 5, 16
MM, 5, 6, 7
MM, 1, 7, 16
MM, 432, 584, 8
MM, 429, 586, 17
MM, 33, 13, 15
MM, 30, 13, 8
MM, 25, 15, 16
MM, 20, 16, 16
MM, 14, 17, 24
MM, 10, 18, 17
MM, 9, 18, 15
MM, 8, 18, 8
MC, 1, 337
MM, 8, 15, 232
MM, 5, 9, 10
MM, 5, 13, 22
MM, 387, 538, 9
MM, 32, 13, 16
MM, 32, 3, 14
MM, 384, 497, 18
MM, 34, 29, 8
MM, 34, 28, 9
MM, 385, 493, 23
MM, 386, 493, 16
MM, 387, 493, 16
MM, 4, 0, 192
MM, 5, 3, 24
MM, 7, 6, 16
MM, 8, 7, 24
MM, 8, 8, 8
MM, 6, 8, 96
MC, 1, 193
MM, 6, 11, 234
MM, 6, 14, 7
MM, 7, 17, 8
MM, 13, 28, 16
MM, 31, 1, 16
MM, 423, 559, 25
MM, 425, 570, 8
MM, 35, 4, 16
MM, 428, 591, 16
MM, 428, 601, 24
MM, 428, 606, 15
MM, 41, 16, 97
MM, 41, 17, 24
MM, 41, 18, 15
MM, 39, 15, 104
MM, 36, 14, 32
MC, 1, 203
MM, 44, 14, 167
MM, 58, 14, 8
MM, 70, 11, 8
MM, 74, 11, 16
MM, 494, 611, 24
MM, 516, 598, 25
MM, 10, 14, 8
MM, 14, 11, 8
MM, 3, 22, 24
MM, 12, 10, 16
MM, 17, 1, 16
MM, 575, 533, 16
MM, 13, 28, 15
MM, 13, 26, 16
MM, 14, 22, 104
MM, 603, 510, 106
MM, 605, 510, 14
MM, 2, 9, 18
MM, 4, 11, 16
MM, 5, 11, 6
MM, 6, 11, 11
MM, 7, 12, 8
MM, 8, 13, 23
MM, 9, 13, 8
MM, 10, 13, 32
MM, 10, 12, 73
MM, 9, 12, 16
MC, 1, 192
MM, 1, 12, 175
MM, 20, 10, 16
MM, 31, 9, 32
MM, 22, 19, 25
MM, 17, 12, 106
MM, 16, 12, 7
MM, 16, 11, 152
MM, 17, 11, 57
MC, 1, 256
MM, 18, 11, 218
MM, 21, 14, 8
MM, 424, 570, 24
MM, 430, 579, 16
MM, 3, 12, 15
MM, 5, 15, 8
MM, 7, 20, 16
MM, 9, 25, 24
MM, 9, 26, 8
MM, 448, 609, 201
MM, 449, 610, 23
MM, 449, 611, 16
MM, 60, 0, 16
MM, 60, 11, 114
MM, 59, 11, 41
MM, 58, 11, 14
MM, 56, 11, 8
MC, 1, 194
MM, 56, 9, 224
MM, 446, 607, 16
MM, 12, 15, 16
MM, 449, 572, 16
MM, 23, 27, 7
MM, 31, 0, 24
MM, 23, 27, 17
MM, 26, 21, 16
MM, 27, 18, 32
MM, 28, 18, 120
MM, 30, 18, 32
MM, 480, 522, 89
MM, 11, 18, 121
MM, 13, 17, 16
MM, 14, 17, 16
MM, 14, 16, 8
MM, 16, 16, 16
MM, 17, 16, 24
MM, 18, 16, 23
MM, 18, 15, 16
MC, 1, 281
MM, 20, 15, 258
MM, 27, 17, 16
MM, 31, 19, 8
MM, 519, 523, 15
MM, 4, 24, 48
MM, 2, 22, 112
MM, 1, 21, 24
MM, 477, 468, 56
MM, 363, 317, 98
MM, 361, 312, 14
MM, 95, 80, 19
MM, 95, 79, 8
MM, 95, 78, 6
MM, 95, 76, 16
MM, 95, 75, 10
MM, 95, 74, 22
MM, 96, 74, 10
MM, 96, 73, 15
MM, 96, 70, 24
MM, 96, 66, 16
MM, 96, 62, 16
MM, 98, 55, 105
MM, 99, 55, 7
MM, 100, 55, 24
MM, 102, 48, 129
MM, 112, 35, 183
MM, 113, 35, 9
MM, 115, 35, 23
MC, 1, 299
MM, 113, 36, 280
MM, 108, 41, 16
MM, 104, 47, 15
MM, 101, 49, 8
MM, 99, 52, 8
MM, 98, 53, 8
MM, 96, 55, 16
MM, 96, 56, 16
MM, 97, 56, 402
MM, 98, 56, 168
MM, 100, 56, 26
MM, 102, 56, 16
MM, 105, 58, 17
MM, 425, 329, 104
MM, 436, 339, 16
MM, 442, 346, 16
MM, 445, 350, 16
MM, 446, 351, 8
MM, 447, 352, 8
MM, 447, 353, 16
MM, 446, 353, 48
MM, 446, 355, 15
MM, 446, 356, 9
MM, 182, 1, 15
MM, 167, 31, 186
MM, 166, 31, 22
MM, 165, 31, 18
MM, 163, 29, 32
MM, 159, 26, 88
MM, 159, 27, 168
MM, 159, 28, 17
MM, 159, 29, 15
MM, 159, 30, 8
MM, 159, 31, 8
MM, 159, 32, 24
MM, 159, 34, 16
MM, 159, 35, 32
MM, 159, 36, 8
MM, 159, 37, 24
MM, 159, 39, 16
MM, 156, 44, 112
MC, 1, 235
MM, 156, 45, 288
MM, 154, 50, 18
MM, 146, 64, 96
MM, 161, 84, 207
MM, 164, 87, 24
MM, 166, 87, 8
MM, 167, 88, 8
MM, 437, 450, 16
MM, 446, 454, 16
MM, 27, 3, 24
MM, 474, 473, 8
MM, 4, 15, 16
MM, 14, 19, 16
MM, 25, 24, 24
MM, 517, 493, 16
MM, 29, 12, 476
MM, 28, 12, 54
MM, 27, 12, 8
MM, 24, 12, 34
MC, 1, 208
MM, 21, 12, 217
MM, 12, 12, 16
MM, 6, 12, 8
MM, 638, 514, 16
MM, 24, 14, 8
MM, 15, 15, 16
MM, 604, 521, 23
MM, 30, 22, 16
MM, 26, 24, 10
MM, 16, 29, 22
MM, 11, 30, 18
MM, 570, 533, 14
MM, 552, 535, 138
MM, 552, 534, 48
MM, 552, 533, 17
MM, 29, 29, 23
MM, 560, 524, 97
MM, 1, 21, 24
MM, 4, 21, 24
MM, 5, 21, 8
MM, 7, 21, 8
MM, 8, 21, 16
MM, 9, 21, 16
MM, 10, 21, 8
MM, 10, 20, 40
MM, 10, 19, 16
MM, 10, 18, 16
MC, 1, 202
MM, 8, 18, 184
MM, 0, 19, 16
MM, 32, 24, 15
MM, 20, 30, 24
MM, 29, 2, 185
MM, 27, 10, 199
MM, 24, 10, 27
MC, 1, 166
MM, 26, 11, 242
MM, 32, 13, 8
MM, 0, 17, 16
MM, 12, 20, 16
MM, 20, 23, 16
MM, 25, 24, 15
MM, 27, 25, 8
MM, 28, 25, 8
MM, 29, 25, 16
MM, 29, 24, 89
MM, 26, 23, 15
MC, 1, 233
MM, 24, 23, 290
MM, 20, 24, 16
MM, 18, 25, 8
MM, 20, 19, 103
MM, 528, 607, 24
MM, 129, 8, 24
MM, 127, 11, 8
MM, 124, 15, 8
MM, 117, 25, 24
MM, 113, 30, 16
MM, 500, 646, 16
MM, 499, 648, 16
MM, 498, 649, 16
MM, 497, 649, 24
MM, 497, 648, 177
MM, 106, 29, 167
MM, 106, 28, 274
MM, 106, 27, 32
MM, 106, 26, 33
MM, 105, 26, 23
MM, 103, 26, 88
MM, 102, 26, 8
MM, 100, 25, 24
MM, 99, 25, 9
MM, 99, 24, 16
MM, 99, 23, 23
MC, 1, 459
MM, 97, 23, 375
MM, 94, 22, 8
MM, 83, 19, 24
MM, 74, 16, 16
MM, 65, 14, 16
MM, 49, 13, 48
MM, 49, 10, 371
MM, 433, 598, 16
MM, 423, 570, 16
MM, 115, 23, 239
MM, 118, 23, 16
MM, 124, 24, 48
MM, 125, 25, 9
MM, 126, 26, 15
MM, 127, 27, 8
MM, 131, 29, 32
MM, 132, 30, 8
MM, 141, 34, 16
MM, 152, 40, 26
MM, 162, 47, 32
MM, 164, 48, 16
MM, 163, 49, 128
MM, 163, 48, 88
MM, 162, 47, 16
MC, 1, 217
MM, 161, 47, 954
MM, 160, 47, 128
MM, 159, 47, 817
MM, 159, 48, 32
MM, 158, 48, 8
MM, 156, 50, 16
MM, 155, 53, 16
MM, 153, 57, 16
MM, 151, 58, 8
MM, 149, 64, 24
MM, 148, 65, 17
MM, 148, 67, 15
MM, 147, 81, 136
MM, 146, 82, 901
MM, 410, 312, 15
MM, 410, 314, 24
MM, 414, 334, 97
MM, 416, 337, 16
MM, 418, 341, 24
MM, 418, 342, 8
MM, 419, 343, 16
MM, 420, 345, 15
MM, 420, 346, 16
MM, 420, 347, 8
MM, 421, 347, 8
MM, 422, 349, 32
MM, 422, 350, 16
MM, 168, 21, 200
MM, 168, 24, 16
MM, 168, 25, 16
MM, 170, 28, 24
MM, 173, 35, 98
MM, 173, 36, 46
MM, 174, 37, 18
MM, 174, 38, 22
MM, 175, 38, 26
MM, 175, 41, 40
MM, 176, 41, 32
MM, 176, 42, 8
MC, 1, 280
MM, 176, 43, 257
MM, 176, 54, 25
MM, 178, 65, 14
MM, 180, 83, 26
MM, 11, 25, 104
MM, 451, 500, 24
MM, 13, 6, 16
MM, 16, 18, 40
MM, 30, 10, 184
MM, 30, 17, 16
MM, 30, 24, 16
MM, 29, 28, 16
MM, 29, 30, 8
MM, 456, 574, 24
MM, 22, 1, 8
MM, 22, 4, 24
MM, 22, 5, 16
MM, 22, 6, 24
MM, 22, 7, 33
MM, 22, 8, 71
MM, 22, 9, 8
MM, 24, 20, 112
MM, 24, 21, 17
MM, 25, 21, 24
MM, 25, 22, 26
MM, 459, 607, 95
MM, 459, 610, 24
MM, 459, 611, 14
MM, 459, 612, 34
MM, 69, 0, 17
MM, 69, 1, 7
MM, 69, 2, 16
MM, 69, 3, 16
MM, 69, 4, 16
MM, 69, 5, 25
MM, 69, 6, 15
MM, 69, 7, 24
MM, 69, 9, 16
MM, 69, 12, 32
MM, 69, 10, 89
MC, 1, 184
MM, 69, 8, 208
MM, 7, 27, 193
MM, 30, 25, 96
MM, 20, 22, 48
MM, 12, 20, 32
MM, 11, 20, 8
MM, 9, 19, 8
MM, 7, 19, 25
MM, 6, 19, 7
MM, 6, 18, 40
MM, 7, 18, 16
MM, 9, 18, 16
MM, 10, 18, 8
MM, 12, 18, 16
MM, 13, 18, 16
MM, 16, 18, 64
MC, 1, 249
MM, 17, 18, 209
MM, 12, 2, 192
MM, 2, 9, 168
MM, 2, 8, 201
MM, 3, 8, 112
MM, 4, 8, 10
MM, 5, 8, 13
MC, 1, 267
MM, 552, 547, 232
MM, 528, 538, 23
MM, 27, 30, 16
MM, 4, 26, 16
MM, 35, 26, 8
MM, 2, 25, 32
MM, 30, 25, 32
MM, 29, 25, 16
MM, 26, 24, 96
MM, 25, 24, 74
MM, 25, 23, 40
MM, 24, 22, 88
MC, 1, 249
MM, 25, 22, 192
MM, 435, 535, 15
MM, 25, 10, 16
MM, 33, 17, 8
MM, 0, 25, 16
MM, 481, 571, 16
MM, 486, 575, 16
MM, 14, 0, 16
MM, 15, 1, 10
MM, 16, 2, 14
MM, 17, 2, 32
MM, 18, 3, 16
MM, 511, 585, 144
MM, 512, 585, 51
MM, 513, 585, 16
MM, 514, 585, 47
MM, 3, 9, 136
MM, 5, 9, 25
MM, 6, 9, 7
MM, 7, 9, 16
MM, 7, 8, 48
MM, 7, 7, 17
MC, 1, 231
MM, 7, 6, 291
MM, 7, 2, 16
MM, 7, 0, 8
MM, 14, 20, 16
MM, 533, 537, 24
MM, 14, 25, 15
MM, 19, 16, 25
MM, 123, 0, 191
MM, 115, 19, 24
MM, 111, 26, 16
MM, 489, 659, 98
MM, 488, 659, 22
MM, 488, 658, 154
MM, 487, 657, 17
MM, 486, 656, 16
MM, 486, 655, 8
MM, 485, 651, 24
MM, 485, 649, 16
MM, 485, 647, 8
MM, 485, 646, 7
MM, 95, 26, 32
MM, 95, 24, 16
MM, 95, 22, 8
MM, 96, 16, 136
MC, 1, 217
MM, 103, 12, 250
MM, 119, 1, 16
MM, 553, 566, 95
MM, 553, 565, 16
MM, 553, 564, 25
MM, 552, 564, 7
MM, 551, 564, 24
MM, 550, 564, 16
MM, 550, 563, 8
MM, 548, 562, 25
MM, 34, 20, 7
MM, 16, 0, 24
MM, 524, 534, 8
MM, 517, 524, 16
MM, 28, 12, 32
MM, 29, 12, 40
MM, 34, 12, 24
MM, 21, 12, 194
MC, 1, 257
MM, 22, 12, 256
MM, 29, 12, 16
MM, 558, 514, 16
MM, 0, 13, 16
MM, 2, 13, 8
MM, 8, 13, 16
MM, 15, 13, 24
MM, 19, 13, 16
MM, 21, 13, 15
MM, 22, 13, 8
MM, 24, 13, 24
MM, 31, 12, 15
MM, 17, 3, 155
MM, 19, 3, 33
MM, 20, 3, 15
MM, 21, 3, 14
MM, 23, 3, 19
MM, 26, 3, 47
MM, 26, 4, 384
MM, 26, 5, 32
MM, 25, 5, 26
MM, 24, 7, 14
MM, 24, 8, 35
MM, 20, 10, 55
MM, 18, 10, 8
MM, 17, 10, 424
MM, 14, 10, 8
MM, 6, 10, 16
MM, 0, 11, 16
MM, 28, 11, 24
MM, 11, 12, 176
MM, 8, 12, 26
MM, 5, 12, 32
MM, 6, 12, 168
MM, 9, 13, 32
MM, 25, 14, 112
MM, 27, 14, 16
MM, 642, 518, 16
MM, 4, 16, 16
MM, 6, 17, 8
MM, 12, 17, 24
MM, 14, 17, 16
MM, 15, 17, 24
MC, 1, 321
MM, 12, 17, 234
MM, 7, 17, 16
MM, 1, 17, 16
MM, 639, 519, 15
MM, 33, 15, 136
MM, 32, 15, 306
MM, 31, 15, 24
MC, 1, 281
MM, 29, 16, 225
MM, 23, 23, 14
MM, 21, 26, 8
MM, 579, 533, 10
MM, 16, 5, 14
MM, 9, 13, 18
MM, 550, 564, 22
MM, 35, 30, 8
MM, 543, 570, 10
MM, 17, 4, 32
MM, 11, 11, 24
MM, 7, 13, 16
MM, 3, 18, 16
MM, 506, 612, 48
MM, 112, 5, 16
MM, 110, 8, 16
MM, 101, 15, 168
MM, 101, 16, 152
MM, 100, 16, 24
MC, 1, 274
MM, 105, 11, 281
MM, 110, 8, 7
MM, 113, 5, 8
MM, 515, 607, 16
MM, 3, 26, 16
MM, 5, 24, 8
MM, 7, 21, 16
MM, 9, 20, 16
MM, 10, 20, 72
MM, 10, 19, 32
MM, 7, 1, 184
MM, 567, 573, 24
MM, 567, 572, 17
MM, 567, 570, 15
MM, 13, 30, 18
MM, 13, 28, 14
MM, 13, 27, 18
MM, 13, 26, 14
MM, 14, 26, 8
MM, 15, 26, 32
MM, 15, 25, 66
MM, 15, 24, 24
MM, 15, 23, 17
MM, 16, 23, 64
MM, 16, 22, 15
MM, 17, 22, 24
MC, 1, 232
MM, 15, 22, 218
MM, 35, 21, 14
MM, 510, 554, 26
MM, 14, 10, 136
MM, 422, 553, 96
MM, 422, 554, 24
MM, 421, 554, 33
MM, 35, 15, 7
MM, 32, 15, 16
MM, 28, 15, 24
MM, 26, 15, 16
MM, 25, 15, 8
MM, 24, 15, 8
MM, 16, 15, 32
MM, 9, 15, 24
MM, 4, 15, 16
MM, 0, 15, 24
MM, 25, 16, 184
MM, 18, 17, 24
MM, 14, 18, 16
MM, 12, 18, 24
MM, 11, 18, 8
MC, 1, 272
MM, 18, 20, 218
MM, 24, 23, 8
MM, 379, 565, 16
MM, 389, 570, 16
MM, 398, 574, 16
MM, 13, 0, 16
MM, 14, 1, 8
MM, 17, 2, 8
MM, 21, 4, 24
MM, 25, 5, 16
MM, 29, 6, 24
MM, 36, 10, 48
MM, 433, 587, 31
MM, 3, 11, 25
MM, 6, 12, 49
MC, 1, 296
MM, 6, 5, 257
MM, 440, 574, 16
MM, 13, 23, 24
MM, 12, 20, 8
MM, 12, 19, 8
MM, 12, 16, 16
MM, 12, 15, 8
MM, 11, 15, 48
MM, 10, 15, 40
MM, 9, 15, 16
MM, 9, 13, 16
MM, 6, 11, 15
MM, 2, 3, 17
MM, 12, 26, 128
MM, 14, 27, 48
MM, 18, 30, 24
MM, 412, 497, 24
MM, 413, 499, 8
MM, 415, 500, 24
MM, 416, 501, 8
MM, 20, 0, 16
MM, 21, 1, 8
MM, 22, 3, 16
MM, 22, 4, 26
MM, 23, 6, 14
MM, 23, 7, 26
MM, 23, 8, 6
MM, 23, 9, 16
MM, 23, 12, 32
MM, 23, 13, 18
MM, 21, 13, 16
MC, 1, 216
MM, 21, 14, 200
MM, 22, 20, 16
MM, 507, 657, 184
MM, 508, 657, 24
MM, 508, 658, 130
MM, 508, 659, 40
MM, 508, 660, 16
MM, 507, 660, 24
MM, 506, 660, 8
MM, 505, 660, 24
MM, 504, 660, 8
MM, 502, 658, 24
MM, 501, 658, 16
MM, 501, 656, 16
MM, 499, 649, 56
MM, 108, 30, 32
MM, 107, 28, 16
MM, 107, 26, 8
MM, 107, 20, 55
MC, 1, 297
MM, 105, 18, 227
MM, 101, 15, 7
MM, 89, 9, 16
MM, 79, 3, 16
MM, 457, 609, 16
MM, 19, 30, 8
MM, 7, 25, 16
MM, 4, 23, 8
MM, 429, 594, 24
MM, 35, 16, 16
MM, 33, 15, 16
MM, 32, 14, 16
MM, 30, 11, 24
MM, 24, 8, 16
MM, 19, 3, 16
MM, 10, 30, 48
MM, 8, 29, 24
MM, 7, 29, 16
MM, 6, 29, 24
MM, 5, 29, 24
MM, 4, 28, 8
MM, 3, 28, 26
MM, 1, 27, 14
MM, 0, 27, 32
MM, 384, 565, 8
MM, 383, 565, 18
MM, 382, 564, 14
MM, 381, 564, 8
MM, 19, 9, 144
MM, 18, 7, 18
MC, 1, 297
MM, 20, 7, 185
MM, 11, 28, 40
MM, 25, 29, 96
MM, 28, 30, 24
MM, 30, 30, 16
MM, 30, 29, 176
MM, 30, 28, 24
MM, 30, 27, 16
MC, 1, 202
MM, 29, 25, 458
MM, 28, 24, 8
MM, 27, 22, 14
MM, 26, 19, 33
MM, 26, 20, 105
MM, 27, 20, 128
MM, 27, 21, 32
MM, 28, 21, 120
MM, 28, 22, 24
MM, 29, 22, 274
MM, 16, 13, 88
MM, 526, 573, 24
MM, 552, 562, 16
MM, 7, 17, 8
MM, 16, 13, 16
MM, 28, 6, 16
MM, 35, 1, 24
MM, 35, 0, 8
MM, 590, 537, 16
MM, 590, 536, 24
MM, 589, 536, 56
MM, 588, 536, 8
MM, 20, 27, 105
MM, 18, 30, 22
MM, 527, 572, 19
MM, 6, 8, 40
MM, 4, 19, 31
MM, 513, 608, 97
MM, 513, 609, 32
MM, 512, 609, 8
MM, 512, 610, 48
MM, 512, 611, 32
MM, 512, 612, 16
MM, 122, 0, 16
MM, 122, 1, 16
MM, 122, 3, 24
MM, 119, 8, 56
MM, 118, 9, 16
MM, 118, 10, 16
MM, 106, 13, 168
MC, 1, 437
MM, 106, 12, 240
MM, 492, 612, 15
MM, 20, 18, 112
MM, 21, 18, 16
MM, 22, 18, 8
MM, 23, 18, 16
MM, 24, 18, 16
MM, 25, 18, 8
MM, 26, 20, 24
MM, 27, 21, 8
MM, 28, 22, 16
MM, 29, 23, 8
MM, 30, 24, 8
MM, 30, 25, 16
MM, 30, 26, 8
MM, 31, 28, 32
MM, 31, 29, 8
MM, 477, 537, 128
MM, 480, 538, 26
MM, 11, 0, 104
MM, 12, 0, 24
MM, 12, 1, 16
MM, 13, 2, 32
MM, 14, 3, 24
MM, 15, 3, 32
MM, 15, 4, 8
MM, 15, 5, 16
MM, 14, 5, 64
MM, 12, 5, 8
MM, 11, 5, 8
MC, 1, 184
MM, 10, 5, 234
MM, 465, 544, 24
MM, 339, 552, 120
MM, 47, 14, 32
MM, 40, 14, 24
MM, 34, 14, 40
MM, 9, 16, 322
MM, 16, 16, 24
MM, 21, 16, 16
MM, 22, 16, 16
MM, 23, 16, 8
MM, 23, 15, 64
MM, 22, 14, 24
MM, 22, 13, 8
MM, 22, 12, 16
MM, 21, 12, 8
MM, 20, 12, 194
MC, 1, 241
MM, 24, 12, 201
MM, 8, 9, 120
MM, 14, 9, 16
MM, 18, 9, 16
MM, 26, 9, 16
MM, 515, 586, 56
MM, 1, 10, 24
MM, 8, 10, 24
MM, 11, 11, 16
MM, 15, 11, 16
MM, 16, 11, 8
MM, 19, 11, 15
MM, 20, 11, 17
MM, 21, 12, 16
MM, 30, 12, 24
MM, 36, 12, 15
MM, 556, 588, 8
MM, 0, 12, 16
MM, 4, 12, 25
MM, 6, 12, 17
MM, 7, 12, 50
MM, 8, 12, 31
MM, 9, 12, 32
MM, 10, 12, 80
MC, 1, 280
MM, 15, 0, 267
MM, 25, 29, 15
MM, 592, 544, 8
MM, 600, 533, 24
MM, 2, 20, 16
MM, 6, 16, 24
MM, 7, 15, 16
MM, 8, 15, 57
MM, 8, 16, 15
MM, 9, 16, 16
MM, 9, 18, 16
MM, 9, 19, 32
MM, 9, 20, 8
MM, 9, 22, 32
MM, 10, 23, 16
MM, 10, 24, 8
MM, 10, 21, 88
MC, 1, 242
MM, 12, 21, 216
MM, 20, 21, 8
MM, 643, 525, 17
MM, 11, 24, 15
MM, 24, 27, 16
MM, 683, 530, 8
MM, 3, 30, 16
MM, 695, 533, 8
MM, 33, 6, 114
MM, 33, 7, 8
MM, 33, 8, 24
MM, 34, 12, 144
MM, 32, 12, 144
MM, 31, 12, 10
MC, 1, 215
MM, 27, 12, 241
MM, 18, 11, 16
MM, 673, 545, 24
MM, 27, 3, 8
MM, 13, 2, 15
MM, 6, 1, 9
MM, 627, 538, 23
MM, 616, 537, 25
MM, 611, 536, 16
MM, 607, 535, 8
MM, 31, 30, 26
MM, 15, 26, 22
MM, 10, 25, 10
MM, 26, 19, 192
MM, 25, 19, 16
MM, 24, 19, 136
MM, 23, 19, 40
MM, 18, 19, 56
MM, 17, 19, 16
MM, 17, 18, 48
MM, 17, 17, 16
MC, 1, 370
MM, 19, 19, 290
MM, 22, 26, 16
MM, 551, 537, 16
MM, 3, 8, 16
MM, 4, 11, 8
MM, 11, 21, 24
MM, 12, 23, 8
MM, 14, 26, 16
MM, 16, 28, 16
MM, 17, 29, 24
MM, 573, 570, 8
MM, 580, 575, 24
MM, 597, 589, 144
MM, 36, 13, 112
MM, 35, 13, 8
MM, 34, 12, 18
MM, 33, 12, 14
MM, 31, 12, 18
MM, 26, 12, 22
MM, 20, 12, 26
MM, 18, 12, 8
MM, 17, 13, 8
MM, 16, 14, 15
MM, 15, 14, 9
MM, 15, 15, 56
MM, 15, 16, 32
MM, 17, 17, 24
MM, 19, 17, 16
MM, 22, 17, 16
MM, 602, 594, 64
MM, 4, 18, 15
MM, 9, 18, 25
MM, 10, 18, 8
MC, 1, 372
MM, 7, 20, 270
MM, 2, 25, 15
MM, 597, 609, 16
MM, 596, 611, 8
MM, 590, 615, 10
MM, 562, 635, 49
MM, 162, 27, 14
MM, 544, 644, 26
MM, 537, 644, 200
MM, 536, 644, 48
MM, 535, 644, 64
MM, 531, 644, 55
MP, 1, 219
MR, 1, 0
MC, 1, 0
MM, 529, 644, 232
MM, 135, 28, 8
MM, 126, 22, 16
MM, 117, 14, 16
MM, 110, 10, 16
MM, 106, 7, 18
MM, 105, 6, 6
MM, 103, 4, 16
MM, 102, 4, 18
MM, 101, 3, 14
MM, 483, 607, 178
MM, 482, 607, 32
MM, 480, 607, 24
MM, 0, 28, 24
MM, 32, 24, 64
MM, 32, 25, 144
MM, 33, 27, 18
MM, 469, 603, 8
MM, 471, 603, 14
MM, 473, 603, 18
MM, 474, 603, 16
MM, 0, 27, 9
MM, 1, 27, 15
MM, 2, 27, 32
MM, 3, 26, 8
MM, 4, 25, 8
MM, 14, 21, 16
MM, 21, 19, 24
MM, 26, 19, 16
MM, 29, 18, 16
MM, 30, 18, 8
MM, 29, 13, 168
MM, 26, 13, 40
MM, 24, 13, 42
MM, 23, 13, 14
MM, 23, 12, 8
MM, 22, 12, 32
MM, 20, 11, 18
MC, 1, 241
MM, 22, 7, 265
MM, 1, 24, 8
MM, 19, 1, 22
MM, 534, 535, 10
MM, 17, 26, 16
MM, 23, 21, 16
MM, 26, 19, 16
MM, 28, 17, 16
MM, 30, 17, 24
MM, 561, 519, 96
MM, 563, 519, 24
MM, 1, 17, 16
MM, 2, 17, 8
MM, 4, 17, 16
MM, 5, 17, 8
MM, 6, 17, 8
MM, 7, 17, 16
MM, 7, 16, 48
MM, 7, 15, 8
MM, 7, 14, 8
MM, 7, 13, 24
MC, 1, 219
MM, 6, 13, 271
MM, 14, 13, 162
MM, 7, 12, 24
MM, 3, 11, 16
MM, 0, 10, 14
MM, 34, 7, 170
MM, 33, 4, 80
MM, 32, 3, 32
MM, 32, 2, 16
MM, 31, 1, 8
MM, 30, 1, 16
MM, 29, 0, 16
MM, 511, 501, 16
MM, 510, 501, 33
MM, 509, 501, 23
MM, 508, 501, 64
MM, 26, 0, 16
MM, 25, 0, 24
MM, 25, 1, 8
MM, 15, 9, 162
MC, 1, 185
MM, 15, 12, 249
MM, 15, 24, 25
MM, 20, 2, 199
MM, 14, 23, 250
MM, 14, 24, 22
MM, 14, 25, 26
MM, 13, 25, 6
MM, 13, 27, 18
MM, 13, 28, 24
MM, 12, 30, 16
MM, 487, 607, 22
MM, 486, 608, 10
MM, 486, 609, 15
MM, 485, 611, 16
MM, 95, 8, 153
MM, 95, 9, 8
MM, 95, 11, 24
MM, 95, 14, 24
MM, 95, 15, 8
MM, 91, 17, 104
MC, 1, 176
MM, 91, 16, 250
MM, 89, 6, 8
MM, 477, 612, 8
MM, 36, 27, 24
MM, 15, 20, 24
MM, 12, 28, 32
MM, 12, 22, 16
MM, 15, 21, 47
MM, 18, 21, 24
MM, 19, 21, 10
MM, 22, 22, 14
MM, 25, 22, 17
MM, 29, 23, 15
MM, 5, 30, 27
MM, 499, 501, 22
MM, 517, 527, 154
MM, 517, 530, 24
MM, 34, 28, 88
MM, 33, 28, 8
MM, 32, 28, 8
MM, 25, 28, 16
MM, 22, 28, 8
MM, 22, 27, 383
MM, 22, 25, 9
MM, 22, 24, 7
MM, 20, 21, 26
MM, 20, 19, 15
MM, 19, 19, 10
MM, 19, 16, 21
MM, 19, 15, 26
MM, 19, 14, 15
MM, 19, 11, 50
MM, 18, 12, 72
MC, 1, 201
MM, 22, 13, 252
MM, 28, 15, 3
MM, 518, 521, 16
MM, 4, 23, 10
MM, 544, 533, 22
MM, 554, 537, 26
MM, 3, 0, 8
MM, 6, 2, 14
MM, 11, 4, 90
MM, 12, 4, 48
MM, 12, 5, 8
MM, 17, 8, 159
MC, 1, 315
MM, 16, 8, 248
MM, 1, 8, 23
MM, 28, 6, 16
MM, 2, 4, 97
MM, 1, 4, 16
MM, 1, 2, 112
MM, 0, 1, 34
MM, 469, 540, 64
MM, 468, 539, 41
MM, 467, 539, 15
MM, 466, 539, 24
MM, 465, 538, 32
MM, 464, 537, 15
MM, 463, 537, 9
MM, 462, 537, 15
MM, 37, 4, 120
MM, 38, 4, 105
MM, 392, 507, 16
MM, 394, 508, 16
MM, 13, 12, 194
MC, 1, 249
MM, 417, 501, 255
MM, 438, 464, 24
MM, 183, 89, 8
MM, 187, 80, 8
MM, 207, 32, 24
MM, 214, 17, 16
MM, 216, 10, 8
MM, 218, 6, 10
MM, 221, 1, 14
MM, 221, 0, 8
MM, 222, 0, 18
MM, 486, 356, 144
MM, 486, 354, 15
MM, 488, 341, 24
MM, 498, 322, 25
MM, 255, 54, 184
MM, 255, 53, 32
MM, 255, 52, 16
MM, 255, 51, 8
MM, 255, 50, 16
MM, 255, 49, 8
MM, 255, 47, 15
MM, 255, 45, 17
MM, 255, 43, 8
MM, 256, 39, 15
MM, 258, 36, 16
MM, 259, 33, 16
MM, 266, 30, 96
MM, 266, 32, 121
MM, 266, 33, 40
MM, 266, 34, 26
MM, 266, 35, 32
MM, 266, 36, 22
MM, 268, 37, 26
MM, 268, 38, 40
MM, 268, 40, 24
MC, 1, 208
MM, 268, 44, 216
MM, 268, 49, 10
MM, 268, 54, 8
MM, 534, 340, 118
MM, 535, 342, 18
MM, 536, 342, 16
MM, 535, 342, 384
MM, 534, 342, 24
MM, 530, 342, 16
MM, 523, 349, 24
MM, 242, 26, 56
MM, 239, 35, 24
MM, 237, 42, 16
MM, 237, 47, 16
MM, 236, 50, 8
MM, 236, 55, 16
MM, 236, 59, 16
MM, 236, 63, 16
MM, 236, 65, 16
MM, 236, 67, 18
MM, 236, 68, 8
MM, 236, 70, 6
MM, 248, 80, 153
MM, 260, 78, 16
MM, 270, 75, 16
MM, 311, 59, 24
MM, 413, 15, 177
MM, 415, 15, 16
MM, 416, 15, 8
MM, 417, 16, 24
MM, 417, 17, 8
MM, 417, 18, 15
MM, 417, 20, 17
MM, 417, 21, 32
MM, 417, 22, 16
MM, 417, 23, 24
MM, 417, 24, 7
MM, 417, 25, 17
MM, 406, 40, 202
MM, 406, 42, 14
MC, 1, 297
MM, 405, 42, 225
MM, 561, 498, 192
MM, 26, 15, 40
MM, 19, 25, 26
MM, 17, 28, 6
MM, 538, 533, 8
MM, 23, 0, 16
MM, 19, 8, 24
MM, 15, 14, 16
MM, 13, 16, 10
MM, 9, 19, 14
MM, 7, 23, 18
MM, 2, 28, 32
MM, 0, 29, 16
MM, 505, 574, 40
MM, 505, 575, 16
MM, 27, 1, 24
MM, 489, 607, 104
MM, 90, 1, 119
MM, 90, 3, 40
MM, 90, 5, 56
MM, 89, 5, 64
MM, 88, 5, 16
MM, 87, 5, 153
MC, 1, 218
MM, 87, 3, 256
MM, 477, 610, 8
MM, 2, 30, 16
MM, 25, 27, 16
MM, 24, 10, 16
MM, 22, 18, 24
MM, 31, 30, 191
MM, 3, 1, 24
MM, 13, 8, 33
MM, 16, 10, 23
MM, 16, 11, 8
MM, 533, 538, 129
MM, 15, 6, 16
MM, 8, 10, 16
MM, 4, 12, 10
MM, 1, 12, 6
MM, 507, 553, 26
MM, 506, 554, 8
MM, 506, 555, 88
MM, 506, 556, 40
MM, 507, 557, 16
MM, 510, 559, 24
MM, 7, 24, 15
MM, 16, 28, 16
MM, 539, 573, 25
MM, 32, 2, 24
MM, 555, 580, 23
MM, 10, 4, 128
MM, 12, 3, 49
MM, 14, 2, 15
MM, 16, 1, 8
MM, 17, 1, 8
MM, 18, 1, 8
MM, 582, 575, 24
MM, 584, 575, 16
MM, 584, 574, 8
MM, 584, 575, 131
MM, 583, 575, 40
MM, 582, 575, 15
MM, 20, 0, 24
MC, 1, 201
MM, 20, 1, 328
MM, 20, 3, 18
MM, 21, 4, 72
MM, 639, 494, 192
MM, 641, 492, 56
MM, 642, 492, 48
MM, 643, 492, 8
MM, 0, 27, 16
MM, 3, 29, 16
MM, 6, 30, 16
MM, 652, 497, 16
MM, 653, 498, 8
MM, 656, 501, 24
MM, 14, 1, 24
MM, 14, 2, 8
MM, 14, 6, 24
MM, 14, 14, 88
MM, 13, 14, 40
MM, 11, 14, 18
MC, 1, 201
MM, 10, 14, 199
MM, 3, 21, 16
MM, 631, 540, 32
MM, 24, 15, 24
MM, 20, 21, 16
MM, 16, 28, 32
MM, 611, 570, 23
MM, 611, 571, 16
MM, 611, 572, 19
MM, 611, 573, 6
MM, 610, 574, 26
MM, 5, 0, 22
MM, 0, 3, 210
MM, 602, 579, 56
MM, 601, 579, 224
MM, 600, 579, 9
MM, 22, 8, 102
MM, 21, 8, 32
MM, 21, 9, 27
MC, 1, 264
MM, 18, 9, 209
MM, 4, 4, 14
MM, 20, 26, 27
MM, 508, 555, 16
MM, 22, 10, 16
MM, 14, 8, 8
MM, 1, 3, 16
MM, 34, 0, 16
MM, 451, 535, 16
MM, 0, 28, 23
MM, 16, 16, 161
MC, 1, 336
MM, 21, 16, 226
MM, 433, 525, 16
MM, 513, 571, 160
MM, 517, 574, 32
MM, 519, 575, 18
MM, 2, 0, 14
MM, 3, 0, 18
MM, 3, 1, 8
MM, 3, 0, 120
MM, 2, 0, 8
MM, 2, 1, 368
MM, 2, 2, 16
MM, 3, 2, 17
MC, 1, 290
MM, 3, 1, 223
MM, 4, 27, 24
MM, 0, 21, 16
MM, 508, 553, 24
MM, 508, 549, 32
MM, 10, 8, 162
MM, 11, 8, 167
MM, 12, 8, 24
MC, 1, 225
MM, 12, 10, 306
MM, 12, 13, 8
MM, 12, 19, 16
MM, 11, 29, 16
MM, 20, 0, 16
MM, 17, 13, 16
MM, 16, 15, 8
MM, 483, 571, 24
MM, 7, 6, 16
MM, 5, 19, 23
MM, 83, 17, 105
MM, 82, 21, 40
MM, 81, 21, 15
MM, 81, 20, 170
MM, 81, 16, 88
MC, 1, 281
MM, 82, 16, 306
MM, 87, 16, 14
MM, 95, 14, 18
MM, 99, 13, 8
MM, 105, 11, 16
MM, 110, 8, 24
MM, 111, 7, 8
MM, 111, 6, 8
MM, 111, 3, 24
MM, 111, 1, 16
MM, 501, 610, 24
MM, 30, 8, 192
MM, 30, 7, 16
MM, 31, 3, 32
MM, 3, 22, 24
MM, 532, 536, 87
MM, 9, 30, 96
MM, 9, 24, 41
MM, 9, 20, 17
MM, 9, 19, 8
MM, 9, 17, 14
MM, 10, 16, 10
MM, 14, 15, 49
MM, 18, 15, 47
MM, 19, 15, 40
MM, 19, 17, 49
MC, 1, 216
MM, 23, 17, 200
MM, 1, 25, 90
MM, 0, 20, 160
MM, 1, 20, 8
MM, 2, 20, 32
MM, 3, 20, 32
MM, 4, 20, 32
MM, 13, 20, 169
MM, 14, 20, 25
MM, 14, 19, 22
MM, 14, 18, 26
MM, 14, 17, 14
MC, 1, 218
MM, 12, 17, 223
MM, 7, 17, 9
MM, 0, 16, 10
MM, 23, 15, 14
MM, 14, 14, 18
MM, 3, 14, 15
MM, 603, 516, 33
MM, 24, 14, 135
MM, 22, 14, 17
MM, 20, 14, 23
MM, 14, 14, 112
MC, 1, 208
MM, 14, 15, 219
MM, 11, 25, 16
MM, 571, 534, 8
MM, 7, 11, 15
MM, 550, 568, 17
MM, 23, 13, 15
MM, 528, 607, 16
MM, 130, 5, 16
MM, 118, 22, 25
MM, 113, 27, 16
MM, 110, 29, 16
MM, 107, 30, 39
MM, 107, 29, 275
MM, 107, 28, 23
MM, 107, 26, 88
MM, 107, 25, 337
MM, 107, 23, 15
MM, 107, 16, 56
MM, 107, 15, 24
MM, 107, 14, 67
MM, 107, 13, 21
MM, 108, 13, 10
MM, 108, 12, 16
MC, 1, 313
MM, 109, 12, 250
MM, 124, 12, 16
MM, 133, 12, 16
MM, 143, 11, 16
MM, 155, 5, 192
MM, 560, 615, 96
MM, 560, 613, 40
MM, 561, 609, 104
MM, 562, 609, 31
MM, 562, 608, 16
MM, 563, 608, 11
MM, 564, 608, 22
MM, 564, 607, 26
MM, 565, 607, 24
MM, 566, 607, 16
MM, 567, 607, 23
MM, 7, 30, 25
MM, 7, 29, 15
MM, 7, 28, 8
MM, 9, 23, 104
MM, 8, 23, 128
MC, 1, 241
MM, 5, 23, 218
MM, 29, 15, 15
MM, 2, 7, 201
MM, 1, 7, 8
MM, 425, 545, 32
MM, 423, 544, 18
MM, 421, 544, 8
MM, 33, 4, 16
MM, 31, 3, 23
MM, 30, 3, 6
MM, 30, 2, 10
MM, 29, 2, 8
MM, 29, 1, 16
MM, 29, 0, 48
MM, 414, 538, 41
MM, 412, 535, 40
MM, 411, 534, 23
MM, 411, 533, 16
MM, 14, 27, 81
MM, 14, 26, 441
MM, 14, 24, 17
MM, 14, 21, 32
MM, 14, 20, 15
MM, 14, 19, 9
MM, 14, 17, 23
MM, 14, 16, 8
MC, 1, 347
MC, 1, 440
MM, 16, 16, 242
MM, 29, 16, 24
MM, 4, 16, 24
MM, 14, 16, 24
MM, 32, 15, 184
MM, 34, 15, 50
MM, 35, 15, 22
MM, 477, 517, 145
MM, 1, 16, 104
MM, 2, 16, 16
MM, 3, 16, 57
MC, 1, 312
MM, 4, 19, 290
MM, 6, 25, 8
MM, 25, 2, 15
MM, 501, 570, 24
MM, 29, 15, 16
MM, 29, 30, 16
MM, 114, 11, 17
MM, 114, 30, 23
MM, 504, 653, 16
MM, 504, 664, 34
MM, 504, 670, 23
MM, 504, 673, 17
MM, 504, 676, 22
MM, 504, 678, 18
MM, 503, 678, 112
MM, 502, 677, 17
MM, 502, 676, 7
MM, 501, 675, 17
MM, 500, 674, 8
MM, 498, 663, 96
MM, 497, 662, 8
MM, 497, 660, 16
MM, 496, 659, 16
MM, 496, 657, 24
MM, 102, 17, 192
MM, 101, 4, 16
MM, 491, 608, 16
MM, 16, 26, 23
MM, 101, 0, 202
MM, 101, 2, 16
MM, 102, 5, 24
MM, 103, 8, 24
MM, 103, 9, 8
MM, 104, 10, 17
MM, 104, 11, 7
MM, 104, 12, 16
MM, 104, 13, 24
MC, 1, 305
MM, 104, 5, 234
MM, 19, 11, 16
MM, 23, 2, 24
MM, 494, 501, 96
MM, 495, 501, 47
MM, 13, 0, 8
MM, 15, 11, 193
MM, 14, 16, 87
MC, 1, 187
MM, 18, 17, 224
MM, 33, 25, 16
MM, 521, 529, 8
MM, 536, 535, 16
MM, 3, 7, 39
MM, 5, 8, 16
MM, 6, 8, 65
MM, 7, 8, 32
MM, 7, 9, 8
MM, 8, 9, 32
MM, 9, 9, 17
MM, 13, 13, 22
MM, 17, 16, 40
MC, 1, 348
MM, 10, 16, 257
MM, 28, 6, 24
MM, 11, 26, 135
MM, 7, 25, 104
MM, 6, 24, 24
MM, 5, 24, 8
MM, 4, 24, 25
MM, 4, 23, 15
MM, 5, 23, 114
MM, 8, 23, 23
MM, 10, 23, 26
MM, 11, 23, 6
MM, 12, 23, 26
MM, 14, 23, 13
MM, 15, 23, 26
MM, 16, 23, 16
MC, 1, 281
MM, 17, 23, 233
MM, 10, 2, 22
MM, 30, 16, 19
MM, 28, 7, 71
MM, 14, 20, 80
MM, 18, 21, 17
MM, 23, 22, 24
MM, 24, 22, 8
MM, 26, 22, 8
MM, 30, 22, 16
MM, 35, 22, 24
MM, 554, 598, 8
MM, 556, 598, 16
MM, 558, 598, 16
MM, 559, 598, 16
MM, 1, 22, 24
MM, 19, 16, 175
MM, 18, 16, 65
MC, 1, 248
MM, 16, 16, 186
MM, 131, 1, 184
MM, 131, 2, 88
MM, 131, 3, 40
MM, 131, 4, 58
MM, 130, 5, 62
MM, 130, 6, 9
MM, 127, 8, 24
MM, 124, 12, 16
MM, 122, 12, 9
MM, 119, 15, 13
MM, 117, 17, 18
MM, 116, 19, 24
MC, 1, 249
MM, 112, 17, 258
MM, 98, 9, 13
MM, 80, 2, 18
MM, 366, 574, 120
MM, 365, 571, 193
MM, 365, 570, 40
MM, 21, 30, 23
MM, 21, 29, 9
MM, 21, 28, 16
MM, 21, 25, 24
MM, 21, 24, 8
MM, 21, 22, 16
MM, 21, 21, 16
MM, 20, 20, 8
MC, 1, 274
MM, 22, 20, 240
MM, 383, 559, 16
MM, 6, 20, 176
MM, 8, 20, 40
MM, 9, 20, 39
MM, 16, 19, 130
MC, 1, 250
MM, 16, 18, 214
MM, 17, 14, 8
MM, 23, 2, 16
MM, 496, 535, 8
MM, 19, 23, 16
MM, 24, 15, 17
MM, 28, 7, 24
MM, 28, 5, 16
MM, 29, 5, 8
MM, 30, 5, 104
MM, 31, 5, 32
MM, 31, 6, 64
MM, 31, 7, 16
MM, 31, 8, 31
MM, 30, 9, 17
MM, 27, 10, 23
MM, 25, 11, 16
MM, 21, 11, 51
MC, 1, 248
MM, 20, 11, 271
MM, 14, 12, 16
MM, 13, 12, 8
MM, 2, 14, 16
MM, 24, 17, 24
MM, 11, 17, 25
MM, 6, 17, 7
MM, 2, 17, 8
MM, 433, 520, 16
MM, 32, 18, 18
MM, 28, 18, 22
MM, 27, 18, 10
MM, 26, 18, 15
MM, 25, 18, 210
MM, 24, 18, 15
MM, 23, 18, 33
MM, 20, 18, 55
MC, 1, 281
MM, 22, 18, 257
MM, 25, 18, 9
MM, 29, 19, 8
MM, 435, 522, 24
MM, 4, 21, 23
MM, 6, 21, 16
MM, 7, 21, 8
MM, 8, 21, 40
MC, 1, 329
MM, 8, 22, 257
MM, 449, 538, 16
MM, 24, 2, 40
MM, 30, 17, 24
MM, 31, 21, 16
MM, 34, 24, 24
MM, 91, 7, 136
MM, 93, 16, 40
MM, 95, 25, 24
MM, 95, 30, 16
MM, 485, 645, 9
MM, 485, 648, 23
MM, 484, 647, 105
MM, 483, 645, 18
MM, 483, 644, 13
MM, 93, 30, 9
MM, 93, 28, 26
MM, 93, 27, 31
MM, 93, 26, 25
MM, 95, 24, 103
MM, 95, 23, 41
MM, 96, 23, 8
MM, 99, 8, 135
MM, 99, 10, 80
MC, 1, 313
MM, 99, 9, 393
MM, 98, 5, 24
MM, 97, 2, 8
MM, 484, 607, 16
MM, 8, 26, 16
MM, 8, 18, 32
MM, 8, 16, 8
MM, 9, 16, 25
MM, 12, 16, 23
MM, 16, 16, 24
MM, 28, 11, 16
MM, 10, 1, 16
MM, 28, 3, 208
MM, 636, 542, 26
MM, 10, 3, 23
MM, 20, 3, 26
MM, 26, 3, 39
MM, 27, 3, 8
MM, 28, 3, 88
MM, 28, 4, 16
MM, 29, 4, 24
MM, 29, 5, 8
MM, 30, 5, 9
MM, 31, 6, 31
MM, 32, 6, 8
MM, 33, 6, 24
MM, 34, 6, 16
MM, 35, 6, 8
MM, 1, 11, 33
MM, 5, 13, 16
MM, 11, 13, 111
MC, 1, 217
MM, 11, 11, 217
MM, 679, 537, 16
MM, 644, 496, 48
MM, 34, 25, 25
MM, 32, 25, 15
MM, 32, 27, 48
MM, 32, 28, 8
MM, 32, 30, 24
MM, 635, 496, 24
MM, 635, 497, 17
MM, 635, 498, 8
MM, 636, 500, 24
MM, 637, 501, 8
MM, 639, 503, 23
MM, 643, 506, 49
MM, 0, 4, 15
MM, 2, 5, 24
MM, 2, 6, 18
MM, 8, 9, 102
MM, 9, 9, 24
MM, 10, 9, 24
MM, 10, 8, 89
MM, 10, 6, 16
MC, 1, 266
MM, 7, 6, 288
MM, 2, 8, 8
MM, 13, 20, 23
MM, 2, 24, 8
MM, 30, 30, 17
MM, 19, 2, 24
MM, 10, 7, 24
MM, 8, 8, 15
MM, 7, 11, 24
MM, 1, 24, 112
MM, 0, 25, 17
MM, 553, 566, 26
MM, 19, 8, 199
MM, 16, 10, 33
MM, 15, 11, 8
MM, 14, 12, 31
MM, 13, 13, 24
MM, 13, 14, 41
MM, 12, 14, 15
MM, 11, 14, 8
MC, 1, 209
MM, 11, 12, 288
MM, 11, 8, 8
MM, 11, 3, 18
MM, 528, 572, 24
MM, 17, 29, 16
MM, 17, 23, 183
MM, 18, 22, 32
MM, 19, 21, 17
MM, 20, 21, 24
MM, 20, 20, 16
MC, 1, 265
MM, 20, 22, 271
MM, 19, 26, 9
MM, 525, 572, 16
MM, 6, 1, 6
MM, 515, 587, 26
MM, 35, 17, 25
MM, 34, 18, 8
MM, 34, 20, 8
MM, 33, 20, 16
MM, 33, 21, 16
MM, 32, 21, 10
MM, 30, 23, 30
MM, 500, 609, 175
MM, 500, 610, 25
MM, 500, 611, 16
MM, 500, 612, 24
MM, 110, 1, 32
MM, 110, 2, 8
MM, 109, 4, 32
MM, 108, 4, 16
MM, 107, 4, 24
MC, 1, 192
MM, 20, 27, 226
MM, 16, 11, 16
MM, 483, 536, 6
MM, 0, 27, 26
MM, 1, 7, 24
MM, 4, 4, 24
MM, 6, 4, 16
MM, 10, 7, 72
MM, 11, 8, 16
MM, 12, 10, 16
MM, 15, 15, 24
MM, 18, 19, 16
MM, 20, 23, 16
MM, 24, 27, 15
MM, 25, 29, 9
MM, 506, 496, 7
MM, 508, 500, 16
MM, 27, 6, 32
MM, 27, 12, 24
MM, 27, 14, 8
MM, 27, 18, 16
MM, 27, 23, 24
MM, 27, 25, 17
MM, 26, 26, 24
MM, 24, 27, 63
MC, 1, 228
MM, 25, 27, 270
MM, 29, 6, 232
MM, 640, 509, 218
MM, 639, 509, 24
MM, 638, 509, 14
MM, 30, 7, 16
MM, 29, 7, 18
MM, 28, 7, 6
MM, 27, 7, 26
MM, 26, 7, 16
MM, 25, 7, 38
MM, 24, 7, 26
MM, 23, 7, 16
MM, 22, 7, 25
MM, 21, 7, 88
MM, 20, 7, 24
MM, 19, 7, 23
MC, 1, 217
MM, 19, 8, 271
MM, 15, 13, 18
MM, 11, 2, 96
MM, 9, 8, 24
MM, 5, 14, 16
MM, 593, 565, 24
MM, 588, 572, 17
MM, 586, 575, 7
MM, 22, 5, 24
MM, 19, 10, 33
MM, 18, 11, 8
MM, 16, 12, 15
MM, 16, 14, 16
MM, 15, 15, 16
MM, 13, 18, 24
MM, 12, 22, 192
MC, 1, 209
MM, 11, 22, 234
MM, 0, 18, 15
MM, 20, 12, 16
MM, 27, 0, 200
MM, 409, 536, 24
MM, 408, 534, 16
MM, 407, 533, 25
MM, 10, 30, 15
MM, 10, 29, 8
MM, 10, 28, 34
MM, 9, 28, 31
MM, 9, 27, 10
MM, 9, 26, 21
MM, 9, 25, 24
MM, 9, 24, 16
MM, 13, 17, 138
MC, 1, 249
MM, 13, 18, 215
MM, 16, 30, 16
MM, 422, 565, 40
MM, 46, 3, 203
MM, 47, 10, 15
MM, 49, 18, 24
MM, 49, 19, 8
MM, 50, 21, 16
MM, 50, 22, 9
MM, 51, 22, 47
MM, 51, 23, 112
MM, 51, 24, 24
MM, 51, 25, 48
MM, 51, 26, 16
MM, 53, 28, 24
MM, 54, 30, 16
MM, 446, 646, 48
MM, 446, 645, 394
MM, 446, 644, 33
MM, 56, 30, 505
MM, 56, 29, 16
MM, 56, 28, 8
MM, 56, 26, 24
MM, 56, 25, 14
MM, 56, 24, 10
MM, 56, 23, 8
MM, 57, 22, 33
MM, 58, 22, 15
MM, 58, 21, 8
MM, 59, 20, 16
MM, 60, 18, 32
MM, 61, 17, 16
MM, 62, 16, 24
MC, 1, 265
MM, 65, 16, 266
MM, 84, 10, 21
MM, 95, 5, 18
MM, 20, 10, 96
MM, 545, 570, 24
MM, 5, 8, 25
MM, 6, 28, 16
MM, 13, 17, 15
MM, 19, 9, 17
MM, 25, 1, 23
MM, 591, 501, 9
MM, 594, 499, 16
MM, 599, 497, 23
MM, 606, 496, 16
MM, 10, 30, 16
MM, 640, 494, 104
MM, 640, 495, 56
MM, 640, 497, 40
MM, 637, 500, 16
MM, 14, 16, 186
MM, 13, 16, 32
MM, 12, 16, 8
MC, 1, 225
MM, 11, 16, 231
MM, 8, 16, 8
MM, 3, 16, 8
MM, 31, 15, 24
MM, 26, 13, 8
MM, 20, 12, 8
MM, 562, 512, 40
MM, 33, 10, 18
MM, 27, 9, 22
MM, 17, 10, 114
MM, 15, 10, 288
MM, 8, 10, 24
MM, 0, 11, 24
MM, 517, 514, 24
MM, 29, 12, 112
MM, 27, 12, 49
MM, 26, 12, 24
MM, 25, 12, 16
MM, 24, 12, 8
MM, 23, 12, 32
MM, 21, 12, 16
MM, 19, 13, 16
MM, 17, 13, 8
MM, 15, 14, 17
MM, 13, 15, 15
MM, 11, 15, 32
MC, 1, 258
MM, 382, 548, 561
MM, 1, 10, 40
MM, 4, 10, 24
MM, 11, 11, 70
MM, 13, 11, 58
MC, 1, 297
MM, 13, 15, 226
MM, 16, 21, 7
MM, 405, 570, 9
MM, 26, 21, 23
MM, 38, 5, 22
MM, 45, 19, 26
MM, 47, 23, 16
MM, 48, 25, 8
MM, 49, 25, 9
MM, 50, 26, 23
MM, 50, 27, 16
MM, 51, 27, 72
MM, 51, 26, 57
MM, 51, 25, 31
MM, 51, 24, 9
MM, 51, 22, 47
MM, 52, 22, 88
MM, 53, 22, 25
MM, 53, 23, 23
MM, 53, 24, 40
MC, 1, 296
MM, 57, 24, 363
MM, 95, 24, 39
MM, 109, 24, 8
MM, 134, 23, 16
MM, 561, 633, 16
MM, 610, 623, 24
MM, 17, 28, 24
MM, 722, 550, 104
MM, 722, 549, 72
MM, 721, 549, 130
MM, 720, 549, 15
MM, 34, 10, 153
MM, 33, 11, 48
MM, 31, 11, 24
MM, 29, 11, 16
MM, 28, 11, 169
MM, 26, 11, 8
MM, 18, 5, 24
MM, 15, 3, 8
MM, 12, 2, 8
MM, 686, 538, 15
MM, 685, 537, 16
MM, 686, 537, 49
MP, 1, 234
MR, 1, 0
MC, 1, 0
MM, 686, 538, 439
MM, 7, 0, 33
MM, 7, 1, 39
MM, 7, 3, 58
MM, 7, 4, 88
MM, 7, 5, 17
MM, 7, 6, 23
MM, 7, 7, 96
MM, 7, 8, 57
MM, 7, 9, 31
MM, 8, 9, 619
MM, 8, 10, 104
MM, 9, 10, 31
MM, 9, 11, 113
MM, 10, 11, 40
MM, 10, 10, 258
MM, 11, 10, 111
MC, 1, 329
MM, 10, 10, 257
MM, 5, 10, 16
MM, 22, 9, 104
MM, 19, 9, 72
MM, 18, 9, 152
MM, 17, 8, 24
MM, 17, 7, 9
MM, 17, 6, 8
MM, 17, 4, 15
MM, 17, 3, 8
MM, 16, 0, 25
MM, 653, 537, 17
MM, 653, 536, 6
MM, 653, 535, 27
MM, 653, 534, 13
MM, 652, 533, 16
MM, 8, 28, 82
MM, 8, 27, 56
MM, 8, 26, 16
MM, 7, 26, 24
MM, 1, 23, 88
MM, 0, 23, 24
MM, 643, 525, 8
MM, 642, 525, 24
MM, 641, 525, 16
MM, 640, 525, 16
MM, 640, 526, 33
MM, 639, 525, 303
MM, 638, 525, 27
MM, 30, 23, 14
MM, 29, 23, 26
MM, 28, 23, 14
MM, 20, 23, 137
MM, 19, 23, 32
MM, 18, 23, 16
MC, 1, 337
MM, 21, 23, 265
MM, 13, 10, 240
MM, 14, 10, 16
MM, 14, 11, 16
MM, 15, 12, 33
MC, 1, 248
MM, 11, 10, 257
MM, 628, 537, 16
MM, 3, 26, 16
MM, 22, 15, 16
MM, 540, 499, 32
MM, 520, 494, 16
MM, 17, 24, 33
MM, 15, 30, 191
MM, 449, 498, 24
MM, 442, 501, 32
MM, 437, 502, 16
MM, 23, 6, 88
MM, 22, 6, 26
MM, 22, 7, 96
MM, 23, 7, 8
MM, 23, 8, 32
MM, 24, 8, 8
MC, 1, 313
MM, 24, 12, 185
MM, 26, 20, 14
MM, 26, 24, 10
MM, 425, 535, 16
MM, 1, 5, 32
MM, 3, 7, 32
MM, 4, 9, 24
MM, 66, 1, 184
MM, 66, 2, 16
MM, 66, 3, 32
MM, 66, 6, 144
MM, 66, 2, 146
MC, 1, 305
MM, 68, 2, 258
MM, 463, 612, 15
MM, 467, 610, 16
MM, 473, 606, 8
MM, 2, 26, 16
MM, 8, 22, 24
MM, 9, 20, 8
MM, 10, 19, 8
MM, 10, 18, 16
MM, 10, 17, 8
MM, 10, 16, 32
MM, 16, 16, 80
MM, 23, 16, 88
MM, 23, 15, 8
MC, 1, 251
MM, 27, 15, 223
MM, 6, 0, 104
MM, 30, 29, 18
MM, 10, 18, 22
MM, 15, 15, 10
MM, 25, 9, 17
MM, 34, 5, 14
MM, 676, 540, 17
MM, 679, 537, 24
MM, 680, 536, 8
MM, 680, 535, 25
MM, 681, 535, 31
MM, 682, 535, 32
MM, 13, 8, 176
MM, 13, 11, 40
MM, 13, 13, 40
MC, 1, 233
MM, 12, 13, 241
MM, 642, 525, 160
MM, 641, 525, 56
MM, 640, 525, 8
MM, 30, 23, 24
MM, 29, 23, 16
MM, 27, 23, 16
MM, 21, 19, 104
MM, 20, 19, 10
MM, 19, 18, 8
MM, 17, 17, 24
MM, 17, 16, 16
MM, 15, 15, 24
MM, 12, 15, 64
MC, 1, 232
MM, 11, 15, 202
MM, 25, 6, 38
MM, 20, 6, 43
MM, 24, 17, 79
MM, 24, 18, 144
MM, 25, 18, 24
MM, 25, 19, 8
MM, 26, 19, 16
MM, 26, 21, 16
MM, 26, 22, 8
MM, 26, 24, 16
MM, 26, 26, 10
MM, 25, 29, 22
MM, 23, 30, 18
MM, 416, 535, 32
MM, 412, 537, 112
MM, 412, 536, 48
MM, 411, 536, 56
MM, 24, 1, 56
MM, 23, 3, 112
MC, 1, 275
MM, 31, 3, 836
MM, 20, 12, 15
MM, 28, 26, 16
MM, 2, 1, 16
MM, 29, 11, 16
MM, 694, 587, 24
MM, 716, 587, 16
MM, 726, 585, 8
MM, 734, 584, 8
MM, 732, 584, 304
MM, 723, 588, 16
MM, 689, 602, 88
MM, 686, 603, 16
MM, 682, 603, 16
MM, 674, 602, 24
MM, 617, 574, 107
MM, 607, 573, 14
MM, 600, 573, 8
MM, 594, 573, 10
MM, 585, 573, 13
MM, 573, 573, 16
MM, 566, 573, 10
MM, 551, 573, 14
MM, 536, 572, 18
MM, 5, 28, 22
MM, 505, 563, 18
MM, 30, 17, 128
MM, 29, 17, 144
MM, 28, 17, 8
MM, 8, 14, 112
MM, 23, 10, 88
MM, 22, 10, 138
MC, 1, 337
MM, 27, 10, 226
MM, 34, 10, 5
MM, 4, 10, 10
MM, 1, 17, 24
MM, 699, 609, 104
MM, 719, 613, 16
MM, 733, 616, 8
MM, 750, 621, 24
MM, 757, 623, 16
MM, 764, 626, 24
MM, 761, 630, 175
MM, 760, 632, 33
MM, 760, 638, 72
MM, 808, 656, 170
MM, 820, 657, 16
MM, 838, 657, 24
MM, 0, 7, 8
MM, 9, 7, 16
MM, 15, 7, 16
MM, 19, 7, 16
MM, 21, 7, 16
MM, 21, 6, 16
MM, 21, 5, 8
MM, 21, 3, 24
MM, 22, 2, 24
MM, 23, 1, 16
MM, 24, 1, 16
MM, 27, 6, 170
MM, 26, 6, 778
MM, 25, 6, 24
MM, 30, 7, 160
MM, 268, 45, 48
