********************************************************************************
LOGGING TIME: 20161113_004226
CLIENT IP: 127.0.0.1
USERNAME: Elon Musk
OS: Windows 10
**********************************Emotional database********************************************************************************
MM, 632, 670, 1477468750761
MM, 600, 586, 19
MM, 582, 536, 8
MM, 275, 83, 16
MM, 496, 340, 16
MM, 438, 205, 64
MM, 437, 201, 8
MM, 436, 199, 8
MM, 435, 198, 8
MM, 434, 199, 55
MM, 434, 200, 8
MM, 434, 201, 8
MM, 433, 202, 8
MM, 432, 203, 8
MM, 431, 206, 8
MM, 430, 209, 8
MM, 430, 212, 8
MM, 429, 215, 8
MM, 429, 217, 10
MM, 429, 221, 6
MM, 164, 1, 16
MM, 164, 4, 10
MM, 164, 10, 8
MM, 164, 12, 6
MM, 164, 15, 8
MM, 164, 16, 8
MM, 164, 19, 10
MM, 164, 23, 8
MM, 162, 25, 354
MM, 161, 26, 9
MM, 160, 26, 7
MM, 159, 27, 8
MM, 158, 27, 8
MM, 157, 27, 16
MC, 1, 233
MM, 155, 27, 444
MM, 153, 29, 8
MM, 151, 31, 8
MM, 150, 33, 7
MM, 149, 33, 9
MM, 148, 34, 7
MM, 148, 35, 8
MM, 148, 36, 8
MM, 148, 37, 16
MM, 148, 38, 8
MM, 149, 39, 8
MM, 150, 39, 8
MM, 152, 40, 8
MM, 154, 40, 8
MM, 155, 40, 8
MM, 158, 40, 25
MM, 158, 44, 16591
MM, 158, 56, 8
MM, 158, 66, 8
MM, 158, 73, 8
MM, 158, 80, 8
MM, 422, 318, 8
MM, 422, 327, 8
MM, 422, 336, 9
MM, 422, 349, 7
MM, 421, 355, 8
MM, 156, 7, 8
MM, 154, 15, 8
MM, 153, 21, 8
MM, 152, 25, 8
MM, 152, 28, 8
MM, 151, 29, 8
MM, 151, 31, 8
MM, 151, 32, 8
MM, 151, 33, 8
MM, 151, 35, 16
MM, 151, 38, 8
MM, 151, 39, 8
MM, 151, 43, 8
MM, 151, 46, 8
MM, 151, 49, 8
MM, 150, 52, 8
MM, 150, 54, 8
MM, 150, 57, 8
MM, 150, 60, 8
MM, 150, 61, 8
MM, 150, 63, 8
MM, 150, 64, 8
MM, 150, 65, 8
MM, 150, 67, 8
MM, 150, 69, 8
MM, 150, 71, 8
MM, 150, 74, 8
MM, 151, 77, 8
MM, 427, 449, 57
MM, 431, 456, 7
MM, 433, 459, 8
MM, 438, 463, 8
MM, 2, 1, 8
MM, 8, 7, 16
MM, 9, 9, 8
MM, 11, 10, 8
MM, 20, 17, 16
MM, 26, 20, 8
MM, 32, 25, 8
MM, 5, 0, 16
MM, 8, 2, 8
MM, 18, 10, 16
MM, 22, 12, 8
MM, 25, 14, 8
MM, 28, 15, 8
MM, 30, 16, 16
MM, 31, 16, 8
MM, 32, 16, 8
MM, 33, 16, 40
MM, 33, 17, 8
MM, 33, 18, 8
MM, 34, 18, 16
MM, 34, 17, 120
MM, 34, 16, 16
MM, 32, 15, 56
MM, 31, 14, 32
MM, 30, 14, 8
MM, 29, 14, 40
MM, 28, 13, 24
MM, 27, 13, 24
MM, 26, 13, 408
MM, 22, 13, 8
MM, 20, 13, 8
MM, 17, 13, 8
MM, 9, 13, 16
MM, 6, 13, 8
MM, 2, 13, 8
MM, 481, 515, 8
MM, 21, 13, 56
MM, 17, 13, 16
MM, 14, 14, 8
MM, 7, 15, 16
MM, 6, 15, 8
MM, 0, 15, 8
MM, 438, 518, 8
MM, 433, 520, 16
MM, 33, 18, 8
MM, 31, 20, 8
MM, 29, 20, 8
MM, 27, 20, 8
MM, 25, 21, 8
MM, 21, 24, 16
MM, 19, 24, 8
MM, 17, 26, 8
MM, 13, 27, 8
MM, 12, 27, 8
MM, 9, 28, 8
MM, 3, 30, 16
MM, 397, 534, 8
MM, 393, 535, 16
MM, 391, 536, 8
MM, 390, 536, 8
MM, 388, 536, 8
MM, 386, 536, 8
MM, 385, 537, 10
MM, 384, 537, 22
MM, 383, 537, 40
MM, 382, 537, 51
MM, 381, 537, 40
MM, 380, 538, 6
MM, 380, 539, 7
MM, 33, 0, 19
MM, 32, 0, 13
MM, 31, 0, 8
MM, 30, 0, 18
MM, 31, 0, 94
MM, 32, 0, 10
MM, 380, 538, 8
MM, 388, 534, 8
MM, 392, 531, 6
MM, 4, 25, 18
MM, 8, 21, 8
MM, 12, 19, 6
MM, 20, 14, 8
MM, 24, 13, 10
MM, 28, 11, 8
MM, 35, 8, 14
MM, 436, 509, 18
MM, 437, 508, 8
MM, 0, 5, 14
MM, 1, 5, 26
MM, 2, 5, 25
MM, 3, 5, 8
MM, 4, 5, 7
MM, 6, 5, 8
MM, 7, 5, 8
MM, 9, 5, 8
MM, 11, 5, 8
MM, 16, 5, 16
MM, 18, 5, 8
MM, 22, 5, 8
MM, 26, 5, 8
MM, 27, 5, 8
MM, 33, 5, 16
MM, 34, 6, 8
MM, 36, 6, 8
MM, 476, 508, 8
MM, 477, 508, 8
MM, 477, 509, 8
MM, 477, 510, 17
MM, 478, 510, 31
MM, 479, 510, 17
MM, 479, 511, 40
MM, 480, 511, 40
MP, 1, 367
MR, 1, 0
MC, 1, 0
MM, 1, 9, 746
MM, 4, 9, 8
MM, 20, 13, 49
MM, 21, 13, 7
MM, 22, 13, 8
MC, 1, 251
MM, 17, 13, 192
MM, 12, 13, 7
MM, 4, 13, 8
MM, 27, 18, 16
MM, 16, 19, 8
MM, 11, 20, 8
MM, 2, 23, 8
MM, 434, 526, 8
MM, 25, 28, 16
MM, 19, 29, 16
MM, 17, 29, 8
MM, 16, 30, 8
MM, 15, 30, 8
MM, 14, 30, 8
MM, 410, 533, 16
MM, 409, 533, 16
MM, 408, 533, 9
MM, 407, 533, 7
MM, 406, 534, 16
MM, 405, 534, 8
MM, 404, 534, 8
MM, 403, 534, 16
MM, 402, 534, 16
MM, 401, 534, 16
MM, 400, 534, 8
MM, 399, 535, 8
MM, 398, 535, 24
MM, 397, 535, 8
MM, 396, 535, 8
MM, 395, 535, 26
MM, 394, 535, 8
MM, 394, 536, 6
MM, 394, 537, 32
MM, 393, 537, 16
MM, 392, 537, 18
MM, 1, 3, 79
MM, 0, 4, 25
MM, 382, 546, 32
MM, 381, 547, 8
MM, 379, 548, 16
MM, 32, 11, 16
MM, 31, 13, 8
MM, 31, 14, 8
MM, 29, 16, 16
MM, 27, 18, 8
MC, 1, 209
MM, 31, 18, 239
MM, 379, 557, 10
MM, 381, 555, 9
MM, 8, 12, 13
MM, 15, 9, 8
MM, 18, 8, 10
MM, 27, 5, 14
MM, 31, 4, 8
MM, 33, 3, 10
MM, 421, 541, 8
MM, 422, 540, 6
MM, 424, 540, 8
MM, 425, 538, 18
MM, 426, 537, 8
MM, 426, 536, 8
MM, 30, 30, 6
MM, 30, 24, 18
MM, 31, 21, 8
MM, 31, 19, 6
MM, 32, 13, 18
MM, 33, 10, 8
MM, 34, 8, 14
MM, 35, 8, 10
MM, 35, 7, 8
MM, 433, 509, 24
MM, 434, 509, 8
MM, 436, 508, 8
MM, 1, 4, 16
MM, 3, 4, 8
MM, 4, 3, 8
MM, 7, 2, 16
MM, 8, 2, 8
MM, 9, 2, 8
MM, 10, 2, 8
MM, 11, 2, 16
MM, 11, 3, 152
MM, 10, 3, 16
MC, 1, 265
MM, 9, 3, 265
MM, 7, 3, 8
MM, 4, 5, 8
MM, 0, 7, 8
MM, 32, 12, 16
MM, 29, 13, 8
MM, 23, 18, 8
MM, 14, 21, 16
MM, 7, 26, 8
MM, 4, 28, 8
MM, 0, 29, 8
MM, 391, 534, 16
MM, 389, 535, 8
MM, 387, 536, 16
MM, 385, 536, 8
MM, 384, 536, 24
MM, 383, 536, 23
MM, 383, 537, 105
MM, 382, 537, 16
MM, 381, 537, 24
MM, 380, 538, 16
MM, 379, 538, 16
MM, 34, 0, 8
MM, 33, 2, 8
MM, 32, 4, 16
MM, 30, 5, 8
MM, 29, 6, 8
MM, 29, 7, 8
MM, 27, 9, 16
MM, 26, 9, 8
MM, 26, 11, 8
MM, 25, 12, 8
MM, 23, 12, 16
MM, 23, 13, 8
MM, 23, 14, 8
MM, 21, 14, 8
MM, 21, 15, 8
MM, 20, 15, 10
MM, 19, 16, 14
MM, 18, 16, 8
MM, 17, 16, 10
MC, 1, 200
MM, 21, 16, 224
MM, 25, 15, 8
MM, 29, 13, 8
MM, 2, 7, 16
MM, 11, 3, 8
MM, 15, 1, 8
MM, 410, 534, 16
MM, 17, 30, 8
MM, 23, 27, 16
MM, 26, 25, 10
MM, 30, 23, 15
MM, 30, 22, 7
MM, 30, 21, 10
MM, 31, 21, 8
MM, 31, 20, 6
MM, 30, 20, 178
MM, 29, 20, 33
MM, 28, 20, 23
MM, 27, 20, 24
MM, 26, 20, 16
MM, 26, 19, 8
MM, 25, 19, 24
MM, 25, 18, 8
MM, 23, 18, 8
MM, 22, 18, 8
MC, 1, 216
MM, 22, 20, 226
MM, 22, 23, 8
MM, 22, 25, 8
MM, 419, 533, 8
MM, 420, 538, 16
MM, 421, 541, 8
MM, 421, 546, 16
MM, 422, 547, 8
MM, 422, 549, 8
MM, 422, 550, 8
MM, 423, 552, 16
MM, 423, 554, 8
MM, 424, 556, 8
MM, 425, 562, 16
MM, 425, 566, 8
MM, 425, 569, 8
MM, 35, 1, 16
MM, 35, 5, 8
MM, 35, 8, 8
MM, 36, 13, 16
MM, 36, 15, 8
MM, 36, 17, 8
MM, 36, 18, 16
MM, 36, 19, 16
MM, 36, 20, 96
MM, 36, 21, 26
MM, 36, 22, 8
MM, 36, 23, 24
MM, 428, 600, 8
MM, 428, 601, 8
MM, 428, 602, 24
MM, 428, 603, 8
MM, 429, 603, 8
MM, 429, 604, 16
MM, 429, 605, 8
MM, 429, 606, 16
MM, 429, 607, 16
MM, 429, 608, 16
MM, 429, 609, 8
MM, 429, 610, 16
MM, 430, 611, 9
MM, 430, 612, 23
MM, 41, 0, 16
MM, 41, 1, 16
MM, 41, 2, 24
MM, 41, 3, 16
MM, 41, 4, 16
MC, 1, 227
MM, 40, 4, 199
MM, 36, 4, 8
MM, 33, 3, 8
MM, 413, 610, 16
MM, 408, 608, 8
MM, 11, 30, 8
MM, 1, 27, 16
MM, 389, 601, 8
MM, 34, 24, 16
MM, 29, 23, 16
MM, 26, 23, 10
MM, 25, 23, 8
MM, 23, 23, 8
MM, 20, 23, 14
MM, 18, 23, 10
MM, 17, 23, 7
MM, 15, 23, 8
MM, 12, 23, 17
MM, 9, 23, 7
MM, 7, 23, 9
MM, 4, 24, 8
MM, 1, 24, 16
MM, 349, 601, 8
MM, 347, 601, 16
MM, 346, 601, 8
MM, 345, 602, 16
MM, 344, 602, 8
MM, 34, 26, 8
MM, 33, 26, 33
MM, 32, 26, 7
MM, 31, 26, 8
MM, 30, 26, 24
MM, 29, 25, 16
MM, 28, 24, 25
MM, 27, 23, 15
MM, 26, 23, 18
MM, 25, 23, 30
MM, 25, 22, 16
MM, 24, 22, 8
MM, 23, 22, 18
MC, 1, 225
MM, 24, 22, 489
MM, 27, 20, 7
MM, 29, 19, 9
MM, 34, 16, 16
MM, 345, 590, 7
MM, 349, 588, 9
MM, 5, 8, 15
MM, 8, 7, 8
MM, 12, 4, 16
MM, 12, 3, 9
MM, 14, 2, 17
MM, 14, 1, 8
MM, 15, 1, 7
MM, 15, 0, 16
MM, 365, 575, 34
MM, 365, 574, 40
MM, 365, 573, 7
MM, 365, 572, 16
MM, 365, 571, 8
MM, 20, 30, 17
MM, 18, 28, 16
MM, 17, 27, 8
MM, 17, 26, 8
MM, 15, 26, 16
MC, 1, 264
MM, 19, 26, 210
MM, 28, 27, 8
MM, 381, 569, 8
MM, 402, 573, 16
MM, 25, 0, 7
MM, 23, 3, 16
MM, 34, 3, 8
MM, 33, 3, 17
MM, 25, 2, 16
MM, 33, 2, 8
MM, 16, 0, 16
MM, 23, 0, 8
MM, 594, 573, 16
MM, 597, 573, 8
MM, 600, 573, 16
MM, 601, 573, 8
MM, 600, 572, 82
MM, 599, 572, 7
MM, 598, 572, 16
MM, 597, 572, 25
MM, 596, 572, 24
MM, 595, 572, 32
MM, 594, 572, 16
MM, 593, 572, 8
MM, 592, 572, 16
MM, 590, 572, 8
MM, 587, 573, 16
MM, 585, 574, 8
MM, 20, 1, 16
MM, 19, 3, 8
MM, 17, 4, 8
MM, 14, 7, 16
MM, 13, 7, 8
MM, 13, 8, 16
MM, 13, 9, 8
MM, 13, 10, 40
MC, 1, 258
MM, 9, 10, 210
MM, 5, 9, 8
MM, 35, 0, 16
MM, 9, 19, 24
MM, 505, 548, 16
MM, 486, 537, 16
MM, 477, 532, 8
MM, 20, 25, 16
MM, 11, 22, 15
MM, 2, 20, 16
MM, 436, 521, 17
MM, 434, 521, 8
MM, 35, 18, 8
MM, 33, 17, 24
MM, 32, 16, 16
MM, 31, 16, 104
MM, 30, 16, 40
MM, 30, 15, 10
MM, 29, 15, 14
MM, 28, 14, 8
MM, 25, 13, 18
MM, 21, 12, 16
MM, 19, 11, 16
MM, 18, 10, 8
MM, 17, 10, 8
MM, 17, 9, 16
MM, 16, 9, 8
MM, 15, 9, 24
MM, 14, 9, 8
MC, 1, 209
MC, 2, 194
MM, 17, 12, 281
MM, 22, 16, 8
MM, 29, 23, 16
MM, 438, 537, 16
MM, 24, 8, 16
MM, 32, 14, 16
MM, 467, 560, 16
MM, 2, 24, 16
MM, 6, 27, 16
MM, 8, 28, 16
MM, 10, 28, 16
MM, 10, 29, 8
MM, 11, 29, 16
MM, 12, 29, 16
MM, 13, 29, 32
MM, 14, 29, 56
MM, 15, 29, 18
MM, 17, 29, 14
MM, 18, 29, 8
MM, 19, 30, 18
MM, 20, 30, 8
MM, 21, 30, 8
MM, 492, 570, 24
MM, 495, 571, 16
MM, 498, 572, 8
MM, 502, 572, 16
MM, 508, 574, 16
MM, 1, 0, 16
MM, 7, 2, 16
MM, 10, 3, 8
MM, 13, 5, 16
MM, 16, 5, 16
MM, 16, 6, 8
MC, 1, 320
MM, 16, 7, 258
MM, 16, 11, 8
MM, 13, 18, 18
MM, 10, 25, 14
MM, 9, 29, 10
MM, 524, 612, 16
MM, 132, 5, 16
MM, 130, 8, 16
MM, 129, 10, 16
MM, 128, 10, 16
MM, 128, 11, 24
MM, 128, 12, 24
MM, 127, 12, 15
MM, 126, 12, 33
MM, 125, 13, 24
MM, 124, 13, 8
MM, 120, 15, 16
MM, 116, 16, 16
MC, 1, 209
MM, 122, 16, 315
MM, 128, 16, 13
MM, 133, 16, 9
MM, 143, 15, 18
MM, 155, 10, 16
MM, 159, 9, 16
MM, 555, 619, 8
MM, 558, 617, 16
MM, 561, 616, 16
MM, 562, 615, 16
MM, 563, 615, 16
MM, 569, 612, 16
MM, 574, 608, 16
MM, 18, 29, 16
MM, 36, 21, 24
MM, 602, 594, 16
MM, 7, 14, 24
MM, 9, 13, 8
MM, 19, 7, 32
MM, 28, 0, 16
MM, 636, 572, 16
MM, 13, 22, 16
MM, 18, 19, 15
MM, 23, 14, 16
MM, 25, 11, 18
MM, 27, 9, 14
MM, 28, 8, 19
MM, 28, 7, 39
MM, 28, 6, 73
MM, 28, 5, 8
MM, 28, 4, 24
MM, 28, 2, 24
MM, 28, 1, 88
MM, 29, 0, 40
MM, 30, 0, 16
MM, 31, 0, 16
MM, 672, 537, 16
MM, 35, 30, 16
MM, 686, 526, 16
MM, 14, 14, 26
MM, 21, 10, 14
MM, 25, 7, 18
MM, 26, 6, 8
MM, 26, 5, 24
MM, 25, 5, 64
MM, 21, 5, 8
MM, 9, 5, 16
MM, 32, 5, 16
MM, 4, 10, 16
MM, 14, 21, 16
MM, 604, 533, 16
MM, 27, 11, 16
MM, 12, 26, 16
MM, 557, 572, 16
MM, 28, 9, 16
MM, 17, 17, 16
MM, 6, 28, 18
MM, 123, 4, 14
MM, 121, 6, 8
MM, 115, 15, 17
MM, 111, 21, 14
MM, 108, 23, 19
MM, 108, 24, 7
MM, 107, 25, 16
MM, 106, 25, 33
MM, 106, 24, 96
MM, 106, 23, 16
MM, 106, 22, 16
MM, 107, 21, 24
MM, 108, 21, 8
MM, 115, 17, 16
MM, 123, 12, 8
MM, 137, 5, 18
MM, 559, 599, 14
MM, 35, 4, 18
MM, 26, 25, 14
MM, 7, 14, 18
MM, 27, 3, 16
MM, 674, 537, 16
MM, 678, 534, 16
MM, 681, 533, 16
MM, 682, 532, 16
MM, 683, 532, 32
MM, 684, 532, 16
MM, 685, 532, 24
MM, 686, 532, 32
MM, 0, 30, 24
MM, 1, 30, 15
MM, 2, 30, 33
MM, 3, 29, 16
MM, 3, 28, 32
MM, 4, 27, 18
MM, 5, 27, 16
MM, 6, 26, 15
MM, 6, 25, 25
MM, 7, 25, 16
MM, 8, 24, 32
MM, 9, 23, 40
MM, 9, 22, 16
MM, 9, 21, 24
MM, 10, 21, 8
MM, 11, 21, 16
MM, 12, 21, 24
MM, 13, 21, 8
MC, 1, 226
MM, 11, 21, 216
MM, 5, 21, 10
MM, 33, 22, 13
MM, 15, 27, 19
MM, 631, 539, 24
MM, 23, 4, 16
MM, 4, 10, 24
MM, 593, 551, 16
MM, 32, 13, 16
MM, 25, 14, 16
MM, 18, 15, 15
MM, 11, 15, 16
MM, 3, 16, 16
MM, 551, 555, 16
MM, 32, 17, 17
MM, 16, 18, 23
MM, 2, 18, 17
MM, 34, 19, 8
MM, 3, 23, 24
MM, 30, 27, 18
MM, 16, 28, 16
MM, 8, 29, 14
MM, 6, 30, 10
MM, 2, 30, 16
MM, 425, 569, 16
MM, 421, 569, 16
MM, 32, 29, 15
MM, 24, 27, 17
MM, 19, 25, 15
MM, 16, 25, 8
MM, 12, 25, 16
MM, 8, 25, 16
MM, 4, 25, 17
MM, 4, 24, 8
MM, 2, 24, 16
MM, 1, 24, 8
MM, 0, 24, 40
MM, 384, 562, 16
MM, 383, 562, 16
MM, 382, 561, 7
MM, 34, 21, 24
MM, 32, 19, 16
MM, 30, 18, 8
MM, 26, 17, 18
MM, 23, 15, 14
MM, 21, 15, 10
MM, 19, 13, 17
MM, 17, 13, 13
MM, 17, 12, 18
MM, 16, 12, 17
MM, 15, 12, 7
MC, 1, 218
MM, 16, 12, 169
MM, 21, 12, 8
MM, 379, 550, 16
MM, 17, 5, 16
MM, 34, 3, 16
MM, 429, 538, 16
MM, 436, 536, 16
MM, 443, 534, 16
MM, 9, 30, 16
MM, 12, 29, 16
MM, 14, 28, 8
MM, 15, 26, 16
MM, 16, 26, 16
MM, 17, 25, 16
MM, 18, 25, 74
MM, 19, 25, 8
MM, 21, 25, 14
MM, 23, 25, 18
MM, 23, 24, 8
MM, 24, 23, 16
MM, 24, 22, 56
MM, 24, 21, 24
MM, 23, 20, 24
MM, 22, 20, 16
MM, 21, 20, 16
MM, 20, 20, 32
MM, 19, 19, 16
MM, 18, 19, 564
MM, 18, 18, 16
MM, 17, 18, 7
MM, 16, 17, 16
MM, 16, 16, 8
MM, 15, 15, 24
MM, 14, 14, 16
MM, 14, 13, 25
MM, 14, 12, 40
MM, 13, 12, 15
MC, 1, 227
MM, 13, 14, 266
MM, 13, 18, 8
MM, 15, 30, 16
MM, 32, 20, 24
MM, 460, 573, 16
MM, 28, 11, 16
MM, 29, 20, 16
MM, 29, 24, 16
MM, 29, 27, 16
MM, 29, 28, 8
MM, 30, 28, 48
MM, 30, 29, 8
MM, 30, 30, 42
MM, 464, 607, 168
MM, 464, 608, 120
MM, 464, 609, 16
MM, 464, 610, 32
MM, 464, 611, 18
MM, 464, 612, 14
MM, 74, 0, 34
MM, 74, 2, 16
MM, 74, 3, 24
MM, 74, 4, 8
MC, 1, 257
MM, 69, 4, 209
MM, 440, 608, 23
MM, 431, 604, 9
MM, 19, 17, 24
MM, 11, 13, 8
MM, 390, 583, 18
MM, 29, 0, 22
MM, 374, 573, 17
MM, 371, 570, 17
MM, 25, 30, 15
MM, 23, 28, 24
MM, 21, 28, 16
MM, 20, 26, 17
MM, 18, 25, 8
MM, 15, 24, 23
MM, 14, 23, 17
MM, 12, 23, 16
MM, 12, 22, 8
MM, 10, 22, 16
MM, 9, 22, 16
MM, 7, 22, 16
MM, 6, 22, 8
MM, 5, 22, 16
MM, 4, 22, 16
MM, 4, 21, 24
MM, 4, 20, 24
MC, 1, 291
MM, 6, 21, 395
MM, 13, 27, 14
MM, 362, 571, 10
MM, 33, 11, 23
MM, 6, 23, 16
MM, 409, 608, 24
MM, 25, 0, 16
MM, 27, 2, 17
MM, 29, 3, 16
MM, 29, 5, 16
MM, 29, 6, 16
MM, 30, 7, 8
MM, 31, 10, 24
MM, 32, 11, 16
MM, 32, 12, 8
MM, 32, 14, 24
MM, 32, 15, 26
MM, 33, 15, 8
MM, 33, 16, 24
MM, 34, 17, 8
MM, 35, 19, 16
MM, 36, 21, 15
MM, 37, 24, 25
MM, 38, 25, 15
MM, 38, 26, 16
MM, 39, 26, 25
MM, 39, 27, 8
MC, 1, 298
MM, 38, 27, 250
MM, 33, 21, 8
MM, 21, 13, 24
MM, 13, 6, 16
MM, 7, 1, 16
MM, 393, 612, 16
MM, 390, 609, 24
MM, 389, 608, 16
MM, 388, 608, 80
MM, 390, 608, 194
MM, 391, 608, 15
MM, 393, 609, 17
MM, 396, 610, 16
MM, 396, 611, 16
MM, 397, 611, 8
MM, 398, 611, 16
MM, 399, 612, 16
MM, 9, 0, 32
MM, 10, 1, 16
MM, 11, 1, 8
MM, 11, 2, 16
MM, 12, 2, 16
MM, 12, 3, 26
MM, 13, 3, 6
MM, 14, 4, 18
MM, 14, 5, 32
MM, 14, 4, 88
MM, 13, 2, 16
MM, 401, 612, 16
MM, 399, 609, 15
MM, 5, 29, 17
MM, 3, 26, 16
MM, 0, 22, 16
MM, 390, 597, 15
MM, 388, 595, 16
MM, 387, 595, 17
MM, 387, 594, 34
MM, 387, 593, 40
MM, 387, 592, 24
MM, 388, 592, 48
MM, 389, 592, 15
MM, 390, 592, 16
MM, 1, 15, 16
MM, 2, 15, 16
MM, 3, 15, 9
MM, 5, 15, 23
MM, 6, 15, 18
MM, 6, 14, 57
MM, 6, 13, 24
MM, 7, 13, 24
MM, 8, 13, 16
MM, 9, 13, 16
MM, 10, 13, 24
MC, 1, 232
MM, 12, 13, 220
MM, 31, 12, 62
MM, 28, 6, 18
MM, 590, 575, 23
MM, 610, 570, 16
MM, 29, 28, 17
MM, 633, 565, 16
MM, 636, 565, 16
MM, 0, 26, 8
MM, 1, 26, 56
MM, 2, 26, 104
MM, 12, 26, 18
MM, 19, 26, 15
MM, 26, 26, 14
MM, 30, 26, 19
MM, 32, 26, 7
MM, 34, 26, 8
MM, 35, 26, 24
MM, 673, 565, 41
MM, 674, 565, 48
MM, 675, 565, 40
MM, 676, 565, 48
MM, 676, 564, 48
MM, 676, 562, 9
MM, 677, 562, 339
MM, 0, 22, 16
MM, 0, 21, 16
MM, 1, 21, 16
MM, 2, 20, 16
MM, 3, 19, 16
MM, 3, 18, 8
MM, 4, 18, 56
MM, 5, 18, 40
MM, 5, 17, 8
MM, 4, 17, 90
MC, 1, 184
MM, 3, 17, 266
MM, 674, 555, 16
MM, 19, 12, 16
MM, 29, 8, 24
MM, 14, 8, 16
MM, 595, 546, 16
MM, 29, 7, 16
MM, 6, 5, 24
MM, 548, 544, 16
MM, 23, 5, 16
MM, 12, 4, 15
MM, 0, 4, 18
MM, 27, 4, 14
MM, 19, 4, 18
MM, 8, 3, 16
MM, 464, 541, 17
MM, 28, 0, 16
MM, 438, 537, 24
MM, 431, 536, 16
MM, 424, 536, 15
MM, 419, 536, 16
MM, 411, 535, 25
MM, 410, 535, 8
MM, 401, 535, 24
MM, 396, 535, 16
MM, 391, 535, 16
MM, 386, 535, 16
MM, 383, 535, 18
MM, 380, 535, 6
MM, 378, 535, 16
MM, 376, 535, 18
MM, 375, 535, 16
MM, 374, 535, 16
MM, 373, 535, 24
MM, 372, 535, 16
MM, 371, 535, 8
MM, 369, 535, 24
MM, 368, 535, 16
MM, 367, 535, 24
MM, 366, 535, 32
MM, 366, 536, 7
MM, 366, 537, 25
MM, 365, 538, 16
MM, 18, 3, 16
MC, 1, 242
MM, 19, 4, 250
MM, 24, 6, 16
MM, 26, 8, 8
MM, 30, 10, 16
MM, 32, 11, 16
MM, 382, 554, 16
MM, 4, 18, 26
MM, 8, 20, 14
MM, 10, 22, 16
MM, 12, 23, 18
MM, 13, 23, 8
MM, 13, 22, 208
MC, 1, 234
MC, 2, 243
MM, 15, 22, 449
MM, 29, 21, 16
MM, 14, 15, 16
MM, 4, 10, 18
MM, 10, 3, 22
MM, 30, 0, 18
MM, 559, 536, 16
MM, 570, 535, 16
MM, 575, 534, 24
MM, 576, 533, 15
MM, 12, 30, 33
MM, 12, 29, 16
MM, 12, 28, 24
MM, 11, 27, 16
MM, 11, 26, 8
MM, 9, 25, 24
MM, 9, 24, 8
MM, 8, 23, 32
MM, 8, 22, 24
MM, 10, 22, 98
MM, 12, 22, 16
MM, 16, 22, 64
MM, 19, 22, 16
MM, 23, 22, 16
MM, 26, 22, 16
MM, 27, 22, 8
MM, 27, 21, 122
MM, 28, 21, 104
MM, 34, 21, 15
MM, 602, 523, 16
MM, 0, 21, 17
MM, 5, 21, 23
MM, 8, 21, 16
MM, 9, 21, 16
MM, 10, 21, 16
MM, 11, 21, 81
MC, 1, 226
MM, 8, 21, 210
MM, 603, 524, 16
MM, 21, 29, 16
MM, 11, 3, 24
MM, 552, 549, 24
MM, 35, 13, 24
MM, 31, 15, 16
MM, 28, 15, 16
MM, 22, 17, 24
MM, 17, 18, 18
MM, 14, 19, 14
MM, 10, 20, 18
MM, 7, 21, 16
MM, 1, 23, 24
MM, 507, 563, 16
MM, 31, 25, 15
MM, 23, 27, 28
MM, 20, 28, 13
MM, 18, 28, 15
MM, 17, 29, 16
MM, 15, 30, 25
MM, 14, 30, 15
MM, 12, 30, 8
MM, 476, 570, 32
MM, 472, 571, 17
MM, 470, 572, 16
MM, 467, 573, 26
MM, 466, 573, 14
MM, 465, 573, 16
MM, 464, 573, 18
MM, 461, 573, 14
MM, 457, 573, 18
MM, 453, 574, 16
MM, 451, 574, 8
MM, 450, 575, 8
MM, 446, 575, 16
MM, 11, 0, 8
MM, 7, 0, 16
MM, 6, 0, 8
MM, 4, 0, 8
MM, 2, 1, 8
MM, 1, 1, 16
MM, 433, 577, 8
MM, 432, 577, 16
MM, 430, 577, 8
MM, 429, 577, 16
MM, 36, 1, 8
MM, 35, 1, 16
MM, 33, 1, 8
MM, 32, 1, 8
MM, 30, 2, 16
MM, 28, 2, 16
MM, 27, 2, 10
MM, 25, 3, 14
MM, 24, 3, 8
MM, 23, 4, 10
MM, 22, 5, 16
MM, 21, 5, 5
MM, 20, 5, 8
MC, 1, 228
MM, 23, 5, 257
MM, 28, 6, 8
MM, 432, 586, 15
MM, 14, 12, 16
MM, 21, 15, 11
MM, 472, 595, 14
MM, 6, 21, 8
MM, 20, 25, 18
MM, 511, 604, 16
MM, 519, 607, 6
MM, 531, 609, 18
MM, 538, 612, 8
MM, 159, 1, 16
MM, 562, 618, 16
MM, 575, 623, 16
MM, 583, 626, 8
MM, 596, 630, 16
MM, 597, 630, 290
MM, 601, 630, 8
MM, 606, 630, 8
MM, 625, 632, 16
MM, 655, 634, 16
MM, 664, 637, 8
MM, 688, 642, 16
MM, 700, 647, 8
MM, 711, 649, 8
MM, 726, 653, 16
MM, 733, 655, 8
MM, 749, 662, 16
MM, 753, 662, 8
MM, 766, 665, 16
MM, 769, 666, 8
MM, 779, 668, 16
MM, 785, 668, 7
MM, 790, 669, 8
MM, 801, 670, 16
MM, 810, 672, 8
MM, 824, 674, 18
MM, 835, 675, 8
MM, 849, 679, 14
MM, 856, 680, 11
MM, 862, 680, 8
MM, 871, 681, 15
MM, 876, 682, 16
MM, 877, 682, 8
MM, 878, 682, 8
MM, 877, 681, 113
MM, 877, 680, 7
MM, 876, 679, 16
MM, 875, 678, 9
MM, 32, 27, 8
MM, 31, 27, 8
MM, 29, 25, 23
MM, 29, 24, 17
MM, 29, 23, 16
MM, 28, 23, 10
MM, 28, 22, 8
MM, 27, 21, 16
MM, 27, 19, 15
MM, 26, 18, 17
MM, 26, 17, 8
MM, 26, 16, 16
MM, 26, 14, 8
MM, 26, 13, 32
MM, 25, 13, 474
MM, 20, 12, 8
MM, 14, 8, 8
MM, 832, 649, 18
MM, 802, 639, 14
MM, 786, 633, 8
MM, 769, 627, 10
MM, 727, 616, 16
MM, 703, 611, 8
MM, 17, 21, 16
MM, 638, 589, 8
MM, 605, 575, 16
MM, 605, 574, 216
MM, 0, 23, 10
MM, 32, 4, 8
MM, 562, 500, 14
MM, 252, 61, 17
