********************************************************************************
LOGGING TIME: 20161113_105025
CLIENT IP: 10.146.230.155
USERNAME: Elon Musk
OS: Windows 10
**********************************Emotional database********************************************************************************
MM, 601, 686, 1477468750450
MM, 556, 589, 16
MM, 0, 29, 8
MM, 207, 82, 16
MM, 193, 61, 8
MM, 168, 20, 8
MM, 408, 342, 8
MM, 401, 331, 10
MM, 124, 81, 6
MM, 113, 67, 10
MM, 103, 53, 14
MM, 100, 47, 8
MM, 95, 41, 16
MM, 91, 39, 24
MM, 90, 39, 27
MM, 90, 40, 133
MC, 1, 226
MM, 90, 42, 14310
MM, 90, 49, 10
MM, 89, 57, 6
MM, 87, 68, 8
MM, 87, 78, 8
MM, 351, 327, 8
MM, 351, 345, 8
MM, 87, 22, 8
MM, 89, 37, 8
MM, 97, 73, 16
MM, 98, 81, 8
MM, 365, 450, 8
MM, 367, 459, 8
MM, 20, 0, 8
MM, 21, 4, 8
MM, 21, 6, 8
MM, 21, 5, 56
MM, 21, 4, 8
MM, 369, 455, 32
MM, 366, 449, 8
MM, 100, 86, 8
MM, 99, 83, 8
MM, 98, 78, 8
MM, 97, 74, 8
MM, 96, 71, 8
MM, 95, 67, 8
MM, 94, 66, 8
MM, 94, 63, 8
MM, 93, 61, 8
MM, 93, 60, 8
MM, 92, 58, 8
MM, 92, 56, 8
MM, 91, 53, 8
MM, 91, 51, 8
MM, 90, 48, 8
MM, 89, 46, 8
MM, 89, 42, 8
MM, 88, 39, 8
MM, 88, 34, 8
MM, 88, 33, 8
MM, 88, 26, 8
MM, 88, 23, 8
MM, 92, 1, 24
MM, 359, 351, 8
MM, 365, 341, 8
MM, 373, 330, 8
MM, 383, 321, 8
MM, 392, 311, 8
MM, 141, 73, 8
MM, 156, 61, 8
MM, 185, 41, 16
MM, 210, 24, 8
MM, 217, 17, 8
MM, 230, 7, 8
MM, 233, 4, 8
MM, 505, 226, 8
MM, 510, 221, 8
MM, 513, 218, 8
MM, 514, 216, 8
MM, 515, 215, 8
MM, 514, 215, 56
MM, 509, 220, 24
MM, 508, 222, 8
MM, 505, 223, 8
MM, 502, 225, 8
MM, 216, 0, 32
MM, 214, 0, 8
MM, 204, 0, 8
MM, 199, 0, 16
MM, 195, 0, 8
MM, 193, 0, 8
MM, 191, 0, 8
MM, 189, 0, 8
MM, 187, 0, 8
MM, 186, 0, 8
MM, 185, 0, 8
MM, 183, 0, 8
MM, 181, 0, 8
MM, 178, 1, 7
MM, 174, 3, 8
MM, 171, 6, 8
MM, 168, 7, 8
MM, 165, 9, 8
MM, 162, 11, 9
MM, 159, 13, 8
MM, 157, 15, 8
MM, 156, 16, 8
MM, 154, 17, 8
MM, 153, 17, 8
MM, 152, 18, 16
MM, 151, 18, 16
MM, 150, 19, 8
MM, 149, 19, 16
MM, 147, 21, 8
MM, 146, 21, 16
MM, 144, 21, 8
MM, 142, 21, 16
MM, 141, 21, 10
MM, 140, 21, 6
MM, 139, 22, 10
MM, 137, 23, 6
MM, 135, 24, 19
MM, 135, 25, 5
MM, 133, 25, 10
MM, 133, 27, 6
MM, 132, 28, 10
MM, 131, 28, 6
MM, 130, 29, 11
MM, 129, 30, 16
MM, 128, 31, 8
MM, 127, 31, 7
MM, 127, 32, 8
MM, 126, 33, 6
MM, 125, 35, 16
MM, 125, 37, 10
MM, 125, 38, 6
MM, 125, 39, 10
MM, 125, 41, 8
MM, 125, 42, 22
MM, 126, 42, 187
MM, 127, 42, 23
MM, 127, 43, 8
MM, 128, 43, 8
MM, 129, 43, 32
MM, 130, 43, 41
MM, 131, 43, 15
MM, 132, 43, 32
MM, 133, 43, 17
MM, 134, 43, 16
MC, 1, 237
MM, 137, 43, 218
MM, 177, 62, 56
MM, 186, 65, 8
MM, 197, 69, 8
MM, 202, 72, 8
MM, 210, 76, 8
MM, 216, 78, 8
MM, 221, 80, 9
MM, 224, 81, 7
MM, 226, 82, 8
MM, 228, 82, 8
MM, 492, 312, 13136
MM, 492, 316, 10
MM, 488, 322, 6
MM, 487, 324, 8
MM, 485, 328, 10
MM, 483, 333, 6
MM, 481, 336, 10
MM, 479, 341, 14
MM, 478, 343, 9
MM, 478, 344, 7
MM, 477, 345, 15
MM, 477, 346, 9
MM, 476, 347, 8
MM, 475, 349, 10
MM, 473, 355, 6
MM, 207, 2, 10
MM, 202, 17, 16
MM, 197, 36, 14
MM, 187, 70, 33
MC, 1, 192
MM, 185, 70, 264
MM, 182, 70, 7
MM, 168, 72, 25
MM, 166, 72, 8
MM, 162, 74, 9
MM, 157, 75, 13
MM, 155, 76, 10
MM, 153, 77, 6
MM, 150, 80, 16
MM, 149, 82, 10
MM, 149, 83, 8
MM, 148, 84, 8
MM, 148, 86, 8
MM, 148, 88, 8
MM, 412, 447, 9
MM, 412, 456, 16
MM, 22, 0, 8
MM, 26, 11, 8
MM, 32, 24, 8
MM, 430, 501, 8
MM, 434, 510, 8
MM, 436, 512, 223
MM, 1, 14, 8
MM, 6, 19, 8
MM, 12, 24, 8
MM, 19, 29, 17
MM, 460, 533, 8
MM, 465, 536, 16
MM, 0, 1, 16
MM, 3, 1, 8
MM, 5, 3, 8
MM, 11, 6, 16
MM, 15, 8, 16
MM, 17, 9, 8
MM, 20, 11, 16
MM, 21, 11, 8
MM, 22, 11, 8
MM, 23, 13, 8
MM, 24, 15, 16
MM, 23, 15, 96
MM, 24, 15, 96
MM, 26, 15, 16
MM, 27, 15, 7
MM, 30, 15, 8
MM, 32, 16, 8
MM, 506, 555, 9
MM, 1, 19, 16
MM, 5, 19, 8
MM, 12, 21, 16
MM, 15, 21, 8
MM, 16, 21, 8
MM, 18, 21, 8
MM, 20, 21, 8
MM, 21, 21, 16
MM, 22, 21, 16
MM, 23, 21, 160
MM, 24, 21, 24
MM, 26, 21, 8
MM, 27, 21, 8
MM, 29, 21, 8
MM, 32, 21, 16
MM, 33, 21, 8
MM, 36, 21, 24
MM, 35, 21, 72
MM, 34, 21, 16
MM, 33, 21, 8
MM, 32, 21, 8
MM, 28, 21, 16
MM, 27, 21, 8
MM, 22, 22, 16
MM, 18, 25, 15
MM, 14, 26, 16
MM, 13, 27, 8
MM, 12, 28, 8
MM, 11, 28, 8
MM, 12, 28, 49
MM, 13, 28, 7
MM, 18, 29, 16
MM, 28, 29, 16
MM, 553, 568, 16
MM, 3, 29, 8
MM, 13, 29, 16
MM, 23, 29, 19
MM, 25, 28, 6
MM, 28, 28, 7
MM, 32, 28, 26
MM, 33, 28, 6
MM, 592, 566, 16
MM, 1, 26, 16
MM, 11, 24, 17
MM, 15, 23, 8
MM, 22, 21, 15
MM, 26, 20, 10
MM, 31, 20, 14
MM, 33, 20, 8
MM, 631, 559, 8
MM, 633, 558, 16
MM, 633, 557, 16
MM, 633, 556, 17
MM, 634, 556, 82
MM, 635, 556, 46
MM, 636, 556, 32
MM, 0, 17, 34
MM, 1, 17, 6
MM, 2, 17, 16
MM, 3, 17, 18
MM, 4, 17, 8
MC, 1, 319
MM, 4, 16, 408
MM, 4, 15, 8
MM, 3, 12, 17
MM, 2, 11, 8
MM, 1, 9, 8
MM, 634, 542, 15
MM, 629, 534, 24
MM, 20, 29, 9
MM, 17, 24, 15
MM, 15, 22, 17
MM, 14, 19, 16
MM, 13, 19, 16
MM, 14, 19, 168
MC, 1, 295
MM, 12, 19, 177
MM, 7, 19, 7
MM, 1, 18, 8
MM, 603, 519, 8
MM, 23, 15, 17
MM, 3, 12, 15
MM, 558, 512, 8
MM, 16, 8, 16
MM, 2, 8, 17
MM, 518, 510, 8
MM, 27, 8, 16
MM, 21, 11, 8
MM, 15, 12, 8
MM, 5, 17, 15
MM, 0, 20, 8
MM, 478, 524, 8
MM, 32, 24, 16
MM, 29, 25, 16
MM, 27, 26, 8
MM, 25, 27, 8
MM, 22, 28, 17
MM, 21, 29, 8
MM, 457, 533, 15
MM, 455, 535, 9
MM, 452, 537, 7
MM, 21, 1, 16
MM, 16, 4, 16
MM, 11, 6, 16
MM, 11, 8, 9
MM, 8, 9, 15
MM, 7, 9, 8
MM, 7, 10, 25
MM, 8, 10, 47
MM, 9, 10, 9
MM, 10, 10, 39
MM, 10, 11, 8
MM, 10, 12, 16
MC, 1, 178
MM, 9, 12, 199
MM, 2, 12, 8
MM, 425, 551, 8
MM, 29, 9, 16
MM, 18, 8, 15
MM, 14, 8, 6
MM, 12, 7, 11
MM, 8, 7, 16
MM, 7, 7, 14
MC, 1, 257
MM, 7, 12, 215
MM, 9, 18, 8
MM, 16, 29, 17
MM, 16, 3, 14
MM, 20, 9, 16
MM, 22, 12, 16
MM, 22, 13, 8
MM, 22, 14, 25
MM, 23, 14, 24
MM, 23, 15, 8
MM, 24, 17, 18
MM, 25, 20, 16
MM, 25, 23, 14
MM, 26, 27, 16
MM, 27, 29, 15
MM, 419, 607, 16
MM, 419, 609, 17
MM, 420, 611, 16
MM, 420, 612, 8
MM, 30, 0, 16
MM, 30, 2, 16
MM, 30, 3, 40
MM, 30, 4, 26
MM, 29, 4, 38
MC, 1, 177
MM, 29, 2, 190
MM, 417, 611, 9
MM, 22, 27, 16
MM, 20, 22, 8
MM, 18, 16, 17
MM, 17, 14, 6
MM, 16, 12, 16
MM, 16, 11, 8
MM, 16, 10, 8
MM, 17, 9, 97
MM, 18, 9, 23
MM, 18, 8, 25
MC, 1, 216
MM, 14, 6, 152
MM, 6, 2, 8
MM, 391, 575, 8
MM, 379, 568, 16
MM, 18, 18, 16
MM, 10, 13, 16
MM, 5, 10, 8
MM, 4, 8, 8
MM, 0, 6, 18
MM, 343, 545, 6
MM, 343, 544, 16
MM, 342, 544, 32
MM, 342, 543, 24
MM, 341, 542, 16
MM, 341, 541, 8
MP, 1, 336
MR, 1, 0
MC, 1, 0
MM, 342, 541, 306
MM, 0, 2, 8
MM, 5, 3, 16
MM, 7, 3, 6
MM, 11, 5, 18
MM, 13, 6, 8
MM, 15, 7, 16
MM, 16, 7, 8
MM, 17, 8, 16
MC, 1, 263
MM, 19, 8, 233
MM, 25, 8, 8
MM, 32, 10, 8
MM, 6, 15, 15
MM, 26, 23, 16
MM, 35, 26, 8
MM, 3, 30, 8
MM, 16, 0, 16
MM, 34, 5, 17
MM, 4, 8, 16
MM, 14, 11, 16
MM, 21, 13, 16
MM, 24, 14, 8
MM, 28, 15, 16
MM, 30, 15, 8
MM, 32, 16, 16
MM, 34, 16, 8
MM, 511, 593, 15
MM, 513, 593, 8
MM, 0, 17, 24
MM, 1, 17, 16
MM, 3, 17, 8
MM, 4, 17, 16
MM, 6, 17, 17
MM, 9, 17, 15
MM, 12, 17, 16
MM, 14, 17, 8
MM, 18, 17, 16
MM, 20, 17, 8
MM, 24, 17, 16
MM, 26, 17, 8
MM, 29, 17, 17
MM, 31, 17, 7
MM, 31, 16, 24
MM, 31, 15, 17
MC, 1, 304
MM, 30, 15, 199
MM, 27, 18, 8
MM, 22, 25, 16
MM, 535, 608, 16
MM, 533, 610, 9
MM, 141, 2, 15
MM, 141, 5, 16
MM, 140, 5, 32
MM, 139, 5, 49
MC, 1, 241
MM, 141, 5, 257
MM, 144, 5, 7
MM, 147, 5, 8
MM, 158, 4, 16
MM, 162, 3, 8
MM, 558, 614, 16
MM, 564, 612, 16
MM, 566, 611, 16
MM, 569, 611, 17
MM, 570, 611, 24
MM, 571, 611, 15
MM, 572, 611, 16
MM, 573, 610, 33
MM, 574, 609, 24
MM, 574, 608, 23
MM, 575, 608, 9
MM, 575, 607, 23
MM, 15, 30, 464
MM, 15, 29, 17
MM, 15, 28, 16
MM, 16, 28, 103
MM, 17, 28, 40
MM, 17, 27, 72
MM, 18, 27, 24
MM, 19, 27, 17
MC, 1, 208
MM, 18, 27, 208
MM, 13, 24, 9
MM, 559, 590, 14
MM, 25, 5, 16
MM, 525, 573, 17
MM, 32, 27, 15
MM, 8, 22, 18
MM, 464, 560, 6
MM, 20, 19, 16
MM, 425, 556, 32
MM, 423, 556, 11
MM, 35, 16, 15
MM, 34, 16, 25
MM, 34, 15, 15
MM, 33, 15, 6
MM, 32, 15, 18
MM, 31, 15, 33
MM, 30, 15, 5
MM, 27, 15, 26
MM, 23, 15, 24
MM, 20, 14, 16
MM, 18, 14, 6
MM, 14, 14, 27
MM, 11, 14, 24
MM, 10, 14, 16
MM, 8, 14, 25
MM, 4, 12, 23
MM, 0, 11, 16
MM, 380, 550, 24
MM, 33, 11, 17
MM, 29, 11, 23
MM, 27, 11, 24
MM, 26, 11, 8
MM, 25, 11, 24
MM, 24, 11, 32
MM, 23, 11, 32
MM, 21, 11, 311
MM, 18, 11, 8
MM, 14, 11, 17
MM, 11, 11, 7
MM, 7, 11, 25
MM, 6, 11, 16
MM, 5, 11, 16
MM, 4, 11, 80
MM, 4, 12, 216
MC, 1, 248
MM, 8, 12, 305
MM, 16, 12, 8
MM, 27, 14, 8
MM, 8, 14, 16
MM, 35, 15, 16
MM, 7, 15, 8
MM, 20, 15, 24
MM, 33, 11, 16
MM, 12, 5, 17
MM, 644, 538, 16
MM, 669, 534, 16
MM, 35, 30, 8
MM, 7, 23, 24
MM, 9, 20, 16
MM, 9, 19, 23
MM, 9, 18, 8
MM, 1, 18, 24
MM, 684, 520, 8
MM, 35, 18, 16
MM, 29, 19, 17
MM, 27, 20, 8
MM, 25, 22, 16
MM, 24, 22, 8
MM, 23, 23, 15
MM, 23, 24, 17
MM, 23, 25, 24
MM, 23, 26, 16
MM, 23, 27, 7
MM, 23, 28, 16
MM, 23, 29, 10
MM, 23, 30, 6
MM, 666, 538, 16
MM, 26, 6, 18
MM, 25, 8, 8
MM, 22, 11, 15
MM, 20, 14, 17
MM, 19, 15, 14
MM, 18, 16, 10
MM, 18, 17, 8
MM, 17, 17, 9
MM, 17, 19, 16
MM, 16, 20, 8
MM, 15, 22, 16
MM, 14, 22, 8
MM, 14, 23, 8
MM, 12, 23, 16
MC, 1, 200
MM, 11, 23, 224
MM, 6, 22, 8
MM, 631, 554, 15
MM, 24, 11, 9
MM, 8, 3, 16
MM, 587, 535, 16
MM, 6, 28, 16
MM, 29, 25, 16
MM, 10, 21, 18
MM, 30, 18, 22
MM, 18, 17, 16
MM, 7, 16, 18
MM, 3, 16, 8
MM, 480, 518, 6
MM, 476, 517, 18
MM, 34, 15, 8
MM, 30, 15, 16
MM, 27, 15, 16
MM, 26, 15, 16
MM, 25, 15, 8
MM, 23, 15, 15
MM, 22, 15, 9
MM, 21, 15, 7
MM, 19, 15, 17
MM, 18, 15, 7
MM, 15, 15, 16
MM, 13, 14, 16
MM, 12, 14, 8
MM, 10, 14, 16
MM, 8, 14, 16
MM, 6, 14, 16
MM, 5, 14, 9
MM, 2, 14, 15
MM, 0, 13, 17
MM, 438, 515, 8
MM, 435, 515, 15
MM, 35, 12, 16
MM, 33, 12, 8
MM, 29, 11, 16
MM, 24, 11, 16
MM, 23, 11, 8
MM, 22, 11, 9
MM, 20, 11, 7
MM, 19, 11, 25
MM, 17, 11, 23
MC, 1, 193
MM, 17, 13, 194
MM, 17, 18, 8
MM, 17, 25, 16
MM, 414, 535, 8
MM, 32, 6, 16
MM, 34, 21, 24
MM, 35, 24, 7
MM, 35, 29, 17
MM, 420, 573, 16
MM, 29, 2, 15
MM, 29, 10, 24
MM, 29, 12, 9
MM, 29, 15, 16
MM, 29, 16, 7
MM, 29, 17, 8
MM, 29, 18, 24
MM, 29, 19, 16
MM, 29, 20, 16
MM, 29, 21, 32
MM, 29, 22, 17
MM, 29, 23, 16
MM, 29, 24, 16
MM, 29, 25, 24
MM, 29, 26, 40
MM, 29, 27, 8
MM, 29, 28, 8
MM, 29, 29, 16
MM, 420, 607, 8
MM, 420, 609, 24
MM, 420, 611, 25
MM, 420, 612, 6
MM, 30, 0, 16
MM, 30, 2, 10
MM, 30, 3, 16
MM, 30, 5, 14
MM, 30, 6, 18
MM, 30, 7, 9
MM, 30, 8, 16
MM, 29, 8, 8
MM, 28, 10, 23
MC, 1, 217
MM, 36, 8, 223
MM, 49, 2, 8
MM, 28, 27, 16
MM, 13, 13, 17
MM, 28, 3, 16
MM, 6, 28, 16
MM, 15, 19, 16
MM, 20, 11, 16
MM, 22, 6, 10
MM, 536, 538, 6
MM, 15, 30, 17
MM, 19, 25, 16
MM, 20, 24, 8
MM, 22, 21, 16
MM, 24, 20, 16
MM, 25, 20, 17
MM, 26, 20, 23
MM, 26, 19, 89
MM, 27, 19, 8
MM, 27, 18, 24
MC, 1, 247
MM, 34, 18, 170
MM, 563, 520, 9
MM, 20, 13, 24
MM, 25, 12, 8
MM, 1, 9, 15
MM, 17, 8, 16
MM, 28, 8, 16
MM, 1, 8, 8
MM, 9, 8, 16
MM, 16, 8, 16
MM, 21, 9, 17
MM, 24, 10, 15
MM, 25, 11, 16
MM, 25, 12, 73
MM, 24, 12, 127
MC, 1, 193
MM, 23, 12, 153
MM, 20, 12, 8
MM, 11, 12, 17
MM, 1, 10, 15
MM, 25, 9, 17
MM, 9, 7, 23
MM, 7, 7, 8
MM, 2, 7, 16
MM, 1, 7, 16
MM, 0, 7, 17
MM, 606, 509, 151
MM, 604, 509, 25
MM, 35, 7, 16
MM, 33, 7, 8
MM, 27, 7, 15
MM, 23, 8, 17
MM, 20, 8, 9
MM, 17, 8, 22
MM, 17, 9, 50
MC, 1, 225
MM, 17, 11, 191
MM, 14, 15, 8
MM, 11, 21, 16
MM, 570, 533, 16
MM, 13, 5, 16
MM, 11, 9, 10
MM, 7, 17, 16
MM, 5, 24, 16
MM, 5, 26, 8
MM, 3, 30, 16
MM, 555, 574, 16
MM, 554, 576, 9
MM, 35, 4, 16
MM, 32, 10, 15
MM, 30, 15, 16
MM, 29, 16, 8
MM, 26, 19, 16
MM, 25, 21, 16
MM, 22, 23, 16
MM, 21, 24, 25
MM, 21, 25, 8
MM, 20, 26, 16
MM, 19, 26, 16
MM, 19, 27, 15
MM, 19, 28, 17
MM, 18, 29, 16
MM, 17, 30, 16
MM, 533, 609, 24
MM, 532, 611, 8
MM, 530, 612, 15
MM, 140, 0, 10
MM, 138, 2, 16
MM, 137, 3, 17
MM, 137, 4, 16
MM, 136, 4, 16
MM, 136, 5, 16
MM, 135, 5, 8
MM, 134, 6, 16
MM, 132, 7, 16
MM, 129, 7, 16
MM, 125, 7, 8
MC, 1, 193
MM, 123, 4, 184
MM, 508, 609, 9
MM, 23, 17, 14
MM, 20, 14, 10
MM, 10, 0, 24
MM, 481, 571, 16
MM, 9, 30, 15
MM, 9, 29, 33
MM, 9, 28, 23
MM, 8, 28, 9
MM, 8, 27, 48
MM, 8, 26, 24
MC, 1, 298
MM, 5, 24, 248
MM, 4, 23, 7
MM, 36, 16, 16
MM, 28, 11, 17
MM, 20, 8, 15
MM, 8, 6, 16
MM, 3, 5, 9
MM, 426, 543, 7
MM, 32, 4, 16
MM, 24, 4, 24
MM, 21, 4, 17
MM, 18, 4, 15
MM, 17, 4, 16
MM, 16, 3, 16
MM, 15, 2, 24
MM, 15, 1, 64
MM, 15, 0, 35
MM, 400, 538, 15
MM, 400, 537, 17
MM, 400, 536, 8
MM, 400, 535, 15
MM, 400, 534, 16
MM, 400, 533, 16
MM, 401, 533, 8
MM, 5, 29, 16
MM, 8, 28, 16
MM, 8, 26, 16
MM, 10, 24, 16
MM, 11, 22, 16
MM, 11, 21, 17
MM, 11, 20, 8
MM, 11, 19, 8
MM, 12, 18, 16
MC, 1, 257
MC, 1, 393
MM, 13, 18, 239
MM, 16, 18, 8
MM, 433, 523, 16
MM, 34, 29, 24
MM, 9, 2, 24
MM, 553, 547, 16
MM, 30, 13, 18
MM, 6, 16, 17
MM, 23, 18, 15
MM, 29, 20, 6
MM, 634, 559, 16
MM, 0, 20, 19
MM, 2, 20, 16
MM, 3, 20, 7
MM, 4, 20, 33
MM, 5, 20, 7
MM, 5, 19, 17
MM, 7, 19, 15
MM, 8, 19, 17
MM, 9, 19, 32
MM, 10, 19, 16
MM, 11, 19, 24
MM, 12, 19, 32
MM, 13, 19, 15
MM, 14, 19, 122
MM, 16, 19, 15
MM, 18, 19, 8
MM, 26, 19, 16
MM, 30, 19, 8
MM, 674, 558, 16
MM, 3, 19, 16
MM, 9, 19, 16
MM, 12, 19, 24
MM, 13, 19, 40
MM, 14, 19, 17
MM, 15, 19, 23
MM, 16, 19, 10
MM, 16, 18, 22
MM, 16, 17, 24
MM, 16, 15, 18
MM, 16, 13, 16
MM, 16, 12, 32
MM, 15, 12, 80
MC, 1, 200
MM, 10, 12, 233
MM, 678, 554, 14
MM, 26, 22, 16
MM, 7, 29, 18
MM, 23, 3, 15
MM, 6, 12, 17
MM, 2, 14, 8
MM, 29, 23, 16
MM, 573, 608, 16
MM, 562, 612, 16
MM, 554, 616, 16
MM, 158, 7, 16
MM, 152, 10, 16
MM, 148, 12, 16
MM, 142, 15, 16
MM, 137, 17, 16
MM, 133, 19, 17
MM, 129, 21, 16
MM, 127, 23, 15
MM, 125, 23, 8
MM, 124, 23, 8
MM, 123, 23, 24
MM, 122, 23, 32
MM, 121, 23, 41
MC, 1, 208
MM, 121, 21, 250
MM, 120, 13, 16
MM, 116, 6, 16
MM, 116, 3, 8
MM, 505, 609, 15
MM, 30, 27, 17
MM, 30, 23, 16
MM, 30, 19, 16
MM, 30, 15, 8
MM, 30, 7, 15
MM, 508, 573, 16
MM, 1, 24, 16
MM, 6, 13, 24
MM, 10, 9, 16
MM, 12, 7, 8
MM, 14, 6, 8
MM, 17, 5, 17
MM, 20, 5, 15
MM, 24, 5, 16
MM, 29, 5, 24
MM, 548, 546, 16
MM, 2, 11, 16
MM, 12, 14, 16
MM, 14, 16, 8
MM, 24, 17, 40
MM, 24, 16, 41
MM, 24, 14, 7
MM, 23, 12, 16
MM, 21, 11, 9
MM, 19, 9, 15
MM, 18, 8, 16
MC, 1, 249
MM, 16, 8, 209
MM, 11, 6, 9
MM, 5, 4, 15
MM, 550, 540, 16
MM, 540, 538, 16
MM, 529, 536, 17
MM, 512, 535, 16
MM, 505, 535, 7
MM, 486, 535, 16
MM, 469, 535, 16
MM, 458, 537, 8
MM, 14, 0, 16
MM, 1, 2, 16
MM, 28, 5, 17
MM, 19, 7, 15
MM, 11, 9, 16
MM, 8, 9, 9
MM, 2, 10, 16
MM, 379, 549, 24
MM, 30, 10, 16
MM, 26, 10, 16
MM, 23, 10, 16
MM, 21, 10, 8
MM, 19, 10, 8
MM, 17, 10, 26
MM, 16, 10, 16
MM, 14, 10, 15
MM, 13, 10, 16
MM, 11, 10, 16
MM, 10, 10, 47
MC, 1, 218
MM, 12, 10, 200
MM, 19, 10, 7
MM, 20, 10, 24
MM, 9, 10, 16
MM, 1, 10, 17
MM, 506, 549, 24
MM, 10, 10, 16
MM, 19, 10, 16
MM, 24, 8, 18
MM, 30, 4, 16
MM, 31, 3, 8
MM, 548, 538, 16
MM, 554, 534, 16
MM, 559, 531, 15
MM, 2, 25, 16
MM, 5, 23, 8
MM, 22, 15, 24
MM, 30, 11, 8
MM, 5, 5, 16
MM, 632, 500, 25
MM, 649, 497, 23
MM, 658, 497, 16
MM, 666, 497, 16
MM, 669, 497, 8
MM, 673, 497, 16
MM, 675, 497, 8
MM, 678, 497, 16
MM, 683, 497, 16
MM, 685, 497, 9
MM, 692, 498, 15
MM, 698, 499, 16
MM, 702, 500, 9
MM, 708, 501, 15
MM, 24, 0, 16
MM, 25, 0, 16
MM, 712, 501, 50
MM, 712, 500, 16
MM, 710, 500, 14
MM, 709, 500, 24
MM, 708, 501, 75
MM, 16, 4, 55
MM, 15, 6, 17
MM, 14, 6, 8
MM, 14, 8, 16
MM, 13, 8, 8
MM, 12, 10, 16
MM, 11, 10, 15
MC, 1, 234
MC, 2, 329
MM, 10, 10, 320
MM, 6, 10, 8
MM, 685, 512, 8
MM, 22, 8, 16
MM, 641, 506, 16
MM, 21, 3, 8
MM, 602, 502, 16
MM, 564, 499, 24
MM, 552, 499, 9
MM, 542, 499, 6
MM, 530, 499, 16
MM, 517, 500, 17
MM, 514, 500, 9
MM, 512, 501, 7
MM, 510, 501, 17
MM, 509, 501, 9
MM, 27, 0, 23
MM, 27, 1, 40
MM, 27, 2, 49
MM, 28, 2, 32
MM, 29, 3, 15
MM, 29, 4, 16
MM, 30, 4, 8
MM, 31, 4, 8
MM, 32, 5, 9
MM, 33, 6, 15
MM, 517, 509, 16
MM, 519, 509, 16
MM, 0, 8, 17
MM, 8, 9, 24
MM, 11, 9, 8
MM, 16, 9, 16
MM, 17, 9, 7
MM, 19, 9, 16
MM, 17, 9, 329
MM, 16, 9, 18
MM, 16, 10, 32
MM, 16, 11, 7
MM, 16, 12, 16
MM, 16, 13, 16
MM, 16, 14, 24
MM, 16, 16, 8
MM, 14, 18, 17
MM, 11, 23, 16
MM, 8, 30, 15
MM, 530, 534, 8
MM, 16, 4, 24
MM, 14, 10, 17
MM, 13, 11, 8
MM, 10, 20, 16
MM, 9, 23, 15
MM, 9, 24, 8
MM, 8, 29, 16
MM, 519, 571, 16
MM, 519, 573, 16
MM, 519, 574, 16
MM, 519, 575, 17
MM, 519, 574, 71
MM, 520, 573, 16
MM, 521, 570, 8
MM, 14, 25, 16
MM, 17, 20, 8
MM, 26, 8, 16
MM, 28, 5, 8
MM, 26, 28, 16
MM, 27, 27, 8
MM, 31, 20, 16
MM, 34, 15, 17
MM, 559, 516, 16
MM, 559, 514, 16
MM, 559, 513, 16
MM, 558, 513, 105
MM, 34, 11, 41
MM, 33, 11, 47
MM, 32, 11, 16
MM, 31, 11, 41
MM, 30, 11, 15
MM, 29, 11, 16
MM, 28, 11, 24
MM, 27, 11, 16
MM, 26, 11, 25
MM, 25, 11, 64
MC, 1, 208
MM, 25, 14, 226
MM, 25, 16, 7
MM, 25, 23, 16
MM, 27, 30, 16
MM, 550, 538, 16
MM, 550, 546, 16
MM, 550, 551, 9
MM, 548, 564, 15
MM, 26, 4, 17
MM, 23, 12, 8
MM, 20, 20, 15
MM, 17, 24, 8
MM, 14, 30, 17
MM, 531, 608, 7
MM, 530, 611, 16
MM, 529, 611, 8
MM, 528, 611, 40
MM, 528, 610, 105
MM, 529, 611, 87
MM, 529, 612, 17
MM, 139, 0, 9
MM, 139, 2, 14
MM, 139, 3, 10
MM, 139, 6, 16
MM, 139, 8, 8
MM, 139, 10, 14
MM, 138, 13, 18
MM, 137, 15, 16
MM, 137, 16, 8
MM, 136, 17, 16
MM, 135, 17, 17
MC, 1, 216
MM, 133, 17, 183
MM, 128, 17, 8
MM, 119, 16, 8
MM, 97, 9, 16
MM, 74, 4, 16
MM, 440, 608, 18
MM, 429, 604, 6
MM, 25, 25, 16
MM, 15, 21, 16
MM, 11, 20, 18
MM, 8, 19, 14
MM, 7, 17, 26
MM, 7, 16, 32
MM, 7, 15, 8
MM, 5, 14, 17
MM, 4, 13, 16
MM, 2, 11, 15
MM, 0, 10, 8
MM, 388, 584, 16
MM, 34, 5, 16
MM, 30, 3, 16
MM, 24, 1, 16
MM, 18, 0, 17
MM, 365, 574, 15
MM, 363, 573, 8
MM, 361, 572, 16
MM, 360, 572, 8
MM, 358, 571, 16
MM, 8, 29, 16
MM, 0, 26, 16
MM, 56, 24, 16
MM, 50, 21, 24
MM, 48, 19, 32
MM, 48, 18, 16
MM, 49, 18, 40
MM, 50, 17, 16
MM, 51, 17, 8
MM, 57, 15, 58
MM, 338, 553, 6
MM, 341, 552, 16
MM, 343, 551, 16
MM, 2, 12, 18
MM, 3, 12, 8
MM, 7, 12, 16
MM, 8, 12, 15
MM, 10, 12, 17
MM, 11, 12, 17
MC, 1, 264
MM, 13, 12, 186
MM, 19, 12, 5
MM, 383, 560, 19
MM, 7, 26, 6
MM, 412, 573, 18
MM, 36, 2, 15
MM, 11, 8, 14
MM, 470, 588, 26
MM, 9, 13, 17
MM, 29, 14, 24
MM, 35, 14, 8
MM, 0, 16, 8
MM, 8, 16, 16
MM, 12, 16, 16
MM, 15, 16, 16
MC, 1, 402
MM, 15, 14, 199
MM, 15, 9, 9
MM, 27, 30, 15
MM, 34, 10, 16
MM, 549, 534, 16
MM, 34, 7, 49
MM, 34, 5, 15
MM, 34, 4, 16
MM, 33, 4, 131
MM, 32, 4, 15
MM, 31, 4, 16
MM, 30, 4, 33
MM, 29, 4, 15
MM, 28, 4, 16
MM, 27, 4, 33
MM, 26, 5, 15
MM, 25, 6, 17
MM, 24, 7, 7
MM, 23, 8, 8
MM, 22, 9, 33
MM, 22, 10, 15
MM, 22, 11, 8
MC, 1, 185
MM, 21, 11, 177
MM, 10, 11, 16
MM, 4, 10, 8
MM, 520, 511, 8
MM, 18, 6, 25
MM, 2, 5, 15
MM, 36, 3, 16
MM, 32, 3, 16
MM, 30, 3, 16
MM, 31, 3, 120
MM, 32, 3, 17
MM, 33, 3, 18
MM, 34, 3, 5
MM, 35, 3, 32
MM, 35, 4, 10
MM, 476, 506, 16
MM, 478, 506, 16
MM, 480, 507, 16
MM, 481, 507, 8
MM, 1, 5, 24
MM, 2, 6, 16
MM, 3, 6, 42
MM, 4, 7, 14
MM, 5, 8, 25
MM, 6, 8, 88
MC, 1, 224
MM, 9, 8, 201
MM, 17, 8, 8
MM, 34, 8, 16
MM, 17, 8, 16
MM, 563, 510, 16
MM, 14, 9, 16
MM, 32, 9, 25
MM, 34, 9, 7
MM, 602, 511, 16
MM, 604, 510, 8
MM, 606, 509, 24
MM, 0, 7, 8
MM, 1, 7, 16
MM, 2, 7, 8
MM, 3, 7, 32
MM, 4, 7, 48
MM, 5, 7, 16
MM, 6, 7, 24
MM, 7, 7, 27
MC, 1, 256
MM, 4, 9, 217
MM, 0, 12, 6
MM, 601, 519, 10
MM, 28, 24, 16
MM, 584, 535, 16
MM, 26, 2, 16
MM, 23, 5, 16
MM, 23, 8, 17
MM, 23, 9, 15
MM, 23, 11, 16
MM, 23, 12, 16
MM, 23, 14, 24
MM, 24, 15, 8
MM, 24, 17, 17
MM, 25, 19, 7
MM, 25, 22, 16
MM, 25, 24, 8
MM, 26, 27, 16
MM, 26, 30, 16
MM, 580, 571, 16
MM, 580, 572, 8
MM, 580, 574, 24
MM, 580, 575, 8
MM, 20, 1, 16
MM, 20, 2, 16
MM, 20, 3, 8
MM, 20, 4, 8
MM, 20, 5, 25
MM, 20, 6, 31
MM, 20, 7, 25
MM, 19, 7, 39
MM, 18, 7, 9
MC, 1, 195
MM, 15, 7, 191
MM, 7, 3, 8
MM, 559, 576, 8
MM, 27, 27, 17
MM, 2, 17, 15
MM, 23, 10, 18
MM, 3, 5, 15
MM, 35, 1, 14
MM, 33, 23, 178
MM, 32, 23, 64
MM, 31, 23, 24
MM, 30, 23, 32
MM, 29, 23, 17
MM, 28, 23, 16
MM, 27, 23, 73
MM, 26, 23, 16
MM, 25, 22, 8
MM, 23, 21, 8
MM, 17, 19, 16
MM, 15, 17, 8
MM, 9, 15, 24
MM, 6, 12, 24
MM, 5, 12, 8
MM, 4, 12, 16
MC, 1, 257
MM, 6, 12, 234
MM, 28, 15, 15
MM, 19, 23, 16
MM, 10, 4, 24
MM, 35, 13, 16
MM, 17, 22, 16
MM, 591, 569, 16
MM, 4, 1, 16
MM, 21, 7, 16
MM, 13, 21, 24
MM, 671, 606, 18
MM, 688, 612, 16
MM, 703, 621, 16
MM, 715, 627, 16
MM, 724, 632, 8
MM, 733, 636, 16
MM, 743, 642, 24
MM, 745, 642, 16
MM, 746, 642, 9
MM, 746, 641, 63
MM, 747, 641, 129
MM, 751, 641, 15
MM, 753, 641, 10
MM, 764, 641, 22
MM, 771, 641, 16
MM, 778, 641, 18
MM, 782, 641, 16
MM, 783, 641, 8
MM, 784, 641, 8
MM, 785, 641, 16
MM, 786, 641, 17
MM, 787, 642, 31
MM, 789, 642, 24
MM, 791, 643, 8
MM, 794, 645, 16
MM, 800, 647, 16
MM, 809, 650, 16
MM, 816, 652, 16
MM, 823, 654, 16
MM, 827, 654, 16
MM, 830, 654, 8
MM, 833, 654, 16
MM, 835, 654, 8
MM, 838, 654, 16
MM, 841, 654, 16
MM, 0, 4, 8
MM, 3, 4, 16
MM, 7, 4, 16
MM, 9, 4, 16
MM, 11, 4, 18
MM, 17, 4, 16
MM, 17, 3, 515
MM, 850, 643, 16
MM, 829, 611, 24
MM, 784, 549, 23
MM, 776, 538, 8
MM, 746, 492, 16
MM, 720, 453, 24
MM, 718, 447, 8
MM, 438, 64, 16
MM, 434, 57, 8
MM, 427, 44, 8
