**********************************
LOGGING TIME: 20161113_002637
CLIENT IP: 127.0.0.1
USERNAME: Elon Musk
OS: Windows 10
*********************Neutral database**********************************
MM, 170, 19, 1477468750791
MM, 166, 18, 5
MM, 159, 15, 0
MM, 150, 13, 15
MM, 146, 12, 0
MM, 135, 9, 16
MM, 131, 8, 0
MM, 121, 6, 15
MM, 114, 4, 0
MM, 105, 2, 16
MM, 101, 2, 0
MM, 88, 0, 16
MM, 45, 28, 401
MM, 45, 27, 20
MM, 45, 26, 1
MM, 45, 24, 0
MM, 45, 13, 16
MM, 45, 6, 0
MM, 45, 1, 16
MM, 2, 13, 185
MM, 29, 8, 47
MM, 29, 7, 0
MM, 30, 7, 15
MM, 30, 6, 22
MM, 29, 6, 47
MM, 28, 6, 0
MM, 28, 5, 16
MM, 27, 5, 0
MM, 26, 4, 15
MM, 25, 4, 0
MM, 24, 4, 29
MM, 23, 4, 0
MM, 22, 4, 16
MM, 21, 4, 31
MM, 20, 4, 32
MM, 19, 4, 88
MM, 18, 4, 15
MM, 17, 4, 18
MM, 16, 4, 36
MM, 15, 4, 16
MM, 15, 5, 15
MC, 1, 245
MM, 15, 6, 282
MM, 14, 16, 54
MM, 14, 17, 16
MM, 83, 0, 153
MM, 83, 1, 16
MM, 83, 2, 15
MM, 82, 4, 0
MM, 82, 5, 16
MM, 82, 7, 0
MM, 82, 8, 15
MM, 81, 9, 0
MM, 81, 11, 16
MM, 80, 12, 0
MM, 80, 14, 18
MM, 80, 15, 4
MM, 79, 15, 0
MM, 79, 16, 16
MM, 79, 17, 0
MM, 79, 18, 15
MM, 79, 19, 16
MM, 79, 20, 16
MM, 79, 21, 0
MM, 78, 24, 37
MM, 78, 25, 0
MM, 78, 27, 0
MM, 78, 28, 16
MM, 99, 3, 344
MM, 107, 8, 0
MM, 116, 15, 15
MM, 133, 26, 16
MM, 110, 7, 572
MM, 114, 17, 21
MM, 118, 26, 0
MM, 124, 45, 16
MM, 128, 54, 15
MM, 129, 58, 0
MM, 17, 4, 362
MM, 36, 13, 0
MM, 42, 17, 16
MM, 14, 29, 15
MM, 28, 1, 16
MM, 33, 5, 22
MM, 29, 4, 31
MM, 6, 31, 16
MM, 23, 18, 16
MM, 14, 30, 403
MM, 12, 30, 0
MM, 9, 29, 15
MM, 7, 28, 0
MM, 5, 27, 19
MM, 43, 24, 82
MM, 42, 24, 15
MM, 41, 24, 6
MM, 39, 24, 1
MM, 37, 24, 16
MM, 34, 23, 15
MM, 31, 22, 0
MM, 29, 21, 16
MM, 28, 21, 0
MM, 26, 21, 15
MM, 24, 20, 0
MM, 23, 20, 16
MM, 21, 20, 0
MM, 20, 20, 19
MM, 19, 20, 3
MM, 16, 20, 16
MC, 1, 226
MM, 20, 20, 179
MM, 36, 23, 16
MM, 40, 24, 15
MM, 2, 27, 16
MM, 8, 28, 0
MM, 14, 29, 15
MM, 18, 30, 0
MM, 26, 30, 30
MM, 28, 30, 0
MM, 31, 30, 16
MM, 33, 30, 0
MM, 34, 30, 15
MM, 41, 30, 16
MM, 0, 30, 15
MM, 3, 30, 16
MM, 5, 30, 0
MM, 6, 30, 22
MM, 8, 30, 0
MM, 9, 30, 16
MM, 10, 30, 15
MM, 10, 29, 31
MC, 1, 277
MM, 10, 30, 302
MC, 1, 533
MM, 26, 2, 238
MM, 26, 7, 15
MM, 26, 15, 16
MM, 26, 20, 0
MM, 26, 24, 16
MM, 18, 2, 52
MM, 18, 3, 16
MM, 18, 4, 31
MM, 18, 5, 85
MM, 17, 5, 47
MM, 16, 5, 37
MM, 15, 5, 16
MM, 14, 8, 0
MC, 1, 247
MM, 21, 2, 267
MM, 42, 21, 16
MM, 0, 3, 0
MM, 25, 28, 33
MM, 11, 1, 319
MM, 12, 3, 15
MM, 13, 5, 16
MM, 14, 7, 15
MM, 15, 9, 0
MM, 16, 9, 16
MM, 16, 10, 0
MM, 16, 11, 16
MM, 17, 13, 0
MM, 18, 14, 22
MM, 19, 15, 15
MM, 19, 16, 16
MM, 20, 17, 0
MM, 20, 18, 16
MM, 20, 19, 15
MC, 1, 223
MM, 21, 19, 248
MM, 27, 19, 16
MM, 34, 20, 0
MC, 1, 557
MC, 1, 932
MM, 39, 1, 445
MM, 35, 1, 0
MM, 32, 1, 16
MM, 26, 1, 15
MM, 25, 0, 0
MM, 35, 0, 273
MM, 33, 1, 0
MM, 27, 3, 15
MM, 25, 4, 16
MM, 22, 6, 0
MM, 20, 6, 16
MM, 17, 7, 0
MM, 17, 8, 15
MM, 15, 8, 0
MM, 14, 8, 21
MM, 14, 9, 17
MM, 13, 9, 0
MC, 1, 221
MM, 17, 9, 281
MM, 23, 10, 4
MM, 30, 12, 0
MM, 34, 13, 16
MM, 2, 17, 16
MM, 4, 17, 0
MM, 14, 19, 15
MM, 23, 20, 53
MM, 25, 21, 63
MC, 1, 236
MM, 28, 21, 215
MM, 35, 21, 0
MM, 9, 17, 47
MM, 24, 23, 15
MM, 31, 1, 31
MM, 43, 4, 0
MM, 5, 7, 15
MM, 27, 10, 16
MM, 38, 11, 0
MM, 19, 11, 31
MM, 34, 11, 16
MM, 41, 11, 15
MM, 48, 11, 6
MC, 1, 522
MM, 25, 31, 264
MM, 11, 29, 14
MM, 37, 30, 51
MM, 16, 0, 89
MM, 10, 0, 0
MM, 2, 1, 15
MM, 45, 4, 32
MM, 43, 5, 15
MM, 41, 5, 0
MM, 36, 7, 22
MM, 34, 8, 0
MM, 31, 10, 16
MM, 30, 12, 0
MM, 25, 15, 15
MM, 22, 17, 16
MM, 20, 18, 0
MM, 18, 23, 31
MM, 18, 24, 22
MM, 18, 25, 0
MM, 18, 26, 16
MM, 18, 29, 15
MM, 18, 31, 0
MM, 9, 0, 32
MM, 8, 1, 15
MM, 8, 2, 20
MM, 8, 3, 2
MM, 8, 4, 16
MM, 8, 5, 16
MM, 8, 6, 0
MM, 8, 7, 31
MM, 8, 8, 15
MM, 8, 9, 24
MM, 9, 11, 31
MM, 10, 11, 16
MM, 11, 12, 31
MC, 1, 225
MM, 9, 12, 208
MM, 3, 11, 0
MM, 34, 6, 15
MM, 23, 2, 20
MM, 13, 0, 112
MM, 43, 4, 67
MM, 42, 4, 15
MM, 40, 4, 19
MM, 39, 4, 15
MM, 38, 4, 16
MM, 37, 4, 15
MM, 36, 4, 32
MM, 35, 4, 22
MM, 34, 3, 47
MM, 34, 2, 48
MM, 33, 2, 5
MM, 32, 1, 0
MM, 31, 0, 16
MM, 32, 30, 47
MM, 30, 28, 0
MM, 29, 26, 15
MM, 27, 23, 21
MM, 26, 21, 1
MM, 25, 20, 16
MM, 24, 19, 0
MM, 23, 17, 15
MM, 22, 17, 103
MC, 1, 210
MM, 27, 17, 208
MM, 34, 17, 0
MM, 42, 17, 16
MM, 6, 17, 0
MM, 43, 17, 16
MM, 11, 17, 15
MM, 14, 17, 26
MM, 33, 15, 4
MM, 31, 12, 16
MM, 41, 10, 0
MM, 15, 5, 16
MM, 23, 30, 31
MM, 29, 28, 16
MM, 2, 21, 37
MM, 4, 20, 0
MM, 7, 20, 16
MM, 8, 20, 0
MM, 9, 20, 16
MM, 10, 20, 15
MM, 11, 20, 16
MM, 12, 20, 38
MM, 13, 20, 15
MM, 14, 19, 32
MM, 16, 19, 15
MM, 21, 18, 22
MM, 27, 17, 0
MM, 30, 16, 16
MM, 19, 11, 31
MM, 27, 10, 16
MM, 30, 10, 0
MM, 32, 9, 15
MM, 34, 9, 0
MM, 36, 9, 19
MM, 0, 9, 278
MM, 2, 9, 26
MM, 2, 10, 4
MM, 3, 10, 0
MM, 5, 10, 16
MM, 6, 10, 31
MM, 7, 10, 16
MM, 5, 10, 75
MM, 4, 10, 16
MC, 1, 211
MM, 1, 10, 232
MM, 33, 10, 25
MM, 29, 10, 5
MM, 25, 11, 0
MM, 14, 14, 15
MM, 10, 15, 16
MM, 6, 16, 0
MM, 2, 17, 15
MM, 35, 19, 32
MM, 34, 20, 21
MM, 33, 20, 1
MM, 32, 20, 31
MC, 1, 341
MM, 31, 20, 388
MM, 29, 20, 0
MM, 25, 20, 16
MM, 18, 20, 0
MM, 3, 21, 15
MM, 43, 22, 16
MM, 18, 22, 18
MM, 7, 22, 1
MM, 2, 22, 0
MM, 33, 23, 31
MM, 26, 23, 0
MM, 17, 25, 16
MM, 11, 26, 16
MM, 9, 27, 0
MM, 3, 28, 15
MM, 0, 28, 249
MC, 1, 603
MC, 1, 1132
MM, 24, 0, 446
MM, 23, 2, 0
MM, 23, 4, 16
MM, 22, 5, 16
MM, 21, 7, 15
MM, 21, 8, 0
MM, 20, 9, 20
MM, 20, 10, 2
MM, 20, 11, 0
MM, 19, 11, 16
MM, 19, 12, 16
MM, 18, 12, 0
MM, 17, 12, 47
MC, 1, 190
MC, 2, 215
MM, 18, 12, 275
MM, 26, 12, 16
MM, 33, 12, 0
MM, 4, 12, 31
MM, 14, 12, 0
MM, 26, 10, 18
MM, 41, 7, 12
MM, 15, 2, 16
MM, 21, 0, 0
MM, 0, 15, 115
MM, 0, 14, 16
MM, 1, 14, 73
MM, 2, 14, 15
MM, 3, 14, 32
MM, 4, 14, 15
MM, 5, 15, 18
MM, 7, 15, 4
MM, 9, 15, 16
MM, 10, 15, 0
MM, 11, 16, 15
MM, 12, 16, 0
MM, 13, 16, 16
MM, 14, 16, 16
MC, 1, 270
MM, 15, 16, 203
MM, 23, 16, 15
MM, 35, 20, 0
MM, 43, 24, 16
MM, 32, 3, 31
MM, 11, 13, 16
MM, 34, 23, 4
MM, 40, 24, 16
MM, 4, 29, 16
MM, 10, 31, 0
MM, 17, 0, 278
MM, 17, 1, 0
MM, 17, 2, 16
MM, 17, 3, 15
MM, 17, 4, 0
MM, 17, 5, 0
MM, 17, 7, 32
MM, 17, 8, 0
MM, 17, 9, 15
MM, 17, 11, 18
MM, 17, 12, 20
MM, 17, 13, 0
MM, 17, 14, 16
MC, 1, 219
MM, 16, 14, 199
MM, 9, 12, 0
MM, 4, 9, 15
MM, 42, 2, 0
MM, 27, 27, 32
MM, 23, 25, 0
MM, 13, 19, 15
MM, 10, 17, 20
MM, 6, 15, 2
MM, 7, 15, 102
MM, 8, 15, 26
MM, 8, 16, 15
MM, 9, 16, 16
MM, 10, 16, 16
MM, 10, 17, 25
MC, 1, 216
MM, 11, 17, 208
MM, 16, 17, 3
MM, 23, 17, 0
MM, 32, 17, 16
MM, 8, 15, 15
MM, 40, 11, 16
MM, 37, 27, 240
MM, 36, 27, 20
MM, 36, 26, 63
MM, 36, 25, 16
MM, 36, 24, 22
MM, 36, 23, 47
MM, 36, 22, 15
MM, 36, 21, 0
MM, 36, 20, 33
MM, 36, 19, 5
MM, 36, 18, 0
MM, 36, 17, 16
MM, 36, 16, 15
MM, 36, 15, 16
MM, 36, 14, 0
MM, 36, 13, 15
MM, 36, 14, 66
MC, 1, 380
MM, 34, 14, 248
MM, 26, 14, 16
MM, 19, 14, 0
MM, 22, 11, 33
MM, 8, 11, 8
MM, 21, 9, 4
MM, 5, 9, 16
MM, 20, 9, 16
MM, 36, 14, 15
MM, 31, 15, 16
MM, 10, 19, 16
MM, 2, 21, 0
MM, 39, 26, 22
MM, 35, 26, 254
MM, 31, 26, 16
MM, 26, 26, 0
MM, 9, 26, 15
MM, 26, 0, 271
MM, 34, 1, 16
MM, 3, 10, 31
MM, 8, 12, 0
MM, 18, 15, 18
MM, 21, 16, 16
MM, 22, 16, 0
MM, 24, 17, 16
MM, 27, 17, 15
MM, 30, 17, 16
MM, 33, 18, 16
MM, 35, 18, 0
MM, 40, 19, 22
MM, 41, 19, 0
MM, 42, 19, 15
MM, 43, 20, 100
MM, 42, 20, 16
MM, 41, 20, 15
MM, 40, 20, 0
MM, 39, 20, 16
MM, 38, 20, 31
MM, 37, 20, 7
MM, 36, 20, 31
MM, 35, 20, 31
MM, 34, 20, 0
MM, 34, 22, 16
MM, 32, 25, 17
MM, 30, 28, 5
MM, 29, 31, 0
MM, 26, 0, 31
MM, 24, 3, 0
MM, 22, 9, 16
MM, 22, 11, 16
MM, 21, 12, 0
MM, 18, 16, 15
MM, 16, 18, 22
MM, 15, 18, 0
MM, 14, 19, 16
MM, 10, 21, 16
MM, 9, 22, 0
MM, 7, 23, 15
MM, 3, 24, 16
MM, 2, 25, 0
MM, 1, 26, 15
MM, 0, 26, 0
MM, 0, 28, 101
MM, 1, 28, 30
MM, 2, 28, 19
MM, 3, 28, 13
MM, 4, 28, 0
MM, 5, 28, 16
MM, 6, 28, 16
MM, 7, 28, 24
MM, 8, 28, 4
MM, 9, 28, 0
MM, 10, 27, 16
MM, 17, 26, 15
MM, 21, 25, 0
MM, 23, 25, 16
MM, 30, 25, 15
MM, 33, 24, 0
MM, 34, 24, 16
MM, 36, 24, 0
MM, 39, 23, 22
MM, 40, 23, 15
MM, 40, 22, 47
MM, 40, 21, 16
MM, 40, 20, 18
MM, 40, 19, 20
MM, 40, 18, 16
MM, 41, 18, 31
MM, 42, 18, 16
MM, 43, 17, 0
MM, 0, 15, 100
MM, 1, 15, 17
MM, 3, 15, 5
MM, 4, 14, 16
MM, 5, 14, 15
MM, 6, 14, 16
MC, 1, 244
MM, 6, 13, 193
MM, 2, 11, 0
MM, 33, 28, 34
MM, 16, 16, 7
MM, 8, 11, 5
MM, 1, 23, 525
MM, 3, 23, 0
MM, 5, 23, 15
MM, 6, 23, 16
MC, 1, 377
MM, 6, 24, 239
MM, 6, 27, 16
MM, 4, 3, 15
MM, 1, 12, 0
MM, 42, 3, 34
MM, 41, 7, 0
MM, 35, 18, 16
MM, 34, 22, 0
MM, 30, 30, 15
MM, 129, 0, 317
MM, 129, 1, 16
MM, 129, 2, 31
MM, 129, 3, 17
MM, 129, 4, 22
MM, 129, 5, 10
MM, 129, 6, 0
MM, 129, 7, 32
MM, 128, 8, 0
MM, 128, 9, 15
MM, 128, 10, 23
MM, 128, 11, 0
MM, 127, 11, 16
MM, 127, 12, 15
MM, 126, 12, 16
MM, 125, 12, 16
MC, 1, 176
MM, 125, 9, 224
MM, 123, 5, 0
MM, 121, 2, 16
MM, 42, 21, 33
MM, 37, 16, 8
MM, 35, 14, 4
MM, 30, 8, 16
MM, 29, 6, 0
MM, 27, 4, 16
MM, 25, 4, 0
MM, 24, 3, 15
MM, 24, 2, 0
MM, 23, 2, 32
MM, 21, 2, 0
MM, 20, 1, 21
MM, 18, 1, 1
MM, 16, 0, 15
MM, 13, 0, 16
MM, 11, 0, 0
MM, 12, 31, 137
MM, 12, 30, 25
MM, 12, 29, 8
MM, 12, 28, 20
MM, 12, 27, 16
MM, 12, 26, 15
MM, 12, 25, 16
MM, 13, 25, 16
MM, 13, 24, 0
MM, 14, 24, 21
MM, 15, 23, 1
MM, 16, 23, 15
MM, 17, 22, 16
MM, 18, 21, 0
MM, 19, 21, 16
MM, 20, 20, 15
MC, 1, 224
MM, 19, 20, 192
MM, 13, 20, 15
MM, 4, 19, 0
MM, 42, 17, 16
MM, 16, 15, 18
MM, 4, 13, 4
MM, 42, 13, 0
MM, 20, 13, 16
MM, 15, 13, 15
MM, 6, 13, 0
MM, 37, 13, 16
MM, 25, 13, 16
MM, 21, 13, 15
MM, 16, 14, 16
MM, 12, 15, 6
MM, 8, 15, 0
MM, 5, 15, 16
MM, 2, 16, 16
MM, 0, 16, 0
MM, 0, 17, 117
MM, 1, 17, 15
MM, 2, 18, 16
MM, 3, 18, 0
MM, 4, 18, 38
MM, 5, 18, 0
MM, 6, 18, 15
MM, 7, 18, 32
MM, 9, 18, 0
MM, 10, 18, 15
MM, 12, 18, 18
MM, 13, 18, 5
MM, 15, 18, 15
MM, 16, 18, 16
MM, 16, 17, 16
MC, 1, 245
MM, 17, 17, 174
MM, 20, 17, 15
MM, 25, 17, 0
MM, 34, 19, 16
MM, 42, 20, 0
MM, 6, 24, 22
MM, 20, 26, 0
MM, 29, 29, 16
MM, 12, 1, 31
MM, 18, 3, 16
MM, 22, 3, 0
MM, 34, 5, 31
MM, 40, 5, 6
MM, 0, 6, 18
MM, 3, 6, 15
MM, 5, 6, 0
MM, 7, 7, 15
MM, 8, 7, 16
MM, 8, 8, 16
MM, 8, 9, 83
MM, 7, 9, 16
MM, 7, 10, 23
MC, 1, 359
MM, 10, 10, 214
MM, 16, 10, 0
MM, 30, 6, 15
MM, 37, 3, 0
MM, 40, 27, 32
MM, 4, 20, 15
MM, 18, 16, 0
MM, 0, 5, 22
MM, 41, 30, 32
MM, 13, 22, 15
MM, 28, 19, 16
MM, 2, 14, 16
MM, 13, 10, 18
MM, 18, 8, 3
MM, 20, 8, 16
MM, 21, 8, 15
MM, 22, 8, 0
MM, 23, 8, 124
MM, 24, 8, 46
MM, 25, 8, 15
MM, 26, 8, 16
MC, 1, 311
MM, 25, 8, 198
MM, 20, 8, 15
MM, 1, 8, 16
MM, 31, 8, 0
MM, 6, 8, 16
MM, 31, 9, 25
MM, 15, 11, 4
MM, 6, 12, 16
MM, 40, 14, 16
MM, 37, 15, 15
MM, 34, 15, 0
MM, 33, 16, 16
MM, 32, 16, 16
MM, 33, 16, 69
MM, 34, 16, 15
MM, 35, 16, 16
MM, 36, 16, 27
MM, 37, 16, 16
MM, 38, 16, 1
MM, 39, 16, 16
MM, 40, 16, 15
MM, 41, 16, 16
MM, 42, 16, 16
MM, 43, 16, 8
MM, 0, 16, 69
MM, 1, 16, 0
MM, 2, 16, 15
MM, 4, 16, 20
MM, 5, 16, 3
MM, 6, 16, 16
MM, 7, 16, 0
MM, 8, 16, 31
MM, 9, 16, 16
MM, 10, 16, 0
MM, 11, 16, 38
MM, 12, 16, 16
MC, 1, 303
MM, 8, 16, 221
MM, 3, 16, 15
MM, 39, 16, 16
MM, 31, 16, 0
MM, 22, 16, 16
MM, 10, 16, 15
MM, 5, 17, 0
MC, 1, 686
MM, 2, 24, 222
MM, 17, 24, 16
MM, 6, 24, 22
MM, 13, 24, 16
MM, 28, 23, 0
MM, 42, 23, 15
MM, 2, 22, 16
MM, 5, 22, 16
MM, 9, 22, 0
MM, 10, 21, 15
MM, 11, 21, 18
MM, 11, 20, 67
MM, 11, 19, 16
MM, 10, 19, 21
MM, 11, 19, 143
MC, 1, 274
MM, 7, 19, 239
MM, 0, 17, 0
MM, 35, 13, 15
MM, 26, 12, 16
MM, 15, 12, 0
MM, 43, 10, 16
MM, 33, 10, 17
MM, 19, 10, 4
MM, 7, 11, 16
MM, 4, 11, 0
MC, 1, 517
MC, 1, 939
MM, 33, 5, 231
MM, 35, 15, 16
MM, 39, 31, 15
MM, 32, 2, 0
MM, 35, 13, 16
MM, 35, 16, 18
MM, 36, 19, 8
MM, 36, 20, 4
MM, 36, 23, 16
MM, 36, 24, 15
MM, 36, 25, 16
MM, 36, 26, 0
MM, 36, 27, 16
MM, 36, 29, 15
MM, 36, 31, 22
MM, 51, 0, 416
MM, 52, 1, 0
MM, 53, 1, 31
MM, 53, 2, 0
MM, 53, 3, 16
MM, 53, 4, 15
MM, 53, 5, 55
MM, 52, 5, 31
MM, 51, 5, 16
MC, 1, 180
MM, 49, 3, 242
MM, 20, 21, 24
MM, 17, 14, 8
MM, 12, 23, 16
MM, 7, 13, 16
MM, 3, 3, 16
MM, 23, 0, 256
MM, 24, 1, 8
MM, 25, 2, 18
MM, 26, 2, 6
MM, 26, 3, 8
MM, 26, 4, 26
MM, 26, 5, 32
MM, 26, 6, 2
MM, 25, 6, 0
MM, 24, 6, 16
MM, 23, 6, 16
MM, 22, 7, 0
MC, 1, 221
MM, 19, 7, 233
MM, 14, 7, 0
MM, 8, 6, 16
MM, 1, 4, 0
MM, 40, 1, 20
MM, 34, 0, 0
MM, 27, 0, 16
MM, 18, 0, 150
MM, 17, 0, 0
MM, 16, 0, 16
MM, 14, 0, 0
MM, 13, 0, 17
MM, 12, 0, 16
MM, 11, 0, 16
MM, 10, 1, 18
MM, 9, 1, 0
MM, 8, 1, 14
MM, 7, 1, 0
MM, 6, 1, 16
MM, 4, 2, 20
MM, 2, 3, 0
MM, 2, 4, 785
MM, 3, 4, 15
MM, 3, 5, 0
MM, 4, 6, 16
MM, 4, 7, 38
MM, 5, 7, 0
MM, 6, 7, 15
MM, 6, 8, 16
MM, 6, 9, 0
MM, 7, 9, 16
MM, 7, 10, 15
MM, 8, 10, 0
MM, 8, 11, 22
MM, 8, 12, 47
MM, 8, 14, 50
MM, 9, 16, 3
MM, 10, 18, 0
MM, 11, 20, 16
MC, 1, 190
MM, 12, 20, 216
MM, 19, 20, 0
MM, 26, 20, 16
MM, 34, 22, 0
MM, 43, 23, 16
MM, 12, 24, 15
MM, 23, 25, 0
MM, 33, 27, 16
MM, 2, 28, 18
MM, 13, 28, 8
MM, 16, 28, 4
MM, 32, 28, 16
MM, 39, 28, 0
MM, 3, 28, 15
MM, 12, 28, 16
MM, 19, 28, 0
MM, 33, 27, 16
MM, 41, 24, 15
MM, 5, 19, 21
MM, 13, 17, 0
MM, 16, 16, 16
MM, 24, 12, 16
MM, 27, 11, 0
MM, 30, 10, 16
MM, 31, 9, 0
MM, 32, 8, 15
MM, 34, 7, 0
MM, 35, 7, 34
MM, 40, 5, 4
MM, 43, 4, 0
MM, 44, 3, 16
MM, 22, 31, 195
MM, 23, 31, 17
MM, 23, 30, 16
MM, 23, 29, 15
MM, 23, 28, 16
MM, 22, 28, 16
MM, 21, 28, 17
MM, 20, 27, 4
MM, 19, 26, 0
MM, 18, 25, 27
MM, 17, 25, 0
MM, 17, 24, 16
MM, 17, 23, 16
MM, 17, 22, 50
MM, 17, 21, 31
MM, 17, 20, 16
MM, 18, 20, 15
MM, 18, 19, 19
MM, 18, 18, 8
MM, 18, 17, 2
MM, 18, 16, 16
MM, 18, 15, 16
MC, 1, 252
MM, 18, 18, 234
MM, 16, 24, 4
MM, 9, 3, 16
MM, 1, 21, 16
MM, 41, 10, 31
MM, 39, 14, 0
MM, 35, 21, 15
MM, 34, 23, 22
MM, 34, 25, 1
MM, 33, 28, 15
MM, 32, 29, 16
MM, 32, 30, 15
MM, 31, 31, 0
MM, 144, 0, 49
MM, 143, 3, 5
MM, 141, 6, 15
MM, 140, 8, 0
MM, 139, 10, 16
MM, 138, 13, 16
MM, 137, 14, 0
MM, 137, 16, 15
MM, 136, 16, 0
MM, 135, 17, 16
MM, 135, 18, 21
MM, 134, 18, 1
MM, 133, 18, 0
MM, 132, 18, 31
MM, 131, 18, 16
MM, 130, 18, 15
MM, 130, 19, 63
MC, 1, 191
MM, 134, 19, 204
MM, 138, 19, 16
MM, 159, 15, 16
MM, 175, 8, 0
MM, 4, 15, 31
MM, 13, 9, 0
MM, 8, 18, 34
MM, 16, 11, 4
MM, 26, 0, 16
MM, 33, 28, 0
MM, 1, 10, 31
MM, 6, 4, 15
MM, 18, 1, 277
MM, 14, 3, 16
MM, 13, 4, 15
MM, 13, 5, 16
MM, 13, 6, 38
MM, 15, 6, 31
MM, 16, 6, 16
MM, 16, 7, 31
MM, 17, 7, 6
MM, 18, 7, 15
MM, 18, 8, 16
MM, 18, 9, 16
MC, 1, 233
MM, 15, 9, 200
MM, 10, 9, 0
MM, 5, 10, 18
MM, 40, 12, 4
MM, 31, 14, 16
MM, 15, 17, 15
MM, 3, 19, 0
MM, 42, 21, 16
MM, 23, 25, 16
MM, 14, 26, 0
MM, 30, 1, 53
MM, 24, 2, 15
MM, 19, 3, 0
MM, 7, 7, 16
MM, 4, 8, 15
MM, 2, 8, 0
MM, 42, 10, 16
MM, 38, 11, 18
MM, 29, 13, 4
MM, 25, 14, 16
MM, 20, 14, 0
MM, 16, 15, 15
MM, 9, 16, 16
MM, 5, 16, 0
MM, 2, 17, 16
MM, 41, 18, 37
MM, 38, 18, 0
MM, 36, 18, 16
MM, 30, 19, 0
MM, 25, 20, 15
MM, 21, 20, 16
MM, 13, 21, 16
MM, 9, 21, 0
MM, 7, 21, 15
MM, 4, 21, 0
MM, 1, 21, 18
MM, 43, 21, 137
MM, 42, 20, 0
MM, 41, 19, 16
MM, 40, 19, 15
MM, 38, 19, 0
MM, 35, 18, 34
MM, 34, 18, 5
MM, 30, 17, 15
MM, 29, 17, 0
MM, 27, 17, 16
MM, 26, 17, 0
MM, 24, 17, 16
MM, 23, 17, 15
MM, 22, 17, 37
MM, 20, 16, 32
MM, 17, 16, 15
MC, 1, 229
MM, 18, 16, 182
MM, 25, 21, 16
MM, 34, 28, 15
MM, 43, 3, 0
MM, 4, 10, 22
MM, 20, 21, 16
MM, 34, 30, 16
MM, 60, 0, 47
MM, 60, 1, 20
MM, 61, 2, 18
MM, 61, 3, 16
MM, 63, 5, 0
MM, 64, 6, 15
MM, 67, 9, 16
MM, 69, 11, 0
MM, 70, 12, 15
MM, 71, 13, 16
MM, 74, 15, 7
MM, 75, 17, 15
MM, 77, 17, 0
MM, 78, 18, 16
MM, 80, 21, 15
MM, 82, 21, 0
MM, 83, 22, 16
MC, 1, 274
MM, 80, 21, 220
MM, 74, 18, 0
MM, 68, 11, 15
MM, 58, 6, 0
MM, 17, 27, 31
MM, 9, 20, 0
MM, 5, 17, 19
MM, 43, 8, 16
MM, 40, 5, 0
MM, 34, 1, 15
MM, 32, 0, 16
MM, 28, 31, 53
MM, 27, 30, 0
MM, 24, 28, 16
MM, 20, 27, 15
MM, 19, 26, 0
MM, 17, 26, 16
MM, 14, 25, 16
MM, 14, 24, 0
MM, 13, 24, 15
MM, 12, 24, 18
MM, 12, 23, 36
MM, 12, 22, 47
MM, 12, 21, 22
MM, 12, 20, 17
MM, 12, 19, 15
MM, 12, 18, 0
MM, 13, 18, 31
MM, 14, 18, 34
MC, 1, 229
MM, 17, 18, 218
MM, 22, 18, 0
MM, 41, 15, 16
MM, 3, 14, 15
MM, 39, 10, 16
MM, 17, 5, 16
MM, 14, 0, 21
MM, 7, 27, 31
MM, 19, 24, 0
MM, 37, 19, 16
MM, 3, 12, 31
MM, 10, 10, 22
MM, 12, 9, 0
MM, 14, 9, 16
MM, 15, 9, 15
MM, 16, 9, 143
MM, 17, 9, 36
MM, 18, 9, 0
MM, 19, 9, 32
MM, 20, 9, 16
MC, 1, 240
MM, 18, 13, 254
MM, 13, 21, 0
MM, 43, 18, 47
MM, 39, 25, 0
MM, 35, 1, 32
MM, 34, 5, 0
MM, 32, 9, 16
MM, 32, 11, 15
MM, 31, 11, 16
MM, 31, 12, 0
MM, 31, 13, 31
MM, 30, 13, 23
MM, 29, 13, 123
MC, 1, 197
MM, 27, 13, 200
MM, 24, 13, 0
MM, 7, 9, 16
MM, 34, 3, 16
MM, 23, 1, 15
MM, 17, 30, 595
MM, 17, 29, 15
MM, 16, 25, 16
MM, 15, 24, 16
MM, 15, 23, 0
MM, 14, 22, 26
MM, 14, 21, 4
MM, 13, 21, 16
MM, 13, 20, 0
MM, 14, 20, 91
MC, 1, 216
MM, 11, 20, 190
MM, 4, 18, 19
MM, 37, 13, 4
MM, 23, 9, 15
MM, 17, 7, 16
MM, 6, 5, 15
MM, 1, 3, 16
MM, 0, 3, 16
MM, 41, 3, 37
MM, 35, 3, 16
MM, 32, 3, 15
MM, 23, 3, 16
MM, 17, 4, 16
MM, 14, 5, 0
MM, 10, 6, 22
MM, 8, 6, 0
MM, 7, 7, 15
MM, 6, 8, 16
MM, 6, 9, 78
MM, 6, 10, 16
MC, 1, 239
MM, 7, 10, 250
MM, 13, 10, 5
MM, 30, 13, 16
MM, 42, 13, 0
MM, 4, 14, 15
MM, 7, 14, 32
MM, 19, 13, 0
MM, 18, 2, 36
MM, 1, 15, 63
MM, 11, 13, 16
MM, 14, 12, 0
MM, 16, 11, 23
MM, 17, 11, 0
MM, 16, 11, 62
MM, 16, 10, 16
MM, 15, 10, 22
MM, 14, 10, 0
MM, 13, 10, 15
MM, 14, 10, 124
MM, 15, 10, 16
MM, 15, 11, 16
MM, 16, 11, 15
MC, 1, 237
MM, 16, 16, 148
MM, 16, 23, 15
MM, 12, 0, 22
MM, 9, 15, 16
MM, 4, 28, 16
MM, 1, 6, 16
MM, 43, 31, 50
MM, 154, 0, 19
MM, 152, 1, 15
MM, 151, 3, 16
MM, 150, 4, 15
MM, 148, 4, 16
MM, 147, 5, 22
MM, 146, 6, 16
MM, 145, 6, 15
MM, 145, 7, 0
MM, 144, 8, 16
MM, 144, 9, 16
MM, 143, 9, 15
MM, 143, 10, 22
MM, 142, 11, 0
MM, 141, 13, 16
MM, 140, 15, 16
MM, 139, 16, 15
MM, 138, 17, 16
MM, 138, 18, 16
MM, 137, 18, 22
MM, 137, 19, 15
MM, 136, 20, 16
MM, 135, 20, 16
MM, 134, 21, 15
MM, 133, 21, 16
MM, 132, 21, 0
MM, 131, 21, 22
MM, 130, 21, 31
MM, 129, 21, 76
MC, 1, 298
MM, 126, 21, 208
MM, 121, 18, 0
MM, 104, 10, 16
MM, 84, 1, 16
MM, 38, 25, 31
MM, 23, 20, 16
MM, 11, 16, 0
MM, 40, 9, 19
MM, 22, 4, 16
MM, 14, 1, 31
MM, 2, 31, 31
MM, 41, 24, 22
MM, 37, 21, 16
MM, 35, 19, 15
MM, 34, 19, 16
MM, 33, 19, 0
MM, 33, 18, 15
MM, 32, 18, 54
MM, 32, 17, 16
MM, 31, 17, 0
MM, 30, 16, 31
MM, 27, 16, 15
MM, 25, 15, 19
MM, 23, 14, 4
MM, 22, 14, 15
MM, 21, 14, 16
MC, 1, 256
MM, 25, 14, 221
MM, 35, 14, 3
MM, 14, 22, 16
MM, 39, 29, 15
MM, 26, 0, 31
MM, 2, 3, 38
MM, 18, 3, 16
MM, 25, 3, 0
MM, 42, 4, 16
MM, 5, 5, 16
MM, 22, 8, 15
MM, 35, 10, 16
MM, 43, 13, 22
MM, 1, 15, 16
MM, 6, 18, 15
MM, 10, 19, 16
MM, 12, 20, 16
MM, 14, 20, 15
MM, 14, 21, 22
MM, 15, 21, 135
MM, 16, 21, 16
MM, 17, 21, 15
MM, 17, 20, 53
MC, 1, 245
MM, 17, 19, 213
MM, 15, 16, 15
MM, 4, 8, 21
MM, 37, 30, 33
MM, 29, 26, 16
MM, 22, 22, 15
MM, 17, 20, 16
MM, 14, 19, 17
MM, 10, 16, 5
MM, 4, 15, 16
MM, 41, 12, 47
MM, 36, 11, 16
MM, 31, 11, 20
MM, 24, 10, 17
MM, 21, 10, 0
MM, 18, 10, 31
MM, 17, 10, 16
MM, 16, 10, 206
MM, 14, 10, 15
MM, 11, 10, 17
MM, 7, 10, 16
MM, 4, 10, 0
MM, 43, 11, 47
MM, 41, 11, 15
MM, 40, 11, 22
MM, 39, 12, 16
MM, 38, 12, 15
MM, 37, 12, 0
MM, 36, 12, 32
MM, 35, 12, 0
MM, 30, 13, 15
MC, 1, 200
MM, 31, 17, 246
MM, 34, 22, 0
MM, 38, 2, 32
MM, 1, 22, 15
MM, 7, 31, 16
MM, 77, 1, 33
MM, 80, 5, 15
MM, 80, 7, 16
MM, 81, 8, 16
MM, 82, 8, 15
MM, 82, 9, 16
MM, 82, 10, 22
MM, 82, 11, 16
MM, 83, 11, 31
MM, 83, 12, 31
MM, 83, 13, 22
MM, 83, 14, 16
MM, 83, 15, 31
MM, 83, 16, 16
MM, 83, 17, 38
MM, 83, 18, 16
MM, 83, 19, 0
MM, 83, 20, 32
MM, 83, 21, 15
MM, 83, 22, 16
MM, 83, 23, 25
MM, 83, 24, 16
MC, 1, 232
MM, 84, 24, 213
MM, 91, 22, 0
MM, 111, 8, 16
MM, 119, 3, 16
MM, 26, 26, 15
MM, 4, 3, 23
MM, 9, 0, 15
MM, 14, 31, 71
MM, 14, 30, 30
MM, 14, 29, 31
MM, 16, 27, 31
MM, 21, 24, 22
MM, 34, 10, 0
MM, 1, 28, 32
MM, 6, 21, 15
MM, 12, 14, 16
MM, 15, 10, 16
MM, 16, 10, 0
MM, 16, 9, 22
MM, 17, 9, 31
MM, 18, 9, 16
MM, 19, 9, 15
MM, 20, 9, 0
MM, 22, 10, 16
MM, 24, 10, 21
MM, 28, 11, 1
MM, 38, 13, 16
MM, 43, 14, 15
MM, 3, 15, 16
MM, 16, 17, 15
MM, 23, 18, 16
MM, 26, 18, 17
MM, 29, 18, 5
MM, 30, 18, 16
MM, 30, 17, 47
MM, 29, 17, 77
MM, 28, 17, 0
MM, 27, 17, 15
MM, 25, 17, 32
MC, 1, 172
MM, 23, 19, 195
MM, 20, 23, 0
MM, 5, 5, 32
MM, 43, 21, 15
MM, 19, 6, 22
MM, 14, 12, 0
MM, 8, 21, 16
MM, 192, 15, 117
MM, 190, 16, 0
MM, 184, 18, 16
MM, 180, 20, 15
MM, 178, 20, 16
MM, 175, 21, 18
MM, 173, 21, 4
MM, 172, 21, 15
MM, 170, 21, 16
MM, 169, 21, 0
MM, 168, 22, 16
MM, 166, 22, 31
MM, 165, 22, 0
MM, 164, 22, 22
MC, 1, 184
MM, 160, 22, 249
MM, 155, 19, 0
MM, 144, 9, 16
MM, 138, 4, 15
MM, 12, 31, 16
MM, 2, 22, 17
MM, 42, 10, 32
MM, 37, 4, 2
MM, 36, 2, 15
MM, 35, 30, 31
MM, 31, 25, 16
MM, 29, 23, 16
MM, 26, 21, 16
MM, 25, 19, 0
MM, 24, 18, 16
MM, 23, 17, 15
MM, 23, 16, 111
MM, 24, 16, 97
MM, 25, 16, 16
MM, 26, 16, 15
MM, 27, 16, 22
MM, 28, 16, 78
MM, 29, 16, 17
MM, 31, 16, 6
MM, 33, 16, 15
MM, 34, 16, 0
MM, 39, 16, 16
MM, 43, 16, 16
MM, 1, 16, 15
MM, 7, 16, 16
MM, 16, 16, 20
MM, 27, 17, 1
MM, 31, 17, 0
MM, 45, 17, 16
MM, 0, 17, 47
MM, 3, 17, 0
MM, 5, 17, 16
MM, 6, 17, 16
MM, 7, 17, 6
MM, 9, 17, 16
MM, 13, 17, 0
MM, 19, 17, 15
MM, 20, 17, 16
MM, 22, 17, 0
MM, 28, 17, 16
MM, 30, 17, 15
MM, 33, 17, 0
MM, 35, 17, 22
MM, 37, 17, 0
MM, 38, 17, 16
MM, 39, 17, 16
MM, 38, 17, 1014
MM, 37, 16, 15
MM, 36, 16, 0
MM, 36, 15, 16
MM, 35, 15, 20
MC, 1, 248
MM, 33, 15, 231
MM, 28, 15, 0
MM, 21, 14, 16
MM, 14, 13, 0
MM, 45, 10, 29
MM, 35, 10, 0
MM, 24, 10, 17
MM, 4, 10, 15
MM, 33, 10, 16
MM, 25, 10, 0
MM, 12, 11, 15
MM, 1, 12, 16
MM, 43, 13, 16
MM, 24, 14, 6
MM, 13, 14, 16
MM, 43, 16, 15
MM, 24, 16, 16
MM, 18, 16, 0
MM, 10, 16, 16
MM, 41, 16, 15
MM, 35, 16, 20
MM, 28, 16, 2
MM, 21, 17, 16
MM, 17, 17, 16
MM, 14, 17, 15
MM, 12, 17, 16
MM, 10, 17, 16
MM, 9, 17, 22
MM, 7, 17, 0
MM, 6, 17, 15
MM, 5, 17, 16
MM, 4, 17, 47
MM, 6, 17, 635
MM, 11, 17, 16
MM, 25, 17, 18
MM, 32, 17, 8
MM, 1, 14, 20
MM, 6, 13, 0
MM, 16, 11, 15
MM, 19, 10, 16
MM, 22, 8, 15
MM, 24, 8, 0
MM, 24, 7, 16
MM, 25, 7, 22
MM, 26, 7, 16
MM, 27, 7, 15
MM, 29, 7, 16
MM, 32, 7, 0
MM, 42, 6, 16
MM, 5, 3, 15
MM, 14, 1, 17
MM, 18, 0, 458
MM, 14, 1, 15
MM, 12, 1, 0
MM, 11, 2, 16
MM, 10, 2, 17
MM, 10, 3, 67
MM, 11, 3, 16
MM, 12, 3, 22
MM, 13, 3, 0
MM, 14, 3, 16
MM, 15, 3, 16
MM, 20, 3, 15
MM, 27, 3, 0
MM, 40, 3, 16
MM, 1, 2, 15
MM, 11, 1, 23
MM, 16, 0, 15
MM, 43, 5, 917
MM, 41, 5, 0
MM, 39, 6, 16
MM, 38, 7, 16
MM, 36, 8, 15
MM, 34, 8, 0
MM, 32, 8, 16
MM, 30, 10, 17
MC, 1, 220
MM, 31, 10, 230
MM, 37, 10, 0
MM, 12, 9, 15
MM, 39, 3, 16
MM, 0, 8, 377
MM, 1, 7, 16
MM, 2, 7, 15
MM, 3, 7, 0
MM, 3, 6, 34
MM, 2, 6, 19
MM, 1, 5, 32
MM, 0, 5, 15
MC, 1, 457
MC, 1, 953
MM, 28, 1, 256
MM, 39, 23, 16
MM, 43, 12, 15
MM, 0, 27, 16
MM, 71, 1, 17
MM, 74, 8, 4
MM, 75, 10, 16
MM, 75, 12, 15
MM, 75, 13, 16
MM, 75, 14, 15
MM, 75, 15, 53
MM, 75, 16, 101
MM, 75, 17, 21
MM, 75, 18, 47
MC, 1, 249
MM, 80, 18, 216
MM, 88, 18, 15
MM, 112, 18, 16
MM, 126, 18, 0
MM, 156, 18, 16
MM, 170, 18, 18
MM, 187, 18, 12
MM, 13, 30, 62
MM, 14, 26, 0
MM, 17, 15, 16
MM, 17, 11, 21
MM, 19, 3, 16
MM, 19, 0, 0
MM, 29, 28, 31
MM, 29, 25, 0
MM, 30, 17, 16
MM, 30, 13, 15
MM, 30, 8, 19
MM, 30, 5, 4
MM, 30, 3, 16
MM, 30, 2, 0
MM, 31, 1, 15
MM, 32, 1, 16
MM, 33, 1, 16
MM, 34, 1, 31
MM, 35, 1, 5
MM, 36, 2, 17
MM, 37, 3, 0
MM, 38, 3, 15
MM, 39, 4, 16
MM, 41, 6, 15
MM, 42, 6, 16
MM, 43, 7, 0
MM, 1, 12, 22
MM, 3, 14, 16
MM, 7, 18, 16
MM, 10, 20, 15
MM, 11, 20, 0
MM, 12, 21, 16
MM, 12, 22, 0
MM, 12, 23, 15
MM, 12, 24, 54
MM, 12, 25, 15
MM, 12, 29, 16
MM, 42, 7, 42
MM, 40, 11, 0
MM, 34, 19, 15
MM, 32, 23, 16
MM, 28, 28, 16
MM, 28, 29, 0
MM, 24, 31, 466
MM, 24, 29, 4
MM, 23, 28, 16
MM, 23, 26, 15
MM, 23, 25, 0
MM, 22, 25, 16
MM, 22, 24, 15
MM, 22, 22, 16
MM, 22, 21, 23
MM, 22, 20, 0
MM, 22, 19, 16
MM, 22, 18, 47
MC, 1, 280
MM, 22, 17, 297
MM, 30, 10, 15
MM, 16, 23, 32
MM, 18, 20, 0
MM, 24, 13, 22
MM, 26, 10, 0
MM, 28, 7, 15
MM, 29, 6, 16
MM, 30, 5, 16
MM, 30, 4, 31
MM, 30, 3, 37
MM, 30, 2, 32
MM, 30, 0, 15
MM, 32, 0, 0
MM, 0, 13, 59
MM, 1, 11, 0
MM, 2, 7, 31
MM, 3, 6, 16
MM, 3, 5, 16
MM, 4, 5, 25
MM, 5, 5, 15
MM, 6, 5, 0
MM, 7, 5, 32
MM, 8, 5, 15
MM, 9, 5, 16
MM, 10, 6, 34
MM, 10, 7, 31
MC, 1, 214
MM, 9, 7, 210
MM, 6, 8, 0
MM, 35, 13, 34
MM, 33, 14, 8
MM, 26, 19, 4
MM, 20, 23, 15
MM, 12, 28, 16
MM, 40, 5, 16
MM, 21, 19, 31
MM, 42, 1, 21
MM, 35, 8, 0
MM, 23, 15, 16
MM, 18, 19, 16
MM, 11, 23, 15
MM, 9, 24, 0
MM, 6, 26, 16
MM, 5, 26, 16
MM, 4, 27, 19
MM, 3, 27, 24
MM, 3, 26, 88
MM, 3, 25, 47
MM, 3, 24, 16
MM, 3, 23, 26
MM, 4, 23, 20
MM, 5, 23, 15
MM, 5, 22, 16
MM, 6, 22, 0
MM, 8, 22, 15
MM, 9, 22, 16
MM, 11, 21, 22
MM, 12, 21, 0
MM, 13, 21, 16
MM, 14, 20, 15
MM, 15, 20, 16
MM, 16, 20, 0
MM, 17, 19, 16
MM, 18, 19, 15
MM, 19, 19, 17
MM, 19, 18, 5
MC, 1, 266
MM, 18, 17, 234
MM, 15, 16, 0
MM, 8, 12, 22
MM, 4, 10, 0
MM, 0, 8, 15
MM, 43, 5, 16
MM, 36, 2, 16
MM, 32, 1, 0
MM, 40, 31, 115
MM, 36, 31, 0
MM, 30, 31, 16
MM, 27, 31, 17
MM, 20, 30, 5
MM, 18, 30, 16
MM, 12, 29, 15
MM, 9, 29, 0
MM, 4, 28, 17
MM, 2, 28, 15
MM, 1, 28, 0
MM, 43, 26, 202
MM, 41, 26, 0
MM, 37, 25, 16
MM, 35, 24, 19
MM, 32, 23, 3
MM, 29, 23, 15
MM, 28, 23, 32
MM, 28, 22, 15
MM, 27, 22, 16
MM, 26, 22, 53
MM, 25, 22, 47
MM, 24, 22, 22
MM, 23, 22, 63
MM, 21, 22, 0
MM, 18, 21, 15
MM, 14, 20, 17
MC, 1, 247
MM, 9, 20, 238
MM, 3, 19, 0
MM, 39, 17, 16
MM, 30, 15, 18
MM, 18, 14, 13
MM, 11, 14, 0
MM, 2, 14, 16
MM, 43, 14, 31
MM, 42, 14, 0
MM, 38, 14, 16
MM, 37, 14, 15
MM, 36, 14, 22
MM, 35, 14, 78
MM, 34, 14, 73
MC, 1, 200
MM, 38, 14, 246
MM, 13, 14, 31
MM, 34, 14, 21
MM, 11, 14, 17
MM, 25, 14, 0
MM, 0, 14, 15
MM, 24, 13, 16
MM, 35, 10, 16
MM, 5, 4, 15
MM, 0, 14, 41
MM, 11, 7, 16
MM, 22, 2, 15
MM, 4, 1, 263
MM, 2, 3, 0
MM, 43, 11, 31
MM, 39, 15, 15
MM, 37, 17, 0
MM, 36, 18, 16
MM, 36, 19, 16
MM, 35, 19, 0
MM, 35, 18, 119
MM, 34, 18, 50
MM, 34, 17, 0
MM, 33, 17, 31
MM, 33, 16, 0
MM, 32, 16, 22
MM, 32, 15, 31
MC, 1, 260
MM, 29, 15, 198
MM, 25, 15, 15
MM, 15, 15, 16
MM, 30, 0, 137
MM, 27, 1, 16
MM, 23, 2, 15
MM, 21, 3, 0
MM, 20, 3, 16
MM, 14, 4, 84
MM, 12, 5, 15
MM, 10, 5, 0
MM, 9, 5, 22
MM, 7, 6, 16
MM, 6, 6, 0
MM, 5, 7, 16
MM, 4, 7, 15
MM, 3, 7, 16
MM, 2, 7, 37
MM, 1, 7, 16
MM, 0, 8, 0
MM, 43, 9, 53
MM, 41, 10, 13
MM, 40, 10, 19
MM, 38, 10, 16
MM, 37, 11, 0
MM, 35, 11, 15
MM, 34, 11, 16
MM, 30, 12, 15
MC, 1, 244
MM, 27, 12, 181
MM, 23, 13, 15
MM, 16, 16, 17
MM, 14, 18, 0
MM, 9, 20, 16
MM, 6, 21, 15
MM, 5, 22, 0
MM, 4, 23, 16
MM, 3, 23, 15
MM, 3, 24, 16
MM, 2, 26, 0
MM, 0, 27, 22
MM, 34, 0, 71
MM, 32, 2, 0
MM, 30, 5, 25
MM, 27, 9, 4
MM, 24, 13, 16
MM, 21, 18, 16
MM, 18, 19, 0
MM, 14, 25, 15
MM, 11, 29, 16
MM, 290, 2, 2996
MM, 289, 5, 0
MM, 287, 11, 15
MM, 286, 12, 17
MM, 285, 16, 5
MM, 285, 17, 16
MM, 283, 20, 15
MM, 283, 21, 16
MM, 282, 21, 15
MM, 281, 21, 138
MM, 280, 21, 47
MM, 279, 21, 69
MM, 278, 21, 47
MM, 277, 21, 53
MM, 277, 20, 32
MM, 276, 20, 216
MM, 276, 19, 169
MM, 274, 19, 237
MM, 271, 17, 8
MM, 263, 11, 16
MM, 252, 4, 8
MC, 1, 626
MM, 34, 4, 5951
MM, 37, 4, 312
MM, 0, 2, 40
MM, 5, 1, 16
MM, 25, 30, 81
MM, 20, 6, 23
MM, 14, 19, 16
MM, 237, 54, 59
MM, 208, 2, 29
MC, 1, 693
MM, 157, 1, 14204
MM, 165, 13, 7
MM, 172, 30, 16
MM, 175, 41, 17
MM, 179, 52, 7
MM, 179, 59, 16
MM, 179, 63, 8
MM, 43, 27, 217
MM, 10, 2, 56
MM, 9, 8, 7
MM, 9, 16, 16
MM, 9, 21, 24
MM, 9, 22, 8
MM, 10, 22, 32
MM, 13, 22, 8
MM, 23, 22, 16
MM, 36, 22, 16
MM, 12, 22, 16
MM, 29, 22, 16
MM, 4, 22, 24
MM, 37, 22, 16
MM, 22, 19, 16
MM, 13, 11, 18
MM, 14, 1, 22
MM, 13, 28, 24
MM, 26, 23, 16
MM, 31, 21, 8
MM, 469, 45, 297
MM, 5, 6, 75844
MM, 19, 8, 17
MM, 2, 16, 47
MM, 9, 17, 16
MM, 15, 18, 32
MM, 16, 18, 9
MM, 16, 19, 137
MM, 19, 22, 14
MM, 24, 26, 18
MM, 30, 31, 16
MM, 63, 0, 38
MM, 75, 15, 26
MM, 79, 22, 16
MM, 81, 25, 16
MM, 79, 22, 113
MM, 74, 16, 88
MM, 73, 14, 111
MM, 72, 13, 64
