********************************************************************************
LOGGING TIME: 20180925_223932
CLIENT IP: 192.168.170.2
USERNAME: Harsh
OS: Windows 8.1
ARCHITECTURE: amd64
VERSION: 6.3
RESOLUTION: 1366.0 768.0
********************************************************************************
MM, 684, 382, 1537598587421
MM, 686, 331, 16
MM, 643, 201, 0
MM, 533, 43, 15
MM, 399, -126, 0
MM, 252, -191, 16
MM, 86, -202, 16
MM, -44, -209, 0
MM, -84, -205, 15
MM, -55, -197, 0
MM, -17, -169, 16
MM, 7, -124, 0
MM, 36, -103, 16
MM, 41, -89, 0
MM, -2, -80, 15
MM, -71, -100, 0
MM, -77, -117, 16
MM, -81, -119, 0
MM, -94, -139, 15
MM, -96, -143, 0
MM, -116, -161, 16
MM, -125, -175, 0
MM, -136, -207, 16
MM, -140, -248, 0
MM, -144, -257, 15
MM, -151, -305, 0
MM, -151, -309, 16
MM, -109, -307, 0
MM, -99, -326, 16
MM, -54, -303, 0
MM, -39, -257, 15
MM, -17, -227, 0
MM, 0, -184, 16
MM, 0, -165, 0
MM, 0, -145, 16
MM, 0, -133, 0
MM, 0, -104, 15
MM, 0, -64, 0
MM, 0, -40, 16
MM, 5, -17, 0
MM, 10, -10, 15
MM, 10, -1, 0
MM, 12, 0, 32
MM, 13, 0, 15
MM, 18, 0, 16
MM, 26, 11, 0
MM, 38, 27, 15
MM, 50, 44, 0
MM, 66, 62, 16
MM, 87, 80, 0
MM, 98, 89, 16
MM, 105, 94, 0
MM, 109, 97, 15
MM, 99, 97, 172
MM, 78, 101, 0
MM, 55, 117, 16
MM, 14, 139, 0
MM, -40, 162, 15
MM, -50, 185, 0
MM, -59, 204, 16
MM, -54, 215, 0
MM, -40, 219, 16
MM, -29, 224, 0
MM, -31, 228, 15
MM, -19, 232, 0
MM, -13, 234, 16
MM, -11, 235, 16
MM, -7, 236, 0
MM, -4, 238, 15
MM, -2, 240, 0
MM, 0, 242, 16
MM, 0, 246, 16
MM, 4, 250, 0
MM, 5, 257, 15
MM, 6, 264, 0
MM, 6, 269, 16
MM, 6, 274, 0
MM, 6, 279, 15
MM, 6, 284, 0
MM, 3, 291, 16
MM, 3, 297, 0
MM, 2, 304, 16
MM, 2, 312, 0
MM, 2, 313, 15
MM, 2, 317, 0
MM, 4, 319, 16
MM, 6, 320, 0
MM, 7, 321, 16
MM, 9, 322, 0
MM, 10, 322, 15
MM, 12, 324, 0
MM, 14, 325, 16
MM, 15, 326, 0
MM, 19, 327, 15
MM, 20, 327, 0
MM, 24, 329, 16
MM, 27, 329, 16
MM, 28, 329, 0
MM, 29, 329, 15
MM, 33, 328, 0
MM, 35, 328, 16
MM, 38, 326, 0
MM, 40, 325, 15
MM, 43, 321, 0
MM, 47, 316, 16
MM, 49, 311, 16
MM, 55, 304, 0
MM, 60, 295, 15
MM, 65, 285, 0
MM, 76, 267, 16
MM, 87, 248, 0
MM, 94, 233, 16
MM, 102, 218, 0
MM, 108, 208, 15
MM, 119, 194, 0
MM, 127, 182, 16
MM, 138, 171, 0
MM, 148, 163, 15
MM, 160, 155, 0
MM, 174, 149, 16
MM, 187, 143, 0
MM, 202, 137, 16
MM, 221, 131, 0
MM, 237, 128, 15
MM, 260, 122, 0
MM, 281, 121, 16
MM, 304, 121, 0
MM, 333, 121, 16
MM, 356, 121, 0
MM, 379, 121, 15
MM, 397, 121, 0
MM, 408, 121, 16
MM, 414, 121, 0
MM, 416, 121, 15
MM, 419, 121, 0
MM, 421, 122, 16
MM, 423, 122, 0
MM, 424, 123, 16
MM, 424, 124, 15
MM, 425, 125, 0
MM, 425, 127, 16
MM, 427, 129, 0
MM, 428, 131, 16
MM, 428, 133, 0
MM, 429, 136, 15
MM, 432, 140, 16
MM, 437, 149, 0
MM, 440, 155, 16
MM, 440, 158, 0
MM, 440, 161, 15
MM, 442, 164, 0
MM, 442, 165, 16
MM, 443, 166, 0
MM, 444, 166, 15
MM, 444, 167, 0
MM, 447, 169, 16
MM, 448, 170, 0
MM, 454, 176, 16
MM, 460, 182, 0
MM, 466, 188, 15
MM, 470, 192, 0
MM, 473, 197, 16
MM, 476, 202, 0
MM, 478, 203, 16
MM, 480, 206, 0
MM, 481, 207, 15
MM, 481, 207, 16
MM, 482, 208, 78
MM, 484, 208, 0
MM, 488, 204, 16
MM, 490, 200, 0
MM, 493, 196, 15
MM, 494, 191, 0
MM, 494, 189, 16
MM, 495, 186, 0
MM, 497, 182, 15
MM, 497, 180, 0
MM, 497, 179, 16
MM, 497, 178, 16
MM, 497, 177, 0
MM, 498, 176, 15
MM, 498, 175, 0
MM, 498, 174, 16
MM, 499, 174, 16
MM, 500, 172, 15
MM, 501, 171, 0
MM, 502, 169, 16
MM, 503, 167, 0
MM, 504, 166, 15
MM, 506, 164, 0
MM, 506, 162, 16
MM, 509, 161, 0
MM, 510, 159, 16
MM, 511, 158, 0
MM, 511, 158, 15
MM, 513, 156, 0
MM, 513, 155, 16
MM, 514, 154, 0
MM, 515, 153, 16
MM, 516, 151, 31
MM, 516, 150, 15
MM, 517, 149, 16
MM, 517, 148, 16
MM, 518, 147, 0
MM, 518, 147, 172
MM, 518, 146, 15
MM, 519, 145, 16
MP, 1, 172
MR, 1, 109
MC, 1, 0
MM, 529, 154, 688
MM, 540, 164, 15
MM, 543, 167, 0
MM, 546, 170, 16
MM, 552, 174, 0
MM, 557, 179, 15
MM, 565, 184, 0
MM, 569, 187, 16
MM, 577, 192, 0
MM, 585, 196, 16
MM, 590, 199, 0
MM, 596, 202, 15
MM, 603, 206, 0
MM, 608, 209, 16
MM, 617, 214, 0
MM, 629, 219, 16
MM, 642, 226, 0
MM, 652, 232, 15
MM, 666, 236, 0
MM, 679, 242, 16
MM, 689, 247, 0
MM, 702, 249, 15
MM, 715, 253, 0
MM, 725, 256, 16
MM, 737, 260, 0
MM, 745, 261, 16
MM, 755, 262, 0
MM, 763, 262, 15
MM, 770, 264, 16
MM, 776, 265, 0
MM, 780, 265, 16
MM, 784, 266, 0
MM, 786, 266, 15
MM, 787, 266, 0
MM, 788, 266, 16
MM, 790, 266, 0
MM, 791, 266, 15
MM, 791, 266, 0
MM, 792, 266, 16
MM, 793, 266, 0
MM, 794, 266, 47
MM, 795, 266, 0
MM, 796, 266, 16
MM, 797, 266, 0
MM, 800, 266, 15
MM, 802, 266, 0
MM, 804, 266, 16
MM, 807, 266, 0
MM, 811, 267, 15
MM, 814, 269, 0
MM, 816, 269, 16
MM, 817, 270, 0
MM, 819, 271, 16
MM, 820, 271, 0
MM, 821, 272, 15
MM, 824, 274, 0
MM, 825, 275, 16
MM, 826, 275, 0
MM, 828, 277, 16
MM, 829, 278, 0
MM, 830, 278, 15
MM, 831, 278, 0
MM, 831, 278, 16
MM, 832, 278, 15
MM, 834, 279, 0
MM, 835, 279, 32
MM, 836, 279, 0
MM, 837, 279, 15
MM, 838, 279, 0
MM, 839, 279, 16
MM, 839, 279, 0
MM, 841, 279, 16
MP, 1, 156
MR, 1, 125
MC, 1, 0
