********************************************************************************
LOGGING TIME: 20180907_234552
CLIENT IP: 192.168.170.2
USERNAME: Harsh
OS: Windows 8.1
ARCHITECTURE: amd64
VERSION: 6.3
RESOLUTION: 1366.0 768.0
********************************************************************************
MM, 965, 375, 1537598293543
MM, 962, 377, 4
MM, 959, 378, 16
MM, 954, 380, 0
MM, 948, 380, 15
MM, 938, 381, 0
MM, 925, 382, 16
MM, 915, 385, 17
MM, 904, 386, 11
MM, 888, 389, 9
MM, 869, 395, 10
MM, 853, 397, 10
MM, 838, 401, 9
MM, 822, 405, 2
MM, 807, 408, 16
MM, 791, 411, 0
MM, 777, 413, 15
MM, 764, 416, 16
MM, 752, 418, 0
MM, 739, 424, 20
MM, 728, 426, 7
MM, 719, 429, 0
MM, 711, 430, 15
MM, 707, 431, 16
MM, 702, 432, 0
MM, 697, 433, 16
MM, 693, 434, 0
MM, 691, 434, 15
MM, 690, 434, 16
MM, 688, 434, 0
MM, 688, 434, 16
MM, 687, 434, 15
MM, 686, 434, 0
MM, 685, 434, 16
MM, 685, 433, 484
MM, 685, 432, 16
MM, 687, 429, 0
MM, 690, 424, 15
MM, 695, 412, 0
MM, 700, 399, 16
MM, 707, 386, 16
MM, 716, 366, 0
MM, 722, 354, 15
MM, 734, 330, 16
MM, 742, 318, 0
MM, 754, 297, 16
MM, 761, 284, 0
MM, 771, 268, 15
MM, 776, 257, 16
MM, 781, 251, 0
MM, 784, 247, 15
MM, 787, 243, 16
MM, 792, 235, 0
MM, 795, 231, 16
MM, 798, 227, 0
MM, 800, 224, 15
MM, 801, 223, 16
MM, 802, 222, 0
MM, 803, 221, 16
MM, 804, 221, 15
MM, 804, 220, 0
MM, 804, 220, 16
MM, 806, 218, 203
MM, 814, 208, 16
MM, 838, 182, 0
MM, 900, 113, 15
MM, 952, 56, 0
MM, 1003, 5, 16
MM, 1060, -52, 15
MM, 1113, -41, 0
MM, 1150, -33, 16
MM, 1181, -13, 16
MM, 1198, -8, 0
MM, 1212, -4, 15
MM, 1223, -5, 0
MM, 1231, -5, 16
MM, 1236, -2, 16
MM, 1239, 0, 0
MM, 1240, -1, 15
MM, 1242, 0, 16
MM, 1242, 0, 0
MM, 1243, 0, 15
MM, 1244, 0, 16
MM, 1244, 0, 310
MM, 1245, 0, 10
MM, 1247, 0, 10
MM, 1248, 0, 10
MM, 1250, 0, 10
MM, 1252, 1, 10
MM, 1255, 1, 9
MM, 1258, 2, 10
MM, 1260, 4, 10
MM, 1262, 5, 10
MM, 1264, 5, 9
MM, 1265, 6, 10
MM, 1266, 7, 10
MM, 1267, 8, 9
MM, 1268, 9, 10
MM, 1270, 11, 19
MM, 1270, 11, 20
MM, 1270, 12, 10
MM, 1271, 12, 10
MM, 1271, 12, 9
MM, 1272, 13, 10
MM, 1273, 13, 10
MM, 1273, 14, 10
MM, 1273, 14, 9
MM, 1274, 15, 10
MM, 1275, 16, 10
MM, 1275, 16, 9
MM, 1275, 16, 10
MM, 1275, 17, 10
MM, 1275, 18, 19
MM, 1276, 18, 11
MM, 1276, 18, 9
MM, 1277, 18, 30
MM, 1277, 18, 38
MM, 1278, 19, 10
MM, 1279, 19, 10
MM, 1279, 19, 10
MM, 1281, 19, 10
MM, 1281, 19, 9
MM, 1282, 19, 10
MM, 1283, 19, 10
MM, 1284, 19, 9
MM, 1284, 19, 10
MM, 1285, 19, 10
MM, 1286, 19, 10
MM, 1286, 19, 10
MM, 1287, 19, 19
MM, 1288, 19, 9
MM, 1288, 19, 30
MP, 1, 497
MR, 1, 126
MC, 1, 0
MM, 1284, 19, 1112
MM, 1279, 20, 10
MM, 1271, 22, 10
MM, 1258, 26, 9
MM, 1243, 31, 10
MM, 1228, 37, 10
MM, 1211, 45, 10
MM, 1196, 49, 9
MM, 1183, 51, 10
MM, 1167, 55, 10
MM, 1157, 57, 10
MM, 1149, 60, 9
MM, 1137, 62, 10
MM, 1130, 65, 10
MM, 1121, 65, 10
MM, 1115, 66, 9
MM, 1109, 66, 10
MM, 1104, 66, 10
MM, 1097, 66, 9
MM, 1092, 67, 10
MM, 1089, 67, 10
MM, 1084, 67, 10
MM, 1079, 68, 9
MM, 1077, 68, 10
MM, 1071, 68, 10
MM, 1068, 68, 10
MM, 1067, 68, 9
MM, 1065, 68, 10
MM, 1064, 68, 10
MM, 1062, 68, 10
MM, 1062, 68, 19
MM, 1061, 68, 10
MM, 1060, 67, 634
MM, 1059, 65, 10
MM, 1059, 63, 10
MM, 1058, 60, 9
MM, 1056, 56, 10
MM, 1054, 52, 10
MM, 1053, 47, 9
MM, 1051, 42, 10
MM, 1049, 37, 10
MM, 1048, 31, 10
MM, 1048, 30, 10
MM, 1047, 25, 9
MM, 1047, 21, 10
MM, 1046, 16, 10
MM, 1046, 15, 10
MM, 1046, 12, 9
MM, 1046, 10, 10
MM, 1046, 7, 10
MM, 1046, 5, 10
MM, 1045, 2, 10
MM, 1045, 0, 9
MM, 1045, -2, 9
MM, 1045, -2, 10
MM, 1045, -1, 10
MM, 1045, -1, 10
MM, 1045, -1, 10
MM, 1045, 0, 10
MM, 1045, -1, 10
MM, 1045, -1, 9
MM, 1045, -1, 10
MM, 1044, 0, 68
MM, 1043, 0, 49
MM, 1043, 0, 49
MM, 1043, 0, 9
MM, 1043, 1, 10
MM, 1043, 2, 10
MM, 1043, 4, 10
MM, 1043, 5, 10
MM, 1043, 8, 9
MM, 1043, 11, 9
MM, 1043, 12, 10
MM, 1043, 14, 10
MM, 1043, 15, 9
MM, 1043, 18, 11
MM, 1043, 20, 10
MM, 1043, 22, 9
MM, 1043, 23, 10
MM, 1043, 25, 10
MM, 1043, 27, 10
MM, 1043, 30, 9
MM, 1043, 32, 10
MM, 1043, 33, 10
MM, 1043, 35, 10
MM, 1043, 36, 9
MM, 1043, 38, 10
MM, 1043, 39, 10
MM, 1043, 40, 9
MM, 1043, 41, 10
MM, 1043, 41, 10
MM, 1043, 42, 10
MM, 1043, 43, 20
MM, 1040, 48, 282
MM, 1032, 57, 10
MM, 1020, 70, 10
MM, 996, 102, 9
MM, 960, 163, 10
MM, 929, 215, 10
MM, 903, 254, 9
MM, 865, 327, 10
MM, 849, 353, 10
MM, 824, 398, 10
MM, 810, 423, 10
MM, 795, 449, 9
MM, 781, 471, 10
MM, 769, 493, 10
MM, 760, 505, 9
MM, 753, 518, 10
MM, 750, 525, 10
MM, 748, 532, 10
MM, 742, 543, 10
MM, 740, 546, 9
MM, 740, 550, 10
MM, 738, 553, 10
MM, 737, 556, 10
MM, 737, 556, 9
MM, 737, 557, 10
MM, 737, 558, 10
MM, 736, 559, 233
MM, 734, 562, 10
MM, 732, 564, 10
MM, 729, 570, 9
MM, 723, 584, 10
MM, 717, 596, 10
MM, 711, 608, 10
MM, 703, 623, 10
MM, 695, 632, 10
MM, 688, 644, 10
MM, 681, 653, 9
MM, 669, 671, 10
MM, 659, 683, 10
MM, 648, 699, 9
MM, 639, 708, 10
MM, 628, 720, 10
MM, 622, 727, 9
MM, 613, 736, 11
MM, 607, 744, 9
MM, 602, 750, 9
MM, 593, 760, 10
MM, 584, 769, 11
MM, 580, 771, 9
MM, 575, 772, 10
MM, 571, 773, 10
MM, 565, 772, 10
MM, 557, 772, 9
MM, 555, 770, 10
MM, 551, 769, 10
MM, 549, 770, 9
MM, 545, 769, 10
MM, 543, 768, 10
MM, 541, 769, 10
MM, 539, 768, 9
MM, 538, 767, 10
MM, 538, 768, 10
MM, 538, 764, 517
MM, 539, 759, 9
MM, 541, 752, 10
MM, 543, 743, 9
MM, 547, 728, 10
MM, 550, 718, 10
MM, 555, 703, 10
MM, 558, 695, 10
MM, 562, 679, 10
MM, 572, 650, 10
MM, 578, 630, 9
MM, 587, 603, 10
MM, 599, 578, 10
MM, 611, 556, 10
MM, 633, 515, 9
MM, 648, 487, 10
MM, 664, 456, 10
MM, 679, 424, 10
MM, 691, 402, 9
MM, 698, 389, 10
MM, 702, 383, 9
MM, 707, 376, 11
MM, 712, 372, 9
MM, 716, 369, 10
MM, 718, 365, 10
MM, 720, 362, 10
MM, 721, 360, 9
MM, 723, 359, 10
MM, 724, 358, 9
MM, 724, 357, 322
MM, 724, 354, 10
MM, 724, 349, 10
MM, 724, 344, 9
MM, 724, 334, 10
MM, 724, 315, 10
MM, 724, 298, 10
MM, 725, 275, 10
MM, 725, 258, 10
MM, 725, 236, 9
MM, 725, 219, 9
MM, 726, 201, 10
MM, 728, 187, 11
MM, 729, 180, 9
MM, 729, 164, 10
MM, 729, 161, 10
MM, 730, 157, 10
MM, 730, 155, 9
MM, 730, 152, 9
MM, 730, 149, 10
MM, 731, 144, 10
MM, 731, 144, 10
MM, 731, 142, 10
MM, 731, 142, 38
MM, 723, 140, 6674
MM, 712, 137, 10
MM, 697, 133, 9
MM, 685, 129, 11
MM, 672, 127, 9
MM, 659, 124, 10
MM, 646, 123, 10
MM, 636, 119, 9
MM, 626, 115, 10
MM, 616, 111, 10
MM, 611, 108, 9
MM, 607, 106, 10
MM, 603, 105, 10
MM, 600, 104, 10
MM, 600, 104, 10
MM, 599, 104, 10
MM, 597, 104, 279
MM, 593, 104, 0
MM, 583, 100, 15
MM, 559, 92, 16
MM, 529, 81, 11
MM, 493, 60, 10
MM, 466, 49, 9
MM, 444, 38, 10
MM, 419, 25, 10
MM, 401, 18, 9
MM, 384, 10, 11
MM, 370, 2, 10
MM, 359, -4, 9
MM, 345, -7, 10
MM, 334, -5, 10
MM, 323, -6, 10
MM, 311, -8, 9
MM, 303, -5, 10
MM, 294, -7, 9
MM, 288, -3, 10
MM, 283, -3, 10
MM, 279, -2, 10
MM, 274, -4, 9
MM, 269, -3, 11
MM, 263, -2, 9
MM, 261, -2, 10
MM, 258, -1, 10
MM, 255, -1, 9
MM, 254, 0, 10
MM, 253, 0, 10
MM, 253, 0, 10
MM, 252, 0, 19
MM, 251, 0, 497
MM, 251, 0, 10
MM, 250, 0, 10
MM, 248, 0, 10
MM, 248, 1, 9
MM, 246, 1, 10
MM, 245, 2, 10
MM, 243, 2, 10
MM, 240, 3, 10
MM, 239, 4, 9
MM, 236, 4, 10
MM, 235, 5, 9
MM, 235, 5, 10
MM, 232, 6, 10
MM, 231, 6, 10
MM, 230, 6, 10
MM, 229, 6, 9
MM, 228, 6, 10
MM, 227, 6, 19
MM, 227, 6, 10
MM, 226, 6, 9
MM, 225, 6, 20
MM, 225, 6, 10
MM, 224, 6, 69
MM, 224, 7, 204
MM, 224, 8, 9
MM, 223, 8, 10
MM, 223, 9, 10
MM, 223, 10, 10
MM, 223, 10, 9
MM, 222, 12, 10
MM, 222, 13, 10
MM, 221, 13, 10
MM, 220, 15, 9
MM, 220, 15, 10
MM, 220, 16, 10
MM, 219, 17, 10
MM, 219, 18, 9
MM, 218, 20, 10
MM, 218, 21, 11
MM, 217, 22, 9
MM, 217, 23, 10
MM, 217, 23, 10
MM, 217, 24, 10
MM, 217, 25, 9
MM, 217, 26, 10
MM, 216, 26, 20
MM, 216, 27, 29
MM, 216, 29, 13660
MM, 220, 36, 10
MM, 231, 54, 10
MM, 240, 67, 10
MM, 253, 87, 10
MM, 273, 120, 9
MM, 288, 151, 10
MM, 295, 164, 10
MM, 300, 174, 10
MM, 307, 186, 10
MM, 311, 192, 9
MM, 315, 205, 10
MM, 317, 207, 9
MM, 319, 213, 10
MM, 322, 216, 10
MM, 324, 220, 10
MM, 325, 222, 10
MM, 325, 223, 9
MM, 325, 224, 10
MM, 327, 224, 312
MM, 328, 224, 9
MM, 334, 224, 11
MM, 340, 224, 9
MM, 350, 224, 10
MM, 361, 224, 10
MM, 372, 224, 10
MM, 384, 224, 9
MM, 394, 226, 10
MM, 402, 228, 10
MM, 412, 231, 10
MM, 421, 236, 9
MM, 432, 239, 10
MM, 444, 245, 10
MM, 451, 252, 10
MM, 460, 257, 9
MM, 470, 260, 10
MM, 477, 266, 9
MM, 485, 271, 10
MM, 490, 276, 11
MM, 498, 282, 9
MM, 503, 285, 10
MM, 509, 289, 9
MM, 515, 293, 10
MM, 519, 296, 10
MM, 522, 298, 10
MM, 523, 301, 9
MM, 525, 301, 10
MM, 526, 303, 9
MM, 526, 303, 10
MM, 527, 303, 303
MM, 530, 303, 10
MM, 534, 303, 10
MM, 537, 303, 9
MM, 540, 304, 10
MM, 544, 305, 10
MM, 548, 307, 9
MM, 553, 311, 10
MM, 556, 313, 10
MM, 560, 315, 10
MM, 565, 320, 9
MM, 569, 324, 11
MM, 577, 334, 9
MM, 580, 340, 10
MM, 583, 344, 10
MM, 589, 352, 9
MM, 593, 357, 10
MM, 596, 363, 10
MM, 599, 367, 9
MM, 602, 371, 10
MM, 606, 378, 10
MM, 608, 382, 9
MM, 611, 386, 10
MM, 614, 393, 10
MM, 618, 405, 10
MM, 621, 412, 10
MM, 625, 419, 10
MM, 627, 422, 9
MM, 632, 431, 10
MM, 634, 435, 9
MM, 636, 438, 10
MM, 637, 442, 10
MM, 639, 448, 9
MM, 640, 451, 10
MM, 640, 453, 10
MM, 640, 455, 10
MM, 640, 456, 10
MM, 640, 457, 9
MM, 640, 459, 10
MWM, 640, 459, 0, 3, 1, 431
MWM, 640, 459, 0, 3, 1, 9
MWM, 640, 459, 0, 3, 1, 9
MWM, 640, 459, 0, 3, 1, 10
MWM, 640, 459, 0, 3, 1, 10
MWM, 640, 459, 0, 3, 1, 10
MWM, 640, 459, 0, 3, 1, 11
MWM, 640, 459, 0, 3, 1, 9
MWM, 640, 459, 0, 3, 1, 10
MWM, 640, 459, 0, 3, 1, 9
MWM, 640, 459, 0, 3, 1, 11
MWM, 640, 459, 0, 3, 1, 10
MWM, 640, 459, 0, 3, 1, 8
MWM, 640, 459, 0, 3, 1, 11
MWM, 640, 459, 0, 3, 1, 8
MWM, 640, 459, 0, 3, 1, 11
MWM, 640, 459, 0, 3, 1, 10
MWM, 640, 459, 0, 3, 1, 9
MWM, 640, 459, 0, 3, 1, 9
MWM, 640, 459, 0, 3, 1, 11
MWM, 640, 459, 0, 3, 1, 9
MWM, 640, 459, 0, 3, 1, 10
MWM, 640, 459, 0, 3, 1, 10
MWM, 640, 459, 0, 3, 1, 10
MWM, 640, 459, 0, 3, 1, 9
MWM, 640, 459, 0, 3, 1, 10
MWM, 640, 459, 0, 3, 1, 10
MWM, 640, 459, 0, 3, 1, 10
MWM, 640, 459, 0, 3, 1, 10
MWM, 640, 459, 0, 3, 1, 20
MWM, 640, 459, 0, 3, 1, 8
MWM, 640, 459, 0, 3, 1, 20
MM, 642, 459, 3995
MM, 645, 458, 10
MM, 649, 457, 10
MM, 652, 457, 9
MM, 656, 456, 10
MM, 660, 454, 10
MM, 663, 453, 10
MM, 666, 452, 9
MM, 668, 451, 10
MM, 669, 451, 10
MM, 671, 450, 10
MM, 673, 449, 10
MM, 674, 449, 9
MM, 676, 449, 10
MM, 677, 449, 9
MM, 680, 448, 10
MM, 681, 448, 10
MM, 684, 447, 10
MM, 688, 447, 9
MM, 693, 446, 10
MM, 696, 446, 10
MM, 700, 446, 10
MM, 702, 445, 10
MM, 705, 445, 9
MM, 709, 444, 10
MM, 712, 444, 10
MM, 716, 444, 10
MM, 718, 444, 9
MM, 723, 444, 10
MM, 726, 444, 10
MM, 727, 444, 10
MM, 730, 444, 9
MM, 731, 444, 10
MM, 732, 444, 10
MM, 733, 444, 9
MM, 733, 444, 12
MM, 734, 444, 9
MM, 734, 444, 9
MM, 735, 444, 10
MM, 736, 444, 282
MM, 738, 444, 10
MM, 743, 444, 10
MM, 748, 444, 10
MM, 760, 444, 10
MM, 773, 444, 10
MM, 784, 444, 9
MM, 795, 444, 10
MM, 802, 444, 10
MM, 812, 444, 9
MM, 816, 444, 10
MM, 820, 444, 11
MM, 824, 444, 9
MM, 827, 444, 10
MM, 830, 444, 9
MM, 831, 444, 10
MM, 833, 444, 10
MM, 834, 444, 10
MM, 834, 444, 19
MM, 835, 444, 9
MM, 836, 444, 30
MWM, 836, 444, 0, 3, 1, 3091
MWM, 836, 444, 0, 3, 1, 9
MWM, 836, 444, 0, 3, 1, 9
MWM, 836, 444, 0, 3, 1, 10
MWM, 836, 444, 0, 3, 1, 10
MWM, 836, 444, 0, 3, 1, 10
MWM, 836, 444, 0, 3, 1, 9
MWM, 836, 444, 0, 3, 1, 10
MWM, 836, 444, 0, 3, 1, 10
MWM, 836, 444, 0, 3, 1, 10
MWM, 836, 444, 0, 3, 1, 10
MWM, 836, 444, 0, 3, 1, 11
MWM, 836, 444, 0, 3, 1, 9
MWM, 836, 444, 0, 3, 1, 9
MWM, 836, 444, 0, 3, 1, 11
MWM, 836, 444, 0, 3, 1, 9
MWM, 836, 444, 0, 3, 1, 9
MWM, 836, 444, 0, 3, 1, 10
MWM, 836, 444, 0, 3, 1, 10
MWM, 836, 444, 0, 3, 1, 9
MWM, 836, 444, 0, 3, 1, 10
MWM, 836, 444, 0, 3, 1, 10
MWM, 836, 444, 0, 3, 1, 10
MWM, 836, 444, 0, 3, 1, 10
MWM, 836, 444, 0, 3, 1, 10
MWM, 836, 444, 0, 3, 1, 9
MWM, 836, 444, 0, 3, 1, 10
MWM, 836, 444, 0, 3, 1, 9
MWM, 836, 444, 0, 3, 1, 10
MWM, 836, 444, 0, 3, 1, 11
MWM, 836, 444, 0, 3, 1, 9
MWM, 836, 444, 0, 3, 1, 10
MWM, 836, 444, 0, 3, 1, 9
MWM, 836, 444, 0, 3, 1, 10
MWM, 836, 444, 0, 3, 1, 10
MWM, 836, 444, 0, 3, 1, 10
MWM, 836, 444, 0, 3, 1, 9
MWM, 836, 444, 0, 3, 1, 10
MWM, 836, 444, 0, 3, 1, 10
MWM, 836, 444, 0, 3, 1, 9
MWM, 836, 444, 0, 3, 1, 10
MWM, 836, 444, 0, 3, 1, 10
MWM, 836, 444, 0, 3, 1, 10
MWM, 836, 444, 0, 3, 1, 10
MWM, 836, 444, 0, 3, 1, 9
MWM, 836, 444, 0, 3, 1, 10
MWM, 836, 444, 0, 3, 1, 9
MWM, 836, 444, 0, 3, 1, 11
MWM, 836, 444, 0, 3, 1, 8
MWM, 836, 444, 0, 3, 1, 11
MWM, 836, 444, 0, 3, 1, 9
MWM, 836, 444, 0, 3, 1, 10
MWM, 836, 444, 0, 3, 1, 11
MWM, 836, 444, 0, 3, 1, 9
MWM, 836, 444, 0, 3, 1, 9
MWM, 836, 444, 0, 3, 1, 10
MWM, 836, 444, 0, 3, 1, 10
MWM, 836, 444, 0, 3, 1, 9
MWM, 836, 444, 0, 3, 1, 11
MWM, 836, 444, 0, 3, 1, 9
MWM, 836, 444, 0, 3, 1, 10
MWM, 836, 444, 0, 3, 1, 10
MWM, 836, 444, 0, 3, 1, 9
MWM, 836, 444, 0, 3, 1, 10
MWM, 836, 444, 0, 3, 1, 11
MWM, 836, 444, 0, 3, 1, 8
MWM, 836, 444, 0, 3, 1, 10
MWM, 836, 444, 0, 3, 1, 11
MWM, 836, 444, 0, 3, 1, 8
MWM, 836, 444, 0, 3, 1, 22
MWM, 836, 444, 0, 3, 1, 9
MWM, 836, 444, 0, 3, 1, 9
MWM, 836, 444, 0, 3, 1, 10
MWM, 836, 444, 0, 3, 1, 20
MWM, 836, 444, 0, 3, 1, 750
MWM, 836, 444, 0, 3, 1, 9
MWM, 836, 444, 0, 3, 1, 10
MWM, 836, 444, 0, 3, 1, 10
MWM, 836, 444, 0, 3, 1, 9
MWM, 836, 444, 0, 3, 1, 11
MWM, 836, 444, 0, 3, 1, 11
MWM, 836, 444, 0, 3, 1, 8
MWM, 836, 444, 0, 3, 1, 10
MWM, 836, 444, 0, 3, 1, 9
MWM, 836, 444, 0, 3, 1, 10
MWM, 836, 444, 0, 3, 1, 11
MWM, 836, 444, 0, 3, 1, 10
MWM, 836, 444, 0, 3, 1, 18
MWM, 836, 444, 0, 3, 1, 20
MWM, 836, 444, 0, 3, 1, 21
MWM, 836, 444, 0, 3, 1, 27
MM, 836, 443, 535
MM, 836, 442, 20
MM, 836, 441, 9
MM, 836, 439, 10
MM, 836, 436, 10
MM, 836, 433, 9
MM, 836, 427, 10
MM, 836, 421, 10
MM, 836, 414, 10
MM, 838, 398, 10
MM, 839, 390, 10
MM, 841, 375, 10
MM, 844, 367, 10
MM, 845, 355, 10
MM, 846, 346, 9
MM, 847, 342, 10
MM, 848, 332, 10
MM, 848, 327, 10
MM, 849, 324, 10
MM, 849, 321, 9
MM, 850, 318, 10
MM, 851, 315, 9
MM, 851, 313, 10
MM, 852, 311, 9
MM, 853, 309, 10
MM, 853, 308, 10
MM, 854, 307, 10
MM, 854, 305, 340
MM, 854, 304, 10
MM, 854, 302, 10
MM, 854, 300, 10
MM, 855, 295, 10
MM, 855, 291, 10
MM, 857, 283, 9
MM, 859, 277, 10
MM, 860, 268, 10
MM, 863, 261, 11
MM, 865, 254, 8
MM, 867, 244, 10
MM, 871, 234, 10
MM, 873, 229, 9
MM, 876, 222, 10
MM, 876, 219, 10
MM, 878, 216, 10
MM, 879, 212, 9
MM, 880, 209, 10
MM, 882, 208, 10
MM, 882, 207, 9
MM, 882, 205, 10
MM, 883, 205, 10
MM, 883, 204, 19
MM, 883, 203, 30
MM, 883, 203, 126
MM, 883, 204, 10
MM, 883, 204, 419
MM, 882, 204, 10
MM, 880, 204, 10
MM, 877, 204, 10
MM, 873, 204, 9
MM, 870, 204, 10
MM, 862, 204, 10
MM, 851, 207, 10
MM, 839, 211, 10
MM, 824, 219, 10
MM, 807, 225, 9
MM, 785, 236, 10
MM, 764, 244, 10
MM, 748, 255, 9
MM, 735, 261, 11
MM, 724, 269, 10
MM, 712, 277, 9
MM, 705, 282, 9
MM, 698, 288, 10
MM, 694, 290, 9
MM, 689, 292, 11
MM, 687, 293, 9
MM, 685, 294, 10
MM, 684, 295, 9
MM, 682, 296, 11
MM, 681, 296, 19
MM, 681, 296, 9
MM, 680, 296, 39
MM, 678, 296, 975
MM, 676, 297, 9
MM, 673, 298, 10
MM, 670, 298, 11
MM, 666, 300, 9
MM, 661, 301, 10
MM, 655, 302, 10
MM, 647, 302, 9
MM, 641, 302, 10
MM, 632, 304, 10
MM, 624, 306, 10
MM, 613, 307, 9
MM, 595, 316, 10
MM, 575, 322, 10
MM, 564, 326, 10
MM, 551, 328, 10
MM, 539, 333, 9
MM, 526, 337, 11
MM, 511, 339, 9
MM, 503, 339, 10
MM, 495, 340, 9
MM, 488, 341, 10
MM, 485, 342, 10
MM, 481, 343, 9
MM, 478, 344, 10
MM, 477, 344, 10
MM, 475, 344, 10
MM, 475, 344, 9
MM, 474, 344, 10
MM, 473, 344, 10
MM, 473, 345, 10
MM, 472, 345, 9
MM, 472, 346, 97
MM, 472, 346, 147
MM, 474, 344, 10
MM, 478, 342, 9
MM, 482, 337, 10
MM, 486, 336, 10
MM, 495, 329, 10
MM, 502, 324, 9
MM, 509, 317, 10
MM, 518, 313, 10
MM, 528, 305, 10
MM, 537, 299, 10
MM, 544, 296, 9
MM, 550, 291, 10
MM, 556, 288, 9
MM, 562, 287, 10
MM, 569, 284, 10
MM, 575, 282, 9
MM, 583, 278, 10
MM, 590, 276, 10
MM, 595, 275, 10
MM, 601, 274, 9
MM, 606, 273, 10
MM, 610, 272, 10
MM, 613, 271, 11
MM, 618, 271, 9
MM, 622, 271, 9
MM, 628, 271, 11
MM, 636, 270, 9
MM, 641, 269, 10
MM, 645, 269, 10
MM, 647, 269, 10
MM, 649, 269, 9
MM, 651, 269, 10
MM, 651, 269, 10
MM, 652, 269, 10
MM, 653, 268, 9
MM, 653, 268, 30
MM, 654, 268, 58
MM, 654, 268, 1032
MM, 654, 268, 21
MM, 654, 267, 9
MM, 652, 266, 10
MM, 651, 266, 10
MM, 649, 265, 10
MM, 646, 264, 9
MM, 644, 263, 10
MM, 641, 263, 10
MM, 638, 262, 10
MM, 633, 261, 9
MM, 628, 261, 10
MM, 625, 260, 10
MM, 621, 259, 10
MM, 615, 259, 10
MM, 610, 259, 9
MM, 604, 258, 10
MM, 599, 256, 9
MM, 595, 256, 10
MM, 590, 255, 10
MM, 587, 255, 10
MM, 583, 255, 9
MM, 580, 255, 11
MM, 577, 255, 9
MM, 574, 255, 10
MM, 571, 255, 9
MM, 569, 255, 10
MM, 567, 255, 11
MM, 565, 255, 9
MM, 565, 255, 10
MM, 563, 255, 9
MM, 562, 255, 9
MM, 562, 255, 10
MM, 561, 255, 10
MM, 560, 255, 10
MM, 559, 255, 10
MM, 558, 255, 9
MM, 558, 255, 11
MM, 557, 255, 9
MM, 556, 255, 10
MM, 556, 255, 9
MM, 554, 255, 10
MM, 553, 255, 19
MM, 552, 255, 11
MM, 551, 255, 9
MM, 550, 255, 10
MM, 549, 255, 10
MM, 548, 255, 9
MM, 547, 255, 11
MM, 546, 255, 10
MM, 545, 255, 9
MM, 544, 255, 10
MM, 544, 255, 9
MM, 543, 255, 20
MM, 542, 255, 9
MM, 541, 255, 10
MM, 541, 255, 20
MM, 540, 255, 19
MM, 539, 255, 29
MM, 539, 255, 1881
MM, 539, 257, 10
MM, 539, 258, 10
MM, 539, 262, 10
MM, 539, 265, 10
MM, 539, 269, 9
MM, 542, 278, 10
MM, 543, 294, 10
MM, 544, 301, 9
MM, 545, 307, 10
MM, 546, 311, 10
MM, 547, 319, 10
MM, 547, 326, 9
MM, 548, 333, 10
MM, 548, 336, 10
MM, 549, 341, 10
MM, 551, 349, 10
MM, 551, 356, 9
MM, 551, 362, 10
MM, 551, 367, 10
MM, 552, 373, 9
MM, 552, 379, 10
MM, 553, 383, 9
MM, 553, 386, 10
MM, 553, 390, 10
MM, 553, 393, 10
MM, 553, 397, 9
MM, 553, 400, 10
MM, 553, 404, 10
MM, 553, 406, 9
MM, 553, 407, 11
MM, 553, 407, 10
MM, 553, 408, 9
MM, 553, 409, 10
MM, 553, 409, 59
MWM, 553, 409, 0, 3, 1, 351
MWM, 553, 409, 0, 3, 1, 9
MWM, 553, 409, 0, 3, 1, 11
MWM, 553, 409, 0, 3, 1, 11
MWM, 553, 409, 0, 3, 1, 9
MWM, 553, 409, 0, 3, 1, 9
MWM, 553, 409, 0, 3, 1, 10
MWM, 553, 409, 0, 3, 1, 9
MWM, 553, 409, 0, 3, 1, 11
MWM, 553, 409, 0, 3, 1, 9
MWM, 553, 409, 0, 3, 1, 11
MWM, 553, 409, 0, 3, 1, 8
MWM, 553, 409, 0, 3, 1, 10
MWM, 553, 409, 0, 3, 1, 10
MWM, 553, 409, 0, 3, 1, 9
MWM, 553, 409, 0, 3, 1, 12
MWM, 553, 409, 0, 3, 1, 8
MWM, 553, 409, 0, 3, 1, 10
MWM, 553, 409, 0, 3, 1, 9
MWM, 553, 409, 0, 3, 1, 10
MWM, 553, 409, 0, 3, 1, 10
MWM, 553, 409, 0, 3, 1, 10
MWM, 553, 409, 0, 3, 1, 20
MWM, 553, 409, 0, 3, 1, 9
MWM, 553, 409, 0, 3, 1, 9
MWM, 553, 409, 0, 3, 1, 22
MWM, 553, 409, 0, 3, 1, 9
MWM, 553, 409, 0, 3, 1, 18
MWM, 553, 409, 0, 3, 1, 20
MM, 554, 409, 584
MM, 555, 408, 10
MM, 556, 407, 10
MM, 559, 404, 10
MM, 565, 398, 9
MM, 575, 390, 10
MM, 596, 376, 10
MM, 633, 346, 9
MM, 669, 323, 10
MM, 703, 306, 10
MM, 756, 283, 10
MM, 790, 269, 9
MM, 824, 255, 10
MM, 855, 242, 10
MM, 880, 237, 10
MM, 893, 236, 9
MM, 908, 230, 10
MM, 918, 226, 10
MM, 924, 225, 10
MM, 928, 224, 9
MM, 931, 224, 10
MM, 932, 224, 10
MM, 934, 224, 10
MM, 935, 224, 9
MM, 936, 224, 10
MM, 937, 224, 19
MM, 937, 224, 10
MM, 937, 225, 10
MM, 938, 225, 10
MM, 939, 225, 19
MM, 939, 226, 10
MM, 939, 227, 10
MM, 939, 228, 9
MM, 939, 229, 10
MM, 940, 230, 10
MM, 940, 232, 10
MM, 940, 236, 9
MM, 940, 237, 10
MM, 940, 242, 10
MM, 940, 243, 10
MM, 940, 246, 9
MM, 940, 248, 10
MM, 940, 248, 10
MM, 939, 251, 10
MM, 936, 255, 9
MM, 933, 257, 10
MM, 930, 261, 10
MM, 924, 267, 9
MM, 914, 277, 10
MM, 903, 284, 10
MM, 888, 301, 10
MM, 876, 312, 9
MM, 864, 321, 10
MM, 854, 330, 10
MM, 836, 339, 10
MM, 824, 344, 9
MM, 814, 348, 10
MM, 807, 353, 10
MM, 800, 355, 10
MM, 796, 357, 9
MM, 793, 358, 10
MM, 789, 359, 10
MM, 785, 360, 10
MM, 782, 361, 9
MM, 780, 361, 10
MM, 779, 361, 10
MM, 778, 361, 10
MM, 777, 361, 19
MM, 776, 361, 10
MM, 776, 361, 39
MWM, 776, 361, 0, 3, 1, 468
MWM, 776, 361, 0, 3, 1, 10
MWM, 776, 361, 0, 3, 1, 10
MWM, 776, 361, 0, 3, 1, 9
MWM, 776, 361, 0, 3, 1, 12
MWM, 776, 361, 0, 3, 1, 8
MWM, 776, 361, 0, 3, 1, 9
MWM, 776, 361, 0, 3, 1, 11
MWM, 776, 361, 0, 3, 1, 9
MWM, 776, 361, 0, 3, 1, 10
MWM, 776, 361, 0, 3, 1, 9
MWM, 776, 361, 0, 3, 1, 10
MWM, 776, 361, 0, 3, 1, 10
MWM, 776, 361, 0, 3, 1, 11
MWM, 776, 361, 0, 3, 1, 9
MWM, 776, 361, 0, 3, 1, 9
MWM, 776, 361, 0, 3, 1, 10
MWM, 776, 361, 0, 3, 1, 10
MWM, 776, 361, 0, 3, 1, 9
MWM, 776, 361, 0, 3, 1, 12
MWM, 776, 361, 0, 3, 1, 9
MWM, 776, 361, 0, 3, 1, 10
MWM, 776, 361, 0, 3, 1, 9
MWM, 776, 361, 0, 3, 1, 10
MWM, 776, 361, 0, 3, 1, 11
MWM, 776, 361, 0, 3, 1, 10
MWM, 776, 361, 0, 3, 1, 8
MWM, 776, 361, 0, 3, 1, 10
MWM, 776, 361, 0, 3, 1, 10
MWM, 776, 361, 0, 3, 1, 10
MWM, 776, 361, 0, 3, 1, 11
MWM, 776, 361, 0, 3, 1, 9
MWM, 776, 361, 0, 3, 1, 8
MWM, 776, 361, 0, 3, 1, 263
MWM, 776, 361, 0, 3, 1, 11
MWM, 776, 361, 0, 3, 1, 9
MWM, 776, 361, 0, 3, 1, 11
MWM, 776, 361, 0, 3, 1, 9
MWM, 776, 361, 0, 3, 1, 9
MWM, 776, 361, 0, 3, 1, 11
MWM, 776, 361, 0, 3, 1, 8
MWM, 776, 361, 0, 3, 1, 10
MWM, 776, 361, 0, 3, 1, 10
MWM, 776, 361, 0, 3, 1, 10
MWM, 776, 361, 0, 3, 1, 10
MWM, 776, 361, 0, 3, 1, 10
MWM, 776, 361, 0, 3, 1, 10
MWM, 776, 361, 0, 3, 1, 8
MWM, 776, 361, 0, 3, 1, 11
MWM, 776, 361, 0, 3, 1, 9
MWM, 776, 361, 0, 3, 1, 10
MWM, 776, 361, 0, 3, 1, 10
MWM, 776, 361, 0, 3, 1, 10
MWM, 776, 361, 0, 3, 1, 9
MWM, 776, 361, 0, 3, 1, 10
MWM, 776, 361, 0, 3, 1, 10
MWM, 776, 361, 0, 3, 1, 10
MWM, 776, 361, 0, 3, 1, 10
MWM, 776, 361, 0, 3, 1, 10
MWM, 776, 361, 0, 3, 1, 8
MWM, 776, 361, 0, 3, 1, 20
MWM, 776, 361, 0, 3, 1, 30
MWM, 776, 361, 0, 3, 1, 40
MWM, 776, 361, 0, 3, 1, 1392
MWM, 776, 361, 0, 3, 1, 10
MWM, 776, 361, 0, 3, 1, 12
MWM, 776, 361, 0, 3, 1, 9
MWM, 776, 361, 0, 3, 1, 8
MWM, 776, 361, 0, 3, 1, 11
MWM, 776, 361, 0, 3, 1, 9
MWM, 776, 361, 0, 3, 1, 9
MWM, 776, 361, 0, 3, 1, 10
MWM, 776, 361, 0, 3, 1, 11
MWM, 776, 361, 0, 3, 1, 10
MWM, 776, 361, 0, 3, 1, 9
MWM, 776, 361, 0, 3, 1, 9
MWM, 776, 361, 0, 3, 1, 10
MWM, 776, 361, 0, 3, 1, 10
MWM, 776, 361, 0, 3, 1, 9
MWM, 776, 361, 0, 3, 1, 11
MWM, 776, 361, 0, 3, 1, 9
MWM, 776, 361, 0, 3, 1, 12
MWM, 776, 361, 0, 3, 1, 8
MWM, 776, 361, 0, 3, 1, 9
MWM, 776, 361, 0, 3, 1, 11
MWM, 776, 361, 0, 3, 1, 1198
MWM, 776, 361, 0, 3, 1, 11
MWM, 776, 361, 0, 3, 1, 8
MWM, 776, 361, 0, 3, 1, 10
MWM, 776, 361, 0, 3, 1, 29
MWM, 776, 361, 0, 3, 1, 30
MWM, 776, 361, 0, 3, 1, 9
MWM, 776, 361, 0, 3, 1, 10
MWM, 776, 361, 0, 3, 1, 9
MWM, 776, 361, 0, 3, 1, 19
MWM, 776, 361, 0, 3, 1, 254
MWM, 776, 361, 0, 3, 1, 10
MWM, 776, 361, 0, 3, 1, 10
MWM, 776, 361, 0, 3, 1, 9
MWM, 776, 361, 0, 3, 1, 11
MWM, 776, 361, 0, 3, 1, 9
MWM, 776, 361, 0, 3, 1, 10
MWM, 776, 361, 0, 3, 1, 9
MWM, 776, 361, 0, 3, 1, 10
MWM, 776, 361, 0, 3, 1, 10
MWM, 776, 361, 0, 3, 1, 11
MWM, 776, 361, 0, 3, 1, 18
MWM, 776, 361, 0, 3, 1, 19
MWM, 776, 361, 0, 3, 1, 10
MWM, 776, 361, 0, 3, 1, 9
MWM, 776, 361, 0, 3, 1, 254
MWM, 776, 361, 0, 3, 1, 11
MWM, 776, 361, 0, 3, 1, 9
MWM, 776, 361, 0, 3, 1, 10
MWM, 776, 361, 0, 3, 1, 10
MWM, 776, 361, 0, 3, 1, 10
MWM, 776, 361, 0, 3, 1, 9
MWM, 776, 361, 0, 3, 1, 10
MWM, 776, 361, 0, 3, 1, 9
MWM, 776, 361, 0, 3, 1, 11
MWM, 776, 361, 0, 3, 1, 301
MWM, 776, 361, 0, 3, 1, 10
MWM, 776, 361, 0, 3, 1, 11
MWM, 776, 361, 0, 3, 1, 8
MWM, 776, 361, 0, 3, 1, 10
MWM, 776, 361, 0, 3, 1, 10
MWM, 776, 361, 0, 3, 1, 10
MWM, 776, 361, 0, 3, 1, 10
MWM, 776, 361, 0, 3, 1, 10
MWM, 776, 361, 0, 3, 1, 10
MWM, 776, 361, 0, 3, 1, 857
MWM, 776, 361, 0, 3, 1, 9
MWM, 776, 361, 0, 3, 1, 10
MWM, 776, 361, 0, 3, 1, 10
MWM, 776, 361, 0, 3, 1, 11
MWM, 776, 361, 0, 3, 1, 9
MWM, 776, 361, 0, 3, 1, 8
MWM, 776, 361, 0, 3, 1, 10
MWM, 776, 361, 0, 3, 1, 10
MWM, 776, 361, 0, 3, 1, 10
MWM, 776, 361, 0, 3, 1, 10
MWM, 776, 361, 0, 3, 1, 10
MWM, 776, 361, 0, 3, 1, 9
MWM, 776, 361, 0, 3, 1, 10
MWM, 776, 361, 0, 3, 1, 20
MWM, 776, 361, 0, 3, 1, 19
MWM, 776, 361, 0, 3, 1, 39
MWM, 776, 361, 0, 3, 1, 98
MWM, 776, 361, 0, 3, 1, 213
MWM, 776, 361, 0, 3, 1, 139
MWM, 776, 361, 0, 3, 1, 38
MWM, 776, 361, 0, 3, 1, 39
MWM, 776, 361, 0, 3, 1, 20
MWM, 776, 361, 0, 3, 1, 20
MWM, 776, 361, 0, 3, 1, 18
MWM, 776, 361, 0, 3, 1, 9
MWM, 776, 361, 0, 3, 1, 20
MWM, 776, 361, 0, 3, 1, 10
MWM, 776, 361, 0, 3, 1, 9
MWM, 776, 361, 0, 3, 1, 11
MWM, 776, 361, 0, 3, 1, 10
MWM, 776, 361, 0, 3, 1, 9
MWM, 776, 361, 0, 3, 1, 10
MWM, 776, 361, 0, 3, 1, 10
MWM, 776, 361, 0, 3, 1, 9
MWM, 776, 361, 0, 3, 1, 9
MWM, 776, 361, 0, 3, 1, 10
MWM, 776, 361, 0, 3, 1, 10
MWM, 776, 361, 0, 3, 1, 10
MWM, 776, 361, 0, 3, 1, 10
MWM, 776, 361, 0, 3, 1, 10
MWM, 776, 361, 0, 3, 1, 10
MWM, 776, 361, 0, 3, 1, 9
MWM, 776, 361, 0, 3, 1, 10
MWM, 776, 361, 0, 3, 1, 10
MWM, 776, 361, 0, 3, 1, 19
MWM, 776, 361, 0, 3, 1, 10
MWM, 776, 361, 0, 3, 1, 19
MWM, 776, 361, 0, 3, 1, 30
MWM, 776, 361, 0, 3, 1, 29
MWM, 776, 361, 0, 3, 1, 28
MWM, 776, 361, 0, 3, 1, 60
MWM, 776, 361, 0, 3, 1, 78
MM, 774, 361, 456
MM, 772, 362, 11
MM, 768, 363, 9
MM, 762, 367, 9
MM, 757, 367, 11
MM, 750, 370, 10
MM, 737, 373, 9
MM, 726, 378, 10
MM, 714, 380, 9
MM, 699, 387, 11
MM, 688, 392, 9
MM, 672, 404, 10
MM, 653, 415, 10
MM, 633, 428, 9
MM, 616, 434, 10
MM, 598, 441, 10
MM, 583, 448, 10
MM, 570, 453, 9
MM, 558, 459, 10
MM, 547, 462, 10
MM, 537, 465, 9
MM, 524, 469, 10
MM, 510, 474, 10
MM, 502, 477, 10
MM, 497, 479, 10
MM, 491, 481, 9
MM, 484, 484, 10
MM, 480, 485, 10
MM, 475, 486, 10
MM, 473, 488, 9
MM, 470, 489, 10
MM, 468, 490, 10
MM, 467, 492, 9
MM, 465, 492, 10
MM, 464, 492, 10
MM, 464, 492, 10
MM, 463, 492, 19
MM, 463, 493, 30
MM, 463, 494, 48
MP, 2, 3659
MR, 2, 188
MC, 1, 0
MM, 463, 495, 976
MM, 464, 496, 20
MM, 465, 496, 19
MM, 465, 497, 20
MM, 465, 498, 10
MM, 466, 498, 10
MM, 467, 499, 9
MM, 467, 500, 10
MM, 468, 500, 10
MM, 469, 501, 10
MM, 469, 502, 9
MM, 471, 503, 10
MM, 472, 503, 10
MM, 472, 504, 10
MM, 472, 505, 20
MM, 473, 505, 38
MM, 474, 505, 59
MM, 474, 505, 10
MM, 475, 505, 9
MM, 476, 505, 10
MM, 476, 505, 19
MM, 477, 505, 20
MM, 478, 505, 39
MM, 478, 506, 136
MP, 1, 477
MR, 1, 127
MC, 1, 0
MM, 478, 505, 751
MM, 478, 500, 9
MM, 478, 492, 10
MM, 476, 483, 10
MM, 475, 475, 10
MM, 474, 470, 10
MM, 474, 456, 9
MM, 474, 441, 9
MM, 474, 433, 10
MM, 474, 422, 11
MM, 474, 412, 9
MM, 474, 397, 9
MM, 475, 379, 10
MM, 477, 368, 10
MM, 480, 358, 10
MM, 482, 337, 10
MM, 486, 326, 9
MM, 489, 316, 10
MM, 491, 309, 10
MM, 494, 299, 9
MM, 494, 292, 10
MM, 494, 290, 10
MM, 494, 288, 10
MM, 494, 287, 10
MM, 494, 287, 9
MM, 494, 285, 283
MM, 494, 284, 10
MM, 494, 281, 9
MM, 494, 278, 10
MM, 492, 269, 10
MM, 490, 251, 10
MM, 490, 221, 9
MM, 485, 174, 10
MM, 485, 135, 10
MM, 485, 103, 9
MM, 485, 91, 10
MM, 485, 70, 10
MM, 486, 52, 10
MM, 487, 42, 12
MM, 490, 26, 7
MM, 490, 20, 10
MM, 491, 10, 10
MM, 492, -3, 9
MM, 493, -10, 10
MM, 495, -8, 10
MM, 495, -4, 10
MM, 495, -5, 9
MM, 496, -1, 10
MM, 496, -2, 10
MM, 497, -2, 9
MM, 497, -1, 10
MM, 497, -1, 10
MM, 497, 0, 293
MM, 495, -1, 10
MM, 492, -1, 9
MM, 489, -1, 10
MM, 478, -7, 10
MM, 462, -3, 10
MM, 445, -8, 10
MM, 423, -12, 9
MM, 391, -6, 13
MM, 377, -5, 7
MM, 357, -9, 9
MM, 340, -6, 10
MM, 323, -5, 10
MM, 296, -9, 10
MM, 285, -6, 10
MM, 275, -3, 9
MM, 266, -3, 10
MM, 258, -2, 10
MM, 252, -3, 9
MM, 247, -2, 10
MM, 244, 0, 10
MM, 243, 0, 10
MM, 242, 0, 9
MM, 241, -1, 10
MM, 241, 0, 20
MM, 240, 0, 9
MM, 239, 0, 20
MP, 1, 1236
MR, 1, 127
MC, 1, 0
MM, 241, 1, 595
MM, 244, 2, 10
MM, 248, 4, 10
MM, 256, 11, 10
MM, 265, 18, 9
MM, 275, 26, 10
MM, 291, 38, 10
MM, 309, 54, 10
MM, 324, 69, 9
MM, 337, 80, 10
MM, 350, 90, 10
MM, 359, 97, 10
MM, 371, 109, 9
MM, 382, 120, 10
MM, 392, 136, 10
MM, 398, 143, 10
MM, 402, 147, 9
MM, 411, 159, 10
MM, 414, 163, 10
MM, 416, 166, 10
MM, 419, 170, 10
MM, 421, 171, 9
MM, 422, 173, 10
MM, 422, 173, 9
MM, 423, 178, 10
MM, 424, 179, 10
MM, 424, 180, 9
MM, 425, 181, 10
MM, 425, 181, 10
MM, 425, 182, 10
MM, 427, 185, 321
MM, 434, 194, 10
MM, 444, 210, 10
MM, 460, 233, 10
MM, 470, 243, 9
MM, 482, 256, 10
MM, 495, 270, 10
MM, 510, 290, 9
MM, 522, 298, 10
MM, 535, 312, 10
MM, 544, 320, 10
MM, 552, 329, 9
MM, 560, 336, 10
MM, 568, 343, 10
MM, 573, 346, 10
MM, 580, 353, 9
MM, 585, 359, 10
MM, 593, 370, 10
MM, 596, 374, 9
MM, 601, 379, 10
MM, 605, 383, 10
MM, 607, 385, 10
MM, 609, 387, 10
MM, 610, 389, 9
MM, 612, 390, 10
MM, 613, 391, 10
MM, 613, 392, 9
MM, 613, 392, 20
MM, 614, 392, 10
MM, 615, 392, 3429
MM, 617, 393, 10
MM, 621, 395, 10
MM, 631, 399, 9
MM, 641, 405, 10
MM, 652, 413, 10
MM, 665, 421, 10
MM, 683, 432, 10
MM, 695, 440, 9
MM, 707, 449, 10
MM, 717, 459, 10
MM, 726, 464, 9
MM, 733, 471, 10
MM, 739, 475, 10
MM, 744, 481, 10
MM, 747, 484, 10
MM, 750, 488, 9
MM, 753, 492, 10
MM, 754, 493, 10
MM, 754, 493, 9
MM, 755, 494, 21
MM, 755, 495, 8
MM, 755, 495, 10
MM, 758, 499, 254
MM, 762, 505, 9
MM, 767, 510, 10
MM, 774, 519, 10
MM, 784, 530, 10
MM, 793, 539, 9
MM, 803, 547, 10
MM, 812, 552, 10
MM, 816, 554, 10
MM, 823, 558, 10
MM, 825, 559, 9
MM, 827, 560, 10
MM, 830, 562, 9
MM, 831, 562, 11
MM, 831, 563, 10
MM, 833, 563, 10
MM, 833, 563, 29
MM, 834, 563, 29
MM, 835, 563, 59
MM, 835, 563, 9
MM, 835, 563, 20
MM, 835, 563, 9
MM, 835, 562, 10
MM, 836, 562, 10
MM, 836, 561, 10
MM, 837, 560, 9
MM, 837, 560, 10
MM, 838, 557, 10
MM, 838, 556, 9
MM, 839, 555, 10
MM, 840, 553, 10
MM, 841, 553, 10
MM, 841, 551, 9
MM, 841, 551, 10
MM, 842, 549, 10
MM, 843, 548, 10
MM, 843, 547, 9
MM, 844, 546, 20
MM, 845, 545, 10
MM, 845, 544, 9
MM, 846, 543, 10
MM, 846, 543, 137
MM, 846, 542, 38
MM, 846, 541, 30
MM, 846, 541, 58
MP, 1, 361
MR, 1, 126
MC, 1, 0
MM, 849, 541, 28927
MM, 853, 541, 9
MM, 862, 543, 10
MM, 874, 546, 10
MM, 886, 547, 9
MM, 899, 550, 10
MM, 909, 551, 10
MM, 917, 551, 9
MM, 924, 553, 11
MM, 931, 556, 9
MM, 937, 558, 10
MM, 940, 559, 10
MM, 944, 562, 11
MM, 950, 565, 9
MM, 958, 576, 10
MM, 965, 583, 10
MM, 973, 593, 9
MM, 986, 610, 10
MM, 1002, 630, 10
MM, 1010, 642, 10
MM, 1016, 652, 9
MM, 1024, 664, 10
MM, 1028, 674, 10
MM, 1031, 681, 10
MM, 1035, 691, 9
MM, 1037, 697, 10
MM, 1039, 701, 10
MM, 1039, 712, 10
MM, 1040, 716, 9
MM, 1040, 722, 10
MM, 1040, 727, 9
MM, 1040, 734, 10
MM, 1040, 739, 10
MM, 1040, 741, 10
MM, 1039, 743, 9
MM, 1039, 743, 11
MM, 1038, 743, 126
MM, 1037, 743, 19
MM, 1036, 743, 11
MM, 1035, 743, 9
MM, 1033, 743, 10
MM, 1031, 741, 9
MM, 1027, 740, 10
MM, 1025, 738, 10
MM, 1019, 734, 9
MM, 1015, 732, 11
MM, 1011, 729, 9
MM, 1007, 727, 11
MM, 1004, 724, 9
MM, 1000, 722, 10
MM, 998, 721, 9
MM, 995, 719, 10
MM, 992, 717, 10
MM, 990, 715, 9
MM, 984, 712, 10
MM, 977, 707, 10
MM, 974, 703, 10
MM, 968, 697, 9
MM, 959, 687, 10
MM, 953, 679, 10
MM, 945, 672, 10
MM, 936, 663, 9
MM, 926, 652, 10
MM, 918, 643, 9
MM, 912, 637, 11
MM, 906, 632, 10
MM, 902, 627, 9
MM, 896, 623, 9
MM, 893, 620, 10
MM, 887, 614, 10
MM, 883, 607, 10
MM, 878, 602, 9
MM, 876, 600, 10
MM, 874, 597, 11
MM, 872, 595, 9
MM, 869, 593, 10
MM, 867, 592, 10
MM, 865, 590, 10
MM, 864, 589, 10
MM, 863, 588, 9
MM, 861, 588, 10
MM, 860, 588, 10
MM, 860, 587, 9
MM, 858, 586, 10
MM, 858, 586, 10
MM, 857, 586, 9
MM, 856, 586, 10
MM, 856, 585, 10
MM, 856, 585, 10
MM, 855, 585, 10
MM, 854, 585, 9
MM, 854, 584, 10
MM, 853, 584, 9
MM, 853, 584, 40
MM, 853, 584, 77
MM, 853, 585, 10
MM, 853, 585, 20
MM, 853, 586, 10
MM, 853, 587, 9
MM, 853, 587, 20
MM, 853, 588, 10
MM, 853, 589, 19
MM, 853, 589, 10
MM, 854, 591, 10
MM, 855, 592, 9
MM, 855, 593, 10
MM, 856, 594, 9
MM, 857, 596, 11
MM, 858, 598, 9
MM, 858, 599, 9
MM, 859, 600, 10
MM, 860, 601, 10
MM, 860, 603, 10
MM, 861, 604, 9
MM, 861, 604, 10
MM, 861, 605, 20
MM, 861, 606, 9
MM, 861, 606, 10
MM, 861, 607, 21
MM, 861, 608, 9
MM, 861, 608, 30
MM, 861, 609, 47
MP, 1, 371
MR, 1, 126
MC, 1, 0
MM, 862, 609, 520199
MM, 863, 609, 8
MM, 865, 609, 8
MM, 869, 609, 8
MM, 871, 608, 8
MM, 875, 607, 9
MM, 880, 607, 7
MM, 883, 607, 8
MM, 889, 605, 9
MM, 894, 604, 8
MM, 901, 602, 8
MM, 908, 600, 8
MM, 914, 597, 8
MM, 922, 594, 7
MM, 929, 590, 8
MM, 934, 587, 8
MM, 936, 586, 8
MM, 940, 585, 8
MM, 940, 585, 112
MM, 942, 585, 8
MM, 942, 585, 8
MM, 943, 585, 16
MM, 944, 585, 16
MM, 946, 585, 16
MM, 948, 585, 8
MM, 950, 585, 8
MM, 953, 585, 8
MM, 957, 588, 8
MM, 961, 590, 8
MM, 970, 596, 8
MM, 978, 603, 8
MM, 986, 609, 8
MM, 993, 616, 8
MM, 1001, 624, 8
MM, 1007, 633, 8
MM, 1013, 643, 8
MM, 1021, 653, 8
MM, 1028, 667, 8
MM, 1037, 680, 8
MM, 1045, 694, 8
MM, 1052, 702, 8
MM, 1058, 711, 8
MM, 1064, 718, 8
MM, 1068, 726, 8
MM, 1070, 728, 8
MM, 1074, 734, 8
MM, 1075, 737, 9
MM, 1077, 738, 8
MM, 1080, 742, 7
MM, 1082, 745, 8
MM, 1084, 750, 8
MM, 1087, 754, 8
MM, 1089, 758, 8
MM, 1093, 765, 8
MM, 1098, 774, 8
MM, 1102, 773, 8
MM, 1108, 774, 8
MM, 1114, 774, 8
MM, 1123, 776, 8
MM, 1132, 776, 8
MM, 1144, 777, 8
MM, 1160, 778, 8
MM, 1174, 777, 8
MM, 1192, 779, 8
MM, 1208, 775, 8
MM, 1222, 774, 8
MM, 1234, 775, 8
MM, 1248, 774, 8
MM, 1259, 772, 8
MM, 1269, 771, 8
MM, 1281, 769, 8
MM, 1294, 769, 8
MM, 1305, 769, 8
MM, 1317, 768, 8
MM, 1330, 769, 8
MM, 1344, 768, 8
MM, 1357, 767, 9
MM, 1373, 770, 7
MM, 1381, 767, 8
MM, 1382, 767, 8
MM, 1383, 767, 9
MM, 1382, 767, 7
MM, 1383, 765, 8
MM, 1381, 761, 8
MM, 1380, 754, 8
MM, 1380, 747, 8
MM, 1379, 736, 8
MM, 1379, 723, 8
MM, 1382, 705, 8
MM, 1376, 693, 8
MM, 1376, 677, 8
MM, 1370, 667, 8
MM, 1366, 662, 8
MM, 1365, 659, 8
MM, 1365, 657, 8
MM, 1364, 655, 8
MM, 1362, 653, 8
MM, 1359, 651, 7
MM, 1355, 648, 9
MM, 1351, 646, 8
MM, 1350, 644, 8
MM, 1343, 642, 8
MM, 1333, 639, 8
MM, 1317, 633, 8
MM, 1294, 628, 8
MM, 1265, 619, 8
MM, 1233, 611, 8
MM, 1200, 602, 8
MM, 1164, 592, 8
MM, 1126, 584, 8
MM, 1094, 578, 8
MM, 1058, 568, 8
MM, 1023, 558, 8
MM, 997, 553, 7
MM, 959, 545, 8
MM, 931, 542, 8
MM, 896, 536, 9
MM, 869, 533, 8
MM, 853, 533, 7
MM, 837, 531, 9
MM, 824, 529, 8
MM, 814, 527, 8
MM, 806, 527, 7
MM, 800, 527, 9
MM, 795, 527, 8
MM, 791, 527, 8
MM, 786, 527, 9
MM, 783, 527, 7
MM, 778, 527, 8
MM, 773, 527, 8
MM, 766, 527, 8
MM, 758, 527, 8
MM, 749, 527, 8
MM, 742, 527, 8
MM, 733, 527, 7
MM, 724, 527, 9
MM, 715, 527, 8
MM, 707, 527, 8
MM, 699, 527, 8
MM, 689, 526, 7
MM, 682, 525, 8
MM, 673, 525, 9
MM, 668, 525, 7
MM, 662, 523, 8
MM, 661, 523, 9
MM, 658, 523, 9
MM, 657, 523, 8
MM, 654, 522, 7
MM, 653, 522, 8
MM, 651, 522, 8
MM, 650, 521, 8
MM, 647, 521, 8
MM, 645, 521, 8
MM, 643, 520, 8
MM, 640, 519, 8
MM, 637, 518, 8
MM, 637, 517, 8
MM, 634, 517, 8
MM, 634, 516, 8
MM, 631, 514, 8
MM, 630, 513, 8
MM, 627, 510, 8
MM, 625, 510, 8
MM, 623, 508, 8
MM, 621, 505, 7
MM, 621, 504, 8
MM, 621, 501, 9
MM, 621, 498, 7
MM, 621, 492, 8
MM, 621, 483, 8
MM, 621, 474, 10
MM, 621, 464, 8
MM, 621, 456, 7
MM, 621, 445, 8
MM, 621, 434, 8
MM, 621, 426, 8
MM, 621, 419, 9
MM, 621, 410, 7
MM, 621, 406, 8
MM, 621, 402, 8
MM, 622, 401, 8
MM, 623, 397, 8
MM, 624, 394, 8
MM, 625, 394, 8
MM, 627, 392, 8
MM, 629, 390, 8
MM, 632, 389, 8
MM, 634, 388, 8
MM, 638, 387, 8
MM, 642, 386, 8
MM, 642, 386, 8
MM, 645, 385, 8
MM, 645, 385, 8
MM, 646, 385, 8
MM, 647, 385, 8
MM, 648, 385, 8
MM, 649, 385, 8
MM, 650, 385, 7
MM, 650, 385, 9
MM, 653, 385, 8
MM, 653, 385, 8
MM, 656, 385, 9
MM, 657, 385, 7
MM, 661, 385, 8
MM, 664, 385, 8
MM, 670, 388, 9
MM, 679, 392, 7
MM, 684, 397, 8
MM, 693, 402, 8
MM, 700, 406, 8
MM, 709, 411, 8
MM, 713, 414, 9
MM, 719, 419, 7
MM, 724, 421, 8
MM, 728, 425, 8
MM, 730, 428, 8
MM, 732, 432, 8
MM, 735, 435, 8
MM, 738, 441, 8
MM, 743, 445, 8
MM, 749, 452, 9
MM, 758, 458, 8
MM, 765, 465, 7
MM, 777, 473, 8
MM, 786, 480, 8
MM, 795, 487, 8
MM, 805, 496, 8
MM, 813, 502, 8
MM, 825, 513, 8
MM, 832, 519, 8
MM, 842, 528, 8
MM, 856, 539, 8
MM, 868, 548, 8
MM, 884, 558, 8
MM, 896, 566, 8
MM, 911, 574, 8
MM, 926, 581, 8
MM, 945, 589, 8
MM, 960, 594, 8
MM, 975, 598, 8
MM, 991, 602, 8
MM, 1005, 607, 8
MM, 1020, 610, 8
MM, 1035, 615, 8
MM, 1046, 618, 8
MM, 1056, 620, 8
MM, 1066, 622, 8
MM, 1077, 623, 8
MM, 1087, 627, 8
MM, 1094, 628, 8
MM, 1104, 629, 8
MM, 1114, 630, 8
MM, 1125, 633, 8
MM, 1137, 634, 8
MM, 1147, 637, 8
MM, 1158, 640, 8
MM, 1173, 643, 8
MM, 1186, 647, 8
MM, 1199, 650, 8
MM, 1210, 653, 8
MM, 1222, 656, 8
MM, 1235, 660, 8
MM, 1245, 662, 8
MM, 1257, 666, 8
MM, 1266, 669, 8
MM, 1273, 671, 8
MM, 1280, 673, 8
MM, 1286, 674, 8
MM, 1291, 677, 8
MM, 1295, 678, 8
MM, 1296, 678, 8
MM, 1299, 678, 8
MM, 1300, 679, 8
MM, 1301, 679, 16
MM, 1302, 680, 8
MM, 1302, 681, 24
MM, 1302, 682, 40
MM, 1303, 683, 8
MM, 1303, 684, 8
MM, 1304, 686, 8
MM, 1305, 688, 16
MM, 1305, 689, 8
MM, 1306, 690, 8
MM, 1306, 691, 8
MM, 1306, 693, 8
MM, 1307, 693, 8
MM, 1307, 695, 8
MM, 1307, 696, 8
MM, 1307, 699, 16
MM, 1307, 699, 8
MM, 1307, 701, 8
MM, 1307, 702, 8
MM, 1307, 703, 8
MM, 1307, 704, 8
MM, 1307, 705, 8
MM, 1308, 705, 8
MM, 1308, 706, 8
MM, 1308, 707, 16
MM, 1308, 707, 8
MM, 1309, 708, 8
MM, 1309, 709, 8
MM, 1311, 711, 8
MM, 1311, 712, 8
MM, 1312, 714, 8
MM, 1314, 716, 8
MM, 1315, 720, 8
MM, 1315, 722, 8
MM, 1318, 726, 8
MM, 1319, 730, 8
MM, 1319, 732, 8
MM, 1320, 737, 7
MM, 1320, 739, 9
MM, 1320, 742, 8
MM, 1322, 747, 8
MM, 1322, 748, 7
MM, 1323, 751, 8
MM, 1324, 752, 9
MM, 1324, 754, 16
MM, 1324, 754, 7
MM, 1325, 755, 393
MP, 1, 584
MR, 1, 112
MC, 1, 0
MM, 1326, 755, 81
MM, 1326, 754, 7
MM, 1324, 750, 8
MM, 1322, 746, 8
MM, 1321, 739, 9
MM, 1319, 730, 7
MM, 1315, 718, 8
MM, 1313, 703, 9
MM, 1306, 690, 8
MM, 1300, 678, 8
MM, 1293, 661, 7
MM, 1283, 649, 8
MM, 1267, 628, 8
MM, 1251, 610, 8
MM, 1229, 588, 8
MM, 1205, 568, 9
MM, 1172, 548, 7
MM, 1135, 529, 8
MM, 1083, 513, 8
MM, 1031, 500, 9
MM, 979, 484, 7
MM, 926, 468, 8
MM, 865, 454, 8
MM, 805, 442, 8
MM, 753, 431, 8
MM, 705, 420, 9
MM, 654, 409, 7
MM, 622, 401, 8
MM, 593, 396, 8
MM, 575, 393, 9
MM, 559, 389, 7
MM, 549, 387, 8
MM, 544, 386, 8
MM, 542, 384, 8
MM, 541, 384, 8
MM, 541, 384, 352
MM, 542, 384, 16
MM, 542, 385, 24
MM, 542, 386, 8
MM, 542, 386, 8
MM, 543, 387, 352
MM, 544, 387, 264
MM, 547, 387, 8
MM, 552, 386, 8
MM, 560, 383, 8
MM, 569, 380, 8
MM, 579, 375, 8
MM, 589, 371, 8
MM, 598, 365, 8
MM, 605, 360, 8
MM, 615, 355, 8
MM, 621, 353, 8
MM, 627, 348, 8
MM, 632, 343, 8
MM, 636, 341, 8
MM, 640, 338, 7
MM, 643, 337, 8
MM, 648, 334, 8
MM, 652, 332, 9
MM, 659, 330, 7
MM, 665, 327, 8
MM, 670, 326, 8
MM, 674, 322, 9
MM, 676, 322, 7
MM, 679, 321, 8
MM, 680, 320, 26
MM, 680, 319, 247
MM, 678, 318, 8
MM, 675, 318, 8
MM, 672, 318, 8
MM, 669, 318, 8
MM, 667, 317, 8
MM, 664, 315, 8
MM, 662, 315, 8
MM, 661, 315, 8
MM, 658, 315, 8
MM, 657, 315, 8
MM, 654, 315, 8
MM, 653, 315, 8
MM, 650, 315, 8
MM, 648, 315, 8
MM, 647, 315, 8
MM, 645, 315, 8
MM, 643, 315, 8
MM, 642, 315, 8
MM, 641, 315, 23
MM, 641, 315, 8
MM, 639, 315, 33
MM, 639, 315, 8
MM, 638, 316, 8
MM, 636, 317, 8
MM, 636, 317, 8
MM, 634, 318, 8
MM, 634, 318, 8
MM, 633, 319, 8
MM, 632, 319, 56
MM, 631, 320, 864
MM, 627, 322, 8
MM, 626, 323, 17
MM, 625, 324, 8
MM, 624, 324, 7
MM, 623, 325, 8
MM, 623, 325, 8
MM, 622, 326, 8
MM, 621, 327, 8
MM, 621, 327, 8
MM, 620, 327, 16
MM, 619, 327, 8
MM, 619, 328, 32
MM, 618, 329, 16
MM, 617, 329, 8
MM, 616, 330, 8
MM, 615, 331, 15
MM, 614, 332, 17
MM, 612, 334, 40
MM, 612, 335, 24
MM, 611, 335, 24
MM, 611, 336, 16
MM, 610, 338, 8
MM, 610, 338, 16
MM, 609, 339, 8
MM, 608, 340, 8
MM, 608, 340, 17
MM, 608, 341, 15
MM, 607, 343, 16
MM, 607, 343, 8
MM, 606, 344, 8
MM, 605, 345, 24
MM, 606, 345, 2600
MM, 609, 345, 8
MM, 613, 348, 8
MM, 614, 349, 8
MM, 617, 350, 8
MM, 618, 351, 8
MM, 620, 353, 8
MM, 623, 354, 8
MM, 624, 357, 8
MM, 625, 362, 8
MM, 627, 369, 8
MM, 627, 373, 8
MM, 627, 375, 8
MM, 628, 377, 8
MM, 629, 382, 8
MM, 630, 388, 8
MM, 633, 393, 8
MM, 634, 398, 7
MM, 638, 405, 9
MM, 639, 409, 7
MM, 641, 413, 9
MM, 643, 416, 8
MM, 643, 418, 8
MM, 645, 420, 8
MM, 646, 421, 8
MM, 647, 422, 8
MM, 647, 423, 8
MM, 648, 424, 8
MM, 649, 424, 8
MM, 649, 425, 8
MWM, 649, 425, 1, 3, 1, 80
MWM, 649, 425, 1, 3, 1, 16
MWM, 649, 425, 1, 3, 1, 17
MWM, 649, 425, 1, 3, 1, 23
MWM, 649, 425, 1, 3, 1, 40
MWM, 649, 425, -1, 3, 1, 512
MWM, 649, 425, -1, 3, 1, 16
MWM, 649, 425, -1, 3, 1, 16
MWM, 649, 425, -1, 3, 1, 24
MWM, 649, 425, -1, 3, 1, 80
MWM, 649, 425, 1, 3, 1, 232
MWM, 649, 425, 1, 3, 1, 16
MWM, 649, 425, 1, 3, 1, 16
MWM, 649, 425, 1, 3, 1, 8
MWM, 649, 425, 1, 3, 1, 16
MWM, 649, 425, 1, 3, 1, 16
MWM, 649, 425, 1, 3, 1, 872
MWM, 649, 425, 1, 3, 1, 48
MWM, 649, 425, 1, 3, 1, 40
MWM, 649, 425, 1, 3, 1, 64
MM, 648, 425, 288
MM, 643, 425, 8
MM, 635, 425, 8
MM, 629, 425, 8
MM, 619, 425, 8
MM, 612, 425, 8
MM, 608, 425, 8
MM, 601, 425, 8
MM, 597, 425, 9
MM, 589, 425, 7
MM, 579, 424, 9
MM, 569, 422, 7
MM, 558, 420, 8
MM, 548, 417, 8
MM, 538, 416, 8
MM, 529, 414, 8
MM, 521, 412, 8
MM, 513, 411, 8
MM, 506, 409, 8
MM, 502, 407, 8
MM, 498, 406, 8
MM, 498, 406, 8
MM, 495, 405, 8
MM, 495, 405, 8
MM, 494, 405, 16
MM, 493, 405, 8
MM, 492, 405, 8
MM, 490, 404, 8
MM, 487, 403, 8
MM, 485, 402, 8
MM, 480, 401, 8
MM, 474, 398, 8
MM, 466, 395, 8
MM, 457, 391, 8
MM, 447, 386, 8
MM, 438, 383, 8
MM, 431, 379, 8
MM, 426, 377, 8
MM, 420, 374, 8
MM, 415, 370, 8
MM, 412, 369, 8
MM, 411, 369, 9
MM, 408, 368, 8
MWM, 408, 368, -1, 3, 1, 183
MWM, 408, 368, -1, 3, 1, 40
MWM, 408, 368, -1, 3, 1, 56
MM, 407, 368, 216
MM, 406, 368, 8
MM, 406, 368, 16
MM, 406, 368, 8
MM, 406, 368, 8
MM, 409, 369, 8
MM, 411, 369, 8
MM, 412, 369, 8
MM, 415, 369, 8
MM, 416, 369, 8
MM, 418, 369, 8
MM, 419, 369, 8
MM, 417, 369, 456
MM, 409, 369, 8
MM, 399, 369, 8
MM, 389, 369, 8
MM, 380, 369, 8
MM, 372, 369, 8
MM, 368, 369, 8
MM, 365, 369, 8
MM, 363, 369, 8
MM, 362, 369, 24
MM, 361, 369, 17
MM, 360, 369, 7
MM, 358, 369, 8
MM, 356, 369, 7
MM, 354, 370, 9
MM, 352, 370, 8
MM, 349, 372, 8
MM, 348, 374, 8
MM, 345, 375, 8
MM, 342, 377, 8
MM, 337, 378, 8
MM, 332, 379, 8
MM, 325, 380, 8
MM, 322, 380, 8
MM, 318, 382, 8
MM, 314, 383, 8
MM, 312, 384, 8
MM, 308, 384, 8
MM, 306, 386, 8
MM, 304, 388, 8
MM, 297, 391, 8
MM, 293, 393, 8
MM, 289, 394, 8
MM, 284, 397, 8
MM, 280, 398, 8
MM, 276, 401, 8
MM, 273, 403, 8
MM, 269, 406, 8
MM, 268, 408, 8
MM, 264, 412, 8
MM, 262, 414, 8
MM, 260, 415, 8
MM, 258, 419, 8
MM, 256, 423, 8
MM, 255, 425, 8
MM, 255, 426, 8
MM, 254, 430, 8
MM, 252, 432, 8
MM, 250, 434, 8
MM, 249, 435, 8
MM, 246, 436, 8
MM, 243, 438, 8
MM, 242, 439, 8
MM, 240, 439, 8
MM, 238, 440, 8
MM, 236, 440, 8
MM, 235, 440, 8
MM, 234, 440, 8
MM, 232, 440, 16
MM, 232, 440, 136
MM, 231, 440, 8
MM, 230, 440, 8
MM, 229, 440, 8
MM, 227, 440, 8
MM, 224, 440, 8
MM, 222, 439, 8
MM, 218, 437, 8
MM, 211, 433, 8
MM, 208, 432, 8
MM, 204, 430, 8
MM, 202, 428, 8
MM, 198, 426, 8
MM, 195, 424, 8
MM, 192, 423, 8
MM, 191, 422, 8
MM, 189, 421, 8
MM, 184, 418, 8
MM, 179, 418, 8
MM, 172, 416, 8
MM, 166, 416, 8
MM, 157, 414, 8
MM, 150, 412, 8
MM, 143, 410, 8
MM, 138, 409, 8
MM, 134, 407, 8
MM, 132, 407, 8
MM, 129, 407, 8
MM, 126, 406, 8
MM, 125, 406, 8
MM, 123, 406, 8
MM, 121, 406, 8
MM, 119, 406, 8
MM, 118, 406, 8
MM, 117, 406, 8
MM, 115, 406, 8
MM, 114, 406, 7
MM, 114, 406, 9
MM, 111, 406, 8
MM, 111, 406, 7
MM, 108, 406, 9
MM, 108, 406, 8
MM, 107, 406, 8
MM, 105, 406, 8
MM, 104, 408, 8
MM, 103, 408, 40
MM, 103, 408, 256
MP, 1, 200
MD, 107, 407, 207
MD, 110, 406, 9
MD, 113, 406, 9
MD, 118, 405, 7
MD, 123, 403, 8
MD, 127, 403, 9
MD, 132, 403, 8
MD, 137, 403, 7
MD, 142, 402, 8
MD, 147, 402, 8
MD, 150, 402, 8
MD, 152, 402, 8
MD, 155, 402, 8
MD, 160, 402, 8
MD, 164, 402, 8
MD, 169, 402, 8
MD, 170, 402, 8
MD, 175, 402, 8
MD, 178, 402, 8
MD, 183, 402, 8
MD, 187, 402, 8
MD, 190, 402, 8
MD, 192, 402, 8
MD, 195, 402, 8
MD, 196, 402, 8
MD, 199, 402, 8
MD, 200, 402, 8
MD, 201, 402, 8
MD, 203, 402, 8
MD, 204, 402, 8
MD, 206, 402, 8
MD, 207, 402, 8
MD, 208, 402, 8
MD, 211, 402, 8
MD, 212, 402, 8
MD, 214, 402, 8
MD, 216, 403, 8
MD, 216, 403, 8
MD, 219, 403, 8
MD, 220, 403, 8
MD, 222, 403, 8
MD, 223, 403, 8
MD, 226, 403, 8
MD, 227, 403, 8
MD, 230, 403, 8
MD, 232, 403, 8
MD, 235, 403, 8
MD, 237, 403, 8
MD, 238, 403, 8
MD, 240, 403, 9
MD, 240, 403, 7
MD, 243, 403, 8
MD, 244, 404, 9
MD, 247, 404, 7
MD, 248, 405, 8
MD, 249, 406, 8
MD, 251, 406, 8
MD, 251, 406, 8
MD, 252, 406, 8
MD, 253, 406, 8
MD, 254, 406, 16
MD, 255, 406, 16
MD, 255, 406, 8
MD, 258, 406, 8
MD, 258, 406, 8
MD, 261, 406, 8
MD, 261, 406, 8
MD, 262, 406, 8
MD, 264, 406, 8
MD, 265, 406, 8
MD, 267, 406, 8
MD, 268, 406, 8
MD, 269, 406, 16
MD, 269, 406, 16
MD, 270, 406, 16
MD, 271, 406, 400
MD, 271, 406, 96
MD, 272, 406, 24
MD, 273, 406, 24
MD, 274, 406, 8
MD, 275, 406, 8
MD, 276, 406, 8
MD, 276, 406, 32
MD, 277, 406, 112
MD, 278, 406, 40
MD, 279, 406, 32
MD, 280, 406, 24
MD, 281, 406, 88
MD, 281, 407, 16
MD, 282, 407, 8
MD, 283, 407, 8
MD, 283, 407, 32
MD, 284, 408, 8
MD, 285, 408, 80
MD, 286, 408, 16
MD, 287, 408, 24
MD, 287, 408, 24
MD, 289, 408, 24
MD, 290, 408, 17
MD, 291, 408, 7
MD, 293, 408, 8
MD, 293, 408, 17
MD, 294, 408, 16
MR, 1, 255
MM, 294, 408, 200
MM, 294, 408, 8
MM, 292, 409, 9
MM, 290, 410, 15
MM, 290, 411, 8
MM, 286, 411, 8
MM, 285, 412, 16
MM, 283, 414, 8
MM, 282, 415, 8
MM, 279, 415, 8
MM, 278, 417, 8
MM, 274, 419, 8
MM, 272, 420, 7
MM, 268, 423, 9
MM, 266, 424, 9
MM, 264, 425, 7
MM, 262, 425, 8
MM, 261, 426, 8
MM, 259, 427, 8
MM, 256, 428, 8
MM, 251, 429, 8
MM, 249, 429, 8
MM, 245, 431, 8
MM, 240, 431, 8
MM, 235, 431, 8
MM, 227, 431, 8
MM, 220, 431, 8
MM, 214, 431, 8
MM, 207, 431, 8
MM, 198, 431, 8
MM, 187, 431, 8
MM, 179, 431, 8
MM, 169, 431, 8
MM, 162, 431, 8
MM, 157, 431, 8
MM, 154, 431, 7
MM, 153, 431, 9
MM, 153, 431, 7
MM, 152, 431, 9
MM, 150, 431, 40
MM, 150, 431, 24
MM, 149, 432, 8
MM, 148, 432, 24
MM, 147, 432, 8
MM, 145, 432, 8
MM, 145, 432, 16
MM, 143, 432, 16
MM, 142, 432, 24
MM, 141, 432, 8
MM, 139, 432, 8
MM, 139, 432, 8
MM, 138, 432, 8
MM, 137, 432, 16
MM, 137, 432, 40
MM, 136, 432, 8
MM, 135, 432, 88
MM, 135, 432, 257
MM, 135, 432, 7
MM, 135, 431, 48
MM, 135, 431, 8
MM, 136, 428, 8
MM, 136, 428, 8
MM, 136, 427, 8
MM, 137, 425, 8
MM, 137, 425, 152
MM, 137, 423, 40
MWM, 137, 423, -1, 3, 1, 96
MWM, 137, 423, -1, 3, 1, 17
MWM, 137, 423, -1, 3, 1, 15
MWM, 137, 423, -1, 3, 1, 16
MWM, 137, 423, -1, 3, 1, 49
MWM, 137, 423, 1, 3, 1, 431
MWM, 137, 423, 1, 3, 1, 9
MWM, 137, 423, 1, 3, 1, 15
MWM, 137, 423, 1, 3, 1, 16
MWM, 137, 423, 1, 3, 1, 896
MWM, 137, 423, 1, 3, 1, 3088
MWM, 137, 423, 1, 3, 1, 304
MWM, 137, 423, 1, 3, 1, 104
MWM, 137, 423, 1, 3, 1, 168
MM, 155, 422, 816
MM, 210, 422, 8
MM, 280, 431, 8
MM, 353, 440, 8
MM, 417, 455, 8
MM, 472, 466, 8
MM, 524, 479, 8
MM, 565, 486, 8
MM, 589, 489, 8
MM, 615, 496, 8
MM, 628, 497, 7
MM, 640, 502, 9
MM, 646, 503, 8
MM, 648, 503, 8
MM, 640, 507, 7200
MM, 630, 508, 8
MM, 617, 509, 8
MM, 601, 511, 8
MM, 589, 511, 8
MM, 576, 511, 8
MM, 566, 513, 8
MM, 559, 513, 8
MM, 556, 514, 8
MM, 552, 514, 8
MM, 549, 515, 8
MM, 543, 516, 8
MM, 538, 516, 8
MM, 531, 518, 8
MM, 525, 518, 8
MM, 522, 519, 8
MM, 516, 520, 8
MM, 512, 521, 8
MM, 507, 523, 8
MM, 504, 523, 8
MM, 499, 524, 8
MM, 496, 524, 8
MM, 493, 524, 8
MM, 489, 524, 8
MM, 484, 524, 8
MM, 480, 524, 8
MM, 476, 524, 8
MM, 473, 524, 8
MM, 471, 524, 8
MM, 468, 524, 8
MM, 466, 524, 8
MM, 463, 524, 8
MM, 459, 524, 8
MM, 457, 524, 8
MM, 455, 524, 8
MM, 451, 524, 8
MM, 449, 524, 8
MM, 445, 524, 8
MM, 440, 524, 8
MM, 435, 523, 8
MM, 430, 523, 8
MM, 423, 523, 8
MM, 420, 522, 8
MM, 415, 522, 8
MM, 411, 521, 8
MM, 409, 521, 8
MM, 407, 521, 8
MM, 404, 520, 8
MM, 403, 520, 8
MM, 401, 520, 8
MM, 399, 520, 8
MM, 398, 520, 8
MM, 397, 520, 8
MM, 396, 520, 8
MM, 395, 520, 8
MM, 394, 520, 8
MM, 392, 520, 8
MM, 391, 520, 8
MM, 390, 521, 8
MM, 389, 522, 8
MM, 388, 522, 8
MM, 388, 523, 8
MM, 387, 523, 16
MM, 386, 524, 8
MM, 384, 524, 8
MM, 382, 524, 8
MM, 381, 524, 8
MM, 380, 524, 16
MM, 380, 524, 144
MP, 1, 128
MD, 381, 524, 152
MD, 382, 524, 16
MD, 383, 524, 8
MD, 383, 524, 9
MD, 384, 524, 7
MD, 386, 524, 8
MD, 386, 524, 16
MD, 387, 524, 9
MD, 390, 524, 8
MD, 391, 524, 15
MD, 391, 524, 8
MD, 394, 523, 8
MD, 395, 523, 8
MD, 397, 522, 8
MD, 399, 522, 8
MD, 400, 521, 8
MD, 402, 521, 8
MD, 403, 521, 8
MD, 408, 519, 8
MD, 409, 519, 8
MD, 410, 519, 9
MD, 414, 519, 7
MD, 415, 519, 8
MD, 415, 519, 8
MD, 416, 519, 8
MD, 418, 519, 8
MD, 420, 519, 16
MD, 421, 519, 8
MD, 422, 519, 16
MD, 423, 519, 16
MD, 424, 519, 15
MD, 425, 519, 9
MD, 427, 519, 8
MD, 427, 519, 9
MD, 429, 519, 7
MD, 430, 519, 8
MD, 431, 519, 9
MD, 434, 519, 7
MD, 435, 519, 8
MD, 437, 519, 8
MD, 438, 519, 8
MD, 438, 519, 9
MD, 440, 519, 7
MD, 441, 519, 8
MD, 441, 519, 7
MD, 443, 519, 17
MD, 444, 519, 8
MD, 445, 519, 8
MD, 446, 519, 8
MD, 447, 519, 8
MD, 449, 519, 8
MD, 449, 519, 8
MD, 451, 519, 8
MD, 452, 519, 8
MD, 453, 519, 16
MD, 454, 519, 16
MD, 456, 519, 16
MD, 457, 519, 16
MD, 459, 519, 8
MD, 460, 519, 8
MD, 462, 519, 8
MD, 463, 519, 8
MD, 464, 519, 8
MD, 467, 519, 8
MD, 467, 519, 8
MD, 468, 519, 8
MD, 469, 519, 8
MD, 470, 518, 8
MD, 471, 518, 8
MD, 471, 518, 16
MD, 473, 518, 8
MD, 474, 518, 16
MD, 474, 518, 32
MD, 475, 517, 88
MD, 476, 517, 24
MD, 477, 517, 8
MD, 478, 517, 9
MD, 478, 517, 31
MD, 479, 516, 8
MD, 480, 515, 16
MD, 480, 515, 16
MD, 481, 515, 8
MD, 482, 515, 24
MD, 483, 515, 8
MD, 484, 514, 8
MD, 485, 514, 16
MD, 485, 513, 8
MD, 487, 513, 24
MD, 487, 513, 88
MD, 488, 513, 25
MD, 489, 512, 7
MD, 489, 511, 32
MD, 490, 511, 8
MD, 490, 511, 280
MD, 490, 512, 16
MD, 491, 512, 8
MD, 491, 514, 16
MD, 492, 514, 16
MD, 492, 515, 33
MD, 492, 516, 200
MD, 492, 517, 23
MD, 492, 518, 32
MD, 492, 519, 40
MD, 492, 519, 48
MD, 492, 521, 24
MD, 492, 521, 16
MD, 492, 522, 24
MD, 492, 523, 16
MD, 492, 524, 40
MD, 493, 525, 80
MD, 494, 526, 128
MD, 494, 526, 32
MD, 495, 526, 7
MD, 496, 526, 41
MD, 498, 527, 16
MD, 500, 528, 400
MD, 500, 529, 8
MD, 501, 529, 16
MD, 502, 529, 24
MD, 503, 529, 104
MD, 505, 529, 56
MD, 505, 529, 64
MD, 506, 529, 72
MD, 507, 529, 16
MD, 507, 529, 392
MD, 507, 529, 64
MD, 506, 529, 24
MR, 1, 0
MM, 506, 529, 8
MM, 504, 529, 24
MM, 503, 529, 16
MM, 503, 529, 8
MM, 501, 530, 8
MM, 500, 530, 16
MM, 499, 531, 8
MM, 498, 531, 16
MM, 497, 532, 16
MM, 496, 532, 16
MM, 495, 532, 16
MM, 495, 533, 7
MM, 494, 533, 17
MM, 493, 534, 8
MM, 492, 534, 8
MM, 490, 534, 8
MM, 488, 535, 16
MM, 487, 536, 8
MM, 486, 537, 8
MM, 485, 537, 16
MM, 483, 537, 8
MM, 480, 537, 9
MM, 478, 537, 7
MM, 476, 537, 8
MM, 472, 537, 8
MM, 470, 537, 8
MM, 470, 537, 8
MM, 467, 537, 8
MM, 466, 537, 8
MM, 464, 537, 8
MM, 464, 537, 15
MP, 1, 105
MR, 1, 176
MC, 1, 0
MM, 463, 537, 128
MM, 462, 537, 24
MM, 462, 537, 8
MM, 461, 537, 8
MM, 460, 536, 16
MM, 460, 536, 80
MM, 459, 536, 24
MM, 458, 535, 8
MM, 458, 535, 8
MM, 457, 535, 8
MM, 456, 534, 9
MM, 456, 534, 7
MM, 455, 533, 24
MM, 453, 532, 8
MM, 452, 531, 24
MM, 450, 530, 8
MM, 449, 530, 16
MM, 449, 529, 8
MM, 448, 528, 16
MM, 446, 528, 16
MM, 445, 527, 24
MM, 444, 526, 8
MM, 444, 526, 24
MM, 443, 526, 32
MM, 442, 525, 8
MM, 441, 524, 64
MM, 440, 523, 16
MM, 439, 522, 8
MM, 439, 522, 8
MM, 437, 521, 8
MM, 436, 521, 8
MM, 436, 521, 8
MM, 435, 520, 17
MM, 434, 519, 15
MM, 434, 518, 64
MWM, 434, 518, -1, 3, 1, 16
MWM, 434, 518, -1, 3, 1, 8
MWM, 434, 518, -1, 3, 1, 8
MWM, 434, 518, -1, 3, 1, 8
MWM, 434, 518, -1, 3, 1, 16
MWM, 434, 518, -1, 3, 1, 16
MWM, 434, 518, -1, 3, 1, 32
MM, 432, 518, 144
MM, 431, 517, 80
MWM, 431, 517, -1, 3, 1, 32
MWM, 431, 517, -1, 3, 1, 16
MWM, 431, 517, -1, 3, 1, 8
MWM, 431, 517, -1, 3, 1, 8
MWM, 431, 517, -1, 3, 1, 16
MWM, 431, 517, -1, 3, 1, 16
MM, 430, 516, 488
MM, 429, 516, 24
MM, 428, 516, 1728
MM, 428, 515, 32
MM, 427, 515, 48
MM, 426, 514, 24
MM, 425, 514, 240
MM, 424, 514, 128
MM, 424, 514, 32
MM, 422, 512, 16
MM, 421, 512, 48
MM, 421, 511, 8
MM, 420, 511, 48
MM, 419, 511, 16
MM, 417, 510, 32
MM, 415, 508, 16
MM, 415, 507, 8
MM, 413, 506, 8
MM, 411, 505, 16
MM, 411, 504, 8
MM, 409, 503, 8
MM, 409, 502, 8
MM, 408, 501, 8
MM, 407, 500, 8
MM, 406, 499, 24
MM, 406, 499, 96
MM, 405, 499, 3272
MM, 404, 499, 696
MM, 402, 497, 2496
MM, 400, 495, 8
MM, 395, 486, 8
MM, 382, 474, 9
MM, 368, 460, 7
MM, 349, 441, 8
MM, 328, 414, 8
MM, 309, 388, 8
MM, 300, 376, 8
MM, 292, 364, 8
MM, 284, 355, 9
MM, 280, 348, 7
MM, 273, 340, 8
MM, 270, 335, 8
MM, 266, 330, 9
MM, 264, 328, 7
MM, 260, 325, 8
MM, 259, 324, 8
MM, 258, 323, 8
MM, 256, 322, 8
MM, 254, 321, 8
MM, 253, 317, 8
MM, 251, 314, 8
MM, 249, 311, 8
MM, 248, 310, 8
MM, 245, 307, 8
MM, 244, 304, 8
MM, 242, 299, 8
MM, 241, 298, 8
MM, 240, 296, 8
MM, 239, 292, 8
MM, 236, 288, 8
MM, 236, 287, 8
MM, 235, 284, 8
MM, 234, 282, 8
MM, 232, 279, 8
MM, 231, 277, 8
MM, 230, 274, 8
MM, 228, 272, 8
MM, 227, 269, 8
MM, 225, 264, 8
MM, 223, 258, 8
MM, 222, 256, 8
MM, 220, 252, 8
MM, 218, 246, 8
MM, 216, 240, 8
MM, 212, 232, 8
MM, 210, 226, 8
MM, 208, 216, 8
MM, 205, 207, 8
MM, 204, 196, 8
MM, 202, 183, 8
MM, 200, 170, 8
MM, 200, 157, 8
MM, 200, 144, 8
MM, 200, 132, 8
MM, 200, 119, 7
MM, 200, 108, 8
MM, 200, 100, 8
MM, 200, 95, 9
MM, 199, 91, 8
MM, 198, 86, 7
MM, 198, 82, 10
MM, 198, 80, 8
MM, 198, 78, 7
MM, 198, 75, 8
MM, 198, 72, 7
MM, 198, 67, 9
MM, 198, 64, 8
MM, 198, 59, 17
MM, 198, 58, 1
MM, 197, 55, 6
MM, 197, 52, 8
MM, 195, 51, 9
MM, 195, 50, 31
MM, 195, 48, 8
MM, 195, 46, 8
MM, 194, 44, 8
MM, 193, 42, 8
MM, 193, 40, 8
MM, 191, 36, 8
MM, 189, 34, 8
MM, 187, 29, 8
MM, 184, 24, 8
MM, 183, 23, 8
MM, 181, 19, 8
MM, 180, 16, 16
MM, 180, 16, 16
MM, 180, 15, 48
MM, 180, 14, 408
MM, 181, 14, 8
MM, 184, 14, 8
MM, 185, 15, 8
MM, 189, 15, 9
MM, 193, 15, 7
MM, 194, 15, 8
MM, 196, 15, 8
MM, 196, 15, 8
MM, 197, 15, 8
MM, 198, 15, 16
MM, 199, 15, 24
MM, 199, 15, 272
MM, 198, 15, 16
MM, 196, 15, 8
MM, 196, 15, 33
MM, 194, 15, 7
MM, 194, 15, 9
MM, 193, 15, 31
MM, 192, 14, 16
MM, 191, 14, 24
MM, 189, 13, 16
MM, 189, 12, 4808
MM, 189, 12, 16
MM, 190, 12, 457
MM, 192, 12, 7
MM, 192, 12, 8
MM, 193, 12, 8
MM, 194, 13, 16
MM, 195, 13, 8
MM, 197, 17, 9
MM, 198, 27, 7
MM, 198, 32, 8
MM, 198, 39, 7
MM, 199, 44, 9
MM, 202, 51, 9
MM, 203, 56, 8
MM, 203, 61, 7
MM, 203, 66, 8
MM, 203, 71, 9
MM, 204, 79, 8
MM, 204, 84, 7
MM, 205, 89, 8
MM, 206, 96, 8
MM, 207, 101, 8
MM, 207, 108, 8
MM, 207, 113, 8
MM, 207, 119, 8
MM, 207, 124, 8
MM, 207, 129, 8
MM, 208, 137, 8
MM, 209, 142, 8
MM, 210, 149, 8
MM, 210, 156, 8
MM, 213, 163, 8
MM, 214, 168, 8
MM, 214, 176, 7
MM, 215, 183, 9
MM, 215, 188, 8
MM, 216, 193, 7
MM, 216, 195, 9
MM, 216, 198, 7
MM, 216, 201, 8
MM, 216, 205, 8
MM, 216, 207, 10
MM, 216, 207, 7
MM, 216, 209, 7
MM, 216, 209, 10
MP, 1, 95
MR, 1, 160
MC, 1, 0
MM, 216, 207, 944
MM, 216, 206, 8
MM, 216, 203, 8
MM, 216, 203, 8
MM, 216, 202, 7
MM, 216, 201, 17
MM, 216, 200, 16
MM, 216, 199, 16
MM, 217, 198, 6144
MM, 223, 193, 8
MM, 242, 181, 8
MM, 279, 164, 8
MM, 330, 155, 8
MM, 406, 145, 8
MM, 501, 132, 8
MM, 609, 122, 8
MM, 739, 116, 8
MM, 888, 114, 8
MM, 1047, 114, 8
MM, 1225, 114, 8
MM, 1415, 114, 8
MM, 1549, 114, 8
MM, 1566, 114, 8
MM, 1568, 114, 8
MM, 1550, 114, 8
MM, 1555, 114, 8
MM, 1527, 114, 8
MM, 1511, 108, 8
MM, 1483, 92, 8
MM, 1448, 79, 8
MM, 1435, 67, 8
MM, 1419, 56, 8
MM, 1399, 44, 8
MM, 1388, 38, 8
MM, 1379, 32, 8
MM, 1377, 27, 8
MM, 1371, 23, 8
MM, 1367, 21, 8
MM, 1365, 20, 8
MP, 1, 48
MR, 1, 128
MC, 1, 0
MM, 1365, 19, 128
MM, 1365, 19, 8
MM, 1363, 17, 8
MM, 1363, 17, 8
MM, 1362, 17, 8
MM, 1360, 16, 8
MM, 1359, 15, 8
MM, 1357, 14, 8
MM, 1354, 13, 8
MM, 1351, 13, 8
MM, 1350, 12, 8
MM, 1347, 12, 8
MM, 1345, 12, 8
MM, 1344, 12, 7
MM, 1342, 12, 9
MM, 1341, 12, 8
MM, 1338, 12, 8
MM, 1337, 12, 8
MM, 1334, 12, 8
MM, 1334, 12, 8
MM, 1333, 12, 8
MM, 1331, 12, 16
MM, 1331, 12, 24
MM, 1330, 12, 176
MM, 1330, 12, 184
MM, 1327, 12, 568
MM, 1320, 12, 9
MM, 1309, 15, 7
MM, 1297, 16, 8
MM, 1284, 19, 8
MM, 1270, 20, 8
MM, 1255, 21, 9
MM, 1242, 23, 7
MM, 1230, 23, 8
MM, 1219, 23, 8
MM, 1207, 25, 8
MM, 1199, 26, 8
MM, 1189, 27, 8
MM, 1181, 27, 8
MM, 1170, 27, 8
MM, 1163, 27, 8
MM, 1153, 29, 8
MM, 1145, 29, 8
MM, 1134, 29, 8
MM, 1126, 29, 9
MM, 1116, 29, 7
MM, 1107, 31, 8
MM, 1098, 31, 8
MM, 1087, 31, 8
MM, 1079, 31, 8
MM, 1068, 31, 8
MM, 1058, 31, 8
MM, 1047, 31, 8
MM, 1033, 31, 8
MM, 1015, 29, 8
MM, 994, 28, 8
MM, 969, 23, 8
MM, 944, 20, 8
MM, 919, 15, 8
MM, 889, 5, 8
MM, 866, -1, 8
MM, 841, -5, 8
MM, 814, -9, 8
MM, 796, -3, 8
MM, 778, -1, 8
MM, 760, -3, 8
MM, 741, -5, 8
MM, 724, -1, 8
MM, 707, -4, 8
MM, 688, 0, 8
MM, 665, 0, 8
MM, 645, 0, 8
MM, 631, 0, 8
MM, 618, 0, 8
MM, 604, 0, 8
MM, 590, 0, 8
MM, 578, 0, 8
MM, 567, 0, 8
MM, 556, 0, 8
MM, 548, 0, 8
MM, 540, 0, 8
MM, 533, 0, 8
MM, 527, 0, 8
MM, 519, 0, 8
MM, 510, 1, 8
MM, 505, 1, 8
MM, 502, 2, 8
MM, 495, 2, 8
MM, 487, 2, 8
MM, 476, 2, 8
MM, 466, 5, 8
MM, 458, 6, 7
MM, 449, 8, 9
MM, 442, 11, 8
MM, 440, 12, 8
MM, 438, 12, 8
MM, 436, 12, 8
MM, 434, 13, 8
MM, 431, 16, 8
MM, 427, 18, 8
MM, 420, 23, 7
MM, 414, 27, 8
MM, 407, 32, 9
MM, 401, 37, 8
MM, 397, 40, 8
MM, 393, 43, 8
MM, 391, 45, 8
MM, 389, 46, 8
MM, 389, 47, 8
MM, 389, 48, 16
MM, 388, 49, 128
MM, 387, 49, 24
MM, 384, 48, 8
MM, 383, 47, 8
MM, 381, 45, 8
MM, 379, 44, 8
MM, 376, 42, 8
MM, 373, 39, 16
MM, 369, 37, 16
MM, 367, 36, 9
MM, 364, 36, 7
MM, 362, 34, 8
MM, 360, 34, 8
MM, 358, 34, 8
MM, 358, 34, 8
MM, 356, 34, 16
MM, 356, 34, 24
MM, 353, 34, 8
MM, 352, 34, 8
MM, 348, 34, 8
MM, 346, 34, 9
MM, 342, 34, 7
MM, 341, 34, 9
MM, 338, 33, 8
MM, 337, 33, 8
MM, 337, 33, 551
MM, 338, 33, 8
MM, 339, 33, 8
MM, 341, 33, 8
MM, 341, 33, 8
MM, 342, 33, 8
MM, 344, 29, 640
MM, 344, 29, 8
MM, 344, 26, 8
MM, 344, 23, 8
MM, 344, 19, 8
MM, 344, 16, 8
MM, 344, 12, 8
MM, 344, 10, 8
MM, 344, 8, 8
MM, 344, 6, 8
MM, 344, 5, 9
MM, 344, 4, 7
MM, 344, 3, 16
MM, 344, 2, 72
MM, 344, 1, 184
MM, 346, 1, 8
MM, 346, 1, 8
MM, 349, 1, 8
MM, 350, 1, 8
MM, 352, 1, 8
MM, 352, 1, 8
MM, 354, 1, 24
MM, 356, 2, 24
MM, 356, 2, 72
MM, 357, 2, 16
MM, 360, 2, 8
MM, 361, 3, 8
MM, 363, 4, 8
MM, 364, 4, 8
MM, 367, 4, 8
MM, 368, 5, 8
MM, 368, 5, 8
MM, 369, 5, 8
MM, 371, 6, 8
MM, 371, 6, 8
MM, 372, 6, 8
MM, 373, 6, 8
MM, 374, 6, 8
MM, 375, 6, 8
MM, 376, 6, 8
MM, 376, 6, 16
MM, 378, 6, 8
MM, 380, 8, 16
MM, 381, 9, 16
MM, 382, 9, 8
MM, 382, 9, 8
MM, 383, 10, 24
MM, 384, 10, 112
MM, 384, 10, 16
MM, 385, 10, 8
MP, 1, 16
MR, 1, 144
MC, 1, 0
MM, 385, 12, 72
MM, 385, 12, 17
MM, 384, 12, 7
MM, 382, 13, 8
MM, 381, 14, 8
MM, 380, 14, 8
MM, 379, 14, 8
MM, 376, 14, 8
MM, 371, 14, 8
MM, 368, 14, 8
MM, 359, 14, 8
MM, 348, 14, 8
MM, 335, 14, 8
MM, 321, 14, 9
MM, 307, 14, 7
MM, 294, 14, 8
MM, 281, 14, 8
MM, 263, 11, 8
MM, 250, 9, 8
MM, 235, 7, 8
MM, 222, 4, 8
MM, 211, 3, 8
MM, 202, 0, 8
MM, 198, -2, 8
MM, 194, 0, 8
MM, 188, -1, 8
MM, 183, 0, 8
MM, 177, -1, 8
MM, 168, -1, 8
MM, 163, 0, 8
MM, 158, -2, 8
MM, 153, -1, 8
MM, 151, 0, 8
MM, 148, 0, 8
MM, 147, 0, 8
MM, 146, 0, 8
MM, 144, -1, 16
MM, 143, 0, 24
MM, 143, 0, 8
MM, 140, 0, 8
MM, 139, 0, 8
MM, 135, 0, 8
MM, 132, 0, 8
MM, 128, 0, 8
MM, 127, 0, 8
MM, 127, 0, 8
MM, 126, 0, 8
MM, 124, 0, 16
MM, 124, 0, 16
MM, 124, 0, 176
MM, 128, 1, 8
MM, 130, 1, 8
MM, 131, 2, 8
MM, 135, 2, 8
MM, 137, 2, 7
MM, 141, 2, 9
MM, 145, 2, 8
MM, 148, 2, 8
MM, 154, 2, 8
MM, 158, 2, 8
MM, 160, 2, 8
MM, 164, 2, 8
MM, 165, 2, 8
MM, 166, 2, 8
MM, 167, 2, 8
MM, 167, 2, 16
MM, 168, 2, 16
MM, 170, 2, 8
MM, 171, 2, 8
MM, 172, 2, 8
MM, 174, 2, 8
MM, 176, 2, 8
MM, 178, 2, 8
MM, 179, 2, 8
MM, 180, 2, 8
MM, 180, 2, 8
MM, 182, 2, 8
MM, 182, 2, 8
MM, 183, 2, 24
MM, 184, 2, 15
MM, 184, 2, 9
MM, 185, 2, 56
MM, 185, 3, 32
MM, 185, 4, 8
MM, 185, 5, 8
MM, 185, 5, 16
MM, 185, 6, 8
MM, 185, 7, 32
MM, 185, 8, 24
MM, 185, 9, 24
MM, 185, 11, 40
MM, 185, 12, 16
MM, 185, 12, 8
MM, 185, 13, 8
MP, 1, 112
MD, 186, 13, 24
MD, 187, 14, 16
MD, 188, 14, 16
MR, 1, 72
MM, 193, 14, 24
MM, 198, 16, 8
MM, 206, 16, 8
MM, 217, 16, 8
MM, 233, 16, 8
MM, 251, 16, 8
MM, 273, 16, 8
MM, 299, 16, 8
MM, 328, 16, 8
MM, 364, 16, 8
MM, 416, 16, 8
MM, 475, 15, 8
MM, 557, 10, 8
MM, 648, 10, 8
MM, 742, 10, 8
MM, 845, 10, 8
MM, 950, 4, 8
MM, 1047, 2, 8
MM, 1157, 2, 8
MM, 1256, -11, 8
MM, 1361, -13, 8
MM, 1457, -13, 7
MM, 1452, -3, 8
MM, 1461, -15, 8
MM, 1444, -5, 8
MM, 1424, -2, 9
MM, 1418, -5, 2
MM, 1407, 0, 0
MM, 1398, 0, 15
MM, 1398, 0, 0
MM, 1382, 0, 16
MM, 1381, -2, 0
MM, 1375, -3, 16
MM, 1373, 0, 15
MM, 1367, -1, 0
MM, 1367, 0, 16
MM, 1366, 0, 0
MP, 1, 62
MD, 1365, -1, 79
MR, 1, 15
MC, 2, 0
MM, 1363, 0, 31
MM, 1362, 0, 0
MM, 1361, 0, 16
MM, 1359, 0, 0
MM, 1354, 1, 16
MM, 1345, 5, 0
MM, 1337, 6, 15
MM, 1327, 10, 0
MM, 1318, 13, 16
MM, 1312, 14, 0
MM, 1304, 17, 16
MM, 1301, 17, 0
MM, 1299, 18, 15
MM, 1297, 19, 0
MM, 1295, 21, 16
MM, 1292, 22, 15
MM, 1291, 23, 0
MM, 1287, 26, 16
MM, 1283, 28, 0
MM, 1280, 31, 16
MM, 1274, 34, 0
MM, 1270, 39, 15
MM, 1263, 43, 0
MM, 1257, 47, 16
MM, 1250, 53, 0
MM, 1241, 58, 16
MM, 1234, 64, 0
MM, 1228, 69, 15
MM, 1219, 74, 0
MM, 1213, 79, 16
MM, 1204, 87, 0
MM, 1194, 96, 15
MM, 1183, 106, 0
MM, 1171, 115, 16
MM, 1161, 124, 0
MM, 1150, 133, 16
MM, 1134, 147, 0
MM, 1114, 162, 15
MM, 1095, 173, 0
MM, 1075, 186, 16
MM, 1060, 194, 0
MM, 1041, 204, 16
MM, 1019, 216, 0
MM, 998, 225, 15
MM, 980, 233, 0
MM, 962, 240, 16
MM, 942, 248, 0
MM, 924, 255, 15
MM, 905, 267, 0
MM, 882, 280, 16
MM, 853, 298, 0
MM, 829, 308, 16
MM, 802, 319, 0
MM, 775, 330, 15
MM, 760, 335, 0
MM, 743, 341, 16
MM, 729, 346, 0
MM, 719, 350, 16
MM, 707, 354, 15
MM, 695, 356, 0
MM, 687, 360, 16
MM, 684, 361, 0
MM, 678, 362, 15
MM, 675, 364, 0
MM, 670, 367, 16
MM, 667, 370, 0
MM, 662, 373, 16
MM, 659, 376, 0
MM, 652, 381, 15
MM, 648, 383, 0
MM, 645, 385, 16
MM, 641, 389, 0
MM, 634, 392, 16
MM, 631, 393, 0
MM, 628, 396, 15
MM, 625, 397, 0
MM, 622, 398, 16
MM, 618, 399, 0
MM, 618, 400, 15
MM, 615, 401, 0
MM, 615, 401, 16
MM, 614, 401, 0
MM, 612, 401, 16
MM, 612, 401, 0
MM, 611, 401, 15
MM, 610, 402, 0
MM, 608, 402, 16
MM, 607, 402, 0
MM, 604, 402, 16
MM, 601, 403, 0
MM, 601, 403, 15
MM, 599, 403, 0
MM, 596, 404, 16
MM, 592, 404, 0
MM, 590, 404, 16
MM, 586, 404, 0
MM, 583, 404, 15
MM, 581, 404, 0
MM, 578, 404, 16
MM, 578, 404, 15
MM, 577, 404, 0
MM, 575, 404, 16
MM, 574, 404, 0
MM, 573, 404, 16
MM, 570, 404, 0
MM, 569, 404, 15
MM, 566, 404, 0
MM, 563, 404, 16
MM, 563, 404, 0
MM, 562, 404, 16
MM, 561, 404, 0
MM, 560, 404, 15
MM, 559, 404, 31
MM, 559, 404, 16
MM, 558, 404, 0
MM, 556, 404, 16
MM, 556, 404, 15
MM, 555, 404, 0
MM, 554, 404, 16
MM, 553, 404, 0
MM, 552, 404, 469
MM, 552, 404, 15
MM, 552, 402, 172
MM, 554, 400, 0
MM, 558, 397, 16
MM, 562, 394, 0
MM, 570, 388, 16
MM, 575, 384, 0
MM, 580, 379, 15
MM, 586, 373, 0
MM, 592, 366, 16
MM, 597, 357, 0
MM, 601, 350, 15
MM, 609, 343, 0
MM, 618, 332, 16
MM, 624, 325, 0
MM, 636, 314, 16
MM, 647, 308, 0
MM, 657, 300, 15
MM, 669, 293, 0
MM, 682, 287, 16
MM, 692, 283, 0
MM, 706, 276, 16
MM, 720, 272, 15
MM, 735, 267, 0
MM, 748, 261, 16
MM, 763, 259, 0
MM, 776, 255, 15
MM, 789, 252, 0
MM, 802, 248, 16
MM, 812, 247, 0
MM, 818, 247, 16
MM, 822, 246, 0
MM, 825, 246, 15
MM, 826, 246, 0
MM, 829, 244, 16
MM, 830, 244, 0
MM, 831, 244, 78
MM, 831, 245, 16
MM, 831, 246, 0
MM, 831, 248, 15
MM, 830, 249, 16
MM, 830, 250, 0
MM, 830, 252, 16
MM, 830, 253, 0
MM, 830, 255, 15
MM, 829, 256, 0
MM, 827, 260, 16
MM, 826, 263, 0
MM, 824, 266, 15
MM, 821, 269, 0
MM, 820, 272, 16
MM, 819, 275, 0
MM, 817, 277, 16
MM, 816, 279, 15
MM, 815, 281, 0
MM, 813, 283, 16
MM, 813, 284, 0
MM, 812, 286, 16
MM, 812, 286, 0
MM, 811, 287, 15
MM, 810, 289, 0
MM, 810, 289, 16
MM, 809, 291, 0
MM, 808, 291, 15
MM, 808, 293, 16
MM, 807, 293, 109
MM, 805, 294, 16
MM, 803, 294, 0
MM, 800, 294, 16
MM, 795, 294, 0
MM, 787, 294, 15
MM, 778, 294, 0
MM, 760, 294, 16
MM, 746, 292, 0
MM, 726, 291, 16
MM, 703, 284, 0
MM, 675, 281, 15
MM, 649, 272, 0
MM, 623, 265, 16
MM, 600, 258, 15
MM, 579, 257, 8
MM, 566, 251, 8
MM, 551, 249, 8
MM, 541, 244, 6
MM, 528, 240, 0
MM, 524, 239, 16
MM, 520, 237, 0
MM, 517, 235, 15
MM, 516, 233, 0
MM, 515, 233, 16
MM, 513, 231, 0
MM, 513, 229, 31
MM, 512, 229, 16
MM, 512, 228, 15
MM, 512, 227, 0
MM, 512, 227, 16
MM, 512, 226, 16
MM, 512, 225, 0
MM, 512, 224, 15
MM, 512, 223, 0
MM, 512, 223, 16
MM, 512, 220, 0
MM, 512, 220, 15
MM, 512, 217, 0
MM, 512, 217, 16
MM, 512, 216, 0
MM, 512, 214, 31
MM, 512, 214, 0
MM, 512, 213, 16
MM, 513, 212, 24
MM, 514, 211, 2
MM, 515, 209, 16
MM, 516, 209, 0
MM, 517, 208, 16
MM, 518, 206, 0
MM, 519, 206, 15
MM, 520, 205, 0
MM, 520, 204, 16
MM, 521, 204, 0
MM, 522, 203, 16
MM, 522, 202, 15
MM, 523, 202, 0
MM, 524, 201, 16
MM, 524, 200, 0
MM, 526, 199, 15
MM, 527, 197, 0
MM, 530, 194, 16
MM, 531, 193, 0
MM, 533, 190, 16
MM, 535, 188, 0
MM, 536, 187, 15
MM, 536, 186, 0
MM, 537, 185, 16
MM, 538, 184, 0
MM, 539, 184, 16
MM, 539, 183, 15
MM, 539, 182, 16
MM, 540, 181, 187
MM, 541, 179, 16
MM, 543, 178, 16
MM, 546, 175, 0
MM, 547, 173, 15
MM, 547, 173, 0
MM, 550, 169, 16
MM, 551, 168, 15
MM, 551, 167, 0
MP, 1, 141
MD, 552, 166, 31
MR, 1, 125
MM, 552, 166, 157
MM, 550, 167, 15
MM, 550, 168, 0
MM, 550, 169, 16
MM, 550, 170, 0
MM, 550, 172, 15
MM, 550, 173, 0
MM, 549, 173, 16
MM, 549, 174, 0
MM, 549, 175, 16
MM, 549, 176, 0
MM, 549, 177, 15
MM, 549, 177, 32
MM, 548, 178, 46
MM, 548, 179, 16
MM, 548, 180, 16
MM, 548, 180, 15
MM, 548, 181, 0
MM, 548, 182, 16
MM, 548, 183, 0
MM, 548, 184, 16
MM, 548, 187, 0
MM, 548, 190, 15
MM, 552, 194, 0
MM, 557, 197, 16
MM, 562, 200, 0
MM, 568, 205, 15
MM, 574, 209, 0
MM, 581, 214, 16
MM, 589, 218, 0
MM, 598, 223, 16
MM, 607, 228, 0
MM, 620, 235, 15
MM, 633, 240, 0
MM, 645, 244, 16
MM, 660, 250, 0
MM, 673, 257, 16
MM, 692, 263, 0
MM, 710, 270, 15
MM, 727, 276, 0
MM, 744, 282, 16
MM, 758, 286, 0
MM, 777, 291, 15
MM, 793, 293, 0
MM, 811, 296, 16
MM, 824, 297, 0
MM, 832, 298, 16
MM, 841, 299, 15
MM, 846, 299, 0
MM, 851, 299, 16
MM, 851, 299, 0
MM, 852, 299, 16
MM, 852, 299, 31
MM, 852, 299, 31
MM, 851, 299, 0
MM, 848, 298, 63
MM, 847, 298, 15
MM, 846, 298, 0
MM, 845, 297, 16
MM, 844, 297, 0
MM, 842, 296, 15
MM, 842, 296, 0
MM, 839, 296, 16
MM, 837, 294, 16
MM, 836, 293, 15
MM, 836, 292, 16
MM, 836, 291, 0
MM, 836, 288, 16
MM, 836, 285, 0
MM, 836, 281, 15
MM, 837, 279, 0
MM, 839, 277, 16
MM, 840, 274, 15
MM, 841, 272, 0
MM, 842, 272, 16
MP, 1, 156
MR, 1, 125
MC, 1, 0
