********************************************************************************
LOGGING TIME: 20161113_185505
CLIENT IP: 10.145.109.205
USERNAME: prudhvi
OS: Windows 8
**********************************Emotional database********************************************************************************
MM, 919, 41, 1477469039262
MM, 826, 86, 12
MM, 727, 144, 13
MM, 708, 157, 12
MM, 665, 182, 13
MM, 645, 205, 12
MM, 634, 218, 13
MM, 628, 224, 13
MM, 360, 1, 12
MM, 357, 5, 12
MM, 356, 7, 252
MM, 353, 8, 12
MM, 348, 11, 13
MM, 338, 19, 12
MM, 329, 25, 13
MM, 323, 31, 12
MM, 320, 34, 13
MM, 318, 36, 13
MM, 318, 37, 12
MM, 317, 37, 13
MM, 317, 38, 25
MC, 1, 302
MM, 316, 38, 415
MM, 536, 318, 100
MM, 534, 320, 12
MM, 534, 322, 12
MM, 534, 323, 15
MM, 533, 323, 186
MM, 530, 324, 14
MM, 524, 329, 12
MM, 506, 344, 13
MM, 209, 26, 12
MM, 184, 59, 13
MM, 177, 69, 12
MM, 173, 78, 13
MM, 170, 88, 12
MM, 431, 453, 13
MM, 431, 458, 12
MM, 431, 463, 13
MM, 429, 463, 264
MM, 424, 463, 12
MM, 23, 2, 13
MM, 386, 477, 13
MM, 6, 22, 12
MM, 347, 490, 13
MM, 32, 26, 12
MM, 30, 26, 13
MM, 28, 27, 12
MM, 26, 27, 12
MM, 25, 27, 25
MM, 24, 27, 277
MM, 23, 27, 13
MM, 22, 27, 13
MM, 20, 27, 12
MM, 18, 27, 12
MM, 17, 27, 13
MM, 15, 27, 12
MM, 14, 27, 25
MM, 14, 28, 76
MM, 15, 28, 12
MM, 17, 30, 13
MM, 328, 497, 13
MM, 331, 499, 11
MM, 25, 1, 13
MM, 27, 2, 14
MM, 30, 6, 12
MM, 31, 8, 12
MM, 29, 8, 302
MM, 27, 8, 12
MM, 24, 7, 12
MM, 20, 3, 14
MM, 324, 500, 12
MM, 12, 30, 12
MM, 10, 26, 13
MM, 9, 23, 13
MM, 8, 20, 12
MM, 8, 19, 12
MM, 8, 18, 13
MM, 8, 17, 12
MM, 9, 17, 1835
MM, 9, 16, 1029
MM, 11, 11, 14
MM, 14, 3, 12
MM, 328, 454, 12
MM, 69, 87, 14
MM, 73, 79, 12
MM, 78, 70, 12
MM, 83, 62, 13
MM, 87, 57, 12
MM, 91, 53, 13
MM, 94, 50, 13
MM, 96, 48, 13
MM, 100, 46, 12
MM, 102, 44, 12
MM, 102, 43, 202
MM, 103, 39, 12
MM, 103, 32, 12
MM, 104, 13, 13
MM, 370, 337, 12
MM, 370, 324, 13
MM, 370, 319, 13
MM, 370, 316, 12
MM, 370, 314, 13
MM, 370, 311, 12
MM, 106, 79, 12
MM, 106, 78, 252
MM, 106, 77, 12
MM, 106, 76, 13
MM, 106, 73, 13
MM, 106, 72, 12
MM, 106, 69, 13
MM, 106, 66, 12
MM, 107, 62, 12
MM, 107, 57, 13
MM, 108, 53, 13
MM, 108, 50, 13
MM, 110, 47, 12
MM, 111, 45, 13
MM, 111, 47, 515
MM, 109, 54, 13
MM, 368, 336, 12
MM, 104, 60, 13
MM, 26, 16, 15
MM, 384, 540, 10
MM, 396, 573, 13
MM, 18, 14, 13
MM, 29, 30, 12
MM, 425, 612, 12
MM, 37, 2, 13
MM, 39, 3, 12
MM, 39, 6, 277
MM, 37, 16, 13
MM, 423, 654, 12
MM, 420, 682, 1294
MM, 148, 80, 565
MM, 148, 79, 378
MM, 148, 77, 12
MM, 148, 68, 12
MM, 147, 54, 13
MM, 144, 27, 12
MM, 143, 10, 12
MM, 143, 5, 13
MM, 143, 0, 14
MM, 407, 355, 11
MM, 407, 353, 13
MM, 407, 352, 13
MM, 407, 351, 12
MM, 407, 350, 13
MM, 406, 350, 289
MM, 403, 350, 12
MM, 397, 355, 13
MM, 107, 36, 12
MM, 11, 8, 13
MM, 16, 0, 12
MM, 14, 12, 13
MM, 292, 576, 12
MM, 290, 588, 13
MM, 290, 596, 13
MM, 290, 604, 13
MM, 290, 614, 12
MM, 290, 616, 227
MM, 290, 619, 12
MM, 289, 621, 12
MM, 289, 623, 13
MM, 289, 624, 12
MM, 289, 625, 12
MM, 290, 625, 13
MM, 294, 626, 13
MM, 298, 626, 12
MM, 303, 626, 15
MM, 309, 625, 10
MM, 312, 624, 13
MM, 314, 622, 12
MM, 316, 618, 214
MM, 21, 23, 13
MM, 14, 6, 12
MM, 248, 55, 13
MM, 296, 9, 13
MM, 383, 70, 12
MM, 411, 47, 12
MM, 468, 22, 13
MM, 480, 16, 12
MM, 480, 15, 202
MM, 480, 12, 13
MM, 481, 8, 12
MM, 485, 1, 12
MM, 761, 212, 13
MM, 781, 177, 12
MM, 790, 157, 13
MM, 793, 148, 13
MM, 795, 141, 12
MM, 797, 132, 13
MM, 801, 121, 12
MM, 803, 114, 13
MM, 803, 113, 176
MM, 807, 106, 12
MM, 818, 91, 13
MM, 842, 58, 12
MM, 69, 19, 49109
MM, 69, 16, 209
MM, 69, 10, 12
MM, 25, 21, 14
MM, 465, 544, 11
MM, 472, 460, 12
MM, 209, 78, 14
MM, 213, 25, 12
MM, 214, 5, 13
MM, 479, 353, 12
MM, 481, 338, 13
MM, 483, 328, 13
MM, 483, 327, 301
MM, 483, 326, 13
MM, 484, 322, 12
MM, 484, 316, 13
MM, 223, 80, 13
MM, 224, 73, 12
MM, 224, 70, 12
MM, 225, 67, 13
MM, 226, 64, 13
MM, 228, 57, 12
MM, 228, 58, 53928
MM, 228, 59, 12
MM, 228, 60, 13
MM, 228, 61, 25
MM, 228, 63, 12
MM, 228, 64, 13
MM, 231, 74, 12
MM, 500, 313, 13
MM, 515, 338, 12
MM, 531, 355, 13
MM, 287, 30, 13
MM, 300, 57, 12
MM, 309, 68, 13
MM, 319, 78, 12
MM, 600, 464, 13
MM, 1, 8, 12
MM, 4, 12, 13
MM, 6, 16, 12
MM, 7, 21, 13
MM, 8, 26, 12
MM, 7, 29, 265
MM, 606, 505, 12
MM, 595, 539, 13
MM, 21, 17, 12
MM, 577, 645, 13
MM, 587, 685, 12
MM, 620, 690, 578
MM, 615, 648, 13
MM, 612, 625, 12
MM, 6, 28, 13
MM, 4, 3, 13
MM, 9, 25, 12
MM, 7, 8, 13
MM, 604, 534, 12
MM, 603, 526, 13
MM, 602, 522, 12
MM, 602, 519, 13
MM, 602, 517, 12
MM, 601, 517, 290
MM, 35, 12, 13
MM, 33, 9, 11
MM, 592, 501, 13
MM, 23, 5, 13
MM, 312, 75, 12
MM, 307, 49, 13
MM, 306, 32, 12
MM, 304, 22, 12
MM, 303, 14, 13
MM, 301, 7, 13
MM, 562, 356, 13
MM, 562, 355, 364
MM, 561, 352, 13
MM, 561, 346, 12
MM, 560, 335, 12
MM, 560, 315, 13
MM, 296, 60, 13
MM, 296, 46, 13
MM, 296, 39, 12
MM, 296, 35, 12
MM, 296, 33, 13
MM, 296, 30, 13
MM, 296, 28, 11
MM, 297, 28, 60201
MM, 299, 28, 13
MM, 302, 28, 13
MM, 309, 28, 12
MM, 314, 28, 13
MM, 318, 28, 12
MM, 321, 28, 13
MM, 324, 28, 13
MM, 325, 28, 12
MM, 327, 28, 12
MM, 329, 28, 12
MM, 330, 28, 14
MM, 332, 28, 12
MM, 332, 29, 19707
MM, 332, 30, 13
MM, 331, 31, 13
MM, 330, 32, 12
MM, 329, 33, 12
MM, 328, 35, 13
MM, 327, 37, 12
MM, 324, 43, 13
MM, 322, 54, 13
MM, 319, 65, 12
MM, 315, 75, 13
MM, 575, 315, 12
MM, 566, 341, 13
MM, 291, 0, 13
MM, 283, 14, 12
MM, 273, 39, 13
MM, 270, 49, 12
MM, 267, 53, 13
MM, 267, 56, 12
MM, 267, 57, 50
MM, 266, 57, 201
MM, 265, 59, 2525
MM, 264, 60, 12
MM, 262, 63, 13
MM, 259, 79, 13
MM, 519, 477, 12
MM, 2, 6, 12
MM, 129, 26, 13
MM, 586, 645, 577
MM, 12, 15, 13
MM, 31, 21, 13
MM, 19, 2, 13
MM, 270, 60, 12
MM, 266, 10, 13
MM, 527, 339, 12
MM, 261, 78, 13
MM, 259, 64, 13
MM, 256, 52, 12
MM, 256, 50, 339
MM, 256, 49, 13
MM, 256, 47, 12
MM, 256, 45, 12
MM, 256, 41, 13
MM, 257, 35, 13
MM, 259, 28, 12
MM, 261, 22, 13
MM, 264, 19, 14
MM, 267, 15, 10
MM, 272, 12, 14
MM, 281, 10, 12
MM, 285, 8, 12
MM, 290, 7, 13
MM, 292, 7, 13
MM, 296, 6, 12
MM, 308, 6, 13
MM, 321, 6, 14
MM, 328, 6, 11
MM, 331, 8, 12
MM, 335, 9, 13
MM, 337, 11, 12
MM, 339, 13, 13
MM, 344, 16, 12
MM, 350, 20, 13
MM, 354, 23, 12
MM, 353, 25, 43777
MM, 348, 29, 13
MM, 339, 41, 13
MM, 322, 67, 12
MM, 575, 319, 12
MM, 571, 327, 12
MM, 570, 331, 14
MM, 568, 336, 12
MM, 568, 338, 12
MM, 568, 340, 13
MM, 568, 342, 13
MM, 568, 343, 12
MM, 568, 344, 13
MM, 568, 345, 12
MM, 568, 347, 38
MM, 567, 349, 289
MM, 565, 351, 13
MM, 297, 1, 12
MM, 292, 12, 12
MM, 287, 21, 13
MM, 282, 28, 13
MM, 281, 33, 12
MM, 279, 36, 13
MM, 278, 37, 15
MM, 278, 38, 22
MM, 278, 39, 38
MM, 278, 40, 25
MM, 278, 41, 13
MC, 1, 212
MM, 278, 42, 252
MM, 278, 44, 26
MM, 278, 49, 12
MM, 281, 58, 12
MM, 284, 65, 13
MM, 287, 72, 12
MM, 290, 78, 13
MM, 294, 84, 12
MM, 295, 84, 277
MM, 298, 85, 13
MM, 569, 447, 13
MM, 590, 463, 12
MM, 7, 15, 12
MM, 15, 23, 13
MM, 19, 26, 13
MM, 22, 29, 12
MM, 628, 497, 13
MM, 630, 501, 12
MM, 26, 2, 13
MM, 26, 4, 239
MM, 25, 5, 24
MM, 24, 8, 13
MM, 23, 9, 13
MM, 21, 11, 12
MM, 20, 13, 13
MM, 19, 14, 12
MM, 19, 15, 25
MC, 1, 227
MM, 18, 15, 50
MM, 17, 16, 25
MM, 15, 17, 12
MM, 10, 20, 13
MM, 4, 26, 13
MM, 602, 537, 12
MM, 594, 543, 12
MM, 30, 11, 13
MM, 22, 16, 12
MM, 18, 19, 13
MM, 13, 22, 13
MM, 10, 25, 12
MM, 7, 26, 13
MM, 6, 27, 12
MM, 5, 28, 13
MM, 2, 30, 201
MM, 550, 574, 12
MM, 19, 11, 13
MM, 127, 1, 12
MM, 120, 11, 12
MM, 117, 15, 13
MM, 115, 17, 13
MM, 113, 18, 12
MM, 112, 20, 13
MM, 111, 20, 13
MM, 110, 22, 12
MM, 109, 23, 25
MM, 109, 24, 13
MM, 108, 24, 14
MM, 108, 25, 36
MC, 1, 263
MM, 108, 24, 38
MM, 109, 23, 13
MM, 110, 22, 25
MM, 111, 22, 12
MM, 112, 21, 13
MM, 113, 20, 25
MM, 114, 20, 13
MM, 115, 19, 12
MM, 115, 18, 13
MM, 117, 16, 12
MM, 120, 15, 13
MM, 123, 13, 13
MM, 130, 10, 12
MM, 138, 7, 12
MM, 144, 5, 13
MM, 150, 4, 13
MM, 154, 3, 12
MM, 157, 2, 13
MM, 162, 1, 12
MM, 556, 614, 13
MM, 560, 614, 12
MM, 563, 614, 13
MM, 565, 614, 13
MM, 567, 613, 214
MM, 570, 612, 11
MM, 576, 609, 13
MM, 31, 28, 13
MM, 8, 20, 12
MM, 18, 14, 13
MM, 24, 11, 12
MM, 28, 9, 24
MM, 634, 584, 1
MM, 636, 582, 13
MM, 639, 582, 12
MM, 1, 4, 13
MM, 4, 3, 13
MM, 5, 3, 12
MM, 6, 2, 12
MM, 8, 2, 13
MM, 9, 1, 12
MM, 10, 1, 13
MM, 12, 0, 13
MM, 652, 575, 12
MM, 654, 575, 13
MM, 656, 574, 13
MM, 657, 573, 11
MM, 658, 573, 12
MM, 660, 572, 13
MM, 662, 571, 13
MM, 664, 570, 13
MM, 30, 30, 12
MM, 32, 29, 12
MM, 35, 28, 13
MM, 673, 567, 13
MM, 674, 566, 13
MM, 675, 566, 12
MM, 676, 565, 12
MM, 677, 564, 13
MM, 678, 563, 25
MM, 0, 24, 12
MM, 1, 23, 13
MM, 2, 22, 13
MM, 3, 22, 12
MM, 4, 21, 13
MM, 6, 21, 13
MM, 7, 20, 12
MM, 8, 20, 12
MM, 9, 20, 13
MC, 1, 377
MM, 9, 19, 87
MM, 9, 18, 39
MM, 9, 17, 12
MM, 6, 14, 12
MM, 4, 10, 13
MM, 0, 5, 13
MM, 673, 536, 12
MM, 27, 30, 12
MM, 24, 26, 13
MM, 23, 25, 13
MM, 22, 24, 12
MM, 21, 23, 13
MM, 21, 22, 13
MM, 21, 21, 24
MM, 20, 21, 26
MM, 20, 20, 12
MM, 19, 19, 38
MM, 19, 18, 12
MM, 19, 17, 12
MM, 19, 16, 13
MM, 19, 14, 13
MM, 19, 13, 12
MM, 18, 12, 13
MM, 18, 11, 13
MM, 18, 10, 12
MC, 1, 176
MM, 17, 10, 37
MM, 15, 10, 25
MM, 10, 14, 13
MM, 643, 523, 12
MM, 20, 4, 13
MM, 34, 23, 13
MM, 574, 572, 12
MM, 4, 4, 13
MM, 555, 584, 13
MM, 31, 13, 11
MM, 25, 15, 13
MM, 19, 17, 13
MM, 16, 19, 12
MM, 13, 20, 13
MM, 11, 20, 12
MM, 9, 22, 12
MM, 8, 22, 13
MM, 7, 22, 13
MM, 7, 23, 12
MM, 6, 23, 13
MM, 4, 23, 213
MM, 2, 23, 13
MM, 515, 599, 13
MM, 33, 23, 12
MM, 23, 20, 12
MM, 8, 18, 14
MM, 473, 591, 11
MM, 33, 13, 13
MM, 31, 11, 13
MM, 29, 11, 12
MM, 27, 10, 13
MM, 27, 9, 25
MM, 26, 9, 12
MC, 1, 302
MM, 25, 9, 239
MM, 24, 8, 12
MM, 23, 6, 12
MM, 21, 5, 13
MM, 19, 3, 13
MM, 448, 575, 13
MM, 443, 570, 12
MM, 10, 23, 12
MM, 5, 17, 12
MM, 2, 13, 13
MM, 426, 549, 13
MM, 426, 547, 12
MM, 424, 546, 13
MM, 423, 544, 12
MM, 422, 543, 26
MM, 422, 542, 12
MM, 421, 541, 13
MM, 421, 540, 12
MM, 35, 0, 12
MM, 419, 538, 13
MM, 418, 537, 25
MM, 417, 536, 13
MM, 415, 534, 12
MM, 414, 533, 13
MM, 16, 29, 12
MM, 14, 28, 13
MM, 14, 27, 13
MM, 13, 26, 12
MM, 12, 25, 25
MM, 12, 24, 13
MM, 13, 24, 389
MM, 16, 27, 12
MM, 418, 535, 13
MM, 425, 544, 12
MM, 4, 14, 13
MM, 8, 23, 12
MM, 440, 573, 13
MM, 8, 3, 12
MM, 10, 7, 13
MM, 10, 9, 13
MM, 12, 12, 12
MM, 14, 13, 13
MM, 16, 15, 12
MM, 20, 19, 13
MM, 23, 25, 13
MM, 460, 608, 12
MM, 73, 1, 12
MM, 75, 4, 13
MM, 75, 6, 12
MM, 75, 7, 13
MM, 76, 8, 13
MM, 76, 9, 12
MM, 77, 9, 12
MM, 77, 10, 25
MM, 77, 11, 176
MM, 78, 12, 25
MM, 79, 12, 26
MM, 79, 13, 12
MM, 79, 14, 25
MM, 80, 14, 13
MC, 1, 389
MM, 81, 14, 50
MM, 82, 14, 25
MM, 84, 14, 13
MM, 87, 13, 12
MM, 92, 12, 13
MM, 95, 10, 12
MM, 99, 8, 24
MM, 103, 7, 1
MM, 105, 6, 13
MM, 110, 5, 12
MM, 114, 4, 13
MM, 119, 3, 13
MM, 120, 3, 12
MM, 122, 2, 13
MM, 124, 2, 12
MM, 124, 1, 12
MM, 125, 1, 13
MM, 126, 1, 251
MM, 127, 0, 13
MM, 519, 612, 13
MM, 525, 611, 12
MM, 537, 608, 13
MM, 28, 29, 12
MM, 35, 27, 13
MM, 555, 602, 12
MM, 557, 602, 13
MM, 558, 602, 13
MM, 559, 601, 12
MM, 0, 25, 13
MM, 0, 24, 49
MM, 1, 24, 139
MM, 2, 24, 12
MM, 4, 23, 13
MM, 7, 22, 12
MM, 9, 22, 13
MM, 11, 21, 12
MM, 13, 20, 13
MM, 15, 20, 13
MM, 16, 19, 11
MM, 16, 18, 13
MM, 17, 18, 26
MC, 1, 263
MM, 16, 17, 114
MM, 13, 15, 12
MM, 7, 10, 13
MM, 553, 574, 12
MM, 25, 22, 12
MM, 510, 546, 13
MM, 30, 1, 12
MM, 492, 534, 13
MM, 6, 25, 13
MM, 3, 21, 12
MM, 0, 19, 13
MM, 481, 520, 13
MM, 480, 518, 13
MM, 479, 518, 25
MM, 479, 517, 12
MM, 478, 517, 213
MM, 477, 517, 13
MM, 35, 15, 12
MM, 33, 15, 13
MM, 30, 15, 12
MM, 28, 15, 13
MM, 26, 15, 12
MM, 25, 15, 13
MM, 24, 15, 13
MM, 23, 15, 12
MM, 22, 15, 50
MC, 1, 226
MM, 23, 15, 88
MM, 25, 15, 13
MM, 30, 15, 12
MM, 479, 524, 13
MM, 491, 533, 13
MM, 31, 2, 12
MM, 507, 546, 13
MM, 3, 11, 12
MM, 9, 15, 13
MM, 13, 20, 12
MM, 18, 25, 13
MM, 533, 571, 12
MM, 19, 0, 13
MM, 20, 3, 12
MM, 21, 4, 264
MM, 22, 5, 13
MM, 25, 8, 13
MM, 29, 13, 12
MM, 32, 18, 13
MM, 35, 24, 12
MM, 554, 603, 12
MM, 557, 607, 13
MM, 557, 608, 13
MM, 558, 609, 12
MM, 559, 610, 13
MM, 559, 611, 12
MM, 560, 611, 12
MM, 560, 612, 13
MM, 562, 612, 13
MM, 562, 613, 25
MM, 563, 613, 12
MM, 564, 613, 25
MM, 564, 614, 13
MM, 565, 614, 25
MM, 566, 614, 38
MM, 567, 614, 25
MM, 568, 614, 12
MM, 570, 614, 25
MM, 572, 614, 13
MM, 579, 612, 13
MM, 589, 608, 12
MM, 35, 28, 13
MM, 598, 601, 12
MM, 601, 600, 12
MM, 602, 599, 13
MM, 0, 22, 13
MM, 2, 21, 12
MM, 3, 20, 13
MM, 4, 20, 12
MM, 6, 20, 13
MM, 7, 20, 12
MM, 8, 20, 13
MM, 11, 20, 12
MM, 13, 20, 13
MM, 15, 20, 13
MM, 17, 20, 12
MM, 19, 20, 12
MM, 22, 20, 13
MM, 23, 20, 12
MM, 25, 20, 13
MM, 28, 20, 13
MM, 29, 20, 12
MM, 635, 596, 13
MM, 638, 596, 12
MM, 1, 20, 12
MM, 3, 20, 13
MM, 4, 20, 13
MM, 5, 20, 12
MM, 6, 20, 13
MM, 7, 20, 25
MC, 1, 314
MM, 7, 21, 126
MM, 5, 21, 12
MM, 1, 22, 13
MM, 637, 598, 12
MM, 24, 22, 13
MM, 8, 22, 12
MM, 35, 22, 14
MM, 24, 22, 12
MM, 13, 22, 13
MM, 3, 22, 12
MM, 556, 598, 12
MM, 35, 22, 14
MM, 32, 22, 12
MM, 31, 22, 12
MM, 28, 22, 13
MM, 27, 22, 12
MM, 26, 22, 13
MM, 24, 22, 12
MM, 22, 22, 13
MM, 19, 22, 12
MM, 16, 22, 13
MM, 15, 22, 12
MM, 13, 22, 13
MM, 12, 22, 25
MM, 11, 22, 13
MM, 9, 22, 12
MM, 8, 22, 13
MM, 7, 22, 12
MM, 6, 21, 13
MM, 3, 20, 12
MM, 1, 19, 13
MM, 515, 595, 12
MM, 34, 17, 13
MM, 29, 16, 12
MM, 26, 15, 13
MM, 23, 14, 13
MM, 22, 14, 12
MM, 21, 14, 13
MM, 20, 14, 25
MM, 19, 14, 25
MM, 18, 14, 50
MC, 1, 200
MM, 15, 13, 101
MM, 8, 1, 177
MM, 8, 0, 49
MM, 7, 0, 25
MM, 434, 538, 25
MM, 433, 537, 13
MM, 432, 535, 12
MM, 34, 30, 13
MM, 32, 28, 13
MM, 30, 25, 12
MM, 27, 21, 12
MM, 25, 19, 13
MM, 23, 17, 12
MM, 21, 16, 13
MM, 20, 15, 12
MM, 19, 14, 26
MC, 1, 287
MM, 18, 14, 77
MM, 16, 14, 12
MM, 14, 16, 13
MM, 10, 19, 12
MM, 3, 28, 13
MM, 6, 0, 13
MM, 382, 548, 12
MM, 31, 16, 13
MM, 24, 21, 12
MM, 19, 27, 13
MM, 359, 571, 13
MM, 357, 575, 12
MM, 5, 1, 12
MM, 2, 2, 13
MM, 1, 4, 13
MM, 349, 581, 12
MM, 348, 581, 25
MM, 348, 582, 12
MM, 347, 582, 13
MM, 346, 582, 25
MM, 346, 580, 163
MM, 346, 576, 13
MM, 347, 570, 12
MM, 4, 26, 13
MM, 5, 21, 13
MM, 6, 19, 12
MM, 6, 18, 12
MM, 6, 16, 13
MM, 7, 15, 38
MC, 1, 288
MM, 8, 15, 38
MM, 9, 15, 25
MM, 12, 15, 12
MM, 17, 15, 13
MM, 27, 18, 13
MM, 380, 561, 12
MM, 4, 25, 13
MM, 10, 29, 12
MM, 400, 574, 13
MM, 16, 4, 13
MM, 24, 10, 12
MM, 29, 15, 12
MM, 32, 18, 13
MM, 35, 22, 12
MM, 428, 602, 14
MM, 432, 602, 251
MM, 4, 26, 12
MM, 19, 26, 13
MM, 31, 26, 12
MM, 1, 28, 13
MM, 9, 28, 12
MM, 14, 28, 12
MM, 19, 29, 13
MM, 21, 29, 13
MM, 22, 30, 12
MM, 23, 30, 13
MM, 24, 30, 13
MM, 25, 30, 25
MM, 26, 30, 12
MM, 27, 30, 38
MM, 28, 30, 25
MM, 29, 30, 37
MM, 30, 30, 14
MM, 31, 30, 11
MM, 33, 30, 13
MM, 34, 30, 13
MM, 512, 606, 12
MM, 513, 606, 13
MM, 515, 606, 12
MM, 0, 30, 13
MM, 1, 30, 25
MM, 2, 29, 12
MM, 3, 29, 13
MM, 4, 28, 13
MM, 5, 27, 12
MM, 7, 25, 13
MM, 8, 25, 12
MM, 9, 23, 12
MM, 10, 23, 13
MM, 11, 22, 25
MM, 12, 21, 13
MM, 13, 21, 25
MM, 14, 21, 101
MM, 14, 20, 12
MC, 1, 262
MM, 14, 21, 140
MM, 12, 24, 12
MM, 11, 28, 13
MM, 525, 610, 13
MM, 132, 3, 11
MM, 129, 7, 13
MM, 127, 12, 13
MM, 126, 15, 13
MM, 125, 17, 12
MM, 124, 19, 12
MM, 123, 21, 13
MM, 123, 23, 13
MM, 123, 24, 13
MM, 123, 25, 11
MC, 1, 402
MM, 123, 24, 88
MM, 122, 23, 13
MM, 120, 21, 12
MM, 118, 19, 12
MM, 114, 16, 13
MM, 107, 11, 13
MM, 97, 5, 12
MM, 475, 610, 13
MM, 33, 26, 12
MM, 25, 21, 13
MM, 21, 18, 12
MM, 18, 16, 13
MM, 17, 14, 12
MM, 15, 13, 13
MM, 14, 12, 13
MM, 13, 11, 25
MM, 12, 11, 12
MM, 11, 11, 251
MM, 9, 11, 13
MM, 7, 11, 12
MM, 3, 11, 13
MM, 0, 11, 13
MM, 430, 587, 11
MM, 36, 11, 13
MM, 34, 10, 13
MM, 32, 10, 12
MM, 31, 10, 26
MC, 1, 288
MM, 428, 585, 190
MM, 9, 6, 12
MM, 520, 570, 13
MM, 20, 21, 13
MM, 0, 18, 12
MM, 23, 15, 12
MM, 32, 15, 13
MM, 634, 553, 13
MM, 0, 14, 12
MM, 2, 13, 13
MM, 3, 13, 12
MM, 4, 13, 12
MM, 6, 13, 13
MM, 8, 13, 13
MM, 8, 12, 201
MM, 8, 11, 12
MM, 8, 10, 13
MM, 8, 7, 13
MM, 8, 4, 12
MM, 8, 0, 13
MM, 2, 28, 12
MM, 2, 23, 12
MM, 2, 18, 13
MM, 2, 15, 12
MM, 2, 13, 13
MM, 2, 12, 13
MM, 2, 11, 12
MM, 2, 10, 13
MC, 1, 338
MM, 0, 11, 89
MM, 639, 517, 12
MM, 22, 23, 13
MM, 621, 534, 12
MM, 17, 1, 12
MM, 11, 7, 14
MM, 7, 12, 13
MM, 4, 15, 12
MM, 1, 18, 12
MM, 595, 559, 12
MM, 593, 561, 13
MM, 591, 562, 13
MM, 35, 25, 12
MM, 34, 26, 12
MM, 32, 27, 13
MM, 31, 28, 12
MM, 29, 30, 13
MM, 582, 570, 13
MM, 581, 571, 13
MM, 580, 572, 12
MM, 579, 573, 12
MM, 578, 574, 13
MM, 577, 575, 12
MM, 17, 0, 13
MM, 16, 0, 13
MM, 16, 1, 12
MM, 16, 2, 63
MM, 15, 2, 38
MM, 15, 3, 38
MC, 1, 275
MM, 13, 3, 114
MM, 8, 3, 13
MM, 560, 575, 12
MM, 27, 27, 12
MM, 510, 555, 13
MM, 26, 7, 13
MM, 13, 0, 12
MM, 27, 25, 13
MM, 19, 18, 12
MM, 13, 14, 12
MM, 9, 11, 13
MM, 7, 10, 12
MM, 6, 9, 13
MM, 4, 8, 13
MM, 4, 7, 13
MM, 3, 7, 12
MM, 3, 6, 13
MM, 2, 6, 13
MM, 1, 6, 12
MM, 0, 6, 12
MM, 0, 5, 13
MM, 437, 506, 13
MM, 436, 506, 12
MM, 435, 505, 13
MM, 433, 505, 11
MM, 34, 2, 13
MM, 32, 2, 13
MM, 30, 1, 12
MM, 29, 1, 13
MM, 27, 1, 13
MM, 26, 1, 11
MM, 25, 1, 14
MM, 23, 1, 12
MM, 22, 1, 25
MM, 21, 1, 25
MC, 1, 314
MM, 21, 2, 63
MM, 24, 5, 13
MM, 27, 8, 13
MM, 34, 16, 12
MM, 436, 525, 13
MM, 438, 528, 13
MM, 1, 30, 11
MM, 442, 534, 13
MM, 443, 536, 13
MM, 444, 538, 12
MM, 17, 0, 12
MM, 18, 1, 13
MM, 18, 2, 12
MM, 18, 3, 13
MM, 18, 4, 13
MM, 18, 5, 37
MM, 19, 6, 25
MM, 19, 7, 25
MM, 19, 8, 13
MM, 19, 9, 13
MM, 19, 10, 12
MM, 19, 11, 13
MM, 19, 12, 12
MM, 19, 13, 13
MM, 19, 14, 12
MM, 19, 15, 13
MM, 19, 16, 12
MM, 19, 17, 38
MC, 1, 226
MM, 20, 17, 62
MM, 22, 17, 25
MM, 27, 17, 13
MM, 0, 14, 13
MM, 20, 12, 12
MM, 510, 549, 13
MM, 7, 9, 12
MM, 12, 9, 13
MM, 15, 9, 12
MM, 17, 9, 13
MM, 18, 9, 12
MM, 19, 9, 13
MM, 20, 8, 13
MM, 21, 8, 12
MM, 22, 8, 25
MM, 22, 7, 13
MM, 22, 6, 38
MM, 23, 6, 24
MM, 23, 5, 13
MM, 23, 4, 13
MM, 24, 3, 12
MM, 25, 1, 12
MM, 537, 537, 13
MM, 538, 535, 12
MM, 540, 533, 13
MM, 17, 28, 13
MM, 17, 25, 12
MM, 18, 21, 12
MM, 19, 17, 13
MM, 19, 15, 13
MM, 19, 14, 13
MM, 19, 13, 24
MM, 18, 13, 150
MC, 1, 201
MM, 18, 14, 177
MM, 15, 18, 13
MM, 10, 25, 12
MM, 10, 12, 12
MM, 34, 9, 13
MM, 31, 21, 13
MM, 29, 27, 12
MM, 503, 607, 13
MM, 503, 610, 12
MM, 112, 2, 13
MM, 111, 8, 12
MM, 110, 12, 14
MM, 110, 15, 11
MM, 110, 16, 13
MM, 109, 18, 13
MM, 109, 19, 12
MM, 108, 20, 13
MM, 108, 21, 25
MM, 108, 22, 12
MM, 107, 22, 13
MM, 107, 23, 24
MM, 107, 24, 13
MM, 106, 25, 26
MC, 1, 301
MM, 107, 24, 389
MM, 109, 22, 12
MM, 113, 18, 13
MM, 123, 9, 12
MM, 528, 609, 13
MM, 21, 28, 13
MM, 26, 24, 12
MM, 29, 22, 12
MM, 31, 21, 13
MM, 33, 20, 13
MM, 34, 19, 12
MM, 35, 19, 13
MM, 554, 595, 201
MM, 558, 595, 12
MM, 3, 19, 13
MM, 19, 19, 13
MM, 2, 19, 11
MM, 14, 21, 13
MM, 19, 23, 13
MM, 23, 25, 12
MM, 26, 27, 13
MM, 27, 28, 13
MM, 29, 29, 12
MM, 634, 605, 15
MM, 635, 605, 10
MM, 635, 606, 13
MM, 636, 606, 12
MM, 636, 607, 13
MM, 637, 607, 75
MM, 639, 607, 38
MM, 640, 607, 25
MM, 1, 30, 13
MM, 2, 29, 12
MM, 4, 28, 12
MM, 6, 26, 13
MM, 9, 25, 12
MM, 11, 23, 13
MM, 14, 22, 12
MM, 17, 22, 13
MM, 18, 21, 13
MM, 19, 20, 12
MM, 20, 20, 12
MM, 21, 20, 13
MC, 1, 238
MM, 20, 20, 126
MM, 23, 9, 50
MM, 6, 2, 13
MM, 597, 572, 12
MM, 30, 28, 13
MM, 22, 22, 12
MM, 16, 17, 13
MM, 12, 15, 12
MM, 10, 13, 13
MM, 9, 13, 12
MM, 7, 11, 13
MM, 6, 10, 25
MM, 6, 9, 13
MC, 1, 389
MM, 438, 508, 566
MM, 436, 508, 12
MM, 434, 508, 13
MM, 433, 510, 13
MM, 32, 8, 12
MM, 30, 9, 12
MM, 28, 10, 13
MM, 27, 11, 13
MM, 25, 11, 12
MM, 24, 12, 13
MM, 23, 12, 12
MM, 22, 12, 26
MC, 1, 250
MM, 22, 13, 51
MM, 22, 14, 12
MM, 23, 16, 12
MM, 25, 20, 13
MM, 432, 535, 13
MM, 18, 16, 12
MM, 25, 24, 13
MM, 28, 29, 12
MM, 457, 571, 13
MM, 460, 575, 13
MM, 28, 2, 12
MM, 29, 7, 12
MM, 32, 11, 13
MM, 34, 15, 13
MM, 34, 17, 276
MM, 469, 596, 13
MM, 471, 603, 12
MM, 84, 1, 12
MM, 87, 10, 13
MM, 88, 13, 12
MM, 89, 14, 12
MM, 89, 15, 14
MM, 89, 16, 12
MM, 90, 16, 13
MM, 90, 17, 25
MM, 91, 17, 63
MC, 1, 251
MM, 92, 17, 37
MM, 93, 17, 13
MM, 96, 17, 12
MM, 105, 13, 13
MM, 120, 0, 12
MM, 8, 25, 13
MM, 22, 15, 13
MM, 0, 5, 12
MM, 570, 575, 12
MM, 577, 570, 13
MM, 29, 26, 12
MM, 33, 22, 13
MM, 36, 19, 13
MM, 592, 557, 11
MM, 595, 556, 13
MM, 0, 15, 13
MM, 1, 14, 13
MM, 3, 14, 12
MM, 3, 13, 201
MM, 3, 12, 13
MM, 4, 10, 12
MM, 6, 7, 13
MM, 8, 5, 12
MM, 10, 2, 13
MM, 609, 538, 12
MM, 611, 537, 13
MM, 613, 535, 13
MM, 616, 533, 12
MM, 10, 29, 13
MM, 11, 28, 12
MM, 11, 27, 289
MM, 11, 26, 12
MM, 11, 25, 13
MM, 12, 24, 12
MM, 12, 23, 12
MM, 12, 21, 13
MM, 12, 20, 13
MM, 12, 19, 12
MM, 12, 18, 13
MM, 12, 17, 38
MM, 11, 17, 213
MM, 7, 17, 13
MM, 601, 519, 13
MM, 32, 17, 12
MM, 0, 17, 12
MM, 8, 17, 13
MM, 33, 17, 13
MM, 11, 17, 12
MM, 394, 519, 13
MM, 31, 17, 12
MM, 23, 18, 13
MM, 15, 20, 12
MM, 8, 23, 13
MM, 5, 24, 12
MM, 1, 26, 12
MM, 0, 26, 13
MM, 1, 28, 226
MM, 3, 29, 13
MM, 358, 535, 13
MM, 24, 3, 12
MM, 33, 10, 12
MM, 382, 552, 13
MM, 0, 15, 12
MM, 2, 16, 13
MM, 4, 16, 13
MM, 5, 16, 138
MM, 6, 16, 75
MM, 7, 16, 37
MC, 1, 190
MM, 8, 16, 37
MM, 8, 18, 13
MM, 12, 22, 13
MM, 16, 28, 12
MM, 17, 4, 12
MM, 21, 11, 13
MM, 23, 16, 13
MM, 24, 17, 12
MM, 25, 18, 12
MM, 25, 20, 12
MM, 26, 20, 13
MM, 27, 22, 13
MM, 27, 23, 12
MM, 27, 24, 13
MM, 28, 26, 12
MM, 30, 28, 13
MM, 421, 607, 13
MM, 422, 611, 12
MM, 34, 3, 13
MM, 35, 5, 12
MM, 36, 7, 12
MM, 37, 8, 14
MM, 38, 9, 12
MM, 38, 10, 12
MM, 39, 10, 13
MC, 1, 325
MM, 40, 10, 240
MM, 44, 10, 13
MM, 54, 5, 12
MM, 479, 608, 12
MM, 22, 11, 13
MM, 558, 577, 12
MM, 569, 574, 14
MM, 581, 572, 12
MM, 587, 572, 11
MM, 592, 571, 14
MM, 593, 571, 13
MM, 594, 571, 11
MM, 596, 571, 13
MM, 597, 571, 38
MM, 598, 571, 13
MM, 600, 571, 24
MM, 603, 570, 13
MM, 607, 570, 12
MM, 14, 30, 13
MM, 18, 30, 13
MM, 23, 29, 12
MM, 26, 29, 13
MM, 29, 29, 12
MM, 33, 29, 12
MM, 634, 568, 13
MM, 636, 568, 13
MM, 3, 29, 12
MM, 7, 29, 12
MM, 10, 28, 14
MM, 13, 28, 12
MM, 15, 28, 12
MM, 18, 27, 13
MM, 21, 27, 12
MM, 27, 26, 13
MM, 30, 26, 13
MM, 33, 25, 12
MM, 34, 25, 13
MM, 35, 25, 12
MM, 674, 564, 12
MM, 675, 564, 13
MM, 676, 563, 13
MM, 677, 563, 12
MM, 678, 563, 12
MM, 0, 24, 13
MM, 1, 24, 26
MM, 2, 24, 12
MM, 2, 22, 515
MM, 2, 21, 51
MM, 2, 20, 12
MM, 2, 19, 13
MM, 1, 18, 12
MM, 0, 16, 13
MM, 676, 551, 12
MM, 33, 5, 13
MM, 17, 27, 12
MM, 12, 15, 13
MM, 9, 9, 13
MM, 7, 5, 12
MM, 7, 4, 13
MM, 7, 3, 12
MM, 6, 2, 13
MM, 7, 4, 464
MM, 8, 5, 25
MM, 8, 6, 37
MM, 9, 6, 126
MM, 9, 7, 12
MM, 9, 8, 25
MM, 10, 8, 12
MM, 10, 9, 50
MC, 1, 264
MM, 10, 10, 489
MM, 10, 11, 26
MM, 9, 12, 12
MM, 9, 13, 13
MM, 8, 13, 13
MM, 8, 15, 12
MM, 7, 15, 13
MM, 6, 16, 12
MM, 6, 17, 12
MM, 5, 18, 13
MM, 5, 19, 25
MM, 4, 19, 251
MM, 0, 19, 12
MM, 638, 521, 13
MM, 14, 22, 13
MM, 583, 535, 12
MM, 4, 7, 12
MM, 550, 551, 14
MM, 32, 17, 12
MM, 27, 20, 13
MM, 23, 22, 12
MM, 20, 23, 12
MM, 18, 24, 14
MM, 17, 25, 12
MM, 16, 25, 12
MM, 14, 25, 314
MM, 13, 26, 13
MM, 11, 28, 12
MM, 5, 29, 13
MM, 505, 573, 12
MM, 19, 0, 13
MM, 11, 3, 13
MM, 8, 4, 12
MM, 5, 6, 12
MM, 2, 6, 12
MM, 1, 7, 14
MM, 473, 583, 12
MM, 472, 584, 12
MM, 470, 584, 290
MM, 33, 10, 12
MM, 27, 15, 13
MM, 16, 23, 12
MM, 438, 608, 13
MM, 432, 612, 12
MM, 38, 2, 12
MM, 34, 4, 13
MM, 31, 6, 13
MM, 29, 7, 13
MM, 28, 7, 12
MM, 27, 8, 13
MM, 27, 9, 12
MM, 26, 9, 13
MM, 26, 10, 6163
MM, 27, 10, 25
MM, 27, 11, 50
MM, 28, 11, 188
MM, 29, 11, 38
MM, 30, 9, 13
MM, 32, 7, 12
MM, 35, 4, 13
MM, 40, 0, 12
MM, 434, 608, 13
MM, 4, 27, 12
MM, 7, 25, 13
MM, 9, 22, 12
MM, 11, 21, 13
MM, 12, 19, 13
MM, 13, 19, 12
MC, 1, 351
MM, 10, 19, 127
MM, 6, 19, 11
MM, 430, 595, 14
MM, 30, 19, 13
MM, 16, 17, 11
MM, 7, 14, 13
MM, 0, 12, 13
MM, 388, 587, 12
MM, 385, 585, 13
MM, 34, 9, 13
MM, 33, 8, 12
MM, 32, 7, 25
MM, 31, 7, 101
MM, 31, 6, 12
MM, 29, 4, 12
MM, 25, 2, 14
MM, 372, 574, 11
MM, 25, 30, 13
MM, 22, 27, 13
MM, 21, 25, 13
MM, 21, 23, 12
MM, 20, 23, 12
MM, 20, 22, 13
MM, 19, 22, 12
MM, 19, 21, 26
MC, 1, 288
MM, 20, 21, 38
MM, 22, 21, 13
MM, 26, 21, 11
MM, 31, 20, 14
MM, 382, 558, 12
MM, 7, 18, 13
MM, 15, 17, 12
MM, 23, 17, 13
MM, 30, 17, 13
MM, 34, 17, 12
MM, 424, 556, 13
MM, 0, 17, 12
MM, 5, 17, 12
MM, 11, 19, 13
MM, 17, 21, 13
MM, 22, 24, 13
MM, 24, 26, 12
MM, 26, 29, 12
MM, 456, 574, 12
MM, 24, 2, 13
MM, 25, 5, 12
MM, 26, 7, 14
MM, 26, 8, 12
MM, 27, 10, 12
MM, 28, 10, 12
MM, 28, 11, 14
MM, 29, 11, 42
MM, 30, 12, 7
MM, 33, 13, 13
MM, 470, 589, 13
MM, 473, 590, 13
MM, 0, 15, 11
MM, 2, 15, 13
MM, 4, 15, 13
MM, 6, 15, 12
MM, 7, 15, 13
MM, 9, 15, 12
MM, 11, 15, 13
MM, 13, 15, 13
MM, 16, 15, 12
MM, 18, 15, 12
MM, 19, 15, 14
MM, 20, 15, 11
MM, 21, 15, 26
MC, 1, 237
MM, 24, 15, 227
MM, 33, 12, 13
MM, 32, 1, 12
MM, 23, 12, 13
MM, 674, 537, 12
MM, 689, 535, 13
MM, 706, 534, 12
MM, 718, 533, 13
MM, 724, 533, 13
MM, 727, 533, 12
MM, 729, 533, 13
MM, 730, 533, 13
MM, 731, 533, 12
MM, 732, 533, 37
MM, 733, 533, 63
MM, 734, 533, 26
MM, 735, 533, 12
MM, 737, 534, 12
MM, 738, 535, 26
MM, 738, 536, 12
MM, 738, 537, 13
MM, 738, 539, 12
MM, 737, 541, 13
MM, 735, 542, 12
MM, 734, 544, 13
MM, 731, 544, 12
MM, 728, 545, 13
MM, 721, 546, 12
MM, 714, 547, 12
MM, 31, 8, 13
MM, 28, 8, 13
MM, 26, 8, 13
MM, 25, 8, 12
MM, 24, 8, 25
MM, 23, 8, 25
MC, 1, 225
MM, 22, 8, 102
MM, 20, 8, 12
MM, 14, 8, 13
MM, 1, 8, 12
MM, 12, 10, 12
MM, 595, 551, 14
MM, 18, 11, 12
MM, 9, 9, 13
MM, 548, 546, 11
MM, 27, 6, 13
MM, 18, 5, 13
MM, 13, 4, 13
MM, 8, 3, 12
MM, 0, 2, 12
MM, 31, 1, 13
MM, 26, 0, 12
MM, 490, 538, 13
MM, 487, 538, 12
MM, 485, 537, 13
MM, 482, 537, 12
MM, 476, 535, 13
MM, 467, 534, 13
MM, 23, 30, 13
MM, 17, 29, 12
MM, 12, 27, 13
MM, 10, 25, 12
MM, 8, 24, 13
MM, 7, 24, 12
MM, 5, 23, 12
MM, 4, 23, 13
MM, 3, 22, 13
MM, 2, 22, 13
MM, 1, 22, 12
MM, 0, 22, 13
MM, 437, 524, 12
MM, 436, 524, 12
MM, 435, 524, 13
MM, 35, 22, 13
MM, 33, 21, 12
MM, 31, 21, 12
MM, 30, 20, 13
MM, 28, 20, 12
MM, 27, 20, 13
MM, 25, 20, 25
MM, 24, 19, 50
MC, 1, 213
MM, 25, 20, 114
MM, 27, 23, 13
MM, 4, 1, 12
MM, 445, 574, 12
MM, 25, 19, 13
MM, 32, 29, 13
MM, 80, 2, 12
MM, 83, 9, 12
MM, 85, 12, 13
MM, 86, 14, 12
MM, 86, 15, 13
MM, 86, 16, 13
MM, 86, 17, 49
MM, 87, 17, 38
MM, 88, 18, 51
MM, 89, 18, 12
MM, 89, 19, 12
MM, 90, 19, 38
MC, 1, 213
MM, 91, 19, 114
MM, 91, 18, 24
MM, 92, 16, 13
MM, 94, 13, 11
MM, 96, 8, 14
MM, 97, 5, 12
MM, 99, 2, 13
MM, 491, 611, 12
MM, 491, 610, 13
MM, 492, 609, 12
MM, 492, 607, 13
MM, 18, 30, 12
MM, 18, 29, 13
MM, 18, 27, 12
MM, 18, 26, 13
MM, 19, 24, 12
MM, 19, 23, 13
MM, 20, 21, 13
MM, 20, 20, 25
MM, 20, 19, 25
MC, 1, 225
MM, 20, 18, 38
MM, 22, 17, 13
MM, 22, 15, 13
MM, 25, 11, 12
MM, 29, 3, 13
MM, 508, 570, 12
MM, 0, 25, 12
MM, 2, 19, 14
MM, 3, 17, 11
MM, 4, 14, 13
MM, 4, 13, 13
MM, 4, 11, 25
MM, 9, 3, 100
MM, 10, 3, 26
MM, 10, 2, 12
MM, 11, 2, 12
MM, 11, 0, 13
MM, 12, 0, 13
MM, 523, 538, 12
MM, 523, 537, 251
MM, 524, 537, 12
MM, 524, 535, 14
MM, 3, 30, 12
MM, 6, 27, 12
MM, 9, 23, 13
MM, 13, 19, 13
MM, 15, 17, 13
MM, 17, 15, 12
MM, 18, 14, 12
MM, 19, 13, 12
MM, 20, 13, 13
MM, 20, 12, 13
MM, 21, 12, 50
MM, 21, 11, 25
MM, 22, 11, 12
MC, 1, 289
MM, 21, 11, 88
MM, 18, 13, 13
MM, 15, 18, 12
MM, 9, 25, 12
MM, 527, 534, 13
MM, 12, 1, 13
MM, 8, 5, 12
MM, 4, 11, 12
MM, 510, 560, 13
MM, 504, 571, 13
MM, 25, 1, 13
MM, 22, 5, 12
MM, 19, 8, 12
MM, 18, 10, 13
MM, 16, 13, 12
MM, 15, 15, 12
MM, 12, 21, 14
MM, 11, 26, 12
MM, 9, 30, 13
MM, 484, 609, 12
MM, 484, 610, 12
MM, 483, 611, 13
MM, 93, 0, 13
MM, 92, 1, 13
MM, 92, 2, 11
MM, 92, 3, 13
MM, 92, 4, 13
MM, 92, 5, 13
MM, 92, 6, 12
MM, 92, 7, 38
MM, 92, 8, 12
MM, 92, 9, 13
MM, 92, 11, 13
MM, 92, 12, 12
MM, 92, 13, 13
MM, 92, 14, 12
MM, 92, 16, 13
MM, 92, 17, 11
MM, 92, 18, 13
MM, 92, 20, 13
MM, 93, 21, 25
MM, 94, 21, 50
MC, 1, 376
MM, 93, 18, 114
MM, 91, 15, 12
MM, 89, 11, 13
MM, 85, 5, 13
MM, 469, 610, 12
MM, 30, 27, 13
MM, 23, 17, 12
MM, 18, 10, 12
MM, 15, 4, 13
MM, 446, 575, 12
MM, 445, 573, 13
MM, 443, 571, 13
MM, 15, 30, 12
MM, 13, 29, 12
MM, 12, 27, 13
MM, 10, 26, 13
MM, 9, 25, 13
MM, 8, 22, 11
MM, 7, 21, 13
MM, 6, 19, 12
MM, 5, 17, 14
MM, 4, 16, 13
MM, 3, 15, 11
MM, 3, 14, 13
MM, 2, 14, 12
MM, 2, 12, 12
MM, 1, 12, 14
MM, 0, 10, 12
MM, 0, 9, 12
MM, 426, 546, 12
MM, 425, 544, 14
MM, 424, 541, 12
MM, 422, 535, 13
MM, 23, 27, 13
MM, 22, 21, 11
MM, 21, 18, 13
MM, 20, 15, 14
MM, 19, 14, 11
MM, 18, 12, 14
MM, 18, 11, 12
MM, 18, 10, 12
MM, 18, 9, 25
MC, 1, 264
MM, 20, 12, 113
MM, 22, 18, 12
MM, 425, 534, 13
MM, 2, 9, 13
MM, 7, 17, 11
MM, 9, 22, 13
MM, 11, 27, 13
MM, 12, 29, 13
MM, 13, 30, 12
MM, 440, 570, 12
MM, 441, 570, 26
MM, 441, 571, 100
MM, 442, 571, 38
MM, 443, 572, 17
MM, 443, 573, 8
MM, 444, 573, 12
MM, 444, 574, 12
MM, 11, 0, 26
MM, 12, 0, 12
MM, 13, 2, 13
MM, 14, 2, 12
MM, 14, 4, 13
MM, 15, 5, 25
MM, 15, 6, 13
MM, 15, 7, 12
MC, 1, 289
MM, 15, 5, 401
MM, 445, 575, 13
MM, 8, 24, 12
MM, 2, 14, 12
MM, 423, 546, 13
MM, 35, 2, 14
MM, 418, 537, 12
MM, 416, 533, 12
MM, 17, 28, 13
MM, 17, 26, 12
MM, 17, 25, 13
MM, 16, 23, 13
MM, 16, 22, 36
MC, 1, 503
MM, 17, 21, 88
MM, 19, 21, 12
MM, 22, 21, 13
MM, 25, 20, 13
MM, 31, 20, 12
MM, 34, 20, 12
MM, 434, 522, 12
MM, 436, 522, 13
MM, 437, 521, 14
MM, 438, 521, 12
MM, 1, 19, 12
MM, 2, 19, 25
MM, 3, 19, 13
MM, 4, 19, 12
MM, 5, 19, 38
MC, 1, 201
MM, 6, 19, 51
MM, 9, 18, 11
MM, 12, 18, 14
MM, 18, 18, 13
MM, 26, 18, 11
MM, 477, 520, 13
MM, 4, 18, 13
MM, 9, 18, 12
MM, 12, 18, 13
MM, 15, 18, 13
MM, 18, 18, 12
MM, 20, 18, 12
MM, 22, 18, 13
MM, 24, 18, 13
MM, 27, 17, 12
MM, 28, 17, 13
MM, 29, 17, 238
MM, 31, 16, 26
MM, 34, 16, 12
MM, 520, 518, 12
MM, 2, 16, 13
MM, 5, 15, 12
MM, 8, 15, 13
MM, 9, 14, 13
MM, 10, 14, 11
MM, 11, 14, 13
MM, 12, 14, 76
MM, 12, 13, 38
MM, 13, 13, 37
MC, 1, 214
MM, 11, 15, 100
MM, 9, 16, 12
MM, 6, 21, 13
MM, 1, 27, 13
MM, 520, 536, 12
MM, 5, 3, 13
MM, 1, 8, 12
MM, 509, 552, 12
MM, 507, 556, 14
MM, 505, 559, 12
MM, 33, 24, 12
MM, 32, 27, 13
MM, 502, 570, 13
MM, 500, 575, 11
MM, 24, 2, 14
MM, 23, 5, 13
MM, 22, 8, 12
MM, 22, 11, 12
MM, 21, 13, 13
MM, 21, 15, 12
MM, 21, 17, 14
MM, 21, 19, 12
MM, 21, 20, 12
MM, 21, 22, 13
MM, 21, 24, 12
MM, 21, 26, 13
MM, 21, 28, 12
MM, 21, 29, 13
MM, 21, 30, 12
MM, 496, 608, 13
MM, 496, 609, 12
MM, 496, 610, 12
MM, 496, 611, 13
MM, 496, 612, 13
MM, 106, 0, 12
MM, 106, 1, 25
MM, 107, 1, 389
MM, 108, 1, 13
MM, 112, 1, 12
MM, 120, 1, 12
MM, 524, 612, 14
MM, 534, 610, 12
MM, 541, 608, 12
MM, 30, 30, 13
MM, 555, 605, 12
MM, 0, 27, 12
MM, 3, 26, 14
MM, 5, 26, 12
MM, 6, 25, 12
MM, 8, 24, 13
MM, 9, 23, 13
MM, 9, 22, 214
MM, 9, 21, 13
MM, 9, 19, 12
MM, 11, 17, 12
MM, 12, 13, 12
MM, 16, 9, 13
MM, 20, 4, 13
MM, 583, 575, 13
MM, 585, 572, 11
MM, 586, 570, 13
MM, 34, 28, 13
MM, 34, 26, 13
MM, 35, 24, 11
MM, 36, 23, 14
MM, 36, 20, 12
MM, 592, 558, 13
MM, 594, 557, 251
MM, 596, 555, 25
MM, 1, 15, 13
MM, 3, 13, 12
MM, 5, 10, 12
MM, 8, 8, 13
MM, 10, 6, 12
MM, 11, 4, 13
MM, 13, 3, 13
MM, 14, 1, 12
MM, 17, 0, 13
MM, 616, 538, 12
MM, 617, 538, 13
MM, 618, 537, 13
MM, 618, 536, 12
MM, 619, 536, 12
MM, 620, 536, 26
MM, 621, 535, 12
MM, 622, 534, 25
MM, 623, 533, 25
MM, 16, 30, 13
MM, 17, 30, 12
MM, 18, 29, 13
MM, 19, 27, 13
MM, 21, 25, 12
MM, 24, 23, 13
MM, 26, 20, 12
MM, 638, 519, 13
MM, 641, 517, 12
MM, 643, 516, 12
MM, 1, 13, 13
MM, 3, 12, 12
MM, 4, 11, 13
MM, 5, 11, 12
MM, 5, 10, 13
MM, 6, 10, 13
MM, 7, 10, 37
MM, 8, 9, 37
MM, 5, 11, 202
MM, 639, 523, 12
MM, 10, 11, 13
MM, 27, 22, 13
MM, 115, 20, 12
MM, 465, 656, 12
MM, 444, 668, 13
MM, 434, 674, 13
MM, 424, 680, 12
MM, 416, 685, 13
MM, 410, 689, 13
MM, 407, 690, 12
MM, 405, 691, 12
MM, 404, 691, 13
MM, 404, 692, 12
MM, 403, 692, 13
MM, 405, 691, 184
MM, 408, 689, 4
MM, 411, 686, 13
MM, 416, 682, 12
MM, 420, 680, 13
MM, 423, 677, 12
MM, 425, 675, 12
MM, 429, 672, 13
MM, 431, 670, 13
MM, 433, 668, 12
MM, 437, 666, 13
MM, 439, 662, 12
MM, 442, 660, 14
MM, 443, 659, 12
MM, 444, 657, 12
MM, 445, 656, 13
MM, 446, 655, 12
MM, 446, 654, 13
MM, 447, 653, 12
MM, 448, 653, 50
MM, 448, 652, 50
MM, 449, 652, 13
MP, 1, 62
MR, 1, 189
MC, 1, 0
MM, 449, 651, 88
MM, 450, 651, 12
MM, 450, 650, 12
MM, 452, 648, 13
MM, 453, 647, 12
MM, 455, 646, 14
MM, 66, 30, 12
MM, 68, 29, 12
MM, 68, 28, 13
MM, 69, 27, 12
MM, 69, 26, 13
MC, 1, 213
MM, 70, 25, 63
MM, 71, 25, 13
MM, 73, 24, 12
MM, 76, 22, 13
MM, 82, 19, 12
MM, 91, 15, 13
MM, 101, 12, 13
MM, 108, 10, 12
MM, 112, 9, 13
MM, 115, 9, 12
MM, 117, 8, 12
MM, 118, 6, 227
MM, 124, 2, 12
MM, 7, 30, 12
MM, 1, 6, 12
MM, 10, 4, 14
MM, 15, 29, 12
MM, 22, 23, 13
MM, 28, 20, 13
MM, 639, 518, 12
MM, 0, 13, 12
MM, 4, 12, 13
MM, 7, 10, 12
MC, 1, 465
MM, 4, 11, 88
MM, 0, 15, 12
MM, 28, 21, 12
MM, 18, 27, 13
MM, 618, 534, 13
MM, 15, 0, 13
MM, 10, 5, 12
MM, 5, 10, 13
MM, 594, 553, 12
MM, 32, 18, 13
MM, 25, 21, 13
MM, 21, 24, 11
MM, 16, 25, 13
MM, 14, 26, 13
MM, 11, 27, 13
MM, 8, 28, 12
MM, 5, 29, 14
MM, 3, 29, 11
MM, 1, 29, 13
MM, 553, 568, 12
MM, 552, 569, 13
MM, 550, 570, 12
MM, 549, 571, 12
MM, 548, 572, 13
MM, 546, 573, 13
MM, 545, 574, 13
MM, 544, 575, 12
MM, 543, 575, 13
MM, 25, 0, 12
MM, 24, 0, 25
MM, 24, 1, 13
MM, 22, 2, 12
MM, 21, 3, 25
MC, 1, 427
MM, 19, 3, 102
MM, 17, 3, 12
MM, 13, 3, 12
MM, 5, 3, 13
MM, 508, 575, 11
MM, 496, 570, 13
MM, 12, 24, 13
MM, 3, 18, 13
MM, 468, 555, 13
MM, 465, 552, 11
MM, 36, 12, 13
MM, 35, 12, 26
MM, 34, 11, 25
MM, 33, 11, 37
MM, 32, 10, 13
MM, 31, 10, 13
MM, 29, 9, 12
MM, 26, 8, 12
MM, 19, 5, 13
MM, 13, 2, 13
MM, 434, 537, 12
MM, 429, 533, 13
MM, 27, 26, 13
MM, 23, 21, 12
MM, 20, 18, 12
MM, 17, 15, 13
MM, 16, 14, 13
MM, 15, 12, 11
MM, 14, 12, 26
MM, 14, 11, 13
MC, 1, 263
MM, 15, 11, 50
MM, 19, 11, 13
MM, 29, 16, 12
MM, 458, 533, 13
MM, 23, 16, 12
MM, 3, 26, 13
MM, 23, 2, 12
MM, 36, 15, 13
MM, 559, 601, 12
MM, 566, 607, 13
MM, 571, 612, 12
MM, 578, 616, 13
MM, 584, 620, 12
MM, 589, 625, 13
MM, 592, 629, 12
MM, 594, 633, 13
MM, 595, 633, 301
MM, 598, 633, 13
MM, 603, 633, 12
MM, 609, 633, 13
MM, 616, 633, 13
MM, 621, 633, 11
MM, 626, 633, 14
MM, 629, 633, 12
MM, 632, 633, 13
MM, 634, 633, 13
MM, 637, 634, 12
MM, 637, 633, 402
MM, 637, 632, 13
MM, 637, 631, 12
MM, 638, 629, 12
MM, 638, 628, 13
MM, 639, 626, 12
MM, 639, 625, 13
MM, 639, 624, 13
MM, 639, 622, 13
MM, 639, 621, 11
MM, 639, 620, 13
MM, 638, 619, 13
MM, 636, 618, 12
MM, 636, 617, 12
MM, 635, 616, 13
MM, 634, 615, 12
MM, 633, 614, 13
MM, 633, 613, 13
MM, 632, 611, 12
MM, 632, 610, 13
MM, 631, 609, 12
MM, 631, 607, 13
MM, 28, 30, 13
MM, 28, 29, 11
MM, 28, 28, 26
MM, 30, 27, 25
MM, 634, 602, 13
MM, 637, 601, 12
MM, 0, 24, 12
MM, 3, 23, 13
MM, 8, 22, 13
MM, 11, 22, 12
MM, 13, 22, 13
MM, 14, 21, 12
MM, 16, 21, 13
MM, 17, 20, 13
MM, 18, 20, 12
MC, 1, 238
MM, 18, 19, 151
MM, 18, 17, 25
MM, 18, 14, 12
MM, 17, 9, 13
MM, 654, 574, 13
MM, 15, 27, 12
MM, 13, 21, 13
MM, 12, 16, 12
MM, 11, 12, 13
MM, 9, 6, 13
MM, 644, 538, 12
MM, 641, 532, 12
MM, 639, 530, 13
MM, 638, 528, 12
MM, 638, 526, 13
MM, 30, 23, 13
MM, 29, 22, 12
MM, 29, 21, 12
MM, 29, 20, 25
MM, 28, 20, 14
MM, 28, 19, 12
MM, 27, 19, 113
MM, 26, 19, 38
MM, 25, 18, 11
MM, 23, 18, 13
MM, 21, 17, 13
MM, 20, 17, 13
MM, 18, 16, 13
MM, 17, 15, 23
MM, 16, 15, 14
MC, 1, 238
MM, 15, 15, 177
MM, 14, 15, 12
MM, 11, 17, 12
MM, 9, 22, 12
MM, 3, 29, 14
MM, 606, 536, 12
MM, 1, 16, 75
MM, 1, 18, 12
MM, 1, 20, 13
MM, 1, 22, 13
MM, 1, 24, 13
MM, 1, 26, 12
MM, 1, 27, 12
MM, 0, 28, 13
MM, 0, 30, 12
MM, 596, 572, 13
MM, 596, 573, 25
MM, 595, 574, 25
MM, 593, 575, 214
MM, 30, 0, 12
MM, 27, 1, 13
MM, 17, 4, 12
MM, 7, 6, 13
MM, 0, 8, 12
MM, 554, 585, 13
MM, 35, 9, 13
MM, 33, 10, 12
MM, 31, 10, 12
MM, 30, 10, 13
MM, 28, 10, 25
MM, 27, 10, 38
MC, 1, 237
MM, 25, 10, 114
MM, 23, 12, 13
MM, 21, 13, 13
MM, 19, 16, 11
MM, 16, 19, 13
MM, 12, 23, 12
MM, 10, 25, 14
MM, 8, 27, 12
MM, 6, 29, 12
MM, 5, 30, 13
MM, 521, 607, 13
MM, 520, 607, 12
MM, 520, 608, 13
MM, 518, 609, 12
MM, 518, 610, 12
MM, 516, 610, 13
MM, 516, 611, 14
MM, 515, 612, 11
MM, 124, 0, 26
MM, 124, 1, 24
MM, 123, 1, 13
MM, 123, 2, 13
MM, 122, 2, 12
MM, 122, 3, 13
MC, 1, 250
MM, 122, 2, 101
MM, 122, 1, 13
MM, 512, 611, 12
MM, 512, 606, 12
MM, 35, 15, 14
MM, 508, 574, 12
MM, 506, 561, 12
MM, 33, 7, 13
MM, 502, 535, 12
MM, 18, 27, 13
MM, 18, 23, 12
MM, 17, 20, 13
MM, 16, 17, 12
MM, 15, 16, 13
MM, 15, 13, 13
MM, 15, 10, 12
MM, 15, 8, 12
MC, 1, 389
MM, 18, 8, 76
MM, 21, 9, 12
MM, 25, 11, 13
MM, 33, 15, 12
MM, 522, 521, 13
MM, 7, 24, 13
MM, 12, 29, 12
MM, 540, 535, 13
MM, 542, 537, 12
MM, 34, 1, 13
MM, 35, 2, 12
MM, 548, 543, 13
MM, 549, 544, 25
MM, 550, 544, 12
MM, 551, 544, 25
MM, 551, 545, 13
MM, 552, 545, 12
MM, 553, 545, 25
MM, 0, 6, 39
MM, 2, 6, 24
MM, 3, 6, 26
MM, 5, 6, 12
MM, 6, 6, 12
MM, 8, 7, 13
MM, 10, 7, 12
MM, 11, 7, 13
MM, 12, 7, 13
MM, 13, 7, 12
MM, 15, 7, 12
MM, 15, 8, 13
MM, 17, 8, 13
MM, 18, 8, 37
MM, 18, 9, 25
MC, 1, 200
MM, 19, 9, 140
MM, 22, 7, 12
MM, 26, 5, 13
MM, 32, 1, 12
MM, 593, 537, 12
MM, 599, 534, 14
MM, 605, 531, 12
MM, 1, 27, 13
MM, 5, 25, 12
MM, 7, 25, 12
MM, 9, 23, 14
MM, 10, 23, 12
MM, 11, 22, 13
MM, 12, 22, 12
MM, 12, 21, 12
MM, 13, 21, 38
MM, 13, 20, 13
MM, 13, 19, 50
MM, 14, 19, 13
MC, 1, 212
MM, 13, 19, 26
MM, 8, 19, 12
MM, 29, 25, 13
MM, 26, 2, 12
MM, 507, 550, 12
MM, 5, 17, 14
MM, 22, 20, 12
MM, 4, 23, 13
MM, 24, 24, 12
MM, 13, 25, 12
MM, 6, 25, 13
MM, 2, 25, 12
MM, 0, 25, 13
MM, 383, 564, 12
MM, 382, 564, 13
MM, 381, 564, 25
MM, 383, 564, 226
MM, 0, 24, 12
MM, 2, 22, 13
MM, 4, 21, 13
MM, 6, 19, 13
MM, 9, 18, 12
MM, 10, 17, 12
MM, 11, 16, 13
MM, 13, 15, 13
MM, 14, 14, 12
MM, 15, 14, 13
MM, 16, 14, 12
MM, 17, 13, 13
MC, 1, 251
MM, 18, 13, 50
MM, 19, 13, 25
MM, 20, 14, 13
MM, 23, 16, 12
MM, 26, 20, 13
MM, 33, 27, 12
MM, 424, 575, 13
MM, 431, 586, 12
MM, 7, 25, 12
MM, 447, 610, 14
MM, 64, 3, 12
MM, 67, 7, 13
MM, 70, 9, 12
MM, 72, 12, 12
MM, 73, 15, 13
MM, 75, 20, 13
MM, 76, 23, 12
MM, 77, 25, 12
MM, 77, 27, 13
MM, 78, 27, 13
MM, 78, 28, 13
MM, 78, 29, 37
MC, 1, 439
MM, 78, 28, 151
MM, 78, 27, 11
MM, 78, 26, 13
MM, 78, 24, 13
MM, 78, 23, 12
MM, 78, 22, 13
MM, 78, 21, 12
MM, 78, 19, 12
MM, 78, 18, 14
MM, 76, 15, 13
MM, 71, 7, 12
MM, 18, 29, 12
MM, 11, 16, 12
MM, 7, 9, 13
MM, 6, 6, 13
MM, 5, 3, 13
MM, 5, 2, 11
MM, 4, 1, 13
MM, 4, 0, 13
MM, 438, 575, 37
MM, 4, 0, 214
MM, 5, 1, 13
MM, 6, 3, 12
MM, 7, 4, 14
MM, 9, 6, 12
MM, 10, 6, 11
MM, 10, 7, 13
MM, 11, 7, 26
MM, 11, 8, 12
MM, 12, 8, 13
MC, 1, 212
MM, 15, 8, 139
MM, 23, 4, 13
MM, 480, 570, 13
MM, 7, 16, 12
MM, 0, 6, 12
MM, 12, 2, 13
MM, 20, 0, 12
MM, 583, 536, 13
MM, 592, 534, 13
MM, 35, 30, 12
MM, 602, 530, 12
MM, 606, 529, 13
MM, 0, 26, 12
MM, 1, 26, 13
MM, 2, 25, 13
MM, 2, 24, 12
MM, 3, 24, 12
MM, 4, 24, 26
MM, 5, 24, 25
MM, 5, 23, 24
MM, 6, 23, 13
MC, 1, 340
MM, 4, 23, 75
MM, 605, 525, 12
MM, 18, 29, 13
MM, 549, 540, 13
MM, 34, 10, 12
MM, 13, 13, 13
MM, 2, 15, 12
MM, 33, 17, 12
MM, 25, 18, 13
MM, 21, 20, 13
MM, 18, 20, 12
MM, 15, 21, 13
MM, 14, 21, 12
MM, 13, 21, 13
MM, 12, 21, 12
MM, 12, 22, 13
MM, 11, 22, 12
MM, 10, 22, 12
MM, 9, 22, 39
MM, 8, 22, 37
MM, 7, 22, 51
MC, 1, 238
MM, 7, 21, 151
MM, 6, 19, 12
MM, 4, 16, 13
MM, 1, 10, 12
MM, 425, 541, 13
MM, 23, 30, 13
MM, 21, 25, 12
MM, 19, 23, 13
MM, 18, 20, 12
MM, 17, 19, 12
MM, 16, 18, 13
MM, 16, 17, 13
MM, 16, 16, 12
MM, 15, 16, 26
MM, 15, 15, 12
MC, 1, 276
MM, 16, 15, 50
MM, 20, 15, 12
MM, 28, 15, 13
MM, 5, 13, 12
MM, 477, 514, 13
MM, 23, 9, 12
MM, 522, 511, 13
MM, 21, 9, 12
MM, 34, 9, 13
MM, 2, 9, 13
MM, 9, 9, 12
MM, 17, 9, 13
MM, 27, 11, 12
MM, 32, 13, 13
MM, 601, 516, 12
MM, 603, 518, 13
MM, 604, 518, 12
MM, 605, 518, 214
MM, 1, 16, 12
MM, 6, 16, 13
MM, 19, 16, 12
MM, 638, 518, 12
MM, 1, 16, 13
MM, 5, 16, 13
MM, 6, 16, 13
MM, 7, 16, 12
MM, 9, 16, 13
MM, 10, 16, 49
MC, 1, 290
MM, 9, 16, 63
MM, 7, 17, 12
MM, 1, 19, 12
MM, 23, 28, 13
MM, 12, 1, 12
MM, 596, 548, 13
MM, 33, 13, 13
MM, 25, 17, 12
MM, 21, 19, 12
MM, 17, 20, 13
MM, 16, 21, 13
MM, 16, 22, 12
MM, 15, 22, 13
MM, 14, 22, 188
MM, 13, 23, 13
MM, 10, 25, 12
MM, 4, 29, 13
MM, 31, 2, 12
MM, 22, 10, 13
MM, 16, 17, 13
MM, 12, 20, 13
MM, 9, 23, 11
MM, 7, 25, 13
MM, 6, 27, 12
MM, 5, 27, 13
MM, 4, 28, 13
MM, 3, 28, 12
MM, 2, 29, 13
MM, 2, 30, 12
MM, 0, 30, 13
MM, 517, 607, 13
MM, 516, 607, 12
MM, 515, 608, 13
MM, 514, 609, 11
MM, 513, 610, 14
MM, 512, 610, 12
MM, 512, 611, 13
MM, 512, 612, 12
MM, 511, 612, 12
MM, 121, 0, 13
MM, 120, 0, 13
MM, 120, 1, 250
MM, 120, 2, 63
MM, 120, 3, 18
MM, 120, 4, 20
MM, 120, 5, 13
MM, 120, 6, 37
MM, 120, 7, 13
MM, 120, 8, 24
MM, 120, 9, 38
MM, 120, 10, 38
MM, 120, 11, 13
MC, 1, 213
MM, 122, 10, 202
MM, 127, 8, 12
MM, 135, 6, 12
MM, 142, 3, 13
MM, 148, 1, 13
MM, 153, 0, 12
MM, 546, 611, 13
MM, 549, 610, 13
MM, 553, 608, 11
MM, 557, 606, 13
MM, 559, 603, 13
MM, 2, 26, 12
MM, 2, 25, 13
MM, 3, 25, 12
MM, 4, 24, 25
MM, 5, 24, 113
MM, 5, 23, 13
MM, 6, 23, 25
MM, 7, 23, 24
MM, 7, 22, 13
MM, 9, 22, 13
MM, 9, 21, 13
MM, 10, 21, 12
MM, 11, 21, 25
MC, 1, 289
MM, 11, 20, 125
MM, 7, 18, 13
MM, 0, 11, 13
MM, 544, 574, 13
MM, 6, 17, 13
MM, 31, 6, 11
MM, 493, 537, 13
MM, 6, 28, 12
MM, 3, 23, 13
MM, 1, 21, 12
MM, 0, 19, 13
MM, 481, 520, 13
MM, 480, 519, 12
MM, 479, 519, 25
MM, 479, 518, 13
MM, 478, 518, 12
MM, 477, 518, 25
MM, 476, 518, 13
MM, 35, 15, 12
MM, 33, 15, 13
MM, 32, 15, 25
MM, 30, 14, 12
MM, 28, 14, 13
MM, 27, 14, 13
MM, 25, 14, 12
MM, 23, 14, 13
MM, 22, 14, 12
MM, 21, 14, 12
MM, 20, 14, 13
MM, 19, 14, 13
MM, 18, 14, 12
MM, 17, 14, 13
MM, 16, 14, 50
MC, 1, 162
MM, 17, 14, 13
MM, 18, 14, 14
MM, 20, 14, 12
MM, 25, 14, 12
MM, 478, 516, 13
MM, 10, 14, 12
MM, 22, 14, 13
MM, 518, 516, 13
MM, 10, 14, 12
MM, 19, 14, 13
MM, 23, 14, 12
MM, 28, 14, 13
MM, 32, 15, 12
MM, 34, 15, 238
MM, 560, 517, 13
MM, 4, 15, 13
MM, 20, 15, 13
MM, 30, 15, 12
MM, 36, 15, 13
MM, 604, 517, 12
MM, 606, 517, 13
MM, 1, 15, 13
MM, 3, 15, 12
MM, 4, 15, 24
MM, 5, 15, 51
MM, 6, 15, 62
MM, 8, 16, 13
MM, 10, 19, 12
MM, 16, 25, 13
MM, 628, 536, 13
MM, 632, 543, 12
MM, 636, 547, 13
MM, 1, 11, 12
MM, 3, 13, 13
MM, 4, 16, 13
MM, 6, 17, 12
MM, 6, 18, 12
MM, 7, 19, 25
MM, 7, 20, 364
MM, 8, 21, 25
MM, 9, 23, 12
MM, 10, 24, 13
MM, 11, 26, 12
MM, 12, 28, 13
MM, 14, 30, 13
MM, 651, 571, 12
MM, 653, 573, 13
MM, 654, 574, 13
MM, 15, 0, 12
MM, 16, 2, 12
MM, 16, 4, 13
MM, 17, 6, 12
MM, 18, 8, 14
MM, 18, 9, 24
MM, 18, 10, 26
MM, 18, 12, 502
MM, 18, 13, 25
MM, 18, 15, 13
MM, 18, 16, 12
MM, 18, 17, 13
MM, 18, 18, 12
MM, 19, 19, 25
MM, 19, 20, 38
MC, 1, 551
MM, 17, 21, 101
MM, 11, 22, 13
MM, 2, 24, 12
MM, 22, 26, 12
MM, 599, 604, 14
MM, 27, 29, 12
MM, 19, 29, 12
MM, 14, 29, 12
MM, 9, 29, 13
MM, 3, 29, 12
MM, 0, 29, 13
MM, 557, 604, 13
MM, 556, 603, 12
MM, 555, 603, 13
MM, 554, 603, 12
MM, 554, 602, 26
MM, 36, 26, 213
MM, 34, 26, 12
MM, 31, 26, 13
MM, 26, 26, 13
MM, 14, 26, 13
MM, 4, 25, 12
MM, 514, 601, 12
MM, 512, 600, 13
MM, 35, 24, 12
MM, 34, 24, 25
MM, 32, 23, 251
MM, 31, 23, 13
MM, 30, 22, 13
MM, 27, 20, 12
MM, 23, 20, 13
MM, 20, 17, 12
MM, 19, 16, 13
MM, 16, 16, 12
MM, 16, 15, 13
MM, 15, 14, 25
MC, 1, 200
MM, 14, 14, 126
MM, 13, 13, 13
MM, 11, 11, 13
MM, 5, 5, 12
MM, 0, 30, 12
MM, 30, 17, 13
MM, 21, 11, 13
MM, 18, 7, 12
MM, 15, 3, 13
MM, 14, 2, 12
MM, 13, 1, 12
MM, 439, 538, 13
MM, 439, 537, 25
MM, 438, 536, 25
MM, 438, 535, 13
MM, 437, 534, 25
MM, 436, 532, 13
MM, 436, 531, 13
MM, 434, 530, 12
MM, 35, 25, 12
MM, 31, 23, 13
MM, 27, 18, 13
MM, 23, 15, 12
MM, 21, 13, 12
MM, 19, 11, 12
MM, 19, 10, 13
MM, 18, 10, 13
MM, 18, 9, 13
MM, 17, 9, 11
MC, 1, 252
MM, 16, 9, 51
MM, 16, 10, 13
MM, 14, 11, 12
MM, 14, 12, 12
MM, 12, 14, 13
MM, 9, 20, 12
MM, 5, 26, 13
MM, 2, 29, 12
MM, 395, 535, 12
MM, 393, 537, 13
MM, 7, 0, 14
MM, 4, 1, 11
MM, 2, 3, 13
MM, 1, 3, 12
MM, 384, 543, 13
MM, 381, 545, 13
MM, 379, 545, 12
MM, 34, 6, 13
MM, 33, 7, 12
MM, 31, 7, 13
MM, 29, 8, 12
MM, 27, 8, 13
MM, 26, 8, 13
MM, 24, 8, 11
MM, 23, 9, 13
MM, 22, 9, 13
MM, 21, 9, 13
MM, 20, 9, 37
MC, 1, 188
MM, 21, 9, 26
MM, 25, 9, 12
MM, 34, 9, 13
MM, 21, 9, 12
MM, 15, 9, 12
MM, 29, 9, 13
MM, 2, 9, 13
MM, 20, 10, 12
MM, 28, 12, 14
MM, 506, 553, 11
MM, 2, 18, 13
MM, 12, 22, 12
MM, 19, 27, 13
MM, 537, 571, 13
MM, 25, 0, 13
MM, 28, 4, 12
MM, 33, 8, 12
MM, 36, 9, 13
MM, 557, 587, 13
MM, 1, 13, 12
MM, 3, 13, 13
MM, 5, 13, 12
MM, 6, 14, 12
MM, 7, 14, 13
MM, 8, 14, 37
MM, 8, 15, 139
MM, 6, 15, 26
MM, 4, 15, 11
MM, 2, 15, 13
MM, 559, 591, 12
MM, 556, 591, 13
MM, 555, 591, 13
MM, 35, 15, 12
MM, 34, 15, 12
MM, 33, 15, 13
MM, 32, 15, 12
MM, 31, 15, 13
MM, 30, 15, 13
MM, 29, 15, 13
MM, 28, 15, 37
MM, 27, 15, 13
MM, 26, 15, 37
MC, 1, 239
MM, 25, 15, 88
MM, 23, 15, 25
MM, 21, 16, 13
MM, 19, 18, 12
MM, 17, 20, 25
MM, 15, 22, 0
MM, 12, 27, 13
MM, 11, 30, 12
MM, 526, 610, 13
MM, 525, 612, 12
MM, 133, 0, 12
MM, 132, 2, 14
MM, 132, 3, 25
MM, 131, 3, 12
MM, 129, 4, 25
MM, 129, 5, 13
MM, 128, 5, 12
MM, 128, 6, 13
MM, 127, 6, 12
MM, 127, 7, 13
MM, 126, 7, 12
MM, 125, 8, 25
MM, 124, 9, 51
MM, 124, 10, 25
MC, 1, 300
MM, 125, 10, 227
MM, 127, 10, 12
MM, 129, 9, 12
MM, 133, 7, 13
MM, 137, 6, 13
MM, 139, 3, 13
MM, 140, 3, 11
MM, 142, 1, 13
MM, 533, 612, 25
MM, 533, 611, 25
MM, 533, 608, 13
MM, 16, 30, 12
MM, 16, 28, 13
MM, 16, 25, 12
MM, 16, 22, 13
MM, 16, 18, 13
MM, 13, 12, 12
MM, 6, 1, 12
MM, 3, 28, 13
MM, 508, 561, 13
MM, 33, 18, 12
MM, 31, 15, 13
MM, 29, 14, 12
MM, 28, 13, 12
MM, 27, 13, 14
MM, 25, 13, 226
MM, 22, 13, 12
MM, 17, 12, 13
MM, 10, 10, 13
MM, 0, 8, 11
MM, 32, 4, 13
MM, 20, 0, 13
MM, 440, 536, 12
MM, 436, 534, 13
MM, 435, 533, 12
MM, 433, 532, 13
MM, 35, 30, 25
MM, 34, 30, 25
MM, 33, 30, 51
MM, 33, 29, 11
MM, 32, 28, 25
MM, 30, 27, 26
MM, 28, 26, 12
MM, 25, 24, 13
MM, 22, 23, 12
MM, 19, 21, 13
MM, 17, 20, 12
MM, 15, 18, 13
MM, 14, 17, 13
MM, 14, 16, 11
MM, 13, 16, 13
MM, 13, 15, 13
MM, 13, 14, 12
MM, 12, 14, 13
MC, 1, 238
MM, 13, 14, 113
MM, 14, 16, 12
MM, 14, 17, 13
MM, 14, 19, 13
MM, 14, 22, 12
MM, 14, 25, 13
MM, 14, 27, 12
MM, 14, 29, 13
MM, 411, 533, 12
MM, 411, 534, 13
MM, 410, 537, 12
MM, 24, 1, 12
MM, 23, 4, 13
MM, 21, 8, 13
MM, 19, 14, 13
MM, 17, 17, 13
MM, 16, 20, 12
MM, 14, 22, 12
MM, 11, 24, 13
MM, 7, 27, 12
MM, 384, 571, 13
MM, 27, 2, 13
MM, 19, 10, 12
MM, 14, 15, 13
MM, 8, 20, 12
MM, 4, 24, 13
MM, 1, 26, 13
MM, 0, 26, 15
MM, 349, 602, 9
MM, 349, 603, 13
MM, 348, 603, 12
MM, 349, 603, 214
MM, 1, 26, 12
MM, 2, 25, 12
MM, 4, 25, 13
MM, 4, 24, 13
MM, 5, 24, 12
MM, 6, 23, 25
MM, 6, 22, 13
MM, 7, 22, 12
MM, 8, 22, 13
MM, 8, 21, 12
MM, 9, 21, 39
MC, 1, 249
MM, 10, 21, 165
MM, 13, 20, 13
MM, 21, 19, 12
MM, 17, 11, 12
MM, 470, 573, 13
MM, 31, 17, 13
MM, 8, 11, 12
MM, 596, 543, 13
MM, 13, 2, 12
MM, 20, 0, 12
MM, 24, 0, 14
MM, 625, 538, 12
MM, 628, 538, 12
MM, 631, 538, 12
MM, 635, 537, 13
MM, 640, 537, 12
MM, 642, 537, 14
MM, 646, 536, 238
MM, 653, 535, 13
MM, 665, 533, 12
MM, 33, 29, 13
MM, 685, 529, 12
MM, 3, 26, 13
MM, 5, 25, 13
MM, 7, 24, 12
MM, 8, 23, 12
MM, 10, 23, 13
MM, 10, 22, 12
MM, 11, 22, 13
MM, 12, 22, 38
MM, 12, 21, 24
MM, 13, 21, 26
MC, 1, 201
MM, 12, 21, 37
MM, 9, 21, 13
MM, 3, 21, 13
MM, 24, 21, 12
MM, 22, 22, 13
MM, 0, 22, 12
MM, 23, 22, 13
MM, 14, 22, 13
MM, 7, 21, 12
MM, 3, 21, 12
MM, 563, 523, 12
MM, 560, 523, 14
MM, 34, 21, 12
MM, 32, 20, 12
MM, 30, 20, 13
MM, 29, 19, 12
MM, 28, 19, 201
MM, 25, 19, 13
MM, 17, 19, 13
MM, 8, 19, 12
MM, 521, 520, 13
MM, 30, 16, 12
MM, 24, 15, 12
MM, 19, 13, 13
MM, 17, 13, 12
MM, 14, 12, 13
MM, 13, 12, 14
MM, 11, 11, 11
MM, 9, 10, 13
MM, 7, 10, 13
MM, 5, 8, 12
MM, 3, 7, 13
MM, 0, 6, 12
MM, 481, 506, 12
MM, 480, 506, 13
MM, 478, 506, 13
MM, 478, 505, 12
MM, 477, 505, 13
MM, 476, 505, 100
MM, 36, 3, 25
MM, 35, 3, 12
MM, 34, 3, 13
MM, 33, 3, 13
MM, 31, 4, 12
MM, 28, 4, 13
MM, 26, 5, 12
MM, 24, 6, 12
MM, 23, 7, 13
MM, 21, 7, 13
MM, 20, 8, 12
MM, 19, 8, 13
MC, 1, 250
MM, 18, 8, 51
MM, 17, 8, 13
MM, 15, 8, 12
MM, 12, 8, 13
MM, 8, 9, 12
MM, 4, 9, 13
MM, 435, 511, 13
MM, 28, 9, 12
MM, 19, 9, 12
MM, 14, 9, 13
MM, 9, 9, 13
MM, 8, 9, 12
MM, 7, 9, 12
MM, 6, 9, 14
MM, 5, 9, 11
MM, 4, 9, 26
MC, 1, 213
MM, 4, 10, 63
MM, 4, 12, 25
MM, 4, 14, 12
MM, 4, 17, 13
MM, 6, 20, 13
MM, 7, 24, 12
MM, 7, 27, 13
MM, 7, 29, 13
MM, 7, 30, 11
MM, 404, 533, 13
MM, 404, 534, 14
MM, 404, 535, 24
MM, 404, 536, 13
MM, 404, 537, 25
MM, 404, 538, 12
MM, 19, 0, 25
MM, 19, 1, 13
MM, 19, 2, 12
MM, 19, 3, 13
MM, 19, 4, 12
MM, 19, 5, 38
MM, 19, 6, 12
MM, 19, 7, 26
MC, 1, 188
MC, 2, 326
MM, 23, 7, 113
MM, 30, 6, 13
MM, 12, 2, 12
MM, 10, 29, 13
MM, 518, 526, 13
MM, 16, 21, 12
MM, 11, 18, 13
MM, 24, 16, 12
MM, 603, 517, 12
MM, 9, 13, 13
MM, 17, 13, 12
MM, 21, 13, 13
MM, 24, 13, 13
MM, 26, 13, 12
MM, 27, 13, 13
MM, 28, 12, 12
MM, 30, 12, 13
MM, 638, 514, 25
MM, 30, 12, 188
MM, 29, 12, 25
MM, 27, 12, 13
MM, 25, 12, 12
MM, 22, 12, 13
MM, 20, 12, 12
MM, 19, 12, 13
MM, 18, 12, 12
MM, 17, 12, 13
MM, 16, 12, 13
MC, 1, 226
MM, 17, 12, 38
MM, 18, 12, 12
MM, 19, 12, 12
MM, 21, 12, 13
MM, 23, 12, 12
MM, 26, 12, 13
MM, 28, 12, 13
MM, 638, 514, 12
MM, 641, 514, 12
MM, 643, 514, 14
MM, 2, 12, 12
MM, 3, 12, 12
MM, 4, 12, 13
MM, 6, 12, 12
MM, 7, 12, 13
MM, 8, 12, 24
MM, 9, 12, 14
MM, 10, 12, 50
MC, 1, 238
MM, 9, 12, 26
MM, 8, 14, 12
MM, 4, 17, 13
MM, 641, 527, 12
MM, 28, 30, 12
MM, 628, 537, 14
MM, 25, 3, 12
MM, 17, 7, 12
MM, 9, 11, 13
MM, 0, 15, 12
MM, 592, 557, 13
MM, 34, 19, 13
MM, 33, 21, 12
MM, 31, 22, 12
MM, 29, 24, 13
MM, 28, 24, 13
MM, 27, 25, 12
MM, 26, 25, 12
MM, 25, 26, 13
MM, 24, 27, 12
MM, 22, 28, 26
MM, 21, 28, 12
MM, 20, 29, 13
MM, 18, 29, 12
MM, 16, 29, 13
MM, 14, 30, 12
MM, 13, 30, 13
MM, 565, 570, 12
MM, 563, 570, 13
MM, 561, 570, 13
MM, 560, 570, 12
MM, 558, 570, 13
MM, 556, 570, 12
MM, 552, 570, 13
MM, 548, 570, 12
MM, 545, 570, 13
MM, 544, 570, 13
MM, 542, 571, 12
MM, 541, 571, 12
MM, 540, 572, 13
MM, 539, 572, 12
MM, 538, 572, 13
MM, 538, 573, 25
MM, 537, 573, 13
MM, 537, 575, 12
MM, 536, 575, 13
MM, 18, 1, 12
MM, 18, 2, 13
MM, 17, 4, 12
MM, 17, 6, 13
MM, 16, 8, 12
MM, 16, 9, 26
MM, 16, 10, 24
MC, 1, 401
MM, 14, 12, 152
MM, 13, 14, 13
MM, 10, 17, 13
MM, 4, 25, 12
MM, 516, 611, 12
MM, 123, 3, 13
MM, 120, 8, 13
MM, 118, 10, 12
MM, 117, 13, 13
MM, 116, 14, 12
MM, 116, 15, 12
MM, 115, 15, 13
MM, 115, 16, 26
MM, 114, 16, 62
MM, 114, 17, 13
MC, 1, 364
MM, 114, 15, 314
MM, 114, 12, 12
MM, 114, 10, 13
MM, 114, 6, 13
MM, 114, 2, 13
MM, 504, 612, 12
MM, 502, 609, 13
MM, 27, 30, 12
MM, 26, 28, 16
MM, 25, 26, 10
MM, 25, 24, 12
MM, 24, 21, 12
MM, 24, 18, 13
MM, 23, 15, 13
MM, 23, 12, 12
MC, 1, 426
MM, 22, 11, 38
MM, 20, 10, 13
MM, 18, 9, 12
MM, 14, 6, 12
MM, 7, 1, 13
MM, 470, 570, 13
MM, 32, 27, 13
MM, 25, 24, 12
MM, 21, 21, 12
MM, 18, 19, 12
MM, 16, 18, 13
MM, 15, 17, 13
MM, 13, 17, 13
MM, 13, 16, 12
MM, 12, 15, 12
MM, 12, 14, 214
MM, 12, 13, 12
MM, 11, 11, 13
MM, 10, 8, 13
MM, 9, 3, 11
MM, 433, 536, 13
MM, 34, 30, 13
MM, 33, 26, 12
MM, 32, 22, 13
MM, 30, 19, 12
MM, 28, 16, 13
MM, 28, 13, 13
MM, 28, 12, 12
MM, 27, 11, 13
MM, 27, 10, 12
MC, 1, 263
MM, 29, 10, 115
MM, 32, 10, 12
MM, 434, 512, 12
MM, 9, 12, 13
MM, 28, 17, 12
MM, 480, 523, 13
MM, 2, 24, 12
MM, 6, 26, 13
MM, 9, 28, 12
MM, 10, 29, 13
MM, 12, 30, 13
MM, 496, 533, 12
MM, 497, 535, 12
MM, 499, 535, 13
MM, 500, 536, 12
MM, 501, 536, 13
MM, 502, 536, 25
MM, 502, 537, 75
MM, 503, 538, 13
MM, 504, 538, 12
MM, 505, 539, 13
MM, 506, 540, 13
MM, 507, 541, 12
MM, 507, 542, 25
MM, 507, 543, 13
MM, 508, 544, 12
MM, 508, 545, 13
MM, 508, 547, 24
MM, 506, 549, 26
MM, 33, 10, 12
MM, 30, 12, 13
MM, 28, 12, 12
MM, 27, 13, 13
MM, 25, 13, 12
MM, 24, 13, 25
MM, 23, 13, 26
MC, 1, 263
MM, 26, 13, 139
MM, 33, 12, 12
MM, 14, 9, 12
MM, 21, 3, 13
MM, 599, 538, 13
MM, 611, 537, 12
MM, 624, 536, 13
MM, 634, 536, 13
MM, 638, 536, 11
MM, 641, 536, 12
MM, 643, 535, 14
MM, 644, 535, 12
MM, 646, 534, 13
MM, 647, 534, 12
MM, 648, 534, 12
MM, 649, 533, 13
MM, 650, 533, 51
MM, 6, 30, 62
MM, 7, 30, 50
MM, 7, 29, 25
MM, 7, 28, 51
MM, 8, 27, 24
MM, 9, 26, 25
MM, 9, 25, 13
MM, 10, 25, 13
MM, 10, 24, 12
MM, 11, 24, 13
MM, 11, 23, 13
MC, 1, 225
MM, 10, 23, 88
MM, 6, 23, 13
MM, 638, 525, 12
MM, 1, 25, 12
MM, 22, 27, 13
MM, 518, 529, 13
MM, 11, 27, 12
MM, 34, 25, 13
MM, 26, 24, 12
MM, 20, 22, 13
MM, 16, 21, 12
MM, 13, 20, 13
MM, 10, 19, 12
MM, 9, 19, 13
MM, 8, 18, 13
MM, 8, 17, 37
MM, 7, 17, 12
MC, 1, 314
MM, 6, 17, 38
MM, 5, 17, 12
MM, 4, 17, 12
MM, 3, 17, 26
MM, 1, 17, 12
MM, 0, 17, 12
MM, 438, 519, 13
MM, 437, 519, 13
MM, 435, 519, 12
MM, 434, 519, 13
MM, 433, 519, 12
MM, 34, 17, 13
MM, 33, 17, 12
MM, 32, 17, 13
MM, 31, 17, 13
MM, 30, 17, 12
MM, 29, 16, 12
MM, 28, 16, 13
MM, 27, 16, 25
MM, 26, 16, 25
MC, 1, 276
MM, 26, 15, 63
MM, 27, 15, 63
MM, 28, 16, 25
MM, 30, 17, 13
MM, 32, 20, 12
MM, 433, 528, 13
MM, 437, 536, 12
MM, 13, 6, 13
MM, 16, 18, 12
MM, 17, 28, 13
MM, 445, 572, 12
MM, 12, 1, 12
MM, 12, 3, 13
MM, 13, 5, 13
MM, 13, 6, 12
MM, 13, 8, 13
MM, 13, 9, 12
MM, 13, 10, 12
MM, 14, 11, 13
MM, 15, 11, 14
MM, 18, 12, 12
MM, 24, 12, 12
MM, 24, 13, 226
MM, 26, 16, 13
MM, 29, 21, 13
MM, 468, 607, 12
MM, 83, 3, 12
MM, 87, 9, 13
MM, 90, 12, 13
MM, 93, 16, 13
MM, 94, 18, 11
MM, 96, 20, 13
MM, 96, 22, 13
MM, 97, 23, 12
MM, 98, 24, 13
MM, 98, 25, 24
MM, 99, 25, 13
MC, 1, 415
MM, 100, 25, 75
MM, 101, 25, 13
MM, 105, 24, 11
MM, 113, 19, 13
MM, 139, 6, 13
MM, 22, 14, 13
MM, 16, 26, 13
MM, 10, 8, 12
MM, 665, 538, 12
MM, 672, 534, 12
MM, 33, 30, 13
MM, 35, 28, 13
MM, 682, 529, 13
MM, 685, 528, 12
MM, 1, 23, 12
MM, 3, 21, 13
MM, 4, 21, 239
MM, 5, 21, 12
MM, 5, 20, 13
MM, 6, 20, 12
MM, 6, 20, 402
MM, 5, 20, 12
MM, 3, 20, 13
MM, 0, 21, 12
MM, 684, 523, 12
MM, 35, 22, 13
MM, 30, 22, 13
MM, 28, 22, 12
MM, 26, 22, 12
MM, 24, 22, 13
MM, 23, 22, 13
MM, 22, 22, 12
MM, 21, 22, 25
MM, 20, 22, 38
MC, 1, 288
MM, 21, 23, 151
MM, 22, 23, 13
MM, 24, 26, 12
MM, 27, 29, 13
MM, 672, 533, 12
MM, 674, 534, 12
MM, 674, 535, 13
MM, 675, 536, 13
MM, 676, 536, 12
MM, 676, 537, 13
MM, 677, 538, 12
MM, 678, 539, 25
MM, 678, 540, 25
MM, 0, 1, 13
MM, 1, 1, 37
MM, 1, 2, 14
MM, 1, 3, 489
MM, 2, 3, 62
MM, 2, 4, 13
MM, 3, 5, 25
MM, 5, 6, 25
MM, 6, 7, 12
MM, 8, 7, 13
MM, 10, 8, 13
MM, 13, 10, 13
MM, 14, 10, 12
MM, 15, 11, 12
MM, 16, 11, 38
MC, 1, 263
MM, 16, 12, 51
MM, 15, 13, 25
MM, 13, 13, 12
MM, 11, 13, 13
MM, 8, 13, 12
MM, 6, 13, 13
MM, 3, 13, 13
MM, 0, 13, 12
MM, 35, 13, 14
MM, 29, 13, 11
MM, 23, 12, 13
MM, 20, 11, 12
MM, 17, 9, 13
MM, 15, 9, 12
MM, 15, 8, 13
MM, 13, 7, 12
MM, 12, 7, 26
MM, 10, 6, 12
MM, 9, 5, 12
MM, 6, 4, 13
MM, 2, 2, 13
MM, 636, 540, 13
MM, 635, 539, 12
MM, 633, 537, 12
MM, 631, 536, 12
MM, 631, 535, 13
MM, 630, 535, 13
MM, 629, 534, 12
MM, 629, 533, 25
MM, 628, 533, 25
MM, 21, 30, 13
MM, 21, 29, 12
MM, 21, 28, 13
MM, 20, 28, 13
MM, 20, 27, 25
MM, 20, 26, 24
MM, 20, 25, 26
MM, 19, 25, 12
MM, 18, 24, 38
MC, 1, 225
MM, 17, 24, 151
MM, 13, 24, 13
MM, 8, 27, 13
MM, 598, 538, 12
MM, 20, 12, 13
MM, 7, 19, 12
MM, 552, 562, 14
MM, 32, 26, 12
MM, 26, 28, 12
MM, 22, 30, 12
MM, 530, 571, 13
MM, 526, 572, 13
MM, 522, 574, 12
MM, 0, 1, 13
MM, 512, 580, 12
MM, 32, 7, 13
MM, 24, 10, 12
MM, 18, 13, 13
MM, 15, 14, 12
MM, 12, 14, 13
MM, 10, 15, 13
MM, 8, 16, 12
MM, 7, 16, 12
MM, 6, 16, 252
MM, 2, 16, 13
MM, 474, 592, 12
MM, 33, 16, 12
MM, 25, 15, 13
MM, 16, 15, 13
MM, 6, 15, 12
MM, 34, 13, 28
MM, 30, 12, 9
MM, 29, 12, 13
MM, 27, 11, 13
MM, 26, 11, 12
MM, 25, 10, 13
MM, 24, 10, 12
MC, 1, 327
MM, 24, 9, 37
MM, 24, 8, 25
MM, 24, 7, 25
MM, 24, 5, 13
MM, 24, 3, 13
MM, 415, 575, 12
MM, 30, 30, 12
MM, 30, 19, 12
MM, 30, 10, 13
MM, 30, 4, 13
MM, 30, 0, 16
MM, 415, 537, 9
MM, 415, 535, 12
MM, 415, 533, 13
MM, 18, 30, 13
MM, 18, 29, 11
MM, 18, 28, 13
MM, 18, 27, 51
MM, 18, 26, 87
MC, 1, 251
MM, 19, 26, 88
MM, 20, 27, 13
MM, 21, 29, 12
MM, 24, 30, 12
MM, 425, 537, 13
MM, 4, 4, 13
MM, 11, 14, 12
MM, 15, 21, 12
MM, 19, 27, 13
MM, 450, 572, 12
MM, 19, 1, 14
MM, 24, 7, 11
MM, 28, 14, 13
MM, 31, 21, 13
MM, 469, 603, 12
MM, 472, 608, 13
MM, 474, 610, 13
MM, 87, 0, 12
MM, 88, 2, 13
MM, 90, 4, 12
MM, 91, 6, 12
MM, 92, 9, 13
MM, 93, 12, 13
MM, 93, 13, 12
MM, 94, 14, 13
MM, 95, 17, 12
MM, 95, 18, 25
MM, 96, 19, 13
MM, 96, 20, 13
MM, 96, 21, 24
MM, 97, 21, 13
MM, 98, 22, 50
MM, 98, 23, 63
MM, 98, 24, 38
MM, 99, 24, 74
MM, 99, 25, 38
MC, 1, 502
MM, 101, 25, 51
MM, 104, 23, 12
MM, 108, 21, 12
MM, 116, 11, 12
MM, 515, 612, 14
MM, 8, 26, 12
MM, 17, 20, 12
MM, 25, 14, 13
MM, 29, 9, 12
MM, 34, 6, 13
MM, 555, 577, 13
MM, 560, 571, 12
MM, 10, 29, 12
MM, 13, 26, 13
MM, 17, 24, 12
MM, 19, 23, 13
MM, 21, 22, 13
MM, 22, 22, 12
MM, 23, 22, 13
MM, 24, 21, 25
MM, 25, 21, 12
MM, 26, 21, 26
MM, 27, 21, 12
MM, 27, 20, 12
MM, 29, 19, 13
MM, 30, 19, 13
MM, 31, 18, 12
MM, 35, 16, 12
MM, 592, 554, 13
MM, 0, 12, 13
MM, 6, 8, 12
MM, 9, 4, 13
MM, 14, 1, 12
MM, 615, 536, 12
MM, 617, 534, 13
MM, 618, 533, 13
MM, 13, 30, 12
MM, 14, 29, 13
MM, 15, 28, 12
MC, 1, 351
MM, 14, 28, 164
MM, 11, 28, 13
MM, 2, 28, 12
MM, 580, 536, 13
MM, 32, 4, 13
MM, 23, 11, 12
MM, 0, 14, 13
MM, 3, 20, 12
MM, 22, 22, 12
MM, 14, 23, 13
MM, 3, 23, 13
MM, 382, 562, 12
MM, 32, 23, 13
MM, 30, 23, 12
MM, 29, 23, 13
MM, 28, 23, 12
MM, 27, 23, 25
MM, 28, 23, 164
MM, 30, 23, 12
MM, 33, 23, 13
MM, 383, 561, 12
MM, 1, 21, 13
MM, 4, 20, 13
MM, 6, 20, 12
MM, 8, 19, 13
MM, 9, 19, 24
MC, 1, 277
MM, 10, 19, 88
MM, 11, 19, 12
MM, 13, 19, 13
MM, 16, 20, 12
MM, 19, 23, 13
MM, 26, 30, 12
MM, 25, 0, 13
MM, 28, 5, 12
MM, 30, 8, 13
MM, 33, 12, 12
MM, 35, 14, 13
MM, 428, 592, 13
MM, 430, 594, 12
MM, 433, 598, 12
MM, 1, 25, 14
MM, 3, 29, 12
MM, 438, 607, 12
MM, 439, 609, 13
MM, 440, 611, 12
MM, 442, 612, 13
MM, 52, 0, 13
MM, 53, 1, 12
MM, 54, 1, 13
MM, 54, 2, 12
MM, 55, 3, 50
MC, 1, 314
MM, 56, 3, 200
MM, 58, 2, 26
MM, 29, 24, 34
MM, 0, 13, 3
MM, 6, 6, 13
MM, 9, 3, 12
MM, 11, 1, 12
MM, 487, 575, 13
MM, 488, 570, 13
MM, 20, 22, 12
MM, 21, 13, 14
MM, 21, 12, 200
MM, 22, 12, 13
MM, 24, 11, 12
MM, 27, 7, 12
MM, 505, 537, 13
MM, 33, 25, 13
MM, 3, 17, 12
MM, 10, 12, 12
MM, 15, 8, 13
MM, 17, 7, 13
MM, 20, 5, 12
MM, 21, 5, 13
MM, 22, 3, 11
MM, 25, 3, 13
MM, 27, 1, 13
MM, 553, 501, 13
MM, 556, 501, 12
MM, 557, 500, 13
MM, 559, 499, 12
MM, 560, 499, 13
MM, 561, 499, 13
MM, 562, 499, 12
MM, 563, 499, 12
MM, 565, 499, 12
MM, 567, 499, 13
MM, 569, 499, 14
MM, 571, 499, 12
MM, 573, 499, 12
MM, 574, 499, 13
MM, 577, 499, 13
MM, 580, 501, 12
MM, 18, 0, 12
MM, 18, 1, 13
MM, 20, 2, 12
MM, 20, 3, 13
MM, 21, 3, 25
MM, 21, 4, 12
MM, 21, 5, 51
MC, 1, 237
MM, 23, 7, 127
MM, 28, 9, 13
MM, 603, 517, 12
MM, 7, 20, 13
MM, 18, 25, 12
MM, 28, 30, 13
MM, 643, 535, 12
MM, 648, 536, 13
MM, 651, 538, 12
MM, 17, 1, 13
MM, 18, 2, 12
MM, 19, 4, 12
MM, 20, 4, 13
MM, 20, 5, 13
MM, 21, 5, 12
MM, 21, 6, 13
MM, 22, 7, 50
MM, 22, 8, 13
MM, 22, 9, 12
MM, 24, 9, 13
MM, 24, 10, 12
MM, 26, 11, 12
MM, 28, 11, 14
MM, 30, 11, 12
MM, 32, 12, 12
MM, 33, 12, 12
MM, 35, 13, 13
MM, 674, 552, 13
MM, 675, 552, 25
MM, 676, 552, 12
MM, 677, 552, 13
MM, 678, 552, 26
MM, 0, 13, 12
MM, 1, 13, 12
MM, 2, 13, 13
MM, 4, 13, 13
MM, 5, 13, 25
MM, 6, 13, 24
MM, 7, 13, 38
MC, 1, 213
MM, 3, 13, 126
MM, 676, 552, 13
MM, 23, 13, 12
MM, 22, 13, 12
MM, 591, 550, 14
MM, 24, 8, 13
MM, 12, 7, 11
MM, 553, 543, 13
MM, 35, 2, 13
MM, 31, 1, 12
MM, 27, 0, 12
MM, 26, 0, 13
MM, 536, 538, 12
MM, 535, 537, 13
MM, 534, 537, 25
MM, 533, 537, 12
MM, 533, 536, 13
MM, 532, 536, 12
MM, 531, 535, 13
MM, 530, 534, 13
MM, 527, 534, 12
MM, 525, 533, 13
MM, 0, 30, 12
MM, 522, 531, 13
MM, 519, 529, 12
MM, 517, 529, 13
MM, 34, 25, 12
MM, 32, 24, 12
MM, 29, 23, 14
MM, 28, 21, 12
MM, 27, 21, 13
MM, 25, 20, 12
MM, 24, 20, 12
MM, 23, 20, 13
MM, 22, 20, 13
MM, 21, 19, 12
MM, 20, 19, 13
MM, 20, 18, 12
MM, 19, 18, 12
MC, 1, 214
MM, 20, 18, 63
MM, 21, 18, 12
MM, 23, 18, 13
MM, 25, 18, 12
MM, 28, 18, 13
MM, 518, 520, 12
MM, 3, 18, 13
MM, 8, 18, 13
MM, 12, 18, 12
MM, 16, 18, 12
MM, 19, 18, 13
MM, 22, 18, 13
MM, 26, 18, 12
MM, 33, 18, 13
MM, 561, 520, 12
MM, 2, 18, 13
MM, 4, 18, 12
MM, 6, 18, 13
MM, 8, 18, 12
MM, 9, 18, 13
MM, 11, 18, 12
MM, 12, 18, 13
MM, 13, 18, 12
MM, 14, 18, 13
MM, 17, 17, 12
MM, 19, 17, 14
MM, 22, 16, 11
MM, 24, 16, 13
MM, 26, 15, 13
MM, 28, 14, 12
MM, 31, 13, 12
MM, 32, 12, 13
MM, 34, 12, 12
MM, 36, 11, 13
MM, 602, 512, 13
MM, 604, 511, 12
MM, 0, 7, 13
MM, 3, 6, 12
MM, 6, 5, 13
MM, 7, 4, 12
MM, 8, 3, 13
MM, 10, 3, 12
MM, 11, 3, 26
MM, 12, 3, 25
MM, 13, 3, 37
MC, 1, 213
MM, 12, 4, 89
MM, 10, 7, 12
MM, 8, 8, 12
MM, 4, 12, 13
MM, 606, 518, 13
MM, 603, 521, 12
MM, 35, 23, 13
MM, 32, 29, 12
MM, 591, 538, 12
MM, 34, 5, 13
MM, 31, 8, 13
MM, 30, 11, 12
MM, 29, 12, 13
MM, 26, 14, 12
MM, 25, 15, 13
MM, 24, 16, 12
MM, 23, 19, 13
MM, 21, 22, 12
MM, 20, 26, 13
MM, 572, 570, 13
MM, 572, 573, 12
MM, 11, 0, 13
MM, 9, 1, 12
MM, 9, 2, 12
MM, 9, 5, 14
MM, 9, 6, 24
MM, 8, 6, 13
MM, 8, 8, 12
MM, 8, 9, 25
MM, 7, 11, 14
MM, 7, 13, 11
MM, 6, 15, 13
MM, 6, 16, 13
MM, 6, 17, 25
MC, 1, 238
MM, 4, 17, 151
MM, 1, 16, 12
MM, 554, 591, 12
MM, 22, 11, 13
MM, 515, 583, 12
MM, 6, 0, 13
MM, 469, 574, 12
MM, 456, 570, 14
MM, 16, 29, 12
MM, 5, 26, 12
MM, 425, 563, 12
MM, 34, 21, 13
MM, 28, 19, 13
MM, 24, 18, 12
MM, 18, 16, 13
MM, 14, 15, 13
MM, 11, 15, 12
MM, 8, 14, 13
MM, 7, 14, 12
MM, 4, 14, 12
MM, 3, 14, 13
MM, 2, 14, 12
MM, 0, 14, 13
MM, 383, 553, 13
MM, 380, 553, 12
MM, 34, 14, 12
MM, 31, 14, 14
MM, 30, 14, 12
MM, 29, 14, 12
MM, 27, 14, 13
MM, 26, 14, 25
MM, 25, 14, 25
MC, 1, 289
MM, 25, 13, 88
MM, 27, 12, 38
MM, 29, 11, 12
MM, 32, 11, 13
MM, 380, 548, 12
MM, 2, 6, 13
MM, 11, 3, 12
MM, 409, 538, 13
MM, 420, 535, 12
MM, 427, 533, 13
MM, 433, 532, 12
MM, 436, 530, 13
MM, 3, 27, 12
MM, 8, 26, 13
MM, 14, 25, 13
MM, 17, 24, 12
MM, 19, 23, 13
MM, 22, 22, 12
MM, 23, 22, 12
MM, 25, 21, 13
MM, 27, 21, 12
MM, 29, 20, 13
MM, 30, 19, 13
MM, 33, 19, 12
MM, 36, 17, 13
MM, 479, 517, 12
MM, 480, 517, 13
MM, 0, 15, 12
MM, 0, 14, 12
MM, 1, 14, 13
MM, 2, 14, 26
MM, 3, 13, 12
MM, 4, 13, 25
MM, 4, 12, 12
MM, 5, 12, 26
MM, 6, 12, 25
MM, 7, 12, 12
MM, 8, 11, 25
MM, 9, 11, 38
MM, 10, 11, 37
MC, 1, 202
MM, 9, 11, 87
MM, 6, 11, 13
MM, 2, 11, 12
MM, 35, 12, 13
MM, 29, 13, 12
MM, 23, 14, 13
MM, 17, 15, 13
MM, 14, 16, 12
MM, 12, 17, 12
MM, 10, 17, 13
MM, 9, 17, 14
MM, 8, 18, 11
MM, 7, 18, 13
MM, 6, 18, 12
MM, 5, 18, 13
MM, 3, 18, 12
MM, 2, 18, 13
MM, 438, 520, 12
MM, 437, 520, 13
MM, 436, 520, 12
MM, 435, 520, 13
MM, 433, 520, 12
MM, 35, 18, 13
MM, 34, 18, 13
MM, 33, 18, 12
MM, 32, 17, 13
MM, 30, 16, 12
MM, 29, 16, 13
MM, 27, 16, 12
MM, 25, 15, 13
MM, 22, 14, 12
MM, 19, 13, 13
MM, 16, 13, 12
MM, 14, 12, 12
MM, 13, 12, 13
MM, 12, 12, 13
MM, 11, 11, 12
MM, 10, 11, 38
MC, 1, 188
MM, 12, 11, 88
MM, 17, 11, 12
MM, 31, 15, 13
MM, 21, 27, 12
MM, 32, 7, 13
MM, 5, 13, 12
MM, 21, 21, 12
MM, 0, 28, 14
MM, 565, 573, 12
MM, 17, 9, 13
MM, 603, 607, 12
MM, 616, 616, 13
MM, 625, 622, 13
MM, 631, 627, 12
MM, 640, 637, 12
MM, 649, 646, 13
MM, 655, 652, 12
MM, 659, 656, 13
MM, 661, 657, 12
MM, 662, 659, 13
MM, 662, 657, 238
MM, 662, 655, 13
MM, 662, 653, 12
MM, 662, 651, 13
MM, 662, 649, 12
MM, 662, 647, 13
MM, 662, 644, 13
MM, 662, 642, 12
MM, 662, 638, 13
MM, 661, 633, 13
MM, 660, 629, 12
MM, 659, 627, 12
MM, 659, 625, 12
MM, 659, 623, 13
MM, 658, 622, 13
MM, 657, 620, 12
MM, 657, 619, 13
MM, 656, 618, 13
MM, 655, 617, 12
MM, 654, 616, 26
MM, 654, 615, 24
MM, 654, 614, 25
MM, 654, 613, 88
MM, 654, 611, 37
MM, 654, 610, 26
MM, 654, 608, 12
MM, 14, 30, 13
MM, 14, 28, 12
MM, 14, 27, 12
MM, 14, 26, 14
MM, 14, 25, 12
MM, 14, 24, 12
MM, 14, 23, 25
MM, 14, 22, 51
MC, 1, 288
MM, 15, 22, 164
MM, 20, 22, 13
MM, 30, 23, 12
MM, 691, 605, 12
MM, 728, 612, 16
MM, 748, 619, 9
MM, 755, 622, 13
MM, 763, 626, 13
MM, 770, 630, 12
MM, 778, 637, 13
MM, 786, 642, 13
MM, 791, 646, 12
MM, 794, 647, 13
MM, 797, 650, 12
MM, 801, 653, 12
MM, 805, 654, 13
MM, 812, 656, 13
MM, 820, 659, 12
MM, 824, 661, 13
MM, 828, 664, 12
MM, 830, 665, 12
MM, 831, 666, 13
MM, 833, 667, 13
MM, 834, 667, 12
MM, 835, 668, 25
MM, 836, 668, 13
MM, 837, 668, 25
MM, 839, 668, 37
MM, 840, 668, 26
MM, 842, 668, 13
MM, 1, 18, 11
MM, 3, 18, 13
MM, 4, 18, 13
MM, 6, 18, 12
MM, 7, 17, 13
MM, 8, 17, 12
MM, 9, 17, 25
MM, 10, 17, 101
MM, 7, 15, 917
MM, 1, 7, 12
MM, 825, 634, 12
MM, 796, 595, 13
MM, 736, 519, 14
MM, 717, 501, 11
MM, 682, 450, 12
MM, 398, 72, 13
MM, 387, 63, 12
MM, 382, 57, 14
MM, 379, 51, 11
MM, 376, 44, 13
MM, 375, 40, 13
