********************************************************************************
LOGGING TIME: 20161113_172020
CLIENT IP: 10.109.49.17
USERNAME: prudhvi
OS: Windows 8
**********************************Emotional database********************************************************************************
MM, 160, 12, 1477468750836
MM, 16, 7, 12
MM, 524, 538, 13
MM, 521, 526, 12
MM, 519, 518, 13
MM, 518, 506, 13
MM, 518, 496, 12
MM, 517, 491, 12
MM, 517, 488, 13
MM, 517, 487, 13
MM, 517, 485, 12
MM, 517, 483, 289
MM, 517, 479, 12
MM, 516, 471, 13
MM, 512, 453, 12
MM, 240, 49, 12
MM, 236, 23, 13
MM, 233, 12, 12
MM, 496, 354, 12
MM, 496, 345, 13
MM, 496, 338, 13
MM, 496, 334, 12
MM, 498, 328, 7458
MM, 506, 317, 12
MM, 254, 73, 13
MM, 261, 63, 12
MM, 267, 57, 13
MM, 270, 50, 13
MM, 273, 44, 12
MM, 275, 41, 13
MM, 277, 37, 12
MM, 278, 35, 12
MM, 279, 33, 13
MM, 280, 32, 13
MM, 281, 32, 313
MM, 284, 31, 12
MM, 287, 29, 12
MM, 290, 29, 14
MM, 296, 27, 12
MM, 299, 26, 13
MM, 301, 25, 12
MM, 303, 25, 12
MM, 305, 25, 12
MM, 307, 25, 13
MM, 308, 23, 513
MM, 315, 15, 13
MM, 619, 203, 12
MM, 712, 109, 12
MM, 756, 71, 12
MM, 784, 50, 14
MM, 812, 39, 11
MM, 822, 35, 13
MM, 823, 35, 251
MM, 823, 33, 13
MM, 743, 660, 235547
MM, 741, 657, 395
MM, 725, 634, 13
MM, 618, 454, 28
MM, 349, 87, 9
MM, 338, 57, 13
MM, 332, 36, 12
MM, 330, 27, 13
MM, 329, 20, 13
MM, 328, 14, 12
MM, 328, 6, 13
MM, 327, 4, 263
MM, 588, 355, 12
MM, 580, 340, 12
MM, 295, 75, 13
MM, 278, 36, 13
MM, 275, 25, 12
MM, 273, 19, 12
MM, 272, 17, 13
MM, 272, 15, 12
MM, 272, 14, 13
MM, 270, 14, 191033
MM, 267, 17, 13
MM, 256, 30, 12
MM, 238, 53, 13
MM, 226, 70, 12
MM, 483, 311, 12
MM, 477, 330, 13
MM, 474, 340, 13
MM, 472, 347, 12
MM, 470, 352, 13
MM, 204, 0, 12
MM, 203, 7, 12
MM, 202, 12, 13
MM, 201, 18, 12
MM, 201, 21, 13
MM, 201, 23, 12
MM, 201, 24, 13
MM, 201, 26, 12
MM, 201, 29, 13
MM, 201, 30, 12
MM, 201, 31, 12
MC, 1, 1001
MM, 202, 33, 3801
MM, 204, 40, 13
MM, 215, 66, 13
MM, 505, 499, 12
MM, 519, 538, 13
MM, 20, 27, 13
MM, 563, 614, 12
MM, 571, 626, 12
MM, 577, 636, 13
MM, 583, 650, 12
MM, 586, 658, 12
MM, 587, 661, 13
MM, 589, 663, 13
MM, 589, 662, 224
MM, 588, 659, 14
MM, 586, 653, 11
MM, 583, 645, 13
MM, 579, 637, 12
MM, 577, 632, 13
MM, 574, 627, 13
MM, 571, 622, 13
MM, 569, 620, 12
MM, 568, 617, 12
MM, 567, 615, 13
MM, 566, 613, 13
MM, 566, 612, 12
MM, 566, 611, 12
MM, 565, 610, 13
MM, 564, 609, 12
MM, 563, 608, 13
MM, 562, 607, 12
MM, 1, 30, 13
MM, 0, 29, 25
MM, 559, 603, 24
MM, 558, 603, 13
MM, 558, 601, 12
MM, 557, 601, 13
MM, 557, 600, 12
MM, 557, 598, 13
MM, 557, 596, 12
MM, 557, 594, 13
MM, 557, 590, 12
MM, 559, 584, 13
MM, 7, 0, 13
MM, 24, 27, 11
MM, 33, 20, 13
MM, 591, 559, 13
MM, 594, 559, 12
MM, 0, 20, 13
MM, 3, 19, 12
MM, 5, 19, 12
MM, 6, 18, 13
MM, 7, 17, 212
MM, 8, 15, 13
MM, 11, 12, 13
MM, 18, 2, 12
MM, 623, 533, 13
MM, 22, 25, 13
MM, 24, 22, 12
MM, 27, 22, 12
MM, 27, 21, 13
MM, 28, 21, 11
MM, 29, 20, 26
MM, 30, 20, 25
MM, 638, 522, 50
MM, 639, 521, 25
MM, 641, 520, 25
MM, 642, 520, 12
MM, 0, 17, 13
MM, 2, 17, 12
MM, 4, 16, 13
MM, 5, 16, 12
MM, 7, 15, 13
MM, 9, 15, 12
MM, 11, 14, 13
MM, 11, 13, 12
MM, 13, 13, 12
MM, 13, 12, 26
MM, 14, 12, 25
MC, 1, 287
MM, 10, 13, 62
MM, 4, 16, 13
MM, 30, 22, 12
MM, 13, 3, 12
MM, 21, 30, 13
MM, 2, 5, 13
MM, 557, 585, 12
MM, 554, 588, 13
MM, 34, 13, 12
MM, 33, 15, 12
MM, 31, 16, 13
MM, 30, 16, 37
MM, 30, 17, 25
MM, 29, 17, 13
MM, 28, 17, 25
MM, 27, 18, 25
MM, 26, 18, 12
MM, 24, 18, 13
MM, 23, 18, 12
MM, 21, 18, 12
MM, 20, 18, 12
MM, 19, 18, 25
MM, 18, 18, 51
MC, 1, 211
MM, 17, 18, 177
MM, 13, 14, 12
MM, 3, 6, 12
MM, 30, 26, 13
MM, 4, 4, 12
MM, 17, 23, 14
MM, 8, 14, 12
MM, 2, 9, 12
MM, 0, 6, 12
MM, 437, 506, 13
MM, 436, 505, 12
MM, 435, 504, 13
MM, 434, 504, 50
MM, 433, 504, 100
MM, 35, 2, 38
MM, 33, 2, 12
MM, 31, 4, 12
MM, 29, 7, 12
MM, 26, 9, 13
MM, 25, 11, 12
MM, 23, 12, 14
MM, 23, 13, 12
MC, 1, 274
MM, 23, 14, 75
MM, 23, 15, 13
MM, 24, 19, 13
MM, 428, 534, 12
MM, 13, 0, 12
MM, 23, 20, 13
MM, 28, 29, 12
MM, 465, 612, 12
MM, 77, 5, 13
MM, 80, 10, 13
MM, 82, 13, 12
MM, 82, 14, 13
MM, 83, 15, 12
MM, 84, 15, 13
MM, 84, 16, 24
MM, 85, 16, 187
MC, 1, 213
MM, 86, 15, 125
MM, 87, 13, 12
MM, 90, 11, 13
MM, 93, 6, 13
MM, 491, 612, 12
MM, 34, 21, 13
MM, 28, 24, 12
MM, 553, 546, 12
MM, 561, 537, 13
MM, 6, 23, 12
MM, 21, 8, 13
MM, 594, 500, 12
MM, 601, 494, 14
MM, 1, 26, 12
MM, 3, 24, 12
MM, 6, 21, 12
MM, 9, 21, 12
MM, 11, 19, 13
MM, 12, 18, 12
MM, 14, 18, 13
MM, 15, 17, 12
MM, 17, 16, 13
MM, 18, 16, 12
MM, 19, 16, 25
MM, 20, 16, 13
MM, 21, 16, 24
MM, 23, 16, 13
MM, 26, 16, 13
MM, 28, 17, 13
MM, 30, 18, 12
MM, 32, 20, 12
MM, 34, 21, 13
MM, 638, 487, 12
MM, 640, 488, 13
MM, 641, 489, 12
MM, 642, 491, 12
MM, 643, 492, 14
MM, 1, 29, 11
MM, 646, 498, 13
MM, 5, 0, 13
MM, 6, 3, 13
MM, 6, 5, 11
MM, 7, 6, 13
MM, 7, 7, 25
MC, 1, 362
MM, 6, 8, 87
MM, 2, 9, 13
MM, 639, 513, 12
MM, 16, 16, 13
MM, 32, 22, 12
MM, 18, 27, 13
MM, 13, 28, 12
MM, 7, 30, 13
MM, 566, 533, 12
MM, 562, 535, 13
MM, 556, 537, 12
MM, 549, 538, 13
MM, 34, 1, 13
MM, 30, 3, 12
MM, 28, 3, 12
MM, 26, 4, 12
MM, 24, 5, 13
MM, 22, 5, 13
MM, 21, 5, 25
MM, 20, 6, 63
MM, 19, 7, 24
MM, 17, 7, 13
MM, 16, 8, 13
MM, 14, 8, 12
MM, 11, 9, 13
MM, 8, 9, 12
MM, 5, 10, 12
MM, 3, 10, 13
MM, 0, 10, 13
MM, 508, 549, 12
MM, 506, 549, 12
MM, 33, 10, 12
MM, 30, 10, 13
MM, 29, 10, 12
MM, 27, 10, 13
MM, 26, 10, 13
MM, 25, 10, 37
MC, 1, 250
MM, 24, 11, 88
MM, 23, 13, 25
MM, 22, 16, 11
MM, 21, 21, 13
MM, 18, 30, 13
MM, 12, 2, 12
MM, 11, 8, 13
MM, 10, 11, 12
MM, 9, 14, 12
MM, 9, 15, 15
MM, 8, 17, 11
MM, 8, 18, 12
MM, 8, 19, 13
MM, 8, 20, 12
MM, 8, 22, 88
MM, 7, 22, 12
MM, 7, 24, 13
MM, 7, 25, 13
MM, 6, 27, 12
MM, 6, 29, 12
MM, 6, 30, 26
MM, 481, 607, 12
MM, 481, 608, 25
MM, 480, 609, 12
MM, 480, 611, 13
MM, 89, 0, 12
MM, 89, 2, 12
MM, 89, 3, 13
MM, 88, 4, 12
MM, 87, 6, 25
MM, 86, 8, 25
MM, 85, 9, 25
MM, 84, 10, 13
MM, 84, 11, 12
MM, 84, 12, 25
MM, 83, 13, 50
MM, 83, 14, 25
MM, 83, 15, 12
MM, 83, 16, 37
MC, 1, 213
MM, 84, 15, 87
MM, 88, 15, 14
MM, 93, 14, 12
MM, 103, 12, 13
MM, 122, 9, 13
MM, 141, 4, 11
MM, 151, 1, 13
MM, 549, 612, 13
MM, 557, 611, 12
MM, 566, 610, 12
MM, 571, 609, 13
MM, 574, 609, 12
MM, 575, 609, 13
MM, 576, 609, 12
MM, 577, 609, 26
MM, 577, 608, 12
MM, 577, 607, 125
MM, 17, 30, 25
MM, 17, 29, 12
MM, 17, 26, 12
MM, 17, 23, 13
MM, 17, 18, 12
MM, 17, 15, 13
MM, 17, 14, 12
MM, 17, 13, 25
MM, 17, 12, 26
MC, 1, 212
MM, 14, 12, 113
MM, 10, 12, 12
MM, 3, 11, 12
MM, 36, 9, 12
MM, 24, 4, 13
MM, 525, 573, 13
MM, 515, 570, 13
MM, 509, 567, 12
MM, 505, 565, 12
MM, 30, 23, 12
MM, 27, 22, 13
MM, 23, 19, 12
MM, 20, 19, 13
MM, 18, 16, 13
MM, 17, 16, 12
MM, 15, 14, 12
MM, 13, 13, 25
MM, 12, 12, 13
MM, 11, 12, 13
MM, 8, 11, 12
MM, 8, 10, 12
MM, 7, 9, 13
MM, 6, 8, 12
MM, 5, 7, 13
MM, 4, 7, 12
MM, 4, 6, 12
MM, 3, 5, 14
MM, 2, 4, 12
MM, 0, 3, 12
MM, 0, 2, 13
MM, 469, 541, 13
MM, 468, 539, 11
MM, 468, 537, 13
MM, 467, 536, 13
MM, 466, 534, 12
MM, 27, 29, 13
MM, 26, 26, 12
MM, 26, 23, 13
MM, 25, 21, 12
MM, 24, 18, 13
MM, 24, 15, 12
MM, 24, 14, 13
MM, 24, 13, 13
MM, 24, 11, 11
MM, 24, 10, 26
MM, 27, 9, 12
MM, 32, 8, 12
MM, 480, 508, 13
MM, 7, 5, 12
MM, 15, 5, 13
MM, 20, 5, 13
MM, 25, 5, 12
MM, 27, 5, 12
MM, 28, 5, 13
MM, 29, 5, 12
MM, 30, 5, 13
MM, 31, 5, 25
MM, 32, 5, 25
MM, 33, 5, 12
MM, 34, 5, 12
MM, 517, 507, 25
MM, 518, 507, 13
MM, 519, 507, 25
MM, 520, 507, 12
MM, 520, 508, 13
MM, 522, 508, 12
MM, 0, 6, 26
MM, 0, 7, 12
MM, 2, 7, 12
MM, 2, 8, 13
MM, 3, 9, 11
MM, 5, 9, 13
MM, 5, 10, 13
MM, 7, 11, 12
MM, 7, 12, 13
MM, 9, 12, 12
MM, 9, 14, 13
MM, 11, 14, 12
MM, 11, 16, 13
MM, 12, 16, 12
MM, 12, 17, 25
MM, 12, 18, 50
MC, 1, 1988
MM, 12, 19, 101
MM, 12, 22, 12
MM, 9, 29, 13
MM, 16, 6, 12
MM, 11, 25, 12
MM, 516, 584, 14
MM, 512, 598, 13
MM, 511, 605, 13
MM, 509, 609, 12
MM, 509, 611, 12
MM, 118, 0, 12
MM, 118, 1, 25
MM, 118, 2, 13
MM, 118, 3, 12
MM, 117, 3, 13
MM, 117, 4, 12
MM, 117, 5, 13
MM, 117, 6, 12
MM, 117, 7, 12
MM, 117, 8, 26
MM, 117, 9, 37
MM, 115, 9, 437
MM, 114, 8, 13
MM, 113, 5, 12
MM, 112, 1, 13
MM, 501, 611, 12
MM, 25, 28, 12
MM, 24, 23, 13
MM, 23, 18, 13
MM, 23, 14, 12
MM, 23, 12, 12
MM, 23, 10, 13
MM, 23, 9, 12
MM, 23, 8, 13
MM, 23, 7, 25
MM, 23, 6, 37
MM, 22, 6, 13
MM, 22, 5, 12
MM, 21, 3, 25
MM, 21, 2, 18
MM, 20, 0, 7
MM, 494, 574, 12
MM, 493, 572, 13
MM, 493, 571, 12
MM, 492, 570, 13
MM, 21, 29, 13
MM, 21, 27, 12
MM, 20, 26, 12
MM, 19, 25, 13
MM, 19, 24, 12
MM, 19, 23, 13
MM, 18, 23, 12
MM, 18, 22, 13
MM, 18, 21, 25
MM, 18, 20, 38
MM, 16, 20, 349
MM, 15, 20, 13
MM, 11, 20, 13
MM, 3, 20, 12
MM, 29, 19, 13
MM, 423, 556, 12
MM, 18, 16, 12
MM, 9, 15, 13
MM, 383, 554, 12
MM, 31, 15, 13
MM, 24, 15, 12
MM, 20, 15, 13
MM, 17, 15, 12
MM, 16, 15, 12
MM, 14, 15, 13
MM, 12, 15, 13
MM, 11, 15, 25
MM, 10, 15, 25
MM, 9, 15, 24
MM, 8, 15, 38
MC, 1, 250
MM, 9, 15, 61
MM, 10, 15, 1
MM, 13, 15, 13
MM, 17, 15, 13
MM, 28, 15, 12
MM, 384, 554, 12
MM, 13, 15, 13
MM, 25, 17, 13
MM, 422, 560, 12
MM, 4, 25, 13
MM, 8, 28, 12
MM, 10, 29, 13
MM, 13, 30, 12
MM, 441, 571, 12
MM, 442, 571, 13
MM, 443, 572, 13
MM, 444, 572, 12
MM, 445, 572, 12
MM, 445, 573, 13
MM, 445, 574, 174
MM, 446, 574, 13
MM, 447, 575, 12
MM, 14, 0, 13
MM, 15, 2, 12
MM, 17, 5, 12
MM, 18, 6, 13
MM, 18, 8, 12
MM, 18, 9, 26
MC, 1, 250
MM, 19, 9, 50
MM, 20, 9, 25
MM, 22, 9, 13
MM, 26, 9, 11
MM, 6, 8, 13
MM, 33, 0, 13
MM, 17, 30, 12
MM, 552, 563, 12
MM, 10, 20, 13
MM, 19, 16, 12
MM, 29, 10, 13
MM, 3, 0, 12
MM, 611, 533, 13
MM, 8, 29, 13
MM, 12, 27, 12
MM, 13, 26, 12
MM, 14, 26, 13
MM, 15, 26, 12
MM, 15, 25, 13
MM, 16, 25, 225
MM, 17, 25, 13
MM, 19, 25, 13
MM, 22, 24, 12
MM, 27, 23, 12
MM, 638, 524, 12
MM, 641, 524, 13
MM, 643, 523, 13
MM, 1, 21, 12
MM, 2, 21, 25
MM, 2, 20, 12
MM, 3, 20, 13
MM, 4, 20, 38
MC, 1, 324
MM, 3, 20, 126
MM, 2, 20, 12
MM, 1, 20, 12
MM, 642, 522, 12
MM, 640, 522, 13
MM, 30, 20, 13
MM, 27, 20, 12
MM, 25, 20, 13
MM, 23, 20, 13
MM, 22, 20, 12
MM, 20, 20, 12
MM, 18, 21, 13
MM, 15, 21, 12
MM, 12, 21, 13
MM, 7, 22, 12
MM, 2, 22, 13
MM, 606, 524, 12
MM, 603, 524, 13
MM, 601, 524, 12
MM, 35, 22, 12
MM, 34, 22, 25
MM, 32, 22, 26
MM, 31, 22, 37
MM, 30, 22, 38
MM, 29, 22, 49
MM, 28, 22, 25
MM, 27, 22, 12
MM, 24, 22, 13
MM, 23, 22, 13
MM, 22, 22, 11
MM, 21, 22, 13
MM, 19, 22, 25
MM, 18, 22, 51
MC, 1, 1311
MM, 17, 22, 89
MM, 14, 22, 12
MM, 11, 22, 13
MM, 7, 22, 12
MM, 2, 22, 13
MM, 559, 524, 12
MM, 32, 22, 13
MM, 28, 22, 12
MM, 26, 22, 13
MM, 24, 22, 12
MM, 22, 22, 13
MM, 21, 22, 24
MM, 20, 22, 13
MM, 18, 22, 237
MM, 14, 22, 13
MM, 6, 22, 12
MM, 24, 21, 13
MM, 36, 16, 12
MM, 23, 12, 12
MM, 18, 11, 13
MM, 15, 10, 13
MM, 13, 9, 12
MM, 10, 9, 13
MM, 9, 9, 13
MM, 8, 9, 12
MM, 7, 9, 25
MM, 6, 9, 37
MM, 7, 8, 312
MM, 8, 8, 12
MM, 10, 8, 13
MM, 12, 8, 13
MM, 16, 8, 12
MM, 27, 8, 13
MM, 479, 510, 12
MM, 8, 9, 13
MM, 19, 12, 13
MM, 34, 13, 12
MM, 1, 13, 12
MM, 6, 13, 13
MM, 10, 13, 13
MM, 13, 13, 12
MM, 17, 13, 12
MM, 22, 15, 13
MM, 26, 16, 12
MM, 27, 16, 212
MM, 30, 16, 13
MM, 560, 518, 12
MM, 8, 16, 13
MM, 25, 15, 12
MM, 2, 14, 13
MM, 10, 14, 13
MM, 14, 14, 12
MM, 15, 14, 13
MM, 16, 14, 12
MM, 18, 14, 12
MM, 19, 14, 13
MM, 20, 14, 51
MC, 1, 325
MM, 18, 14, 62
MM, 12, 15, 12
MM, 27, 20, 31
MM, 2, 22, 7
MM, 27, 22, 12
MM, 16, 24, 12
MM, 7, 24, 13
MM, 33, 24, 12
MM, 22, 24, 13
MM, 16, 24, 12
MM, 13, 24, 12
MM, 11, 24, 13
MM, 8, 24, 12
MM, 5, 24, 13
MM, 3, 24, 12
MM, 481, 526, 13
MM, 477, 527, 12
MM, 35, 25, 12
MM, 33, 26, 14
MM, 30, 26, 12
MM, 29, 26, 12
MM, 28, 26, 13
MM, 27, 26, 25
MM, 28, 26, 87
MM, 31, 24, 13
MM, 476, 524, 13
MM, 0, 19, 12
MM, 6, 18, 13
MM, 9, 18, 12
MM, 12, 16, 13
MM, 14, 15, 12
MM, 16, 15, 12
MM, 18, 15, 13
MM, 20, 15, 12
MM, 22, 15, 13
MM, 23, 15, 12
MM, 25, 14, 12
MM, 26, 14, 13
MM, 27, 13, 25
MM, 28, 13, 13
MM, 29, 13, 49
MM, 21, 13, 238
MM, 18, 13, 13
MM, 13, 14, 12
MM, 8, 15, 13
MM, 4, 17, 12
MM, 480, 520, 13
MM, 477, 520, 12
MM, 35, 18, 13
MM, 32, 19, 12
MM, 29, 20, 12
MM, 27, 21, 13
MM, 24, 21, 12
MM, 20, 23, 12
MM, 17, 24, 13
MM, 14, 25, 12
MM, 11, 25, 13
MM, 8, 25, 12
MM, 7, 25, 13
MM, 5, 26, 12
MM, 4, 26, 13
MM, 3, 26, 12
MM, 2, 26, 13
MM, 1, 26, 25
MM, 0, 26, 49
MM, 438, 528, 51
MM, 437, 528, 12
MM, 436, 528, 25
MM, 434, 528, 38
MM, 433, 528, 25
MM, 35, 26, 12
MM, 34, 26, 13
MM, 32, 25, 12
MM, 31, 25, 13
MM, 29, 25, 24
MM, 29, 24, 13
MM, 28, 23, 13
MM, 28, 22, 350
MM, 27, 21, 51
MM, 27, 20, 12
MM, 26, 20, 12
MM, 25, 19, 13
MM, 25, 18, 24
MC, 1, 263
MM, 25, 19, 76
MM, 26, 23, 12
MM, 29, 30, 12
MM, 12, 17, 13
MM, 19, 2, 12
MM, 25, 12, 14
MM, 29, 18, 11
MM, 31, 23, 13
MM, 34, 30, 12
MM, 470, 612, 12
MM, 82, 2, 13
MM, 83, 4, 13
MM, 83, 5, 12
MM, 84, 5, 13
MM, 84, 6, 312
MM, 84, 8, 25
MM, 84, 9, 25
MM, 84, 11, 13
MM, 84, 12, 13
MM, 84, 13, 24
MM, 84, 14, 13
MC, 1, 2600
MM, 79, 11, 163
MM, 72, 4, 12
MM, 12, 26, 13
MM, 433, 589, 12
MM, 33, 1, 13
MM, 32, 28, 12
MM, 28, 21, 13
MM, 23, 17, 13
MM, 20, 15, 12
MM, 16, 12, 12
MM, 15, 11, 13
MM, 14, 10, 13
MM, 13, 10, 24
MM, 13, 9, 13
MM, 12, 9, 12
MC, 1, 325
MM, 13, 9, 12
MM, 16, 9, 13
MM, 19, 9, 12
MM, 24, 10, 13
MM, 31, 12, 13
MM, 426, 553, 11
MM, 12, 15, 16
MM, 24, 16, 9
MM, 35, 16, 13
MM, 7, 15, 13
MM, 19, 13, 12
MM, 27, 12, 12
MM, 30, 12, 13
MM, 32, 11, 13
MM, 505, 550, 12
MM, 506, 550, 25
MM, 508, 550, 200
MM, 3, 11, 25
MM, 11, 11, 12
MM, 16, 11, 13
MM, 22, 11, 12
MM, 28, 11, 12
MM, 549, 550, 13
MM, 3, 11, 12
MM, 8, 11, 12
MM, 11, 11, 13
MM, 13, 11, 12
MM, 14, 11, 13
MM, 16, 11, 12
MM, 17, 11, 25
MM, 17, 10, 13
MC, 1, 374
MM, 18, 10, 139
MM, 19, 10, 12
MM, 22, 9, 13
MM, 29, 8, 12
MM, 7, 6, 13
MM, 635, 540, 13
MM, 648, 537, 12
MM, 656, 534, 12
MM, 662, 534, 13
MM, 667, 533, 12
MM, 26, 30, 12
MM, 28, 30, 13
MM, 29, 30, 12
MM, 30, 30, 51
MM, 30, 29, 75
MM, 30, 28, 75
MM, 30, 26, 13
MM, 27, 25, 12
MM, 23, 21, 12
MM, 20, 17, 13
MM, 18, 16, 12
MM, 16, 14, 12
MM, 15, 13, 13
MM, 14, 12, 13
MC, 1, 299
MM, 13, 12, 151
MM, 10, 12, 13
MM, 6, 12, 12
MM, 29, 12, 12
MM, 3, 12, 12
MM, 21, 12, 13
MM, 5, 12, 13
MM, 559, 514, 12
MM, 30, 12, 13
MM, 24, 14, 12
MM, 14, 16, 13
MM, 1, 19, 12
MM, 26, 24, 12
MM, 16, 26, 13
MM, 11, 27, 13
MM, 5, 28, 12
MM, 0, 29, 12
MM, 477, 531, 13
MM, 35, 29, 12
MM, 32, 30, 13
MM, 30, 30, 12
MM, 467, 533, 12
MM, 466, 533, 188
MM, 461, 533, 13
MM, 453, 533, 12
MM, 23, 30, 12
MM, 32, 25, 13
MM, 19, 19, 12
MM, 13, 17, 13
MM, 10, 16, 12
MM, 8, 14, 13
MM, 7, 14, 12
MM, 7, 13, 25
MM, 6, 13, 12
MC, 1, 351
MM, 7, 13, 76
MM, 8, 13, 37
MM, 9, 13, 24
MM, 13, 14, 13
MM, 23, 21, 12
MM, 11, 1, 13
MM, 33, 19, 12
MM, 1, 0, 13
MM, 14, 12, 15
MM, 21, 19, 10
MM, 25, 22, 12
MM, 27, 25, 13
MM, 28, 26, 12
MM, 30, 28, 13
MM, 31, 29, 1039
MM, 467, 608, 13
MM, 80, 0, 12
MM, 86, 10, 13
MM, 89, 17, 12
MM, 92, 23, 12
MM, 94, 26, 12
MM, 95, 28, 13
MM, 486, 644, 12
MM, 486, 645, 13
MM, 487, 646, 12
MM, 487, 647, 12
MM, 487, 648, 51
MM, 487, 647, 149
MM, 487, 646, 25
MM, 487, 644, 13
MM, 97, 30, 12
MM, 97, 29, 12
MM, 97, 27, 14
MM, 96, 25, 25
MM, 96, 24, 24
MM, 96, 23, 38
MC, 1, 349
MM, 97, 19, 214
MM, 106, 9, 12
MM, 3, 20, 12
MM, 567, 536, 14
MM, 18, 14, 12
MM, 595, 499, 12
MM, 9, 14, 13
MM, 14, 8, 12
MM, 18, 3, 13
MM, 19, 2, 12
MM, 20, 0, 12
MM, 21, 0, 13
MM, 624, 464, 13
MM, 625, 464, 25
MM, 22, 0, 163
MM, 22, 3, 12
MM, 22, 7, 13
MM, 22, 15, 12
MM, 22, 21, 12
MM, 22, 24, 13
MM, 22, 25, 12
MM, 22, 27, 13
MM, 21, 28, 12
MM, 20, 29, 13
MM, 622, 496, 11
MM, 620, 498, 14
MM, 618, 500, 12
MM, 10, 1, 13
MM, 9, 3, 12
MM, 8, 4, 37
MM, 8, 5, 150
MM, 8, 6, 13
MM, 10, 8, 12
MM, 11, 10, 12
MM, 13, 13, 13
MM, 14, 15, 13
MM, 15, 15, 12
MM, 15, 16, 12
MC, 1, 438
MM, 13, 18, 163
MM, 6, 26, 26
MM, 606, 535, 12
MM, 1, 11, 12
MM, 31, 28, 13
MM, 17, 1, 12
MM, 12, 10, 12
MM, 7, 15, 13
MM, 4, 21, 13
MM, 2, 25, 12
MM, 1, 28, 13
MM, 560, 607, 12
MM, 559, 608, 12
MM, 559, 609, 13
MM, 558, 609, 137
MM, 557, 609, 25
MM, 557, 608, 12
MM, 554, 606, 13
MM, 34, 27, 13
MM, 29, 24, 12
MM, 26, 20, 13
MM, 24, 19, 12
MM, 23, 18, 13
MM, 22, 16, 12
MM, 21, 15, 25
MM, 20, 15, 37
MC, 1, 263
MM, 19, 15, 75
MM, 18, 17, 13
MM, 17, 21, 12
MM, 15, 28, 12
MM, 529, 610, 13
MM, 138, 2, 12
MM, 136, 6, 12
MM, 135, 8, 13
MM, 134, 11, 12
MM, 133, 12, 13
MM, 133, 13, 12
MM, 132, 14, 13
MM, 132, 15, 12
MC, 1, 288
MM, 133, 15, 100
MM, 136, 12, 13
MM, 145, 6, 12
MM, 559, 596, 12
MM, 587, 570, 13
MM, 3, 20, 12
MM, 11, 12, 13
MM, 25, 1, 13
MM, 631, 533, 12
MM, 638, 528, 12
MM, 643, 525, 13
MM, 4, 21, 12
MM, 9, 19, 13
MM, 15, 18, 12
MM, 20, 17, 13
MM, 25, 15, 12
MM, 27, 14, 13
MM, 29, 13, 12
MM, 31, 13, 12
MM, 33, 12, 13
MM, 35, 10, 12
MM, 681, 512, 13
MM, 683, 510, 12
MM, 1, 7, 13
MM, 3, 7, 12
MM, 6, 7, 13
MM, 8, 7, 12
MM, 9, 7, 13
MM, 11, 7, 12
MM, 12, 7, 38
MM, 12, 9, 287
MM, 10, 10, 13
MM, 6, 12, 12
MM, 0, 16, 12
MM, 35, 19, 13
MM, 32, 21, 12
MM, 31, 22, 12
MM, 29, 23, 13
MM, 28, 23, 12
MM, 27, 23, 13
MM, 26, 23, 50
MM, 25, 23, 37
MM, 23, 23, 25
MM, 22, 23, 13
MM, 21, 23, 12
MM, 20, 23, 12
MM, 19, 23, 25
MM, 18, 23, 38
MC, 1, 187
MM, 16, 23, 88
MM, 14, 22, 13
MM, 9, 22, 12
MM, 1, 22, 12
MM, 24, 22, 13
MM, 14, 22, 13
MM, 6, 22, 12
MM, 0, 22, 12
MM, 36, 22, 12
MM, 29, 25, 14
MM, 25, 27, 13
MM, 20, 30, 12
MM, 582, 534, 12
MM, 579, 535, 12
MM, 576, 537, 12
MM, 19, 1, 14
MM, 14, 4, 13
MM, 8, 7, 11
MM, 4, 10, 13
MM, 553, 550, 12
MM, 550, 552, 13
MM, 548, 553, 12
MM, 36, 14, 13
MM, 35, 15, 12
MM, 34, 15, 13
MM, 34, 16, 12
MM, 33, 16, 25
MM, 32, 16, 13
MM, 31, 17, 12
MM, 30, 17, 13
MM, 29, 17, 12
MM, 28, 18, 12
MM, 27, 19, 26
MM, 26, 19, 12
MC, 1, 187
MM, 27, 19, 63
MM, 31, 17, 12
MM, 36, 15, 12
MM, 9, 11, 13
MM, 23, 7, 13
MM, 31, 5, 12
MM, 35, 3, 13
MM, 594, 541, 12
MM, 1, 1, 13
MM, 4, 0, 12
MM, 604, 538, 12
MM, 607, 538, 13
MM, 609, 537, 12
MM, 610, 537, 13
MM, 611, 537, 12
MM, 612, 537, 13
MM, 612, 536, 12
MM, 613, 536, 13
MM, 614, 536, 12
MM, 615, 535, 26
MM, 617, 535, 23
MM, 617, 534, 13
MM, 618, 533, 13
MM, 621, 533, 13
MM, 17, 30, 12
MM, 21, 28, 13
MM, 26, 26, 12
MM, 29, 25, 12
MM, 639, 527, 13
MM, 641, 526, 13
MM, 643, 525, 12
MM, 1, 23, 13
MM, 4, 22, 12
MM, 5, 21, 12
MM, 6, 20, 13
MM, 7, 20, 12
MM, 8, 20, 13
MM, 9, 20, 12
MM, 10, 20, 13
MM, 11, 19, 12
MC, 1, 238
MM, 10, 19, 38
MM, 7, 20, 12
MM, 2, 25, 12
MM, 636, 536, 13
MM, 27, 6, 12
MM, 16, 13, 13
MM, 5, 18, 13
MM, 34, 24, 12
MM, 565, 572, 12
MM, 557, 576, 13
MM, 33, 3, 13
MM, 29, 4, 11
MM, 25, 7, 13
MM, 20, 10, 12
MM, 17, 12, 13
MM, 13, 13, 13
MM, 10, 14, 12
MM, 9, 15, 13
MM, 7, 16, 12
MM, 5, 17, 12
MM, 4, 18, 13
MM, 3, 18, 13
MM, 1, 20, 12
MM, 516, 596, 13
MM, 515, 598, 12
MM, 514, 599, 12
MM, 513, 600, 13
MM, 512, 602, 12
MM, 511, 603, 12
MM, 34, 30, 13
MM, 507, 609, 12
MM, 505, 612, 13
MM, 113, 1, 12
MM, 111, 4, 13
MM, 110, 6, 12
MM, 109, 8, 26
MM, 109, 9, 25
MM, 108, 9, 11
MM, 108, 10, 76
MC, 1, 212
MM, 107, 10, 113
MM, 106, 10, 13
MM, 436, 607, 49
MM, 32, 28, 13
MM, 27, 26, 12
MM, 21, 24, 13
MM, 18, 24, 13
MM, 15, 23, 12
MM, 12, 23, 12
MM, 10, 23, 13
MM, 8, 23, 13
MM, 6, 23, 12
MM, 5, 23, 13
MM, 4, 23, 12
MM, 3, 23, 25
MM, 2, 23, 25
MM, 1, 23, 13
MM, 1, 21, 250
MM, 2, 21, 12
MM, 3, 21, 12
MM, 5, 21, 12
MM, 7, 21, 13
MM, 10, 20, 13
MM, 14, 19, 14
MM, 19, 18, 10
MM, 24, 17, 13
MM, 30, 16, 12
MM, 36, 15, 14
MM, 431, 591, 12
MM, 0, 13, 12
MM, 4, 12, 12
MM, 8, 11, 13
MM, 11, 10, 12
MM, 14, 8, 12
MM, 17, 6, 13
MM, 21, 6, 12
MM, 23, 5, 13
MM, 25, 4, 13
MM, 28, 2, 12
MM, 30, 2, 12
MM, 33, 0, 13
MM, 34, 0, 12
MM, 469, 575, 13
MM, 472, 574, 12
MM, 473, 573, 25
MM, 476, 572, 13
MM, 477, 572, 13
MM, 481, 571, 12
MM, 485, 570, 13
MM, 20, 29, 12
MM, 24, 28, 13
MM, 28, 27, 13
MM, 33, 25, 12
MM, 509, 563, 12
MM, 7, 22, 13
MM, 17, 19, 12
MM, 23, 17, 13
MM, 29, 16, 12
MM, 34, 14, 12
MM, 551, 552, 13
MM, 4, 11, 13
MM, 10, 9, 12
MM, 14, 7, 12
MM, 18, 5, 13
MM, 20, 5, 12
MM, 20, 4, 13
MM, 21, 3, 13
MM, 22, 3, 37
MC, 1, 300
MM, 17, 6, 75
MM, 9, 9, 13
MM, 34, 14, 12
MM, 15, 19, 13
MM, 506, 561, 11
MM, 25, 24, 13
MM, 16, 24, 13
MM, 4, 24, 12
MM, 31, 24, 13
MM, 17, 24, 12
MM, 8, 24, 12
MM, 1, 24, 13
MM, 35, 21, 13
MM, 26, 19, 13
MM, 22, 17, 11
MM, 17, 15, 13
MM, 14, 15, 13
MM, 11, 13, 13
MM, 9, 13, 12
MM, 7, 12, 13
MM, 5, 12, 12
MM, 2, 11, 12
MM, 0, 11, 12
MM, 383, 550, 13
MM, 381, 550, 13
MM, 379, 550, 12
MM, 33, 11, 13
MM, 32, 11, 12
MM, 31, 11, 12
MM, 30, 11, 14
MM, 29, 11, 24
MM, 28, 11, 12
MM, 27, 11, 13
MM, 26, 11, 12
MM, 25, 11, 13
MM, 23, 12, 12
MM, 21, 13, 12
MM, 19, 13, 13
MM, 17, 14, 13
MM, 16, 15, 12
MM, 15, 15, 13
MM, 14, 15, 13
MC, 1, 224
MM, 15, 15, 50
MM, 18, 15, 12
MM, 24, 15, 14
MM, 384, 554, 12
MM, 27, 18, 12
MM, 4, 23, 12
MM, 15, 27, 13
MM, 29, 30, 12
MM, 467, 572, 13
MM, 474, 575, 12
MM, 4, 2, 12
MM, 7, 4, 13
MM, 11, 6, 12
MM, 16, 7, 13
MM, 23, 10, 13
MM, 29, 13, 12
MM, 32, 15, 12
MM, 35, 17, 13
MM, 511, 594, 12
MM, 512, 595, 13
MM, 513, 595, 25
MM, 513, 596, 112
MM, 514, 596, 13
MM, 515, 596, 25
MM, 516, 596, 12
MM, 0, 21, 13
MM, 1, 21, 25
MM, 2, 21, 50
MM, 3, 21, 62
MM, 4, 21, 38
MC, 2, 475
MM, 3, 21, 124
MM, 515, 596, 13
MM, 26, 14, 13
MM, 24, 29, 12
MM, 24, 10, 13
MM, 376, 535, 12
MM, 12, 24, 13
MM, 4, 17, 12
MM, 349, 512, 12
MM, 36, 5, 13
MM, 35, 3, 13
MM, 32, 1, 12
MM, 32, 0, 13
MM, 31, 0, 12
MM, 340, 501, 12
MM, 340, 500, 26
MM, 340, 499, 62
MM, 342, 498, 26
MM, 346, 497, 12
MM, 353, 496, 23
MM, 15, 29, 1
MM, 23, 29, 13
MM, 27, 29, 13
MM, 31, 29, 12
MM, 33, 29, 12
MM, 386, 494, 13
MM, 390, 496, 12
MM, 392, 497, 12
MM, 395, 498, 13
MM, 397, 499, 12
MM, 399, 500, 13
MM, 400, 501, 12
MM, 401, 501, 12
MM, 402, 501, 26
MM, 5, 0, 25
MM, 6, 0, 24
MM, 7, 0, 39
MM, 8, 1, 12
MM, 9, 3, 25
MM, 9, 4, 13
MM, 10, 5, 12
MM, 10, 7, 13
MM, 11, 7, 12
MM, 11, 8, 12
MC, 1, 275
MM, 12, 9, 50
MM, 13, 9, 13
MM, 14, 10, 12
MM, 20, 11, 12
MM, 31, 14, 13
MM, 1, 16, 13
MM, 13, 19, 12
MM, 32, 22, 13
MM, 0, 23, 11
MM, 4, 24, 13
MM, 6, 24, 13
MM, 8, 25, 12
MM, 9, 25, 226
MM, 15, 25, 12
MM, 26, 25, 13
MM, 28, 25, 12
MM, 27, 25, 13
MM, 1, 25, 12
MM, 19, 27, 12
MM, 28, 28, 13
MM, 639, 531, 13
MM, 642, 532, 12
MM, 0, 30, 12
MM, 645, 533, 12
MM, 646, 533, 12
MM, 647, 534, 14
MM, 648, 534, 13
MM, 650, 534, 12
MM, 651, 534, 12
MM, 652, 534, 13
MM, 654, 534, 12
MM, 657, 535, 13
MM, 658, 535, 12
MM, 659, 536, 12
MM, 661, 537, 13
MM, 664, 537, 13
MM, 28, 0, 12
MM, 29, 1, 12
MM, 31, 3, 13
MM, 32, 5, 12
MM, 34, 7, 13
MM, 35, 9, 12
MM, 673, 548, 12
MM, 673, 549, 13
MM, 674, 549, 38
MM, 675, 549, 88
MM, 676, 549, 12
MM, 0, 10, 12
MM, 1, 11, 13
MM, 3, 11, 12
MM, 5, 12, 13
MM, 7, 12, 12
MM, 8, 12, 37
MC, 1, 351
MM, 6, 11, 338
MM, 3, 9, 13
MM, 673, 544, 12
MM, 21, 0, 12
MM, 646, 537, 13
MM, 632, 535, 13
MM, 616, 534, 12
MM, 605, 534, 12
MM, 598, 534, 13
MM, 595, 534, 12
MM, 593, 534, 13
MM, 592, 534, 12
MM, 590, 534, 13
MM, 588, 534, 12
MM, 587, 534, 213
MM, 586, 535, 12
MM, 28, 1, 13
MM, 22, 9, 12
MM, 14, 19, 13
MM, 9, 27, 12
MM, 559, 572, 13
MM, 557, 576, 12
MM, 555, 581, 13
MM, 554, 584, 12
MM, 554, 586, 13
MM, 554, 588, 12
MM, 554, 589, 12
MM, 554, 591, 13
MM, 554, 592, 212
MM, 554, 593, 13
MM, 554, 594, 13
MM, 554, 595, 25
MM, 555, 595, 25
MM, 557, 596, 12
MM, 559, 596, 13
MM, 1, 20, 12
MM, 2, 20, 12
MM, 5, 20, 13
MM, 8, 20, 12
MM, 12, 20, 13
MM, 20, 20, 13
MM, 28, 20, 12
MM, 35, 20, 12
MM, 598, 596, 13
MM, 601, 596, 12
MM, 0, 20, 13
MM, 2, 20, 12
MM, 3, 20, 13
MM, 4, 20, 25
MM, 5, 20, 12
MM, 6, 20, 13
MM, 7, 20, 87
MM, 9, 20, 25
MM, 11, 20, 13
MM, 12, 20, 12
MM, 14, 20, 13
MM, 16, 21, 12
MM, 20, 22, 12
MM, 25, 23, 13
MM, 634, 601, 12
MM, 639, 602, 12
MM, 4, 28, 13
MM, 6, 29, 13
MM, 7, 29, 12
MM, 9, 29, 13
MM, 9, 30, 12
MC, 1, 851
MM, 4, 30, 387
MM, 27, 30, 12
MM, 7, 24, 13
MM, 17, 11, 13
MM, 8, 3, 12
MM, 33, 1, 13
MM, 404, 574, 12
MM, 388, 571, 12
MM, 379, 571, 13
MM, 375, 571, 12
MM, 372, 571, 12
MM, 368, 571, 13
MM, 362, 571, 13
MM, 358, 571, 12
MM, 355, 571, 237
MM, 351, 571, 13
MM, 341, 571, 12
MM, 319, 571, 13
MM, 294, 572, 13
MM, 285, 572, 12
MM, 279, 572, 12
MM, 277, 572, 13
MM, 276, 572, 13
MM, 275, 572, 12
MM, 273, 572, 13
MM, 272, 572, 25
MM, 271, 573, 62
MM, 269, 573, 25
MM, 268, 573, 12
MM, 267, 574, 13
MM, 266, 575, 13
MM, 265, 576, 24
MM, 264, 577, 38
MM, 265, 577, 50
MM, 268, 575, 12
MM, 275, 570, 13
MM, 3, 25, 12
MM, 10, 19, 13
MM, 18, 14, 12
MM, 27, 8, 13
MM, 34, 6, 12
MM, 39, 4, 13
MM, 42, 3, 12
MM, 44, 2, 12
MM, 47, 1, 13
MM, 48, 1, 13
MM, 49, 1, 12
MM, 50, 1, 13
MM, 51, 1, 11
MM, 52, 1, 14
MM, 53, 1, 12
MM, 54, 1, 25
MM, 55, 1, 12
MM, 56, 1, 38
MM, 57, 1, 12
MM, 338, 540, 12
MM, 339, 540, 13
MM, 341, 543, 13
MM, 342, 545, 12
MM, 343, 547, 12
MM, 0, 10, 13
MM, 1, 11, 12
MM, 3, 14, 28
MM, 3, 15, 22
MM, 4, 15, 13
MM, 6, 15, 375
MM, 8, 15, 12
MM, 11, 15, 13
MM, 15, 15, 12
MM, 19, 16, 13
MM, 22, 16, 12
MM, 24, 16, 13
MM, 26, 16, 12
MM, 27, 16, 12
MM, 28, 16, 13
MM, 29, 16, 12
MM, 30, 16, 26
MM, 31, 16, 12
MM, 33, 16, 37
MM, 379, 555, 26
MM, 381, 555, 12
MM, 383, 554, 12
MM, 384, 554, 13
MM, 1, 14, 12
MM, 2, 14, 13
MM, 3, 14, 24
MM, 4, 14, 37
MM, 5, 14, 76
MC, 1, 250
MM, 8, 17, 113
MM, 15, 28, 12
MM, 22, 12, 14
MM, 426, 607, 12
MM, 46, 15, 12
MM, 53, 24, 12
MM, 57, 28, 13
MM, 449, 644, 13
MM, 450, 645, 12
MM, 450, 646, 12
MM, 451, 646, 12
MM, 451, 647, 39
MP, 1, 225
MR, 1, 125
MC, 1, 0
MM, 452, 647, 62
MM, 452, 645, 63
MM, 452, 644, 12
MM, 63, 30, 13
MM, 63, 29, 13
MM, 63, 26, 12
MM, 63, 25, 13
MM, 63, 23, 24
MM, 63, 22, 50
MC, 1, 225
MM, 65, 21, 238
MM, 76, 15, 12
MM, 503, 611, 13
MM, 5, 15, 12
MM, 22, 8, 13
MM, 33, 2, 12
MM, 607, 574, 13
MM, 20, 29, 12
MM, 26, 25, 13
MM, 31, 24, 12
MM, 33, 21, 13
MM, 631, 560, 12
MM, 633, 559, 12
MM, 633, 558, 13
MM, 633, 557, 263
MM, 633, 556, 25
MM, 633, 554, 12
MM, 633, 552, 13
MM, 633, 550, 12
MM, 633, 547, 12
MM, 633, 544, 13
MM, 633, 541, 13
MM, 632, 538, 12
MM, 631, 536, 12
MM, 631, 534, 13
MM, 22, 30, 12
MM, 22, 29, 13
MM, 21, 27, 12
MM, 21, 26, 12
MM, 20, 25, 13
MM, 20, 24, 12
MM, 20, 23, 38
MC, 1, 212
MM, 19, 23, 50
MM, 18, 23, 13
MM, 16, 24, 13
MM, 13, 25, 12
MM, 8, 29, 12
MM, 607, 536, 13
MM, 0, 8, 12
MM, 34, 19, 13
MM, 23, 28, 12
MM, 570, 573, 13
MM, 5, 1, 12
MM, 3, 4, 13
MM, 1, 6, 12
MM, 559, 583, 12
MM, 558, 585, 13
MM, 557, 588, 13
MM, 556, 589, 225
MM, 554, 590, 12
MM, 34, 17, 13
MM, 25, 23, 12
MM, 13, 30, 12
MM, 520, 611, 13
MM, 124, 1, 13
MM, 121, 2, 12
MM, 118, 3, 13
MM, 116, 3, 12
MM, 115, 4, 13
MM, 114, 4, 12
MM, 113, 4, 25
MC, 1, 1887
MM, 111, 4, 213
MM, 105, 4, 13
MM, 96, 0, 12
MM, 23, 20, 13
MM, 24, 1, 12
MM, 402, 570, 13
MM, 11, 28, 12
MM, 7, 27, 12
MM, 4, 26, 13
MM, 384, 565, 12
MM, 380, 564, 12
MM, 31, 25, 13
MM, 29, 25, 12
MM, 26, 25, 13
MM, 25, 24, 12
MM, 24, 24, 13
MM, 23, 23, 12
MM, 22, 23, 13
MM, 21, 23, 12
MM, 20, 22, 25
MM, 16, 21, 12
MM, 13, 21, 13
MM, 10, 20, 13
MM, 9, 19, 12
MM, 7, 19, 13
MM, 7, 18, 12
MM, 6, 17, 12
MM, 5, 16, 38
MC, 1, 187
MM, 7, 16, 13
MM, 9, 16, 13
MM, 12, 16, 12
MM, 17, 16, 12
MM, 28, 16, 13
MM, 2, 16, 13
MM, 15, 16, 12
MM, 25, 17, 13
MM, 35, 18, 12
MM, 8, 21, 13
MM, 17, 22, 12
MM, 26, 24, 13
MM, 31, 26, 12
MM, 469, 566, 13
MM, 10, 29, 12
MM, 18, 30, 12
MM, 494, 570, 13
MM, 498, 571, 12
MM, 503, 573, 13
MM, 508, 573, 13
MM, 512, 574, 12
MM, 515, 574, 12
MM, 516, 574, 13
MM, 517, 574, 37
MM, 518, 574, 38
MM, 519, 574, 37
MM, 520, 574, 25
MM, 521, 574, 25
MM, 523, 574, 13
MM, 526, 574, 13
MM, 533, 574, 11
MM, 541, 574, 13
MM, 548, 575, 12
MM, 552, 575, 13
MM, 555, 576, 12
MM, 557, 577, 13
MM, 0, 2, 14
MM, 1, 2, 11
MM, 2, 2, 12
MM, 2, 3, 363
MM, 2, 4, 12
MM, 3, 6, 13
MM, 4, 8, 12
MM, 5, 9, 13
MM, 5, 10, 12
MM, 5, 11, 14
MM, 6, 11, 12
MM, 7, 12, 112
MM, 7, 13, 25
MM, 8, 13, 13
MM, 9, 13, 12
MM, 10, 13, 12
MC, 1, 275
MM, 9, 14, 137
MM, 7, 14, 13
MM, 5, 15, 12
MM, 2, 15, 13
MM, 558, 593, 12
MM, 554, 595, 13
MM, 33, 21, 12
MM, 30, 22, 13
MM, 26, 24, 12
MM, 24, 25, 13
MM, 22, 28, 12
MM, 20, 30, 12
MM, 536, 608, 13
MM, 534, 610, 13
MM, 532, 612, 12
MM, 141, 1, 13
MM, 138, 4, 12
MM, 136, 6, 12
MM, 134, 8, 13
MM, 130, 13, 13
MM, 126, 17, 12
MM, 124, 20, 12
MM, 121, 22, 15
MM, 120, 24, 10
MM, 119, 25, 13
MM, 118, 27, 12
MM, 117, 28, 13
MM, 116, 29, 12
MM, 115, 30, 13
MM, 504, 644, 12
MM, 503, 645, 25
MP, 1, 100
MR, 1, 125
MC, 1, 0
MM, 503, 644, 188
MM, 113, 30, 25
MM, 113, 29, 12
MM, 113, 28, 25
MM, 113, 27, 24
MM, 113, 26, 13
MM, 113, 25, 26
MM, 112, 25, 12
MM, 112, 24, 12
MM, 112, 23, 38
MM, 112, 22, 25
MM, 112, 21, 50
MC, 1, 237
MM, 111, 21, 38
MM, 110, 21, 12
MM, 108, 20, 13
MM, 103, 19, 12
MM, 96, 16, 13
MM, 85, 12, 12
MM, 76, 7, 12
MM, 68, 3, 13
MM, 452, 611, 13
MM, 449, 609, 12
MM, 446, 607, 13
MM, 11, 29, 12
MM, 10, 27, 13
MM, 9, 26, 25
MM, 8, 25, 24
MM, 8, 24, 13
MM, 8, 23, 75
MM, 8, 22, 25
MM, 9, 21, 14
MM, 10, 19, 11
MM, 11, 17, 13
MM, 13, 13, 12
MM, 13, 11, 12
MM, 14, 8, 13
MM, 15, 4, 13
MM, 16, 1, 12
MM, 451, 573, 12
MM, 451, 571, 13
MM, 452, 570, 13
MM, 25, 29, 12
MM, 25, 28, 12
MM, 25, 26, 25
MM, 25, 25, 25
MM, 25, 24, 25
MM, 25, 23, 38
MC, 1, 387
MM, 24, 23, 102
MM, 18, 20, 12
MM, 4, 16, 13
MM, 16, 7, 12
MM, 382, 541, 13
MM, 30, 0, 12
MM, 23, 0, 12
MM, 363, 538, 13
MM, 361, 538, 12
MM, 360, 538, 13
MM, 359, 538, 12
MM, 358, 538, 12
MM, 357, 538, 63
MM, 356, 538, 25
MM, 355, 538, 25
MM, 354, 538, 37
MM, 10, 0, 125
MM, 11, 3, 12
MM, 14, 5, 13
MM, 16, 8, 13
MM, 19, 10, 12
MM, 19, 11, 12
MM, 21, 12, 13
MM, 22, 13, 24
MM, 22, 14, 13
MM, 23, 14, 12
MC, 1, 251
MM, 24, 14, 138
MM, 27, 14, 13
MM, 381, 553, 12
MM, 424, 548, 13
MM, 490, 538, 12
MM, 508, 535, 12
MM, 531, 533, 13
MM, 20, 28, 12
MM, 26, 27, 13
MM, 30, 27, 12
MM, 33, 26, 13
MM, 559, 528, 12
MM, 561, 527, 13
MM, 563, 527, 12
MM, 1, 24, 13
MM, 2, 24, 12
MM, 3, 24, 13
MM, 5, 24, 12
MM, 5, 23, 13
MM, 7, 22, 13
MM, 8, 22, 11
MM, 9, 20, 13
MM, 10, 20, 25
MM, 10, 19, 12
MM, 6, 18, 88
MM, 563, 519, 12
MM, 31, 16, 13
MM, 23, 15, 12
MM, 18, 15, 12
MM, 16, 15, 13
MM, 15, 15, 13
MM, 14, 15, 24
MC, 1, 338
MM, 13, 15, 13
MM, 482, 536, 87
MM, 472, 538, 13
MM, 465, 539, 12
MM, 33, 2, 13
MM, 28, 3, 12
MM, 21, 4, 13
MM, 16, 5, 12
MM, 9, 6, 13
MM, 4, 8, 13
MM, 0, 10, 12
MM, 424, 550, 12
MM, 421, 551, 13
MM, 33, 14, 12
MM, 30, 15, 12
MM, 27, 16, 13
MM, 25, 18, 12
MM, 23, 18, 13
MM, 22, 19, 13
MM, 20, 20, 12
MM, 19, 20, 25
MC, 1, 325
MM, 22, 20, 87
MM, 25, 20, 12
MM, 29, 20, 13
MM, 421, 559, 13
MM, 2, 23, 12
MM, 10, 25, 12
MM, 21, 30, 13
MM, 458, 573, 12
MM, 31, 1, 13
MM, 469, 581, 12
MM, 473, 583, 13
MM, 0, 11, 13
MM, 2, 12, 12
MM, 5, 15, 12
MM, 7, 18, 13
MM, 11, 20, 13
MM, 14, 21, 12
MM, 15, 22, 12
MM, 17, 23, 13
MM, 18, 23, 24
MM, 18, 24, 25
MM, 18, 25, 37
MM, 19, 25, 13
MM, 20, 26, 25
MM, 20, 27, 12
MM, 21, 27, 13
MM, 21, 28, 13
MM, 22, 29, 12
MM, 22, 30, 13
MM, 498, 607, 12
MM, 499, 609, 13
MM, 500, 612, 12
MM, 112, 2, 13
MM, 113, 5, 12
MM, 113, 8, 13
MM, 113, 9, 12
MM, 113, 10, 13
MM, 114, 10, 13
MM, 116, 11, 24
MM, 118, 11, 13
MM, 119, 11, 12
MM, 120, 11, 13
MM, 121, 11, 37
MC, 1, 275
MM, 120, 11, 76
MM, 117, 10, 12
MM, 111, 8, 12
MM, 99, 2, 12
MM, 472, 606, 12
MM, 26, 25, 13
MM, 19, 20, 13
MM, 13, 16, 12
MM, 9, 12, 13
MM, 1, 6, 12
MM, 429, 576, 13
MM, 425, 573, 12
MM, 422, 571, 13
MM, 421, 570, 12
MM, 35, 30, 13
MM, 34, 29, 24
MM, 33, 29, 26
MM, 33, 28, 174
MM, 32, 28, 25
MM, 31, 27, 25
MM, 30, 26, 25
MM, 29, 26, 13
MM, 29, 25, 12
MM, 28, 24, 13
MM, 27, 24, 13
MM, 26, 24, 12
MM, 26, 23, 12
MM, 25, 23, 38
MC, 1, 262
MM, 25, 24, 136
MM, 25, 25, 13
MM, 25, 28, 13
MM, 410, 571, 12
MM, 410, 575, 12
MM, 19, 2, 13
MM, 19, 4, 12
MM, 19, 6, 13
MM, 19, 7, 12
MM, 19, 9, 13
MM, 19, 10, 12
MM, 19, 11, 63
MM, 19, 12, 13
MM, 19, 13, 25
MC, 1, 225
MM, 20, 13, 87
MM, 22, 13, 13
MM, 27, 13, 12
MM, 430, 586, 13
MM, 8, 7, 13
MM, 18, 6, 12
MM, 26, 4, 12
MM, 472, 578, 13
MM, 9, 0, 12
MM, 491, 575, 13
MM, 496, 573, 12
MM, 501, 573, 12
MM, 507, 572, 13
MM, 516, 571, 13
MM, 524, 570, 12
MM, 18, 30, 13
MM, 20, 30, 12
MM, 22, 30, 12
MM, 23, 30, 13
MM, 24, 30, 13
MM, 24, 29, 12
MM, 25, 29, 12
MM, 26, 29, 25
MM, 27, 29, 13
MM, 28, 29, 63
MM, 30, 29, 12
MM, 32, 28, 13
MM, 34, 28, 12
MM, 36, 27, 12
MM, 548, 566, 13
MM, 551, 566, 13
MM, 552, 565, 12
MM, 553, 564, 12
MM, 1, 24, 13
MM, 2, 23, 12
MM, 4, 22, 13
MM, 7, 22, 12
MM, 8, 21, 12
MM, 11, 20, 13
MM, 13, 19, 12
MM, 15, 19, 13
MM, 18, 18, 13
MM, 19, 18, 12
MM, 19, 17, 12
MM, 20, 17, 14
MM, 21, 17, 12
MC, 1, 262
MM, 22, 16, 50
MM, 25, 15, 12
MM, 31, 12, 13
MM, 4, 6, 12
MM, 15, 0, 13
MM, 622, 535, 12
MM, 22, 29, 13
MM, 638, 528, 12
MM, 1, 24, 12
MM, 5, 22, 13
MM, 7, 21, 12
MM, 10, 20, 13
MM, 11, 20, 25
MM, 11, 19, 12
MM, 14, 19, 413
MM, 17, 19, 12
MM, 20, 19, 13
MM, 25, 21, 12
MM, 30, 24, 13
MM, 35, 27, 12
MM, 683, 531, 12
MM, 687, 534, 14
MM, 690, 536, 12
MM, 694, 537, 12
MM, 18, 1, 13
MM, 20, 4, 12
MM, 23, 9, 13
MM, 26, 13, 12
MM, 27, 16, 13
MM, 29, 18, 12
MM, 29, 19, 12
MM, 30, 20, 13
MM, 31, 20, 38
MM, 31, 21, 11
MC, 1, 226
MM, 30, 21, 188
MM, 27, 21, 13
MM, 21, 21, 12
MM, 3, 21, 13
MM, 26, 21, 12
MM, 22, 20, 13
MM, 16, 20, 12
MM, 508, 559, 13
MM, 11, 20, 12
MM, 27, 20, 12
MM, 15, 20, 13
MM, 3, 20, 13
MM, 34, 20, 12
MM, 28, 20, 12
MM, 23, 20, 13
MM, 22, 20, 12
MM, 21, 20, 13
MM, 20, 20, 12
MM, 19, 20, 137
MM, 18, 20, 25
MM, 16, 20, 12
MM, 13, 20, 13
MM, 9, 20, 13
MM, 6, 21, 12
MM, 2, 21, 13
MM, 0, 21, 12
MM, 383, 560, 13
MM, 382, 560, 12
MM, 381, 560, 25
MM, 380, 560, 25
MM, 379, 560, 113
MM, 33, 21, 13
MM, 32, 21, 12
MM, 30, 21, 12
MM, 28, 21, 13
MM, 26, 21, 12
MM, 23, 21, 13
MM, 22, 21, 12
MM, 21, 21, 25
MM, 20, 21, 26
MM, 19, 21, 24
MC, 1, 250
MM, 20, 21, 25
MM, 23, 20, 12
MM, 28, 19, 13
MM, 381, 554, 13
MM, 6, 10, 12
MM, 19, 5, 12
MM, 28, 0, 13
MM, 420, 538, 12
MM, 425, 536, 13
MM, 428, 536, 12
MM, 429, 535, 13
MM, 431, 535, 13
MM, 433, 535, 12
MM, 434, 535, 12
MM, 435, 535, 13
MM, 436, 535, 25
MM, 437, 535, 25
MM, 438, 535, 49
MM, 438, 534, 76
MM, 439, 534, 13
MM, 440, 534, 24
MM, 440, 533, 13
MM, 442, 533, 13
MM, 4, 28, 12
MM, 6, 27, 12
MM, 8, 24, 13
MM, 11, 20, 12
MM, 11, 18, 12
MM, 12, 17, 13
MM, 13, 16, 12
MM, 13, 15, 38
MC, 1, 249
MM, 13, 16, 125
MM, 13, 19, 13
MM, 13, 25, 12
MM, 452, 536, 13
MM, 25, 7, 12
MM, 25, 17, 13
MM, 25, 22, 12
MM, 25, 25, 12
MM, 25, 27, 13
MM, 25, 30, 13
MM, 453, 573, 12
MM, 21, 3, 13
MM, 22, 9, 12
MM, 23, 13, 13
MM, 24, 15, 12
MM, 25, 18, 12
MM, 26, 19, 13
MM, 26, 20, 13
MM, 27, 22, 12
MM, 28, 24, 12
MM, 29, 25, 13
MM, 30, 28, 12
MM, 30, 29, 13
MM, 31, 30, 12
MM, 465, 607, 13
MM, 466, 607, 12
MM, 466, 608, 13
MM, 466, 609, 38
MM, 466, 610, 87
MM, 466, 611, 12
MM, 466, 612, 13
MM, 76, 1, 12
MM, 76, 2, 13
MM, 77, 3, 13
MM, 77, 4, 11
MM, 77, 5, 13
MM, 77, 6, 13
MM, 77, 7, 12
MC, 1, 1537
MM, 78, 7, 251
MM, 84, 5, 12
MM, 95, 0, 13
MM, 514, 596, 13
MM, 11, 24, 12
MM, 31, 7, 12
MM, 595, 537, 13
MM, 604, 531, 12
MM, 8, 22, 13
MM, 15, 16, 12
MM, 19, 12, 13
MM, 20, 11, 12
MM, 21, 10, 13
MM, 21, 9, 12
MM, 22, 9, 125
MM, 22, 10, 212
MM, 22, 11, 26
MM, 21, 12, 24
MM, 19, 13, 12
MM, 18, 13, 13
MM, 17, 14, 12
MM, 16, 14, 13
MM, 15, 14, 12
MC, 1, 250
MM, 14, 15, 138
MM, 13, 16, 12
MM, 12, 17, 13
MM, 10, 19, 12
MM, 7, 25, 13
MM, 608, 535, 12
MM, 7, 4, 13
MM, 3, 8, 12
MM, 596, 550, 12
MM, 593, 552, 13
MM, 592, 555, 13
MM, 36, 17, 12
MM, 35, 19, 12
MM, 33, 21, 13
MM, 32, 22, 12
MM, 31, 24, 13
MM, 31, 26, 13
MM, 30, 27, 11
MM, 29, 28, 13
MM, 29, 29, 225
MM, 581, 570, 13
MM, 579, 572, 12
MM, 15, 0, 13
MM, 7, 7, 13
MM, 559, 591, 12
MM, 34, 23, 12
MM, 29, 29, 13
MM, 543, 609, 12
MM, 540, 612, 13
MM, 149, 1, 13
MM, 148, 3, 11
MM, 146, 4, 13
MM, 146, 5, 13
MM, 145, 5, 25
MM, 144, 6, 888
MM, 144, 7, 12
MM, 143, 8, 13
MM, 141, 10, 12
MM, 138, 13, 12
MM, 133, 20, 13
MM, 130, 26, 12
MM, 129, 30, 13
MM, 517, 645, 13
MM, 517, 646, 12
MM, 516, 646, 25
MM, 516, 647, 24
MP, 1, 151
MR, 1, 151
MC, 1, 0
MM, 515, 647, 274
MM, 513, 645, 25
MM, 122, 30, 12
MM, 119, 27, 13
MM, 118, 23, 12
MM, 116, 18, 13
MM, 115, 16, 12
MM, 114, 15, 13
MM, 114, 14, 13
MM, 113, 13, 37
MC, 1, 237
MM, 112, 13, 151
MM, 109, 12, 13
MM, 102, 11, 12
MM, 90, 7, 12
MM, 78, 2, 13
MM, 455, 611, 13
MM, 7, 29, 12
MM, 433, 601, 13
MM, 35, 20, 12
MM, 32, 18, 12
MM, 30, 16, 13
MM, 28, 15, 12
MM, 27, 14, 13
MM, 27, 13, 12
MM, 26, 12, 13
MM, 25, 12, 25
MM, 25, 11, 25
MM, 24, 11, 63
MM, 24, 10, 11
MM, 23, 9, 26
MM, 22, 8, 25
MM, 22, 7, 12
MM, 20, 5, 12
MM, 20, 3, 13
MM, 20, 0, 12
MM, 410, 572, 13
MM, 23, 29, 12
MM, 21, 26, 14
MM, 21, 24, 11
MM, 20, 22, 13
MM, 19, 21, 12
MM, 19, 20, 13
MM, 19, 19, 25
MM, 18, 19, 12
MM, 18, 18, 13
MM, 18, 17, 75
MC, 1, 199
MM, 17, 17, 50
MM, 16, 17, 13
MM, 14, 17, 13
MM, 11, 17, 12
MM, 7, 17, 12
MM, 1, 17, 13
MM, 380, 556, 12
MM, 30, 16, 13
MM, 26, 15, 12
MM, 23, 15, 13
MM, 21, 15, 12
MM, 18, 14, 13
MM, 16, 14, 12
MM, 15, 14, 13
MM, 14, 14, 12
MM, 13, 14, 25
MM, 13, 12, 350
MM, 13, 11, 25
MM, 13, 9, 13
MM, 15, 6, 12
MM, 17, 1, 13
MM, 363, 535, 13
MM, 13, 27, 11
MM, 16, 21, 13
MM, 17, 17, 13
MM, 17, 14, 12
MM, 17, 13, 13
MM, 17, 12, 12
MM, 17, 11, 12
MM, 17, 10, 13
MM, 17, 9, 12
MC, 1, 301
MM, 18, 9, 24
MM, 19, 11, 13
MM, 21, 14, 12
MM, 25, 23, 13
MM, 383, 543, 12
MM, 3, 18, 13
MM, 5, 25, 12
MM, 393, 570, 13
MM, 4, 1, 12
MM, 7, 12, 13
MM, 10, 19, 12
MM, 14, 25, 13
MM, 18, 28, 12
MM, 414, 609, 13
MM, 29, 1, 12
MM, 32, 6, 13
MM, 36, 16, 12
MM, 39, 22, 13
MM, 42, 26, 12
MM, 43, 28, 13
MM, 44, 29, 12
MM, 45, 30, 13
MM, 47, 30, 13
MM, 438, 644, 12
MM, 439, 645, 12
MM, 440, 645, 25
MM, 440, 644, 388
MM, 50, 29, 12
MM, 50, 26, 12
MM, 50, 24, 13
MM, 50, 22, 12
MM, 50, 21, 13
MM, 50, 20, 12
MM, 50, 19, 13
MM, 50, 18, 12
MM, 50, 17, 13
MM, 49, 16, 12
MM, 49, 15, 25
MM, 49, 14, 50
MC, 1, 262
MM, 52, 11, 75
MM, 61, 2, 13
MM, 4, 18, 12
MM, 23, 3, 12
MM, 506, 572, 13
MM, 510, 569, 13
MM, 3, 25, 12
MM, 9, 17, 13
MM, 11, 12, 12
MM, 15, 7, 13
MM, 17, 4, 12
MM, 18, 2, 12
MM, 20, 1, 12
MM, 20, 0, 13
MM, 531, 538, 13
MM, 531, 537, 13
MM, 530, 536, 199
MM, 528, 534, 13
MM, 2, 30, 12
MM, 0, 27, 13
MM, 520, 528, 12
MM, 518, 526, 13
MM, 34, 23, 12
MM, 33, 22, 13
MM, 32, 22, 12
MM, 31, 21, 13
MM, 30, 20, 12
MM, 29, 19, 25
MM, 28, 19, 25
MM, 27, 18, 13
MM, 26, 18, 75
MM, 25, 18, 75
MC, 1, 249
MM, 27, 18, 62
MM, 32, 18, 13
MM, 521, 524, 12
MM, 7, 27, 13
MM, 536, 535, 13
MM, 30, 1, 11
MM, 33, 6, 13
MM, 35, 8, 12
MM, 549, 550, 13
MM, 552, 552, 13
MM, 1, 15, 12
MM, 3, 16, 13
MM, 6, 18, 12
MM, 7, 18, 13
MM, 7, 19, 12
MM, 8, 19, 12
MM, 8, 20, 13
MM, 9, 20, 13
MM, 10, 20, 125
MM, 11, 20, 50
MM, 11, 19, 12
MC, 1, 275
MM, 10, 19, 113
MM, 6, 19, 13
MM, 0, 16, 13
MM, 23, 8, 12
MM, 503, 535, 12
MM, 5, 28, 12
MM, 479, 527, 13
MM, 36, 24, 13
MM, 31, 23, 11
MM, 24, 23, 14
MM, 14, 23, 12
MM, 9, 23, 12
MM, 5, 23, 13
MM, 2, 23, 13
MM, 437, 525, 12
MM, 433, 525, 13
MM, 31, 24, 12
MM, 29, 24, 12
MM, 28, 25, 13
MM, 26, 25, 12
MM, 25, 25, 38
MM, 24, 25, 12
MM, 23, 25, 13
MM, 22, 25, 12
MM, 21, 25, 38
MM, 21, 24, 12
MM, 21, 23, 50
MM, 21, 22, 25
MM, 21, 21, 13
MM, 21, 20, 62
MC, 1, 149
MM, 21, 21, 126
MM, 21, 23, 12
MM, 21, 30, 13
MM, 34, 3, 12
MM, 424, 558, 13
MM, 430, 582, 12
MM, 0, 20, 12
MM, 3, 26, 12
MM, 439, 607, 14
MM, 442, 610, 12
MM, 52, 0, 13
MM, 53, 2, 12
MM, 54, 3, 12
MM, 54, 4, 12
MM, 54, 5, 39
MM, 55, 6, 12
MM, 56, 7, 25
MM, 56, 8, 13
MM, 56, 9, 12
MM, 56, 10, 25
MM, 57, 10, 12
MM, 57, 11, 13
MM, 57, 12, 50
MM, 57, 13, 25
MM, 57, 14, 24
MC, 1, 287
MM, 57, 13, 100
MM, 53, 10, 13
MM, 48, 4, 12
MM, 433, 610, 14
MM, 429, 605, 11
MM, 34, 24, 13
MM, 33, 22, 13
MM, 31, 19, 12
MM, 30, 17, 12
MM, 29, 15, 13
MM, 27, 12, 12
MM, 26, 10, 13
MM, 25, 7, 12
MM, 24, 4, 12
MM, 22, 2, 13
MM, 21, 0, 13
MM, 409, 573, 12
MM, 408, 572, 13
MM, 406, 570, 12
MM, 21, 30, 12
MM, 20, 30, 13
MM, 20, 29, 38
MC, 1, 399
MM, 20, 28, 50
MM, 23, 28, 25
MM, 30, 27, 13
MM, 8, 23, 12
MM, 31, 20, 13
MM, 1, 18, 12
MM, 12, 17, 13
MM, 24, 16, 12
MM, 32, 16, 13
MM, 507, 555, 12
MM, 510, 555, 12
MM, 2, 16, 13
MM, 5, 16, 12
MM, 9, 16, 13
MM, 15, 15, 12
MM, 20, 14, 13
MM, 24, 13, 12
MM, 27, 13, 12
MM, 28, 12, 13
MM, 29, 12, 13
MM, 31, 12, 12
MM, 32, 12, 12
MM, 32, 11, 12
MM, 33, 11, 13
MM, 34, 11, 25
MM, 34, 10, 13
MM, 35, 10, 12
MM, 36, 10, 13
MM, 549, 548, 12
MM, 552, 547, 13
MM, 3, 7, 12
MM, 6, 7, 13
MM, 9, 7, 12
MM, 12, 7, 13
MM, 14, 7, 13
MM, 17, 7, 12
MM, 20, 7, 12
MM, 22, 7, 13
MM, 23, 9, 13
MM, 24, 10, 12
MM, 25, 10, 25
MM, 25, 11, 25
MM, 26, 11, 12
MC, 1, 237
MM, 27, 11, 164
MM, 29, 11, 12
MM, 33, 11, 12
MM, 1, 10, 13
MM, 24, 6, 13
MM, 8, 2, 12
MM, 16, 0, 12
MM, 659, 537, 13
MM, 663, 535, 12
MM, 24, 30, 13
MM, 29, 27, 13
MM, 32, 26, 12
MM, 34, 24, 12
MM, 35, 23, 13
MM, 36, 23, 12
MM, 681, 524, 13
MM, 682, 523, 37
MM, 36, 21, 163
MM, 33, 20, 12
MM, 31, 20, 13
MM, 28, 18, 13
MM, 27, 18, 12
MM, 25, 18, 12
MM, 24, 18, 12
MM, 23, 17, 13
MM, 22, 17, 50
MC, 1, 275
MM, 20, 17, 138
MM, 15, 17, 13
MM, 5, 17, 12
MM, 20, 17, 12
MM, 17, 15, 13
MM, 559, 517, 12
MM, 6, 15, 13
MM, 31, 15, 13
MM, 21, 15, 12
MM, 13, 15, 12
MM, 4, 16, 12
MM, 479, 519, 14
MM, 35, 19, 12
MM, 32, 20, 12
MM, 30, 21, 12
MM, 27, 22, 13
MM, 24, 23, 13
MM, 18, 23, 12
MM, 10, 25, 13
MM, 1, 26, 12
MM, 433, 528, 13
MM, 29, 28, 12
MM, 22, 28, 13
MM, 15, 29, 11
MM, 10, 29, 13
MM, 8, 29, 13
MM, 5, 29, 13
MM, 4, 29, 12
MM, 3, 29, 25
MM, 2, 29, 12
MM, 1, 29, 238
MM, 395, 529, 12
MM, 391, 527, 12
MM, 35, 21, 14
MM, 29, 17, 12
MM, 26, 13, 12
MM, 23, 12, 13
MM, 21, 11, 12
MM, 20, 10, 13
MM, 20, 9, 12
MM, 19, 9, 13
MM, 19, 8, 12
MM, 19, 7, 38
MC, 1, 162
MM, 19, 8, 101
MM, 21, 11, 13
MM, 24, 18, 12
MM, 383, 536, 12
MM, 6, 12, 13
MM, 13, 22, 12
MM, 404, 570, 13
MM, 20, 4, 13
MM, 26, 14, 12
MM, 29, 20, 12
MM, 32, 24, 13
MM, 35, 29, 12
MM, 430, 611, 13
MM, 47, 11, 12
MM, 55, 22, 12
MM, 60, 28, 13
MM, 453, 644, 13
MM, 455, 645, 12
MM, 456, 647, 12
MM, 457, 647, 13
MM, 458, 648, 38
MM, 458, 647, 224
MM, 458, 644, 12
MM, 68, 29, 13
MM, 68, 27, 12
MM, 68, 26, 13
MM, 68, 25, 13
MM, 68, 24, 25
MC, 1, 299
MM, 68, 23, 112
MM, 68, 22, 26
MM, 68, 21, 24
MM, 68, 19, 26
MM, 68, 18, 12
MM, 68, 15, 13
MM, 68, 11, 11
MM, 69, 5, 13
MM, 69, 1, 14
MM, 459, 612, 12
MM, 459, 611, 13
MM, 459, 610, 24
MM, 459, 609, 37
MM, 459, 608, 37
MM, 459, 607, 37
MM, 24, 29, 26
MM, 22, 28, 13
MM, 21, 25, 12
MM, 20, 23, 13
MM, 18, 19, 12
MM, 18, 18, 12
MM, 18, 17, 13
MM, 17, 17, 12
MM, 17, 16, 13
MC, 1, 250
MM, 16, 14, 75
MM, 14, 13, 13
MM, 13, 11, 12
MM, 11, 8, 12
MM, 8, 2, 13
MM, 438, 572, 13
MM, 9, 27, 12
MM, 8, 22, 12
MM, 7, 18, 12
MM, 5, 15, 13
MM, 4, 12, 13
MM, 2, 10, 13
MM, 1, 9, 12
MM, 0, 8, 12
MM, 426, 546, 13
MM, 426, 545, 12
MM, 425, 544, 13
MM, 425, 543, 13
MM, 424, 542, 11
MM, 424, 541, 26
MM, 424, 540, 12
MM, 423, 539, 25
MM, 423, 538, 112
MM, 422, 538, 50
MM, 422, 536, 13
MM, 421, 536, 13
MM, 420, 535, 12
MM, 420, 534, 12
MM, 419, 533, 13
MM, 22, 29, 12
MM, 22, 28, 26
MM, 21, 28, 11
MM, 21, 27, 13
MM, 21, 26, 51
MC, 1, 285
MM, 22, 25, 89
MM, 25, 25, 12
MM, 29, 25, 13
MM, 35, 24, 12
MM, 0, 22, 12
MM, 4, 21, 13
MM, 6, 20, 12
MM, 8, 20, 12
MM, 9, 20, 26
MC, 1, 301
MM, 10, 20, 12
MM, 11, 20, 38
MM, 12, 19, 12
MM, 13, 19, 13
MM, 16, 19, 12
MM, 20, 18, 13
MM, 27, 18, 12
MM, 36, 18, 12
MM, 4, 18, 13
MM, 13, 18, 12
MM, 20, 18, 13
MM, 28, 18, 13
MM, 33, 18, 12
MM, 0, 18, 12
MM, 6, 18, 13
MM, 12, 18, 12
MM, 18, 18, 12
MM, 21, 18, 13
MM, 25, 18, 13
MM, 27, 18, 12
MM, 29, 18, 12
MM, 31, 18, 13
MM, 32, 18, 12
MM, 34, 18, 13
MC, 1, 475
MM, 33, 19, 126
MM, 31, 22, 12
MM, 28, 30, 12
MM, 33, 4, 13
MM, 26, 18, 12
MM, 534, 571, 12
MM, 12, 6, 13
MM, 10, 14, 13
MM, 9, 18, 12
MM, 7, 23, 13
MM, 6, 27, 13
MM, 522, 609, 12
MM, 131, 0, 12
MM, 130, 3, 13
MM, 130, 5, 12
MM, 129, 6, 13
MM, 129, 7, 13
MM, 129, 8, 12
MM, 129, 9, 25
MM, 128, 10, 12
MM, 128, 11, 37
MM, 128, 12, 26
MM, 128, 13, 25
MM, 128, 14, 24
MM, 127, 14, 75
MM, 127, 15, 25
MM, 127, 16, 75
MC, 1, 200
MM, 128, 15, 150
MM, 130, 14, 13
MM, 132, 13, 12
MM, 135, 10, 12
MM, 139, 8, 13
MM, 144, 5, 12
MM, 148, 1, 13
MM, 542, 611, 12
MM, 544, 608, 13
MM, 29, 30, 12
MM, 29, 29, 13
MM, 31, 27, 12
MM, 32, 26, 25
MM, 33, 26, 13
MM, 33, 25, 12
MM, 33, 24, 12
MM, 34, 24, 13
MM, 35, 23, 25
MM, 36, 22, 37
MM, 554, 598, 13
MM, 555, 597, 25
MM, 556, 596, 12
MM, 557, 596, 12
MM, 558, 595, 13
MM, 0, 19, 13
MM, 1, 18, 12
MM, 3, 18, 13
MM, 6, 17, 13
MM, 7, 16, 11
MM, 8, 16, 13
MM, 10, 14, 13
MM, 11, 14, 12
MM, 12, 13, 25
MC, 1, 262
MM, 12, 12, 12
MM, 12, 11, 62
MM, 12, 9, 25
MM, 12, 7, 13
MM, 12, 5, 12
MM, 12, 0, 13
MM, 20, 28, 12
MM, 20, 16, 12
MM, 20, 8, 13
MM, 20, 4, 13
MM, 574, 537, 12
MM, 574, 533, 12
MM, 10, 29, 14
MM, 10, 28, 12
MM, 10, 27, 25
MC, 1, 499
MM, 9, 27, 214
MM, 5, 27, 12
MM, 561, 532, 13
MM, 550, 542, 12
MM, 30, 11, 13
MM, 24, 17, 12
MM, 17, 21, 13
MM, 8, 25, 13
MM, 2, 28, 12
MM, 509, 570, 13
MM, 505, 571, 12
MM, 504, 573, 15
MM, 502, 573, 9
MM, 501, 574, 12
MM, 25, 0, 14
MM, 24, 0, 12
MM, 22, 2, 13
MM, 19, 5, 12
MM, 14, 8, 15
MM, 9, 12, 10
MM, 3, 15, 13
MM, 474, 593, 12
MM, 471, 595, 12
MM, 469, 595, 13
MM, 32, 21, 13
MM, 30, 22, 12
MM, 27, 23, 12
MM, 24, 23, 13
MM, 21, 24, 12
MM, 18, 24, 13
MM, 16, 24, 12
MM, 15, 24, 13
MM, 14, 24, 12
MM, 12, 24, 13
MM, 11, 24, 12
MM, 9, 24, 26
MM, 8, 24, 24
MM, 6, 24, 14
MM, 5, 24, 11
MM, 2, 23, 12
MM, 431, 598, 13
MM, 36, 21, 12
MM, 33, 20, 13
MM, 31, 20, 13
MM, 30, 19, 12
MM, 29, 19, 12
MM, 28, 18, 13
MM, 27, 18, 12
MC, 1, 326
MM, 27, 17, 62
MM, 30, 16, 50
MM, 428, 590, 12
MM, 5, 11, 13
MM, 17, 6, 13
MM, 29, 4, 11
MM, 4, 0, 13
MM, 489, 574, 12
MM, 498, 572, 12
MM, 503, 571, 13
MM, 510, 569, 13
MM, 8, 29, 12
MM, 13, 28, 13
MM, 17, 27, 12
MM, 21, 27, 13
MM, 24, 25, 12
MM, 26, 23, 12
MM, 29, 22, 13
MM, 32, 20, 12
MM, 35, 19, 13
MM, 548, 556, 13
MM, 551, 554, 12
MM, 553, 553, 13
MM, 1, 13, 12
MM, 2, 12, 13
MM, 3, 11, 12
MM, 4, 11, 13
MM, 5, 11, 12
MM, 5, 10, 13
MM, 6, 10, 12
MM, 7, 10, 25
MM, 8, 10, 38
MM, 9, 10, 12
MM, 10, 10, 25
MM, 11, 10, 37
MM, 12, 10, 27
MM, 13, 10, 11
MM, 14, 10, 12
MC, 1, 263
MM, 14, 11, 288
MM, 13, 13, 12
MM, 13, 15, 13
MM, 12, 18, 12
MM, 10, 23, 12
MM, 8, 29, 13
MM, 0, 4, 12
MM, 559, 593, 13
MM, 558, 600, 12
MM, 557, 606, 13
MM, 557, 610, 12
MM, 557, 613, 13
MM, 557, 619, 12
MM, 557, 624, 12
MM, 557, 628, 13
MM, 557, 632, 13
MM, 557, 634, 12
MM, 558, 634, 12
MM, 558, 636, 12
MM, 559, 637, 39
MM, 560, 637, 1137
MM, 560, 638, 12
MM, 561, 639, 23
MM, 562, 640, 1
MM, 563, 642, 13
MM, 564, 644, 13
MM, 566, 646, 12
MM, 566, 647, 13
MM, 567, 648, 12
MM, 567, 649, 25
MM, 568, 649, 1014
MM, 569, 649, 13
MM, 572, 649, 11
MM, 574, 649, 13
MM, 577, 649, 12
MM, 579, 649, 13
MM, 581, 649, 13
MM, 582, 649, 13
MM, 584, 649, 12
MM, 585, 649, 25
MM, 586, 649, 12
MM, 586, 650, 13
MM, 587, 650, 25
MM, 588, 650, 37
MM, 589, 650, 100
MM, 590, 650, 25
MM, 590, 649, 12
MM, 591, 648, 13
MM, 592, 647, 12
MM, 593, 643, 13
MM, 595, 636, 12
MM, 595, 631, 13
MM, 597, 626, 12
MM, 597, 624, 12
MM, 598, 623, 13
MM, 599, 621, 16
MM, 599, 620, 9
MM, 601, 619, 13
MM, 603, 618, 12
MM, 607, 617, 12
MM, 615, 615, 13
MM, 621, 615, 12
MM, 624, 615, 13
MM, 625, 615, 250
MM, 627, 614, 12
MM, 631, 614, 12
MM, 634, 612, 14
MM, 638, 611, 11
MM, 641, 609, 13
MM, 643, 609, 13
MM, 644, 609, 25
MM, 645, 609, 13
MM, 645, 608, 11
MM, 646, 607, 312
MM, 6, 30, 25
MM, 6, 29, 26
MM, 7, 28, 12
MM, 7, 27, 13
MM, 7, 26, 12
MM, 7, 25, 25
MM, 8, 24, 13
MM, 8, 23, 12
MM, 8, 22, 38
MC, 1, 237
MM, 7, 22, 137
MM, 2, 22, 13
MM, 30, 22, 12
MM, 11, 24, 12
MM, 598, 603, 13
MM, 22, 27, 13
MM, 12, 28, 12
MM, 6, 29, 12
MM, 3, 29, 13
MM, 0, 29, 12
MM, 557, 605, 13
MM, 556, 605, 12
MM, 555, 605, 226
MM, 36, 27, 12
MM, 28, 21, 13
MM, 14, 5, 12
MM, 7, 29, 13
MM, 0, 21, 12
MM, 509, 555, 13
MM, 508, 551, 12
MM, 506, 546, 12
MM, 506, 542, 13
MM, 505, 539, 12
MM, 505, 538, 13
MM, 505, 536, 13
MM, 505, 535, 12
MM, 505, 534, 24
MM, 507, 534, 201
MM, 511, 534, 12
MM, 523, 534, 13
MM, 548, 533, 13
MM, 9, 29, 12
MM, 20, 27, 13
MM, 28, 27, 12
MM, 34, 27, 13
MM, 606, 528, 12
MM, 2, 26, 12
MM, 5, 26, 13
MM, 6, 26, 12
MM, 7, 26, 25
MM, 8, 26, 13
MM, 8, 25, 37
MM, 9, 25, 189
MM, 8, 24, 211
MM, 5, 24, 12
MM, 2, 26, 13
MM, 602, 531, 12
MM, 596, 534, 13
MM, 590, 538, 12
MM, 31, 1, 13
MM, 25, 8, 12
MM, 18, 13, 12
MM, 12, 19, 13
MM, 7, 22, 13
MM, 4, 25, 12
MM, 2, 28, 12
MM, 0, 29, 13
MM, 552, 570, 12
MM, 549, 574, 13
MM, 28, 4, 12
MM, 21, 13, 13
MM, 16, 19, 12
MM, 11, 24, 13
MM, 10, 27, 12
MM, 7, 29, 13
MM, 523, 607, 12
MM, 521, 611, 12
MM, 521, 612, 13
MM, 130, 0, 13
MM, 129, 2, 12
MM, 129, 3, 25
MM, 128, 3, 12
MM, 128, 4, 401
MM, 127, 5, 25
MM, 127, 7, 12
MM, 127, 8, 13
MM, 127, 9, 12
MM, 126, 11, 13
MM, 125, 12, 12
MM, 125, 13, 12
MM, 125, 14, 14
MM, 125, 15, 36
MC, 1, 237
MM, 124, 15, 101
MM, 123, 15, 13
MM, 118, 15, 12
MM, 108, 13, 13
MM, 86, 3, 12
MM, 7, 20, 12
MM, 32, 10, 13
MM, 24, 6, 12
MM, 19, 3, 13
MM, 17, 2, 12
MM, 15, 1, 13
MM, 14, 0, 12
MM, 13, 0, 13
MM, 404, 575, 12
MM, 404, 574, 13
MM, 403, 574, 12
MM, 403, 573, 13
MM, 403, 572, 37
MM, 402, 572, 25
MM, 402, 571, 12
MM, 401, 570, 13
MM, 16, 30, 12
MM, 16, 28, 12
MM, 15, 26, 13
MM, 15, 25, 13
MM, 14, 23, 11
MM, 14, 22, 26
MM, 14, 21, 25
MM, 14, 20, 12
MM, 14, 19, 38
MC, 1, 199
MM, 11, 19, 187
MM, 9, 19, 13
MM, 4, 19, 13
MM, 384, 558, 12
MM, 379, 558, 12
MM, 31, 19, 13
MM, 29, 19, 12
MM, 28, 19, 14
MM, 27, 19, 12
MM, 26, 19, 13
MM, 25, 19, 25
MM, 24, 19, 12
MM, 23, 19, 12
MM, 22, 19, 13
MM, 21, 19, 12
MM, 20, 19, 38
MM, 20, 13, 250
MM, 20, 11, 12
MM, 20, 8, 12
MM, 20, 4, 13
MM, 20, 0, 12
MM, 364, 535, 13
MM, 12, 28, 12
MM, 12, 25, 12
MM, 12, 22, 13
MM, 12, 19, 12
MM, 13, 16, 12
MM, 13, 15, 14
MM, 13, 14, 12
MM, 14, 13, 12
MM, 14, 12, 25
MC, 1, 276
MM, 15, 12, 37
MM, 16, 12, 13
MM, 19, 17, 12
MM, 378, 533, 12
MM, 7, 16, 13
MM, 17, 8, 12
MM, 428, 611, 13
MM, 44, 7, 12
MM, 48, 13, 13
MM, 52, 19, 12
MM, 55, 24, 12
MM, 56, 29, 13
MM, 448, 648, 12
MM, 451, 652, 13
MM, 452, 654, 12
MM, 453, 656, 25
MM, 453, 657, 25
MM, 453, 654, 288
MM, 453, 650, 12
MM, 453, 644, 12
MM, 61, 25, 13
MM, 60, 22, 12
MM, 59, 19, 13
MM, 58, 17, 13
MM, 58, 16, 11
MM, 58, 15, 26
MM, 58, 14, 12
MC, 1, 262
MM, 57, 13, 63
MM, 57, 11, 12
MM, 54, 6, 13
MM, 441, 612, 13
MM, 430, 595, 12
MM, 420, 572, 12
MM, 28, 18, 13
MM, 26, 11, 12
MM, 25, 6, 13
MM, 24, 2, 12
MM, 409, 538, 12
MM, 408, 534, 13
MM, 11, 30, 13
MM, 11, 28, 12
MM, 11, 27, 13
MM, 10, 27, 87
MC, 1, 364
MM, 11, 27, 125
MM, 11, 29, 12
MM, 411, 533, 12
MM, 413, 537, 13
MM, 32, 2, 12
MM, 422, 549, 13
MM, 1, 21, 13
MM, 432, 570, 12
MM, 1, 0, 12
MM, 4, 3, 13
MM, 6, 6, 12
MM, 8, 9, 13
MM, 10, 10, 13
MM, 11, 11, 12
MM, 14, 12, 12
MM, 16, 14, 13
MM, 17, 15, 12
MM, 18, 15, 13
MM, 19, 15, 49
MC, 1, 275
MM, 17, 15, 88
MM, 15, 15, 13
MM, 11, 11, 13
MM, 2, 3, 12
MM, 425, 566, 12
MM, 30, 17, 13
MM, 22, 9, 12
MM, 18, 4, 13
MM, 15, 2, 12
MM, 14, 0, 12
MM, 397, 538, 13
MM, 397, 537, 12
MM, 396, 536, 26
MM, 395, 536, 12
MM, 395, 535, 25
MM, 394, 535, 75
MM, 394, 534, 12
MM, 393, 534, 50
MM, 393, 533, 12
MM, 391, 533, 13
MM, 38, 30, 26
MM, 35, 30, 11
MM, 33, 29, 13
MM, 32, 27, 13
MM, 30, 27, 12
MM, 28, 26, 13
MM, 28, 25, 13
MM, 27, 25, 11
MM, 26, 24, 13
MM, 25, 24, 25
MM, 25, 23, 12
MM, 24, 23, 38
MM, 26, 22, 2225
MM, 27, 22, 13
MM, 29, 22, 20
MM, 30, 22, 5
MM, 33, 22, 12
MM, 35, 22, 13
MM, 36, 22, 12
MM, 37, 22, 12
MM, 38, 22, 13
MM, 391, 524, 13
MM, 392, 524, 24
MM, 393, 524, 25
MM, 394, 524, 25
MM, 396, 524, 25
MM, 1, 22, 13
MM, 3, 22, 12
MM, 5, 22, 12
MM, 7, 22, 13
MM, 8, 22, 12
MM, 9, 22, 13
MM, 10, 22, 12
MM, 11, 22, 12
MM, 12, 22, 38
MM, 13, 22, 37
MC, 1, 726
MM, 14, 22, 12
MM, 15, 22, 13
MM, 17, 23, 12
MM, 20, 24, 13
MM, 426, 533, 12
MM, 432, 538, 13
MM, 12, 5, 12
MM, 16, 8, 12
MM, 19, 12, 13
MM, 22, 14, 13
MM, 24, 17, 12
MM, 26, 21, 12
MM, 28, 24, 13
MM, 30, 29, 12
MM, 459, 570, 13
MM, 460, 572, 12
MM, 462, 574, 13
MM, 29, 0, 12
MM, 30, 0, 13
MM, 31, 2, 12
MM, 32, 2, 13
MM, 32, 3, 13
MM, 32, 4, 49
MM, 33, 4, 63
MM, 34, 4, 25
MM, 469, 580, 12
MM, 471, 580, 12
MM, 474, 580, 13
MM, 4, 4, 13
MM, 12, 6, 12
MM, 20, 7, 13
MM, 27, 7, 12
MM, 33, 9, 13
MM, 513, 586, 12
MM, 4, 12, 13
MM, 15, 15, 12
MM, 23, 18, 13
MM, 27, 20, 12
MM, 28, 22, 12
MM, 30, 22, 13
MC, 1, 312
MM, 29, 22, 226
MM, 28, 23, 24
MM, 27, 23, 12
MM, 25, 25, 14
MM, 23, 27, 12
MM, 535, 608, 13
MM, 138, 1, 12
MM, 134, 6, 15
MM, 131, 9, 10
MM, 129, 11, 13
MM, 128, 12, 12
MM, 126, 14, 13
MM, 125, 15, 12
MM, 124, 17, 12
MM, 123, 18, 13
MM, 123, 19, 12
MM, 122, 19, 13
MM, 122, 20, 12
MM, 121, 20, 388
MM, 121, 21, 62
MC, 1, 249
MM, 120, 21, 1524
MM, 119, 21, 12
MM, 118, 21, 1851
MM, 116, 20, 13
MM, 113, 19, 12
MM, 109, 16, 13
MM, 102, 10, 12
MM, 94, 1, 13
MM, 476, 607, 12
MM, 470, 601, 13
MM, 30, 20, 12
MM, 27, 17, 13
MM, 25, 15, 11
MM, 24, 14, 13
MM, 22, 13, 14
MM, 22, 11, 11
MM, 21, 11, 13
MM, 20, 10, 13
MM, 20, 8, 11
MM, 20, 6, 13
MM, 19, 6, 188
MM, 16, 4, 13
MM, 13, 1, 12
MM, 442, 572, 12
MM, 6, 23, 13
MM, 424, 550, 12
MM, 34, 5, 12
MM, 31, 1, 13
MM, 414, 538, 13
MM, 413, 537, 12
MM, 412, 536, 12
MM, 411, 536, 13
MM, 410, 535, 13
MM, 409, 534, 12
MM, 408, 534, 12
MM, 407, 533, 13
MM, 406, 533, 25
MM, 9, 30, 25
MM, 8, 30, 24
MM, 7, 29, 13
MM, 6, 29, 37
MM, 5, 28, 13
MM, 4, 28, 12
MM, 3, 28, 13
MM, 1, 28, 12
MM, 396, 529, 13
MM, 395, 528, 12
MM, 392, 527, 13
MM, 37, 24, 12
MM, 35, 22, 13
MM, 32, 22, 12
MM, 31, 22, 13
MM, 29, 21, 12
MM, 28, 21, 13
MM, 28, 20, 12
MM, 27, 20, 13
MM, 26, 20, 12
MM, 26, 19, 25
MC, 1, 188
MM, 28, 19, 100
MM, 32, 19, 12
MM, 391, 521, 13
MM, 6, 19, 12
MM, 24, 19, 13
MM, 436, 521, 12
MM, 6, 19, 12
MM, 13, 21, 13
MM, 20, 25, 12
MM, 28, 29, 14
MM, 474, 534, 12
MM, 478, 537, 12
MM, 13, 1, 12
MM, 15, 1, 13
MM, 17, 3, 12
MM, 19, 4, 13
MM, 20, 4, 12
MM, 22, 5, 12
MM, 23, 6, 14
MM, 24, 6, 12
MM, 25, 6, 12
MM, 27, 7, 13
MM, 29, 7, 13
MM, 32, 8, 12
MM, 505, 548, 12
MM, 508, 548, 13
MM, 0, 10, 12
MM, 3, 10, 13
MM, 7, 11, 12
MM, 11, 11, 13
MM, 16, 11, 12
MM, 23, 11, 13
MM, 28, 11, 12
MM, 31, 11, 13
MM, 34, 11, 12
MM, 36, 12, 12
MM, 548, 551, 13
MM, 549, 551, 13
MM, 550, 551, 37
MM, 551, 551, 87
MM, 553, 552, 50
MM, 0, 14, 12
MM, 1, 14, 14
MM, 4, 16, 12
MM, 5, 16, 13
MM, 6, 17, 11
MM, 9, 18, 13
MM, 10, 18, 25
MM, 10, 19, 13
MM, 11, 19, 38
MM, 10, 20, 425
MM, 7, 20, 12
MM, 3, 20, 13
MM, 35, 16, 12
MM, 18, 7, 12
MM, 23, 28, 13
MM, 11, 20, 13
MM, 3, 15, 12
MM, 479, 513, 12
MM, 35, 7, 13
MM, 28, 4, 12
MM, 23, 1, 13
MM, 20, 0, 12
MM, 457, 501, 12
MM, 454, 500, 13
MM, 452, 499, 12
MM, 449, 499, 13
MM, 446, 499, 13
MM, 442, 499, 11
MM, 436, 499, 12
MM, 432, 499, 14
MM, 429, 499, 12
MM, 426, 499, 12
MM, 425, 499, 25
MM, 424, 499, 13
MM, 423, 499, 37
MM, 422, 499, 25
MM, 421, 499, 25
MM, 421, 501, 13
MM, 420, 501, 12
MM, 22, 0, 13
MM, 22, 1, 25
MM, 22, 2, 12
MM, 21, 3, 25
MM, 21, 4, 38
MM, 20, 4, 12
MM, 20, 5, 12
MM, 20, 6, 13
MM, 20, 7, 25
MM, 20, 8, 25
MM, 20, 9, 37
MC, 1, 187
MM, 23, 9, 88
MM, 31, 9, 12
MM, 5, 10, 13
MM, 19, 14, 12
MM, 30, 17, 13
MM, 478, 523, 12
MM, 9, 26, 13
MM, 17, 30, 11
MM, 505, 536, 14
MM, 509, 541, 13
MM, 2, 9, 12
MM, 7, 15, 12
MM, 11, 19, 13
MM, 13, 22, 12
MM, 17, 25, 13
MM, 18, 25, 12
MM, 20, 27, 13
MM, 21, 28, 12
MM, 22, 28, 13
MM, 23, 28, 49
MM, 23, 29, 75
MM, 24, 29, 25
MM, 25, 30, 12
MM, 26, 30, 25
MM, 537, 570, 12
MM, 538, 571, 13
MM, 539, 571, 50
MM, 539, 572, 50
MM, 539, 573, 25
MM, 539, 575, 12
MM, 21, 1, 26
MM, 20, 1, 12
MM, 20, 2, 12
MM, 19, 3, 13
MM, 19, 4, 12
MM, 18, 4, 12
MM, 18, 5, 13
MM, 18, 6, 76
MM, 17, 6, 12
MC, 1, 275
MM, 17, 7, 62
MM, 16, 7, 12
MM, 15, 8, 13
MM, 14, 9, 12
MM, 10, 11, 13
MM, 6, 18, 13
MM, 1, 24, 12
MM, 514, 607, 13
MM, 512, 610, 12
MM, 509, 612, 12
MM, 119, 0, 13
MM, 117, 1, 12
MM, 117, 2, 13
MM, 115, 3, 12
MM, 115, 4, 13
MM, 115, 5, 12
MM, 114, 5, 12
MM, 113, 6, 14
MM, 112, 7, 11
MM, 110, 11, 13
MM, 108, 14, 13
MM, 106, 20, 12
MM, 104, 23, 12
MM, 104, 25, 13
MM, 103, 26, 12
MC, 1, 350
MM, 103, 25, 136
MM, 103, 23, 13
MM, 105, 19, 14
MM, 108, 10, 12
MM, 110, 1, 12
MM, 28, 22, 13
MM, 31, 9, 12
MM, 32, 1, 13
MM, 507, 571, 12
MM, 507, 567, 15
MM, 507, 563, 14
MM, 507, 556, 8
MM, 507, 551, 13
MM, 507, 546, 12
MM, 507, 544, 13
MM, 507, 542, 13
MM, 507, 540, 12
MM, 507, 539, 12
MM, 507, 536, 13
MM, 506, 536, 13
MM, 506, 535, 12
MM, 505, 534, 12
MM, 505, 533, 13
MM, 23, 29, 12
MM, 22, 26, 12
MM, 22, 23, 13
MM, 21, 21, 13
MM, 21, 20, 12
MM, 20, 18, 12
MM, 20, 16, 13
MM, 20, 15, 25
MM, 20, 14, 12
MC, 1, 275
MM, 21, 15, 50
MM, 24, 18, 12
MM, 29, 24, 12
MM, 517, 532, 13
MM, 522, 537, 13
MM, 16, 2, 12
MM, 22, 6, 12
MM, 28, 8, 13
MM, 32, 11, 13
MM, 35, 11, 12
MM, 548, 551, 13
MM, 549, 553, 11
MM, 551, 553, 13
MM, 552, 554, 39
MM, 553, 554, 111
MM, 0, 15, 62
MM, 1, 15, 26
MM, 2, 15, 75
MM, 3, 15, 25
MM, 4, 15, 37
MC, 1, 337
MM, 1, 15, 75
MM, 552, 554, 13
MM, 36, 15, 12
MM, 22, 13, 12
MM, 9, 11, 13
MM, 510, 547, 12
MM, 31, 5, 13
MM, 21, 2, 13
MM, 480, 537, 11
MM, 473, 533, 14
MM, 30, 30, 12
MM, 27, 28, 12
MM, 25, 27, 12
MM, 23, 27, 13
MM, 21, 26, 12
MM, 20, 26, 14
MM, 18, 26, 12
MM, 16, 26, 12
MM, 13, 26, 12
MM, 10, 26, 13
MM, 7, 26, 13
MM, 5, 26, 12
MM, 3, 26, 13
MM, 1, 26, 12
MM, 0, 26, 13
MM, 438, 528, 12
MM, 437, 528, 13
MM, 435, 528, 12
MM, 434, 527, 13
MM, 35, 25, 12
MM, 33, 25, 12
MM, 31, 25, 13
MM, 30, 24, 12
MM, 29, 24, 13
MM, 28, 23, 13
MM, 27, 23, 12
MM, 27, 22, 12
MM, 26, 22, 13
MM, 26, 21, 25
MM, 26, 20, 37
MC, 1, 212
MM, 27, 20, 12
MM, 30, 19, 14
MM, 33, 19, 12
MM, 434, 521, 12
MM, 438, 521, 12
MM, 1, 19, 12
MM, 4, 18, 14
MM, 7, 18, 12
MM, 9, 18, 13
MM, 11, 18, 12
MM, 13, 18, 13
MM, 15, 18, 12
MM, 17, 18, 12
MM, 18, 18, 25
MC, 1, 276
MM, 16, 18, 24
MM, 13, 18, 13
MM, 9, 18, 12
MM, 3, 18, 12
MM, 434, 519, 13
MM, 30, 17, 13
MM, 27, 17, 12
MM, 25, 17, 13
MM, 24, 17, 12
MM, 23, 17, 13
MM, 22, 17, 25
MC, 1, 248
MM, 23, 17, 52
MM, 24, 18, 11
MM, 27, 23, 13
MM, 6, 3, 13
MM, 16, 26, 12
MM, 21, 15, 13
MM, 74, 0, 12
MM, 79, 10, 12
MM, 86, 18, 13
MM, 92, 25, 13
MM, 487, 647, 12
MM, 490, 653, 13
MM, 494, 658, 28
MM, 494, 660, 9
MM, 495, 660, 13
MM, 495, 661, 37
MM, 495, 660, 199
MM, 495, 657, 13
MM, 495, 655, 13
MM, 495, 652, 12
MM, 495, 649, 13
MM, 495, 648, 11
MM, 495, 645, 13
MM, 495, 644, 12
MM, 105, 30, 39
MM, 105, 29, 161
MC, 1, 176
MM, 106, 29, 38
MM, 107, 29, 12
MM, 109, 27, 14
MM, 112, 25, 11
MM, 118, 20, 13
MM, 130, 9, 12
MM, 139, 2, 12
MM, 537, 608, 13
MM, 28, 27, 12
MM, 35, 19, 13
MM, 559, 588, 12
MM, 5, 6, 13
MM, 9, 1, 12
MM, 571, 573, 12
MM, 575, 570, 13
MM, 23, 29, 13
MM, 25, 28, 12
MM, 28, 26, 12
MM, 31, 25, 13
MM, 33, 23, 13
MM, 36, 21, 12
MM, 592, 557, 13
MM, 594, 555, 12
MM, 596, 554, 12
MM, 596, 552, 13
MM, 1, 12, 12
MM, 2, 10, 12
MM, 4, 9, 13
MM, 5, 8, 13
MM, 6, 7, 12
MM, 8, 6, 12
MM, 9, 5, 13
MM, 10, 4, 13
MM, 11, 4, 12
MM, 12, 3, 12
MM, 15, 2, 13
MM, 17, 1, 13
MM, 18, 0, 12
MM, 617, 538, 12
MM, 617, 537, 13
MM, 618, 536, 12
MM, 619, 534, 13
MM, 14, 28, 12
MM, 16, 24, 13
MM, 16, 20, 12
MM, 17, 17, 13
MM, 18, 15, 12
MM, 18, 14, 25
MM, 18, 13, 13
MC, 1, 311
MM, 14, 14, 88
MM, 3, 20, 13
MM, 580, 537, 13
MM, 29, 19, 12
MM, 504, 574, 13
MM, 11, 6, 12
MM, 2, 13, 12
MM, 469, 594, 13
MM, 24, 23, 12
MM, 15, 26, 13
MM, 11, 27, 13
MM, 9, 28, 12
MM, 6, 29, 12
MM, 5, 29, 13
MM, 3, 30, 12
MM, 2, 30, 13
MM, 433, 606, 12
MM, 431, 606, 12
MM, 36, 30, 12
MM, 31, 30, 14
MM, 27, 30, 12
MM, 20, 30, 13
MM, 15, 30, 12
MM, 9, 30, 12
MM, 3, 28, 13
MM, 390, 602, 13
MM, 386, 597, 12
MM, 33, 18, 12
MM, 33, 14, 13
MM, 32, 11, 13
MM, 31, 9, 12
MM, 31, 6, 13
MM, 30, 4, 12
MM, 30, 2, 12
MM, 30, 1, 12
MM, 380, 574, 13
MM, 381, 572, 13
MM, 382, 571, 13
MM, 0, 28, 11
MM, 2, 26, 13
MM, 4, 24, 13
MM, 5, 22, 12
MM, 6, 21, 13
MM, 7, 20, 24
MM, 7, 19, 13
MM, 8, 19, 12
MM, 9, 19, 13
MM, 10, 19, 63
MC, 1, 274
MM, 11, 19, 2037
MM, 11, 20, 113
MM, 11, 21, 12
MM, 13, 23, 13
MM, 14, 26, 13
MM, 15, 30, 12
MM, 401, 575, 13
MM, 13, 5, 11
MM, 17, 13, 13
MM, 22, 26, 12
MM, 419, 612, 14
MM, 32, 5, 12
MM, 35, 10, 12
MM, 37, 14, 13
MM, 39, 17, 12
MM, 40, 21, 13
MM, 42, 26, 13
MM, 434, 644, 12
MM, 435, 648, 12
MM, 436, 648, 276
MM, 437, 649, 24
MM, 439, 650, 13
MM, 440, 652, 12
MM, 442, 652, 13
MM, 444, 653, 12
MM, 444, 654, 13
MM, 446, 654, 11
MM, 447, 655, 26
MM, 448, 655, 50
MM, 449, 655, 38
MM, 450, 655, 75
MM, 450, 654, 12
MM, 450, 652, 13
MM, 450, 649, 11
MM, 450, 645, 13
MM, 60, 29, 13
MM, 60, 26, 12
MM, 60, 24, 13
MM, 60, 23, 12
MM, 60, 22, 38
MC, 1, 287
MM, 60, 21, 50
MM, 61, 21, 12
MM, 63, 20, 12
MM, 68, 16, 13
MM, 84, 3, 12
MM, 19, 24, 13
MM, 29, 18, 12
MM, 511, 590, 37
MM, 512, 588, 1
MM, 513, 588, 12
MM, 516, 587, 12
MM, 0, 11, 13
MM, 1, 11, 12
MM, 2, 11, 13
MM, 3, 11, 13
MM, 4, 11, 25
MM, 5, 11, 37
MM, 6, 11, 75
MM, 7, 11, 50
MC, 1, 300
MM, 8, 11, 525
MM, 10, 10, 12
MM, 12, 8, 13
MM, 14, 5, 13
MM, 19, 1, 12
MM, 33, 30, 13
MM, 2, 18, 13
MM, 8, 10, 12
MM, 12, 6, 12
MM, 14, 2, 13
MM, 16, 1, 12
MM, 17, 0, 13
MM, 572, 538, 12
MM, 573, 537, 13
MM, 573, 536, 13
MM, 573, 535, 11
MM, 573, 534, 12
MM, 10, 30, 314
MM, 13, 29, 12
MM, 16, 26, 12
MM, 21, 21, 13
MM, 26, 18, 12
MM, 28, 15, 13
MM, 30, 14, 13
MM, 32, 12, 12
MM, 33, 11, 12
MM, 34, 10, 13
MM, 35, 9, 24
MM, 35, 7, 213
MM, 602, 508, 13
MM, 606, 506, 14
MM, 6, 1, 11
MM, 621, 500, 12
MM, 627, 498, 12
MM, 630, 498, 13
MM, 632, 497, 12
MM, 634, 497, 12
MM, 635, 497, 13
MM, 636, 497, 25
MM, 637, 497, 26
MM, 638, 497, 100
MM, 639, 498, 24
MM, 641, 499, 25
MM, 642, 502, 13
MM, 0, 1, 12
MM, 2, 4, 12
MM, 4, 7, 13
MM, 6, 8, 12
MM, 6, 9, 12
MM, 7, 9, 13
MM, 8, 10, 13
MM, 9, 10, 37
MC, 1, 312
MM, 8, 11, 137
MM, 5, 12, 13
MM, 642, 518, 12
MM, 16, 27, 13
MM, 10, 1, 12
MM, 593, 548, 13
MM, 22, 17, 12
MM, 12, 23, 12
MM, 6, 27, 13
MM, 555, 570, 13
MM, 551, 574, 12
MM, 30, 4, 13
MM, 26, 8, 12
MM, 25, 10, 13
MM, 22, 13, 12
MM, 17, 16, 13
MM, 15, 18, 12
MM, 12, 20, 12
MM, 10, 22, 13
MM, 8, 24, 13
MM, 6, 26, 12
MM, 520, 607, 25
MM, 519, 608, 12
MM, 518, 610, 13
MM, 518, 611, 25
MM, 517, 611, 13
MM, 517, 612, 12
MM, 126, 0, 12
MM, 125, 1, 25
MM, 125, 2, 25
MM, 124, 2, 12
MM, 124, 4, 13
MM, 123, 4, 12
MM, 122, 5, 13
MM, 121, 7, 13
MM, 120, 7, 12
MM, 120, 8, 13
MM, 120, 9, 25
MC, 1, 224
MM, 120, 8, 125
MM, 119, 6, 25
MM, 118, 3, 12
MM, 508, 611, 13
MM, 505, 607, 13
MM, 28, 27, 12
MM, 27, 24, 12
MM, 26, 23, 13
MM, 25, 22, 12
MM, 24, 21, 26
MM, 24, 20, 100
MM, 22, 19, 186
MM, 19, 19, 14
MM, 10, 17, 12
MM, 29, 14, 12
MM, 0, 9, 12
MM, 29, 7, 13
MM, 21, 5, 13
MM, 12, 4, 13
MM, 5, 3, 11
MM, 1, 3, 13
MM, 388, 577, 13
MM, 386, 576, 12
MM, 385, 576, 12
MM, 34, 0, 13
MM, 382, 574, 237
MM, 381, 572, 13
MM, 33, 30, 13
MM, 28, 25, 11
MM, 25, 21, 13
MM, 22, 18, 13
MM, 21, 16, 12
MM, 19, 15, 13
MM, 18, 14, 24
MM, 18, 13, 27
MC, 1, 287
MM, 19, 13, 12
MM, 21, 14, 12
MM, 25, 16, 13
MM, 29, 20, 13
MM, 381, 564, 12
MM, 1, 30, 12
MM, 389, 572, 13
MM, 391, 574, 12
MM, 393, 575, 12
MM, 3, 1, 13
MM, 4, 1, 12
MM, 4, 2, 27
MM, 4, 3, 12
MM, 5, 3, 12
MM, 6, 3, 75
MM, 6, 4, 25
MM, 7, 4, 37
MM, 7, 5, 12
MM, 8, 7, 25
MM, 9, 7, 14
MM, 10, 9, 11
MM, 11, 9, 13
MM, 12, 11, 12
MM, 13, 11, 13
MM, 13, 12, 13
MM, 13, 13, 62
MC, 1, 162
MM, 14, 13, 100
MM, 16, 13, 12
MM, 21, 13, 14
MM, 32, 10, 12
MM, 12, 4, 13
MM, 19, 30, 29
MM, 505, 564, 8
MM, 19, 17, 12
MM, 34, 11, 13
MM, 2, 4, 12
MM, 572, 538, 13
MM, 581, 536, 12
MM, 585, 536, 13
MM, 588, 536, 11
MM, 590, 536, 13
MM, 593, 536, 12
MM, 595, 536, 14
MM, 596, 536, 11
MM, 597, 536, 13
MM, 598, 536, 213
MM, 601, 536, 12
MM, 606, 536, 13
MM, 20, 4, 12
MM, 30, 9, 12
MM, 633, 552, 13
MM, 1, 16, 12
MM, 4, 18, 13
MM, 6, 19, 13
MM, 9, 20, 12
MM, 12, 21, 12
MM, 14, 22, 13
MM, 15, 22, 24
MC, 1, 364
MM, 14, 22, 49
MM, 11, 22, 13
MM, 8, 22, 12
MM, 1, 19, 12
MM, 30, 16, 13
MM, 17, 15, 12
MM, 6, 14, 13
MM, 593, 552, 12
MM, 30, 11, 13
MM, 16, 10, 12
MM, 7, 9, 13
MM, 553, 548, 12
MM, 36, 9, 13
MM, 32, 10, 12
MM, 28, 11, 13
MM, 25, 11, 12
MM, 23, 11, 13
MM, 22, 11, 24
MM, 21, 11, 63
MM, 20, 11, 12
MC, 1, 275
MM, 19, 11, 99
MM, 18, 11, 13
MM, 17, 11, 13
MM, 15, 10, 12
MM, 12, 8, 12
MM, 7, 4, 13
MM, 510, 538, 12
MM, 502, 534, 12
MM, 15, 29, 13
MM, 12, 26, 13
MM, 11, 25, 12
MM, 9, 23, 13
MM, 8, 22, 24
MM, 8, 21, 26
MM, 7, 21, 13
MM, 6, 21, 12
MM, 5, 21, 12
MM, 3, 20, 25
MM, 3, 19, 13
MM, 2, 19, 12
MM, 481, 520, 13
MM, 479, 519, 12
MM, 476, 518, 13
MM, 34, 16, 13
MM, 32, 15, 12
MM, 30, 14, 12
MM, 28, 14, 12
MM, 26, 14, 12
MM, 24, 14, 27
MM, 23, 14, 23
MM, 22, 14, 26
MM, 22, 13, 49
MC, 1, 213
MM, 23, 13, 76
MM, 27, 13, 12
MM, 35, 13, 12
MM, 14, 13, 12
MM, 11, 13, 14
MM, 30, 13, 13
MM, 2, 13, 11
MM, 18, 13, 13
MM, 28, 13, 12
MM, 35, 13, 13
MM, 605, 516, 12
MM, 7, 15, 13
MM, 15, 16, 12
MM, 20, 18, 20
MM, 24, 19, 5
MM, 27, 20, 12
MM, 29, 20, 13
MM, 30, 21, 13
MM, 640, 523, 12
MM, 641, 524, 12
MM, 642, 524, 13
MM, 0, 22, 12
MM, 2, 22, 13
MM, 4, 22, 12
MM, 5, 22, 13
MM, 6, 22, 13
MM, 8, 22, 12
MM, 9, 22, 12
MM, 12, 22, 38
MM, 13, 22, 12
MM, 14, 22, 38
MC, 1, 274
MM, 13, 22, 113
MM, 10, 22, 12
MM, 5, 22, 12
MM, 639, 524, 14
MM, 20, 22, 12
MM, 7, 26, 12
MM, 605, 530, 12
MM, 601, 531, 13
MM, 35, 30, 13
MM, 597, 533, 13
MM, 596, 533, 24
MM, 595, 533, 63
MM, 594, 533, 25
MM, 28, 29, 12
MM, 27, 28, 13
MM, 24, 26, 12
MM, 22, 24, 12
MM, 19, 22, 13
MM, 18, 20, 13
MM, 16, 19, 12
MM, 16, 18, 25
MM, 15, 18, 12
MM, 15, 17, 37
MC, 1, 225
MM, 14, 17, 37
MM, 13, 18, 13
MM, 11, 22, 13
MM, 8, 28, 12
MM, 14, 1, 12
MM, 11, 9, 13
MM, 9, 12, 12
MM, 6, 17, 13
MM, 5, 22, 12
MM, 3, 27, 13
MM, 554, 572, 12
MM, 35, 3, 13
MM, 33, 7, 12
MM, 32, 8, 13
MM, 31, 9, 12
MM, 30, 11, 12
MM, 29, 12, 26
MM, 28, 13, 11
MM, 28, 14, 51
MM, 27, 14, 13
MM, 27, 15, 37
MM, 26, 15, 12
MC, 1, 263
MM, 25, 15, 49
MM, 24, 15, 201
MM, 22, 15, 12
MM, 16, 15, 13
MM, 0, 13, 12
MM, 24, 9, 13
MM, 1, 0, 12
MM, 27, 29, 13
MM, 19, 25, 12
MM, 14, 22, 13
MM, 10, 20, 13
MM, 9, 19, 11
MM, 7, 18, 13
MM, 6, 17, 25
MM, 5, 17, 25
MM, 6, 18, 424
MM, 9, 23, 12
MM, 441, 570, 13
MM, 13, 4, 12
MM, 19, 10, 13
MM, 23, 16, 13
MM, 26, 21, 13
MM, 28, 25, 12
MM, 29, 27, 12
MM, 30, 28, 12
MM, 31, 30, 13
MM, 466, 607, 12
MM, 466, 608, 13
MM, 467, 608, 25
MM, 467, 609, 24
MM, 468, 609, 13
MM, 468, 610, 162
MM, 469, 610, 26
MM, 469, 612, 12
MM, 79, 0, 26
MM, 80, 1, 12
MM, 80, 2, 12
MM, 80, 3, 24
MM, 81, 4, 26
MM, 82, 4, 25
MC, 1, 275
MM, 81, 4, 87
MM, 81, 3, 12
MM, 79, 1, 14
MM, 468, 612, 11
MM, 466, 610, 13
MM, 464, 608, 13
MM, 28, 29, 12
MM, 26, 28, 12
MM, 25, 27, 13
MM, 24, 25, 12
MM, 24, 24, 25
MM, 23, 24, 25
MC, 1, 300
MM, 23, 23, 25
MM, 24, 22, 12
MM, 26, 22, 13
MM, 29, 19, 12
MM, 469, 592, 13
MM, 10, 10, 13
MM, 30, 5, 12
MM, 517, 575, 12
MM, 18, 30, 13
MM, 551, 560, 12
MM, 9, 13, 13
MM, 17, 7, 12
MM, 23, 4, 13
MM, 33, 1, 12
MM, 598, 536, 13
MM, 605, 534, 12
MM, 609, 533, 12
MM, 5, 30, 13
MM, 7, 29, 13
MM, 8, 29, 11
MM, 9, 28, 14
MM, 11, 28, 12
MM, 11, 27, 12
MM, 12, 27, 200
MM, 13, 26, 12
MM, 16, 26, 14
MM, 19, 24, 12
MM, 26, 23, 12
MM, 639, 525, 12
MM, 642, 524, 13
MM, 0, 22, 12
MM, 2, 22, 13
MM, 4, 22, 12
MM, 5, 22, 12
MM, 7, 22, 26
MM, 8, 22, 25
MM, 9, 22, 37
MM, 6, 22, 313
MM, 5, 22, 12
MM, 3, 22, 13
MM, 1, 22, 13
MM, 642, 524, 11
MM, 639, 523, 12
MM, 30, 21, 14
MM, 27, 20, 12
MM, 25, 20, 13
MM, 24, 20, 12
MM, 23, 20, 12
MM, 22, 20, 13
MM, 21, 20, 25
MM, 20, 20, 12
MM, 20, 19, 12
MC, 1, 264
MM, 19, 19, 11
MM, 18, 19, 13
MM, 17, 19, 13
MM, 13, 19, 12
MM, 6, 20, 12
MM, 36, 24, 15
MM, 24, 30, 10
MM, 577, 538, 13
MM, 10, 7, 13
MM, 1, 12, 12
MM, 549, 554, 12
MM, 32, 19, 13
MM, 28, 22, 12
MM, 22, 24, 13
MM, 16, 27, 13
MM, 9, 29, 11
MM, 513, 571, 13
MM, 506, 573, 12
MM, 24, 0, 14
MM, 13, 2, 11
MM, 5, 4, 13
MM, 474, 582, 12
MM, 471, 583, 12
MM, 469, 584, 13
MM, 33, 9, 13
MM, 32, 10, 13
MM, 31, 10, 11
MM, 29, 10, 251
MM, 27, 10, 13
MM, 21, 10, 12
MM, 13, 11, 12
MM, 5, 11, 13
MM, 433, 587, 12
MM, 36, 11, 14
MM, 32, 11, 11
MM, 29, 11, 12
MM, 28, 11, 13
MM, 26, 11, 12
MM, 25, 11, 38
MC, 1, 275
MM, 26, 11, 88
MM, 27, 11, 12
MM, 28, 11, 24
MM, 29, 11, 25
MM, 29, 10, 64
MM, 30, 5, 12
MM, 421, 575, 14
MM, 421, 564, 11
MM, 421, 553, 12
MM, 421, 544, 13
MM, 24, 30, 12
MM, 24, 21, 12
MM, 24, 17, 12
MM, 24, 13, 13
MM, 24, 10, 13
MM, 24, 9, 12
MM, 24, 8, 13
MM, 24, 7, 12
MM, 24, 6, 63
MM, 24, 5, 37
MC, 1, 275
MM, 24, 6, 150
MM, 24, 7, 38
MM, 25, 9, 25
MM, 26, 11, 24
MM, 27, 12, 13
MM, 27, 13, 13
MM, 28, 16, 12
MM, 30, 20, 13
MM, 31, 22, 12
MM, 32, 24, 13
MM, 35, 27, 12
MM, 433, 532, 13
MM, 436, 535, 12
MM, 13, 1, 13
MM, 20, 12, 12
MM, 28, 23, 12
MM, 462, 572, 13
MM, 32, 2, 12
MM, 34, 7, 13
MM, 472, 589, 13
MM, 1, 20, 12
MM, 4, 26, 13
MM, 6, 29, 12
MM, 483, 607, 12
MM, 483, 608, 13
MM, 485, 610, 12
MM, 485, 611, 38
MM, 486, 611, 12
MM, 96, 0, 1876
MM, 97, 5, 12
MM, 100, 17, 13
MM, 104, 28, 13
MM, 498, 652, 12
MM, 501, 659, 13
MM, 504, 670, 12
MM, 507, 677, 12
MM, 511, 684, 13
MM, 515, 690, 13
MM, 518, 694, 12
MM, 521, 697, 12
MM, 510, 684, 425
MM, 506, 671, 12
MM, 503, 662, 13
MM, 501, 657, 12
MM, 500, 654, 13
MM, 499, 652, 12
MM, 499, 651, 12
MM, 499, 649, 13
MM, 499, 648, 13
MM, 499, 647, 12
MM, 498, 647, 13
MM, 497, 647, 12
MM, 499, 647, 225
MM, 503, 647, 12
MM, 512, 647, 13
MM, 524, 647, 13
MM, 541, 646, 13
MM, 556, 643, 12
MM, 566, 643, 12
MM, 571, 642, 13
MM, 575, 642, 12
MM, 580, 642, 13
MM, 585, 641, 12
MM, 591, 641, 12
MM, 593, 640, 13
MM, 595, 640, 13
MM, 596, 639, 13
MM, 597, 639, 11
MM, 598, 639, 26
MM, 599, 639, 13
MM, 600, 638, 37
MM, 601, 637, 12
MM, 602, 637, 13
MM, 606, 634, 12
MM, 612, 629, 13
MM, 620, 625, 12
MM, 626, 621, 13
MM, 632, 618, 12
MM, 637, 617, 13
MM, 640, 615, 12
MM, 644, 614, 12
MM, 650, 613, 13
MM, 654, 612, 13
MM, 657, 611, 12
MM, 660, 610, 12
MM, 662, 609, 13
MM, 663, 609, 12
MM, 664, 608, 12
MM, 664, 607, 26
MM, 23, 30, 262
MM, 23, 29, 12
MM, 22, 29, 13
MM, 21, 27, 12
MM, 19, 25, 13
MM, 19, 24, 12
MM, 18, 22, 13
MM, 17, 22, 25
MM, 17, 21, 12
MC, 1, 1452
MM, 17, 20, 263
MM, 17, 19, 25
MM, 17, 17, 12
MM, 17, 12, 13
MM, 17, 5, 12
MM, 656, 572, 13
MM, 19, 24, 12
MM, 19, 16, 13
MM, 19, 5, 13
MM, 656, 533, 12
MM, 12, 25, 12
MM, 12, 22, 13
MM, 12, 20, 12
MM, 12, 17, 12
MM, 12, 14, 13
MM, 12, 11, 12
MC, 1, 339
MM, 11, 11, 38
MM, 10, 11, 25
MM, 8, 12, 12
MM, 5, 15, 12
MM, 640, 524, 13
MM, 627, 533, 12
MM, 19, 2, 13
MM, 4, 20, 12
MM, 586, 571, 12
MM, 18, 3, 13
MM, 11, 9, 13
MM, 7, 12, 12
MM, 4, 15, 12
MM, 2, 16, 13
MM, 0, 17, 12
MM, 558, 594, 13
MM, 556, 595, 24
MM, 555, 595, 26
MM, 555, 596, 12
MM, 554, 596, 25
MM, 36, 20, 13
MM, 34, 20, 12
MM, 33, 20, 25
MM, 32, 20, 25
MM, 31, 20, 50
MM, 30, 20, 25
MM, 27, 20, 388
MM, 21, 20, 11
MM, 11, 20, 13
MM, 513, 598, 12
MM, 18, 23, 13
MM, 4, 23, 12
MM, 471, 599, 13
MM, 33, 22, 12
MM, 28, 22, 14
MM, 25, 22, 12
MM, 22, 22, 12
MM, 20, 22, 13
MM, 19, 22, 11
MM, 18, 22, 14
MM, 17, 22, 25
MM, 16, 22, 138
MM, 15, 21, 12
MM, 11, 21, 25
MM, 8, 20, 12
MM, 4, 19, 13
MM, 432, 593, 12
MM, 36, 16, 12
MM, 30, 14, 13
MM, 27, 13, 13
MM, 25, 13, 12
MM, 23, 13, 13
MM, 22, 13, 25
MM, 21, 13, 12
MC, 1, 324
MM, 21, 12, 89
MM, 20, 12, 12
MM, 20, 10, 13
MM, 18, 7, 12
MM, 16, 1, 14
MM, 17, 19, 12
MM, 13, 0, 12
MM, 0, 25, 12
MM, 0, 16, 12
MM, 0, 12, 13
MM, 0, 9, 13
MM, 0, 7, 13
MM, 0, 5, 12
MM, 2, 4, 12
MM, 3, 2, 13
MM, 5, 1, 12
MM, 7, 0, 13
MM, 405, 501, 12
MM, 406, 500, 13
MM, 407, 500, 24
MM, 408, 499, 26
MP, 1, 99
MR, 1, 163
MM, 11, 2, 11
MM, 11, 4, 13
MM, 11, 7, 13
MM, 11, 10, 12
MM, 11, 11, 25
MM, 12, 12, 338
MM, 13, 13, 12
MM, 16, 15, 13
MM, 21, 21, 12
MM, 4, 7, 12
MM, 446, 572, 13
MM, 25, 9, 12
MM, 32, 15, 12
MM, 472, 599, 13
MM, 476, 607, 14
MM, 479, 612, 11
MM, 90, 2, 12
MM, 91, 4, 13
MM, 91, 6, 12
MM, 92, 6, 12
MM, 92, 7, 165
MM, 92, 8, 61
MM, 93, 9, 25
MM, 93, 10, 13
MM, 93, 11, 25
MM, 94, 12, 12
MM, 94, 13, 25
MM, 94, 14, 13
MC, 1, 249
MM, 95, 14, 112
MM, 96, 14, 13
MM, 97, 14, 12
MM, 99, 14, 13
MM, 102, 13, 12
MM, 107, 11, 14
MM, 110, 9, 11
MM, 112, 9, 13
MM, 114, 8, 12
MM, 114, 7, 12
MM, 114, 6, 225
MM, 115, 3, 13
MM, 509, 611, 13
MM, 516, 605, 12
MM, 7, 20, 12
MM, 17, 7, 14
MM, 541, 570, 11
MM, 36, 22, 13
MM, 552, 555, 12
MM, 3, 11, 14
MM, 7, 7, 12
MM, 9, 5, 12
MM, 12, 3, 12
MM, 568, 537, 13
MM, 570, 534, 12
MM, 8, 30, 13
MM, 10, 27, 12
MM, 12, 26, 13
MM, 14, 23, 12
MM, 18, 22, 13
MM, 21, 20, 13
MM, 24, 19, 12
MM, 28, 17, 12
MM, 31, 16, 13
MM, 33, 15, 12
MM, 35, 14, 12
MM, 601, 514, 14
MM, 604, 514, 12
MM, 606, 513, 12
MM, 2, 10, 13
MM, 5, 9, 12
MM, 7, 7, 13
MM, 9, 7, 224
MM, 10, 7, 13
MM, 11, 7, 12
MM, 14, 7, 13
MM, 17, 9, 13
MM, 18, 10, 21
MM, 20, 11, 3
MM, 22, 13, 13
MM, 23, 14, 12
MM, 24, 15, 13
MM, 24, 16, 25
MM, 25, 16, 13
MC, 1, 187
MM, 24, 16, 50
MM, 22, 17, 12
MM, 18, 17, 13
MM, 8, 19, 13
MM, 606, 524, 12
MM, 33, 28, 13
MM, 587, 538, 13
MM, 23, 6, 12
MM, 16, 13, 12
MM, 8, 17, 13
MM, 5, 20, 12
MM, 0, 24, 12
MM, 550, 568, 13
MM, 545, 575, 12
MM, 23, 6, 13
MM, 19, 10, 12
MM, 15, 14, 12
MM, 12, 18, 13
MM, 9, 20, 13
MM, 8, 22, 12
MM, 6, 24, 13
MM, 5, 27, 13
MM, 4, 28, 12
MM, 4, 29, 12
MM, 520, 608, 13
MM, 519, 609, 12
MM, 518, 611, 13
MM, 128, 0, 12
MM, 127, 1, 12
MM, 126, 2, 13
MM, 126, 4, 13
MM, 125, 5, 12
MM, 124, 6, 12
MM, 124, 8, 13
MM, 123, 10, 12
MM, 122, 11, 13
MM, 120, 14, 12
MM, 119, 16, 13
MM, 118, 18, 12
MM, 116, 21, 13
MM, 115, 23, 12
MM, 115, 25, 13
MM, 114, 25, 12
MM, 114, 26, 12
MC, 1, 250
MM, 113, 26, 114
MM, 110, 22, 12
MM, 104, 12, 12
MM, 4, 26, 13
MM, 31, 0, 12
MM, 32, 25, 13
MM, 30, 16, 13
MM, 28, 6, 11
MM, 27, 3, 13
MM, 27, 0, 13
MM, 454, 538, 12
MM, 454, 537, 13
MM, 454, 536, 50
MM, 454, 535, 186
MM, 454, 533, 25
MM, 15, 30, 14
MM, 14, 27, 11
MM, 14, 25, 13
MM, 13, 22, 13
MM, 13, 20, 11
MM, 13, 17, 14
MM, 13, 16, 12
MM, 13, 15, 25
MM, 13, 14, 13
MM, 4, 13, 261
MM, 434, 514, 13
MM, 25, 12, 13
MM, 14, 11, 12
MM, 8, 10, 12
MM, 5, 10, 13
MM, 4, 10, 12
MM, 3, 10, 13
MM, 2, 10, 13
MC, 1, 325
MM, 3, 10, 12
MM, 4, 10, 12
MM, 5, 10, 12
MM, 6, 10, 13
MM, 7, 10, 13
MM, 10, 10, 12
MM, 13, 10, 12
MM, 21, 13, 13
MM, 30, 19, 12
MM, 437, 530, 13
MM, 447, 537, 12
MM, 28, 5, 12
MM, 465, 549, 13
MM, 6, 16, 13
MM, 14, 20, 12
MM, 19, 24, 12
MM, 24, 29, 13
MM, 499, 573, 13
MM, 34, 3, 13
MM, 1, 9, 12
MM, 8, 13, 12
MM, 11, 14, 13
MM, 14, 15, 13
MM, 16, 16, 12
MM, 18, 17, 13
MM, 20, 17, 12
MM, 23, 18, 13
MM, 27, 19, 12
MM, 32, 20, 12
MM, 36, 20, 12
MM, 555, 597, 14
MM, 556, 597, 12
MM, 558, 597, 12
MM, 559, 597, 12
MM, 1, 21, 25
MM, 2, 21, 26
MM, 4, 21, 12
MM, 6, 20, 13
MM, 8, 20, 12
MM, 10, 20, 12
MM, 12, 20, 13
MM, 14, 19, 13
MM, 15, 18, 24
MC, 1, 288
MM, 14, 18, 63
MM, 11, 18, 12
MM, 4, 15, 13
MM, 23, 5, 12
MM, 506, 563, 12
MM, 13, 13, 13
MM, 32, 0, 12
MM, 2, 29, 13
MM, 433, 526, 12
MM, 28, 18, 13
MM, 25, 14, 12
MM, 22, 10, 12
MM, 21, 9, 14
MM, 20, 8, 12
MM, 19, 7, 13
MM, 19, 6, 12
MC, 1, 388
MM, 20, 7, 25
MM, 23, 10, 12
MM, 29, 15, 13
MM, 2, 24, 12
MM, 451, 533, 13
MM, 458, 537, 12
MM, 35, 0, 12
MM, 466, 542, 13
MM, 2, 6, 13
MM, 13, 12, 12
MM, 22, 18, 12
MM, 28, 23, 13
MM, 32, 26, 13
MM, 506, 568, 12
MM, 510, 569, 12
MM, 515, 572, 13
MM, 521, 574, 12
MM, 10, 0, 13
MM, 13, 2, 12
MM, 15, 2, 13
MM, 17, 3, 12
MM, 18, 4, 13
MM, 19, 4, 13
MM, 20, 5, 12
MM, 21, 5, 12
MM, 21, 6, 12
MM, 22, 6, 13
MM, 23, 6, 38
MM, 25, 6, 24
MM, 26, 6, 13
MM, 27, 6, 13
MM, 28, 6, 12
MM, 30, 6, 12
MM, 31, 6, 13
MM, 32, 6, 12
MM, 34, 6, 13
MM, 35, 6, 13
MM, 554, 582, 11
MM, 556, 582, 13
MM, 559, 582, 12
MM, 2, 6, 14
MM, 5, 8, 11
MM, 9, 9, 13
MM, 13, 12, 12
MM, 15, 12, 13
MM, 17, 14, 13
MM, 18, 14, 12
MM, 19, 15, 13
MM, 19, 16, 24
MM, 20, 16, 25
MC, 1, 250
MM, 19, 16, 50
MM, 17, 16, 13
MM, 15, 16, 13
MM, 12, 16, 12
MM, 7, 16, 13
MM, 555, 592, 12
MM, 27, 16, 12
MM, 19, 16, 12
MM, 15, 16, 13
MM, 11, 16, 13
MM, 7, 16, 12
MM, 1, 16, 13
MM, 514, 592, 12
MM, 512, 592, 13
MM, 511, 592, 12
MM, 35, 16, 12
MM, 34, 16, 38
MM, 33, 16, 87
MM, 32, 16, 87
MM, 31, 16, 13
MM, 30, 16, 38
MC, 1, 236
MM, 28, 16, 75
MM, 26, 15, 13
MM, 20, 10, 12
MM, 481, 575, 12
MM, 467, 563, 14
MM, 29, 15, 12
MM, 21, 7, 12
MM, 440, 538, 13
MM, 434, 531, 12
MM, 34, 25, 12
MM, 32, 24, 13
MM, 31, 21, 13
MM, 30, 21, 12
MM, 29, 20, 12
MM, 29, 19, 38
MC, 1, 375
MM, 30, 19, 74
MM, 33, 19, 13
MM, 433, 521, 12
MM, 438, 521, 13
MM, 3, 19, 12
MM, 6, 19, 12
MM, 8, 19, 13
MM, 9, 19, 13
MM, 10, 19, 12
MM, 11, 19, 12
MM, 12, 19, 13
MM, 13, 19, 12
MM, 14, 19, 13
MM, 15, 19, 25
MM, 16, 19, 12
MC, 1, 312
MM, 15, 19, 49
MM, 14, 19, 13
MM, 12, 19, 13
MM, 9, 19, 12
MM, 4, 19, 12
MM, 438, 521, 13
MM, 35, 19, 12
MM, 33, 19, 13
MM, 31, 19, 13
MM, 30, 19, 12
MM, 28, 19, 13
MM, 27, 19, 37
MC, 1, 313
MM, 29, 20, 25
MM, 31, 22, 12
MM, 433, 529, 12
MM, 438, 535, 13
MM, 16, 1, 12
MM, 19, 5, 13
MM, 20, 7, 12
MM, 22, 10, 12
MM, 23, 12, 12
MM, 24, 14, 13
MM, 24, 15, 13
MM, 24, 16, 12
MM, 24, 17, 12
MM, 24, 18, 51
MC, 1, 262
MM, 24, 19, 75
MM, 25, 19, 12
MM, 26, 21, 13
MM, 27, 24, 13
MM, 30, 30, 12
MM, 30, 1, 12
MM, 469, 585, 13
MM, 0, 20, 12
MM, 3, 28, 13
MM, 480, 607, 12
MM, 482, 610, 13
MM, 483, 612, 12
MM, 94, 1, 13
MM, 95, 2, 12
MM, 96, 4, 13
MM, 97, 5, 13
MM, 97, 6, 12
MM, 97, 7, 12
MM, 98, 8, 13
MM, 99, 9, 686
MM, 100, 9, 13
MM, 101, 9, 13
MM, 105, 9, 12
MM, 112, 8, 13
MM, 120, 6, 11
MM, 130, 3, 15
MM, 537, 612, 10
MM, 547, 611, 12
MM, 553, 609, 14
MM, 555, 608, 12
MM, 557, 607, 13
MM, 558, 607, 12
MM, 559, 607, 12
MM, 559, 606, 13
MM, 0, 30, 12
MM, 1, 30, 13
MM, 2, 30, 50
MM, 3, 30, 124
MM, 3, 29, 13
MM, 4, 29, 50
MM, 5, 29, 12
MM, 5, 28, 13
MM, 6, 27, 13
MM, 8, 27, 12
MM, 9, 24, 13
MM, 11, 22, 13
MM, 13, 20, 11
MM, 14, 18, 13
MM, 16, 16, 12
MM, 16, 15, 25
MM, 17, 15, 25
MM, 17, 14, 13
MC, 1, 311
MM, 17, 13, 63
MM, 17, 12, 13
MM, 13, 8, 12
MM, 8, 3, 13
MM, 562, 570, 12
MM, 2, 24, 12
MM, 549, 550, 13
MM, 544, 536, 13
MM, 17, 25, 12
MM, 14, 21, 13
MM, 12, 17, 12
MM, 11, 16, 13
MM, 10, 14, 12
MM, 9, 13, 13
MM, 9, 12, 25
MM, 8, 12, 12
MC, 1, 313
MM, 7, 12, 100
MM, 6, 14, 12
MM, 5, 19, 13
MM, 1, 30, 12
MM, 10, 3, 13
MM, 7, 8, 12
MM, 6, 13, 13
MM, 5, 17, 12
MM, 4, 22, 13
MM, 3, 28, 13
MM, 512, 573, 11
MM, 35, 3, 14
MM, 34, 6, 12
MM, 33, 9, 12
MM, 33, 11, 13
MM, 31, 14, 12
MM, 30, 17, 12
MM, 28, 22, 13
MM, 26, 29, 12
MM, 500, 611, 13
MM, 109, 1, 13
MM, 107, 3, 12
MM, 107, 5, 12
MM, 106, 6, 13
MM, 105, 8, 12
MM, 104, 10, 13
MM, 104, 11, 12
MM, 104, 15, 13
MM, 102, 20, 12
MM, 102, 23, 12
MM, 101, 25, 13
MM, 101, 27, 13
MM, 100, 28, 12
MM, 100, 29, 13
MM, 100, 30, 11
MC, 1, 289
MM, 99, 30, 186
MM, 97, 30, 12
MM, 87, 24, 14
MM, 60, 10, 11
MM, 423, 608, 13
MM, 20, 26, 12
MM, 9, 23, 13
MM, 3, 21, 12
MM, 0, 20, 13
MM, 390, 595, 25
MM, 389, 595, 37
MM, 389, 594, 188
MP, 1, 38
MR, 1, 124
MM, 2, 18, 12
MM, 3, 18, 225
MM, 4, 18, 25
MM, 4, 17, 12
MM, 5, 17, 50
MC, 1, 162
MM, 6, 17, 51
MM, 7, 17, 24
MM, 8, 17, 14
MM, 11, 16, 12
MM, 19, 15, 12
MM, 30, 12, 12
MM, 430, 584, 12
MM, 3, 5, 13
MM, 10, 2, 13
MM, 452, 575, 12
MM, 462, 571, 12
MM, 0, 28, 13
MM, 5, 25, 12
MM, 11, 22, 13
MM, 16, 19, 12
MM, 22, 15, 12
MM, 28, 11, 14
MM, 32, 8, 12
MM, 506, 545, 13
MM, 507, 543, 12
MM, 510, 542, 13
MM, 0, 1, 12
MM, 1, 1, 12
MM, 2, 0, 13
MM, 513, 538, 12
MM, 515, 538, 13
MM, 515, 537, 13
MM, 516, 537, 12
MM, 517, 537, 12
MM, 518, 536, 13
MM, 519, 536, 12
MM, 520, 535, 13
MM, 521, 535, 12
MM, 523, 535, 12
MM, 525, 535, 13
MM, 527, 535, 13
MM, 530, 535, 12
MM, 532, 535, 13
MM, 534, 535, 12
MM, 537, 535, 12
MM, 541, 535, 13
MM, 547, 535, 12
MM, 553, 535, 13
MM, 559, 535, 12
MM, 563, 537, 13
MM, 565, 538, 12
MM, 13, 0, 13
MM, 14, 2, 12
MM, 16, 3, 12
MM, 16, 4, 13
MM, 17, 4, 12
MM, 18, 4, 13
MM, 18, 5, 13
MC, 1, 362
MM, 19, 5, 112
MM, 22, 5, 13
MM, 28, 3, 13
MM, 591, 539, 13
MM, 598, 536, 12
MM, 602, 533, 12
MM, 606, 532, 12
MM, 1, 28, 13
MM, 3, 27, 12
MM, 5, 26, 13
MM, 7, 25, 13
MM, 9, 24, 12
MM, 10, 24, 12
MM, 12, 23, 13
MM, 12, 22, 37
MM, 13, 22, 13
MM, 16, 22, 313
MM, 18, 22, 12
MM, 21, 22, 13
MM, 29, 22, 12
MM, 4, 25, 12
MM, 15, 28, 13
MM, 21, 30, 12
MM, 668, 534, 13
MM, 672, 537, 12
MM, 677, 539, 12
MM, 2, 3, 13
MM, 7, 5, 14
MM, 10, 7, 11
MM, 12, 7, 12
MM, 14, 8, 13
MM, 15, 8, 12
MM, 15, 9, 12
MM, 16, 9, 13
MM, 17, 9, 12
MM, 17, 10, 13
MM, 18, 10, 39
MC, 1, 279
MM, 18, 11, 45
MM, 16, 12, 12
MM, 13, 12, 13
MM, 6, 14, 12
MM, 674, 556, 13
MM, 28, 19, 13
MM, 16, 21, 12
MM, 4, 23, 13
MM, 631, 562, 12
MM, 27, 24, 12
MM, 22, 24, 13
MM, 10, 24, 12
MM, 36, 25, 12
MM, 24, 25, 13
MM, 8, 25, 13
MM, 36, 23, 12
MM, 28, 23, 13
MM, 23, 23, 12
MM, 19, 23, 13
MM, 16, 23, 12
MM, 13, 23, 13
MM, 10, 23, 12
MM, 6, 23, 13
MM, 4, 23, 12
MM, 2, 23, 13
MM, 1, 23, 12
MM, 510, 562, 13
MM, 508, 562, 12
MM, 505, 562, 12
MM, 32, 23, 13
MM, 30, 23, 13
MM, 27, 23, 12
MM, 24, 23, 12
MM, 22, 23, 13
MM, 20, 23, 13
MM, 19, 23, 12
MM, 16, 23, 12
MM, 14, 23, 13
MM, 11, 23, 13
MM, 9, 23, 11
MM, 6, 23, 13
MM, 3, 23, 13
MM, 0, 23, 12
MM, 468, 562, 14
MM, 465, 562, 11
MM, 464, 562, 12
MM, 35, 23, 13
MM, 33, 23, 13
MM, 31, 23, 12
MM, 30, 23, 13
MM, 29, 23, 24
MM, 28, 23, 13
MM, 27, 23, 25
MM, 27, 22, 37
MC, 1, 238
MM, 28, 21, 112
MM, 31, 20, 13
MM, 36, 19, 12
MM, 5, 17, 12
MM, 20, 15, 13
MM, 505, 553, 12
MM, 11, 12, 13
MM, 22, 12, 12
MM, 34, 12, 13
MM, 10, 12, 13
MM, 23, 14, 13
MM, 31, 15, 12
MM, 591, 555, 12
MM, 596, 556, 13
MM, 5, 17, 12
MM, 11, 18, 13
MM, 14, 18, 12
MM, 16, 18, 12
MM, 17, 18, 13
MM, 18, 18, 12
MM, 19, 18, 13
MM, 18, 18, 162
MM, 14, 18, 13
MM, 10, 18, 12
MM, 5, 18, 12
MM, 0, 18, 13
MM, 594, 557, 13
MM, 593, 557, 12
MM, 591, 557, 12
MM, 35, 18, 13
MM, 33, 18, 12
MM, 30, 18, 13
MM, 28, 18, 12
MM, 25, 18, 12
MM, 24, 18, 13
MM, 23, 18, 12
MM, 22, 18, 13
MM, 21, 18, 51
MC, 1, 211
MM, 22, 17, 113
MM, 24, 17, 12
MM, 26, 16, 13
MM, 29, 16, 12
MM, 32, 15, 12
MM, 36, 14, 13
MM, 593, 551, 12
MM, 596, 550, 13
MM, 4, 8, 13
MM, 9, 5, 12
MM, 13, 2, 12
MM, 615, 538, 13
MM, 618, 536, 13
MM, 621, 534, 12
MM, 16, 30, 12
MM, 18, 29, 12
MM, 20, 28, 14
MM, 21, 26, 11
MM, 22, 26, 13
MM, 24, 24, 12
MM, 25, 23, 13
MM, 27, 22, 12
MM, 28, 21, 13
MM, 30, 20, 12
MM, 638, 521, 13
MM, 638, 520, 12
MM, 639, 520, 12
MM, 640, 519, 14
MM, 640, 518, 12
MM, 641, 518, 12
MM, 642, 517, 13
MM, 643, 516, 12
MM, 0, 13, 25
MM, 1, 12, 26
MM, 2, 12, 11
MM, 4, 11, 13
MM, 6, 11, 13
MM, 12, 10, 12
MM, 15, 10, 13
MM, 18, 10, 12
MM, 20, 10, 12
MM, 21, 10, 14
MM, 22, 10, 11
MM, 23, 10, 26
MC, 1, 336
MC, 2, 162
MM, 21, 11, 538
MM, 14, 13, 13
MM, 643, 518, 12
MM, 31, 26, 13
MM, 557, 537, 12
MM, 20, 3, 12
MM, 505, 545, 13
MM, 23, 7, 14
MM, 12, 8, 11
MM, 0, 9, 12
MM, 35, 9, 14
MM, 32, 9, 12
MM, 29, 9, 13
MM, 28, 9, 12
MM, 27, 9, 25
MC, 1, 350
MM, 28, 10, 62
MM, 31, 10, 12
MM, 464, 552, 12
MM, 4, 18, 13
MM, 14, 25, 13
MM, 495, 572, 12
MM, 33, 5, 13
MM, 1, 10, 13
MM, 7, 14, 11
MM, 12, 18, 13
MM, 18, 22, 13
MM, 25, 26, 12
MM, 552, 607, 13
MM, 558, 611, 12
MM, 563, 613, 12
MM, 565, 615, 13
MM, 567, 616, 13
MM, 568, 616, 12
MM, 571, 616, 13
MM, 572, 616, 12
MM, 575, 616, 12
MM, 578, 615, 13
MM, 581, 613, 13
MM, 585, 612, 12
MM, 587, 609, 13
MM, 590, 608, 12
MM, 592, 607, 12
MM, 35, 29, 13
MM, 597, 605, 13
MM, 601, 603, 12
MM, 5, 25, 12
MM, 13, 24, 13
MM, 18, 23, 12
MM, 21, 22, 13
MM, 23, 22, 12
MM, 25, 21, 13
MM, 28, 20, 12
MM, 634, 595, 13
MM, 0, 19, 12
MM, 3, 19, 13
MM, 6, 19, 12
MM, 8, 18, 13
MM, 10, 17, 12
MM, 11, 17, 13
MM, 13, 17, 12
MM, 14, 17, 13
MM, 15, 17, 12
MM, 17, 17, 12
MM, 18, 17, 37
MC, 1, 277
MM, 19, 17, 287
MM, 22, 18, 13
MM, 28, 20, 13
MM, 688, 604, 13
MM, 728, 615, 11
MM, 748, 622, 13
MM, 759, 626, 12
MM, 776, 634, 13
MM, 787, 640, 12
MM, 795, 647, 12
MM, 800, 650, 13
MM, 804, 652, 13
MM, 807, 654, 12
MM, 809, 655, 12
MM, 810, 656, 13
MM, 810, 657, 12
MM, 811, 657, 13
MM, 812, 657, 187
MM, 815, 657, 13
MM, 820, 657, 13
MM, 831, 659, 11
MM, 842, 662, 14
MM, 9, 14, 11
MM, 17, 16, 14
MM, 20, 17, 12
MM, 22, 18, 12
MM, 23, 18, 13
MM, 25, 18, 29
MM, 23, 18, 1059
MM, 14, 17, 12
MM, 810, 654, 12
MM, 26, 8, 14
MM, 8, 16, 11
MM, 8, 22, 13
MM, 21, 0, 13
MM, 476, 483, 12
MM, 28, 13, 13
MM, 25, 9, 12
MM, 22, 7, 13
MM, 21, 5, 12
MM, 455, 464, 237
MM, 174, 72, 13
