********************************************************************************
LOGGING TIME: 20161113_173720
CLIENT IP: 10.109.49.17
USERNAME: prudhvi
OS: Windows 8
**********************************Emotional database********************************************************************************
MM, 34, 9, 1477468752453
MM, 34, 8, 794
MM, 34, 6, 13
MM, 35, 1, 11
MM, 683, 492, 13
MM, 6, 5, 13
MM, 440, 77, 13
MM, 445, 58, 12
MM, 447, 51, 12
MM, 697, 640, 250662
MM, 697, 639, 307
MM, 693, 634, 12
MM, 676, 604, 13
MM, 3, 3, 13
MM, 5, 5, 12
MM, 598, 455, 12
MM, 319, 49, 13
MM, 315, 33, 12
MM, 313, 22, 13
MM, 312, 3, 13
MM, 574, 351, 12
MM, 574, 345, 13
MM, 573, 342, 402
MM, 572, 336, 9
MM, 570, 328, 13
MM, 569, 321, 12
MM, 569, 314, 12
MM, 304, 82, 13
MM, 303, 79, 13
MM, 303, 77, 12
MM, 303, 74, 12
MM, 303, 72, 14
MM, 303, 70, 12
MM, 303, 69, 375
MM, 302, 68, 25
MM, 302, 67, 13
MM, 301, 66, 12
MM, 301, 65, 13
MM, 301, 63, 25
MM, 300, 63, 12
MM, 300, 62, 13
MM, 300, 61, 25
MM, 300, 60, 25
MM, 300, 63, 587
MM, 300, 68, 14
MM, 300, 78, 11
MM, 564, 319, 12
MM, 565, 337, 14
MM, 567, 347, 11
MM, 569, 353, 13
MM, 569, 356, 12
MM, 306, 1, 13
MM, 307, 4, 12
MM, 308, 11, 13
MM, 309, 16, 12
MM, 307, 14, 388
MM, 305, 14, 13
MM, 304, 13, 12
MM, 302, 12, 13
MM, 301, 11, 14
MM, 299, 11, 11
MM, 297, 12, 13
MM, 292, 15, 12
MM, 285, 24, 13
MM, 277, 33, 12
MM, 267, 50, 13
MM, 255, 76, 12
MM, 251, 87, 13
MM, 513, 452, 12
MM, 512, 459, 12
MM, 31, 4, 13
MM, 31, 11, 12
MM, 31, 15, 12
MM, 30, 17, 251
MM, 28, 20, 12
MM, 23, 30, 12
MM, 10, 19, 13
MM, 12, 7, 13
MM, 9, 17, 12
MM, 7, 23, 13
MM, 6, 30, 12
MM, 475, 575, 12
MM, 473, 580, 13
MM, 473, 583, 12
MM, 472, 585, 12
MM, 471, 587, 14
MM, 470, 588, 25
MM, 470, 589, 12
MM, 469, 590, 12
MM, 469, 591, 25
MM, 34, 15, 13
MM, 34, 17, 11
MM, 33, 17, 13
MM, 32, 18, 13
MM, 31, 19, 37
MM, 29, 19, 275
MM, 29, 18, 12
MM, 28, 17, 14
MM, 26, 17, 12
MM, 25, 16, 13
MM, 24, 15, 12
MM, 22, 14, 13
MM, 22, 13, 12
MM, 20, 13, 13
MM, 20, 12, 12
MM, 19, 12, 12
MM, 19, 11, 13
MM, 18, 11, 12
MM, 18, 10, 50
MC, 1, 250
MM, 17, 9, 75
MM, 16, 6, 12
MM, 14, 4, 13
MM, 12, 1, 13
MM, 442, 572, 12
MM, 10, 28, 13
MM, 7, 25, 12
MM, 4, 21, 12
MM, 2, 18, 13
MM, 1, 16, 12
MM, 426, 552, 13
MM, 426, 550, 13
MM, 425, 549, 12
MM, 424, 548, 13
MM, 424, 547, 12
MM, 424, 546, 13
MM, 423, 546, 12
MM, 423, 545, 12
MM, 421, 545, 13
MM, 421, 544, 13
MM, 35, 4, 12
MM, 34, 4, 13
MM, 33, 3, 11
MM, 32, 1, 27
MM, 31, 0, 23
MM, 416, 537, 13
MM, 415, 536, 12
MM, 415, 535, 13
MM, 415, 533, 13
MM, 18, 29, 12
MM, 18, 28, 13
MM, 18, 27, 13
MM, 18, 25, 12
MM, 18, 24, 12
MM, 18, 23, 13
MM, 18, 22, 12
MM, 18, 21, 12
MM, 18, 20, 12
MM, 18, 19, 52
MM, 18, 18, 1260
MM, 18, 16, 13
MM, 17, 9, 12
MM, 20, 30, 13
MM, 16, 12, 13
MM, 404, 459, 11
MM, 138, 88, 13
MM, 137, 79, 13
MM, 137, 75, 13
MM, 137, 72, 12
MM, 137, 69, 13
MM, 137, 68, 11
MM, 137, 65, 13
MM, 138, 61, 14
MM, 138, 58, 225
MM, 138, 53, 12
MM, 134, 39, 12
MM, 124, 6, 12
MM, 378, 340, 13
MM, 373, 318, 13
MM, 105, 79, 12
MM, 104, 74, 13
MM, 102, 69, 12
MM, 101, 67, 13
MM, 101, 65, 12
MM, 100, 62, 13
MC, 1, 375
MM, 100, 64, 76020
MM, 99, 68, 13
MM, 97, 79, 12
MM, 359, 317, 13
MM, 358, 328, 13
MM, 356, 342, 12
MM, 354, 351, 13
MM, 89, 1, 12
MM, 88, 4, 12
MM, 87, 8, 13
MM, 86, 14, 12
MM, 84, 21, 14
MM, 84, 26, 11
MM, 83, 31, 13
MM, 82, 33, 13
MM, 82, 34, 12
MM, 82, 35, 13
MM, 81, 36, 12
MM, 80, 38, 12
MM, 80, 39, 13
MM, 79, 41, 12
MM, 77, 47, 12
MM, 75, 53, 13
MC, 1, 412
MM, 75, 52, 765
MM, 75, 51, 13
MM, 77, 51, 62
MM, 77, 53, 12
MM, 79, 55, 13
MM, 81, 59, 12
MM, 83, 62, 13
MM, 85, 64, 12
MM, 85, 66, 23
MM, 86, 68, 2
MM, 86, 69, 12
MM, 87, 72, 13
MM, 88, 75, 12
MM, 89, 78, 13
MM, 90, 79, 13
MM, 90, 80, 12
MM, 92, 81, 13
MM, 92, 82, 12
MM, 93, 83, 12
MM, 94, 83, 13
MM, 94, 84, 13
MM, 95, 84, 12
MM, 95, 85, 12
MM, 96, 85, 14
MM, 98, 85, 24
MM, 100, 86, 12
MM, 102, 87, 13
MM, 106, 88, 12
MM, 109, 89, 13
MM, 376, 447, 12
MM, 378, 448, 13
MM, 379, 451, 12
MM, 381, 454, 13
MM, 383, 457, 12
MM, 384, 461, 13
MM, 385, 465, 12
MM, 387, 468, 13
MM, 388, 471, 12
MM, 388, 476, 12
MM, 390, 484, 13
MM, 0, 27, 12
MM, 391, 496, 13
MM, 391, 499, 13
MM, 391, 500, 12
MM, 391, 502, 275
MM, 392, 503, 12
MM, 394, 505, 13
MM, 395, 509, 13
MM, 1, 11, 12
MM, 2, 13, 13
MM, 3, 15, 12
MM, 4, 16, 12
MM, 4, 17, 25
MM, 5, 17, 101
MM, 6, 17, 37
MM, 8, 16, 25
MM, 9, 14, 12
MM, 10, 14, 13
MM, 12, 12, 12
MM, 13, 12, 13
MM, 14, 12, 12
MM, 14, 11, 13
MM, 15, 11, 12
MM, 16, 11, 38
MC, 1, 200
MM, 18, 11, 288
MM, 21, 11, 12
MM, 24, 11, 12
MM, 28, 11, 13
MM, 31, 11, 12
MM, 35, 11, 13
MM, 436, 513, 12
MM, 2, 11, 12
MM, 6, 11, 13
MM, 9, 11, 13
MM, 11, 11, 12
MM, 12, 11, 13
MM, 13, 11, 37
MM, 14, 11, 13
MM, 15, 11, 62
MM, 16, 11, 50
MM, 17, 11, 38
MM, 18, 11, 50
MC, 1, 237
MM, 19, 11, 75
MM, 21, 11, 13
MM, 34, 15, 35
MM, 480, 520, 2
MM, 3, 19, 13
MM, 7, 20, 12
MM, 10, 20, 13
MM, 13, 20, 12
MM, 17, 21, 13
MM, 21, 21, 12
MM, 24, 22, 12
MM, 27, 22, 13
MM, 29, 22, 13
MM, 30, 22, 12
MM, 31, 22, 25
MM, 32, 22, 25
MM, 33, 22, 62
MM, 517, 524, 50
MM, 517, 523, 13
MM, 518, 523, 12
MM, 520, 522, 12
MM, 0, 19, 13
MM, 2, 19, 13
MM, 4, 18, 12
MM, 6, 17, 13
MM, 7, 16, 12
MM, 9, 16, 13
MM, 10, 16, 12
MM, 12, 15, 26
MM, 13, 15, 24
MC, 1, 238
MM, 12, 15, 1101
MM, 11, 16, 13
MM, 10, 16, 12
MM, 9, 18, 13
MM, 8, 18, 12
MM, 7, 20, 13
MM, 6, 21, 12
MM, 3, 23, 13
MM, 2, 26, 12
MM, 1, 29, 12
MM, 522, 534, 12
MM, 521, 537, 13
MM, 9, 0, 13
MM, 8, 1, 12
MM, 8, 3, 13
MM, 7, 3, 12
MM, 7, 4, 13
MM, 6, 5, 12
MM, 5, 6, 13
MM, 5, 8, 12
MM, 2, 10, 12
MM, 0, 13, 13
MM, 508, 557, 13
MM, 506, 561, 12
MM, 505, 565, 13
MM, 34, 28, 12
MM, 33, 30, 12
MM, 502, 571, 13
MM, 501, 572, 25
MM, 500, 574, 13
MM, 500, 575, 12
MM, 24, 1, 13
MM, 24, 3, 12
MM, 23, 4, 12
MM, 23, 7, 13
MM, 23, 10, 12
MM, 23, 14, 12
MM, 23, 17, 13
MM, 23, 20, 12
MM, 23, 22, 12
MM, 23, 24, 13
MM, 23, 26, 13
MM, 23, 29, 12
MM, 500, 611, 12
MM, 112, 4, 13
MM, 116, 9, 12
MM, 120, 13, 13
MM, 121, 16, 12
MM, 123, 18, 13
MM, 124, 19, 12
MM, 125, 21, 25
MM, 126, 21, 25
MM, 126, 22, 13
MC, 1, 313
MM, 127, 22, 12
MM, 127, 21, 25
MM, 127, 20, 13
MM, 128, 19, 12
MM, 128, 17, 13
MM, 129, 15, 12
MM, 129, 13, 12
MM, 131, 10, 13
MM, 132, 8, 13
MM, 132, 5, 12
MM, 132, 3, 12
MM, 133, 1, 13
MM, 134, 0, 13
MM, 524, 611, 12
MM, 526, 609, 13
MM, 527, 607, 12
MM, 10, 29, 12
MM, 12, 24, 13
MM, 14, 19, 12
MM, 16, 14, 13
MM, 17, 11, 13
MM, 19, 9, 12
MM, 20, 8, 12
MM, 20, 7, 13
MM, 21, 5, 12
MM, 22, 2, 13
MM, 540, 574, 12
MM, 33, 27, 12
MM, 36, 21, 13
MM, 548, 556, 12
MM, 551, 553, 13
MM, 552, 550, 12
MM, 1, 8, 13
MM, 2, 5, 12
MM, 4, 4, 13
MM, 4, 3, 12
MM, 5, 3, 13
MM, 5, 2, 12
MM, 6, 2, 13
MM, 7, 2, 175
MM, 8, 2, 12
MM, 9, 2, 13
MM, 10, 3, 13
MM, 11, 4, 50
MC, 1, 299
MM, 10, 4, 50
MM, 7, 4, 13
MM, 3, 5, 13
MM, 549, 544, 12
MM, 26, 6, 12
MM, 14, 7, 13
MM, 5, 7, 12
MM, 510, 546, 12
MM, 505, 546, 13
MM, 31, 7, 12
MM, 24, 7, 13
MM, 18, 7, 13
MM, 13, 7, 12
MM, 10, 6, 12
MM, 7, 5, 13
MM, 3, 4, 13
MM, 469, 540, 12
MM, 463, 536, 12
MM, 15, 27, 13
MM, 8, 24, 12
MM, 2, 21, 13
MM, 437, 521, 12
MM, 433, 520, 12
MM, 33, 16, 13
MM, 30, 16, 13
MM, 28, 15, 12
MM, 24, 13, 13
MM, 22, 12, 12
MM, 20, 12, 13
MM, 19, 11, 12
MM, 17, 10, 13
MM, 16, 10, 12
MM, 15, 9, 12
MM, 14, 9, 26
MC, 1, 311
MM, 15, 9, 64
MM, 18, 9, 12
MM, 20, 9, 12
MM, 24, 9, 13
MM, 27, 10, 13
MM, 33, 11, 23
MM, 434, 514, 1
MM, 438, 515, 12
MM, 2, 13, 14
MM, 5, 14, 11
MM, 7, 15, 13
MM, 8, 15, 12
MM, 9, 15, 14
MM, 11, 15, 12
MM, 12, 16, 12
MM, 13, 16, 14
MM, 13, 17, 12
MM, 14, 17, 25
MM, 15, 17, 37
MM, 11, 17, 624
MM, 3, 18, 13
MM, 13, 28, 12
MM, 27, 10, 13
MM, 12, 18, 12
MM, 55, 26, 13
MM, 323, 570, 12
MM, 317, 573, 12
MM, 314, 574, 13
MM, 312, 575, 12
MM, 310, 575, 13
MM, 1, 0, 13
MM, 0, 0, 12
MM, 309, 574, 138
MM, 311, 572, 25
MM, 316, 570, 12
MM, 43, 29, 13
MM, 48, 27, 13
MM, 54, 26, 12
MM, 57, 25, 12
MM, 339, 564, 13
MM, 342, 564, 12
MM, 0, 25, 13
MM, 3, 25, 13
MM, 5, 25, 12
MM, 8, 25, 12
MM, 11, 24, 12
MM, 12, 24, 13
MM, 14, 24, 12
MM, 15, 24, 26
MM, 16, 23, 24
MC, 1, 300
MM, 17, 22, 13
MM, 18, 22, 25
MM, 19, 21, 24
MM, 20, 21, 13
MM, 21, 20, 13
MM, 24, 19, 12
MM, 30, 17, 12
MM, 381, 554, 13
MM, 4, 12, 12
MM, 9, 10, 12
MM, 14, 7, 13
MM, 17, 5, 13
MM, 19, 4, 13
MM, 22, 2, 12
MM, 27, 0, 12
MM, 416, 537, 13
MM, 419, 536, 13
MM, 421, 534, 12
MM, 422, 534, 12
MM, 424, 533, 13
MM, 28, 30, 12
MM, 29, 30, 25
MM, 29, 29, 12
MM, 30, 29, 13
MM, 31, 28, 12
MM, 32, 27, 13
MM, 33, 27, 13
MM, 33, 26, 12
MM, 35, 26, 12
MM, 433, 527, 12
MM, 434, 526, 13
MM, 437, 525, 12
MM, 0, 23, 14
MM, 1, 22, 12
MM, 3, 21, 12
MM, 5, 21, 13
MM, 6, 20, 12
MM, 7, 19, 13
MM, 8, 19, 25
MM, 9, 19, 25
MM, 9, 18, 12
MC, 1, 300
MM, 11, 18, 125
MM, 13, 18, 13
MM, 18, 18, 12
MM, 27, 18, 13
MM, 35, 18, 12
MM, 480, 520, 13
MM, 1, 18, 12
MM, 4, 18, 13
MM, 6, 18, 13
MM, 9, 18, 12
MM, 12, 18, 13
MM, 15, 18, 12
MM, 16, 18, 12
MM, 17, 18, 13
MM, 19, 18, 13
MM, 20, 18, 24
MM, 21, 18, 25
MM, 22, 18, 25
MC, 1, 263
MM, 20, 21, 137
MM, 15, 27, 13
MM, 13, 17, 12
MM, 470, 582, 12
MM, 32, 16, 13
MM, 29, 24, 12
MM, 460, 610, 13
MM, 68, 2, 12
MM, 65, 8, 13
MM, 64, 11, 12
MM, 63, 14, 13
MM, 62, 16, 12
MM, 60, 18, 13
MM, 60, 19, 12
MM, 60, 21, 12
MM, 59, 21, 13
MM, 59, 22, 37
MC, 1, 463
MM, 57, 20, 99
MM, 55, 18, 13
MM, 51, 11, 12
MM, 430, 607, 13
MM, 30, 15, 13
MM, 22, 4, 12
MM, 406, 571, 13
MM, 15, 22, 12
MM, 11, 15, 12
MM, 9, 11, 13
MM, 7, 7, 13
MM, 6, 4, 12
MM, 4, 3, 12
MM, 3, 1, 13
MM, 387, 538, 12
MM, 386, 536, 12
MM, 385, 533, 13
MM, 32, 27, 13
MM, 31, 25, 12
MM, 31, 23, 13
MM, 30, 21, 12
MM, 28, 19, 13
MM, 28, 18, 25
MM, 27, 18, 12
MM, 27, 17, 13
MM, 26, 17, 12
MM, 25, 17, 13
MM, 24, 16, 12
MM, 23, 16, 12
MM, 23, 15, 13
MM, 22, 15, 13
MM, 21, 15, 25
MC, 1, 249
MM, 22, 15, 101
MM, 23, 15, 50
MM, 23, 17, 37
MM, 23, 18, 25
MM, 23, 20, 12
MM, 23, 21, 13
MM, 23, 23, 12
MM, 22, 27, 12
MM, 371, 534, 13
MM, 24, 0, 13
MM, 21, 4, 12
MM, 21, 8, 12
MM, 19, 11, 13
MM, 17, 14, 12
MM, 17, 17, 14
MM, 15, 21, 12
MM, 13, 23, 12
MM, 13, 24, 12
MM, 12, 25, 13
MM, 12, 26, 12
MM, 12, 27, 13
MM, 11, 27, 12
MC, 1, 238
MM, 11, 26, 125
MM, 11, 25, 25
MM, 12, 25, 62
MM, 12, 24, 12
MM, 12, 23, 26
MM, 13, 23, 12
MM, 14, 22, 12
MM, 15, 21, 13
MM, 19, 19, 12
MM, 24, 18, 12
MM, 33, 14, 14
MM, 2, 10, 12
MM, 14, 4, 12
MM, 417, 536, 12
MM, 30, 29, 13
MM, 433, 526, 13
MM, 437, 524, 12
MM, 1, 20, 13
MM, 3, 19, 12
MM, 4, 19, 13
MM, 4, 18, 12
MM, 5, 18, 12
MM, 5, 17, 14
MM, 6, 17, 199
MM, 8, 17, 25
MM, 9, 17, 12
MM, 12, 17, 13
MM, 14, 17, 13
MM, 17, 18, 12
MM, 19, 19, 12
MM, 22, 19, 13
MM, 23, 19, 12
MM, 23, 20, 13
MM, 24, 20, 12
MM, 25, 20, 13
MC, 1, 175
MM, 25, 21, 74
MM, 26, 21, 13
MM, 29, 22, 12
MM, 34, 25, 13
MM, 479, 532, 12
MM, 486, 535, 12
MM, 23, 1, 13
MM, 31, 6, 12
MM, 3, 15, 13
MM, 13, 24, 13
MM, 18, 29, 13
MM, 533, 571, 12
MM, 536, 574, 13
MM, 23, 0, 12
MM, 30, 3, 12
MM, 555, 584, 13
MM, 1, 11, 12
MM, 3, 12, 12
MM, 6, 14, 13
MM, 7, 16, 13
MM, 8, 17, 12
MM, 9, 18, 13
MM, 10, 19, 12
MM, 11, 20, 12
MM, 12, 21, 13
MM, 13, 21, 12
MM, 14, 22, 13
MM, 15, 22, 12
MM, 17, 23, 13
MM, 18, 23, 12
MM, 21, 24, 13
MM, 22, 24, 12
MM, 23, 24, 38
MC, 1, 187
MM, 22, 24, 25
MM, 22, 23, 238
MM, 23, 21, 13
MM, 27, 15, 12
MM, 596, 574, 12
MM, 7, 15, 13
MM, 13, 7, 13
MM, 15, 1, 11
MM, 615, 535, 13
MM, 9, 30, 12
MM, 11, 25, 14
MM, 12, 22, 11
MM, 13, 20, 14
MM, 13, 19, 24
MM, 14, 18, 13
MM, 14, 17, 62
MC, 1, 288
MM, 13, 18, 50
MM, 12, 20, 13
MM, 8, 24, 12
MM, 608, 534, 13
MM, 596, 543, 12
MM, 33, 14, 12
MM, 25, 27, 13
MM, 574, 575, 13
MM, 10, 5, 12
MM, 7, 9, 12
MM, 5, 13, 13
MM, 4, 15, 12
MM, 2, 17, 12
MM, 2, 18, 14
MM, 1, 19, 11
MM, 1, 20, 13
MM, 0, 20, 75
MM, 559, 596, 100
MM, 557, 596, 13
MM, 556, 596, 12
MM, 554, 596, 12
MM, 35, 20, 13
MM, 34, 20, 12
MM, 32, 20, 13
MM, 31, 20, 12
MM, 30, 20, 13
MM, 29, 20, 12
MM, 28, 20, 13
MM, 27, 20, 25
MM, 26, 20, 25
MM, 26, 19, 37
MC, 1, 175
MM, 25, 19, 163
MM, 24, 18, 25
MM, 22, 16, 13
MM, 21, 14, 12
MM, 19, 11, 13
MM, 17, 6, 12
MM, 14, 3, 12
MM, 12, 0, 13
MM, 528, 574, 13
MM, 527, 573, 12
MM, 527, 572, 12
MM, 526, 571, 13
MM, 526, 570, 25
MM, 15, 30, 25
MM, 14, 29, 25
MM, 14, 28, 25
MM, 13, 27, 25
MM, 13, 26, 25
MM, 13, 25, 25
MM, 13, 24, 37
MM, 13, 23, 13
MM, 13, 22, 37
MC, 1, 237
MM, 12, 22, 113
MM, 11, 24, 37
MM, 11, 25, 25
MM, 10, 27, 12
MM, 9, 28, 26
MM, 9, 30, 12
MM, 520, 570, 13
MM, 520, 572, 13
MM, 3, 0, 12
MM, 3, 4, 12
MM, 3, 8, 13
MM, 3, 11, 12
MM, 3, 14, 13
MM, 3, 16, 12
MM, 3, 17, 12
MM, 2, 19, 13
MM, 1, 22, 13
MM, 0, 25, 12
MM, 516, 605, 13
MM, 514, 610, 12
MM, 123, 0, 12
MM, 122, 2, 13
MM, 120, 4, 13
MM, 118, 6, 12
MM, 117, 8, 12
MM, 116, 9, 13
MM, 116, 10, 12
MM, 115, 11, 13
MM, 115, 12, 13
MM, 114, 12, 25
MC, 1, 361
MM, 114, 11, 263
MM, 114, 8, 12
MM, 117, 2, 14
MM, 514, 602, 12
MM, 2, 16, 12
MM, 6, 7, 12
MM, 526, 575, 12
MM, 527, 570, 14
MM, 16, 29, 12
MM, 17, 26, 12
MM, 17, 25, 13
MM, 17, 27, 275
MM, 17, 28, 25
MM, 16, 30, 25
MM, 526, 570, 12
MM, 524, 572, 13
MM, 4, 0, 12
MM, 1, 3, 13
MM, 515, 582, 13
MM, 513, 585, 12
MM, 511, 587, 12
MM, 34, 14, 13
MM, 32, 15, 12
MM, 30, 17, 13
MM, 29, 18, 13
MM, 27, 19, 12
MM, 26, 20, 12
MM, 24, 21, 25
MM, 21, 21, 13
MM, 17, 22, 12
MM, 13, 22, 13
MM, 10, 22, 12
MM, 7, 22, 13
MM, 4, 22, 12
MM, 1, 22, 13
MM, 473, 598, 12
MM, 34, 22, 12
MM, 28, 21, 13
MM, 24, 19, 13
MM, 21, 17, 12
MM, 19, 17, 13
MM, 18, 15, 12
MM, 17, 13, 12
MC, 1, 351
MM, 19, 12, 125
MM, 25, 10, 12
MM, 470, 583, 13
MM, 497, 574, 12
MM, 36, 16, 13
MM, 5, 10, 12
MM, 15, 6, 13
MM, 25, 2, 12
MM, 591, 538, 13
MM, 599, 535, 12
MM, 604, 533, 13
MM, 1, 30, 12
MM, 4, 29, 12
MM, 6, 29, 12
MM, 11, 28, 14
MM, 14, 27, 12
MM, 17, 26, 12
MM, 20, 26, 13
MM, 21, 26, 12
MM, 22, 26, 12
MM, 22, 25, 14
MM, 23, 25, 24
MC, 1, 314
MM, 21, 25, 162
MM, 18, 25, 12
MM, 10, 25, 13
MM, 14, 30, 13
MM, 526, 537, 12
MM, 9, 2, 12
MM, 35, 2, 13
MM, 23, 3, 12
MM, 13, 4, 13
MM, 3, 4, 12
MM, 426, 543, 12
MM, 424, 543, 13
MM, 423, 543, 12
MM, 421, 543, 14
MM, 35, 4, 37
MM, 35, 5, 275
MM, 34, 6, 13
MM, 34, 7, 49
MM, 33, 7, 13
MM, 32, 7, 13
MM, 32, 8, 12
MM, 32, 9, 25
MM, 31, 9, 12
MM, 31, 10, 13
MM, 33, 10, 224
MM, 421, 549, 14
MM, 0, 11, 12
MM, 7, 12, 12
MM, 12, 12, 13
MM, 17, 13, 12
MM, 19, 13, 13
MM, 20, 13, 24
MM, 21, 13, 25
MC, 1, 238
MM, 20, 13, 37
MM, 19, 13, 13
MM, 17, 11, 13
MM, 13, 8, 12
MM, 7, 1, 13
MM, 429, 536, 12
MM, 29, 29, 12
MM, 28, 27, 23
MM, 26, 25, 2
MM, 26, 23, 13
MM, 25, 22, 25
MM, 25, 21, 24
MM, 25, 20, 63
MC, 1, 225
MM, 26, 20, 37
MM, 30, 20, 12
MM, 438, 521, 13
MM, 8, 18, 13
MM, 18, 18, 12
MM, 28, 18, 13
MM, 479, 520, 12
MM, 5, 18, 13
MM, 8, 18, 12
MM, 12, 18, 12
MM, 15, 18, 13
MM, 17, 18, 13
MM, 19, 18, 13
MM, 23, 19, 12
MM, 24, 19, 225
MM, 29, 19, 12
MM, 522, 521, 13
MM, 17, 19, 12
MM, 34, 19, 13
MM, 9, 19, 12
MM, 17, 19, 13
MM, 20, 19, 12
MM, 23, 19, 13
MM, 25, 19, 13
MM, 28, 19, 12
MM, 29, 19, 13
MM, 30, 19, 12
MM, 32, 19, 13
MM, 35, 19, 12
MM, 602, 521, 13
MM, 605, 522, 12
MM, 0, 20, 12
MM, 1, 20, 12
MM, 2, 20, 13
MM, 3, 20, 13
MM, 4, 20, 12
MM, 5, 20, 13
MM, 6, 20, 12
MM, 7, 20, 13
MM, 8, 20, 12
MM, 10, 20, 12
MM, 12, 20, 13
MM, 14, 20, 12
MM, 17, 21, 13
MM, 20, 21, 13
MM, 21, 21, 12
MM, 22, 21, 13
MM, 24, 21, 12
MM, 25, 21, 25
MM, 26, 21, 25
MM, 27, 21, 12
MM, 28, 21, 13
MM, 29, 21, 25
MM, 30, 21, 25
MM, 638, 523, 25
MM, 639, 523, 361
MM, 640, 523, 14
MM, 642, 523, 12
MM, 643, 523, 13
MM, 0, 21, 24
MM, 1, 21, 13
MM, 2, 20, 12
MM, 3, 19, 37
MM, 4, 19, 26
MM, 5, 19, 25
MM, 6, 18, 12
MM, 7, 18, 13
MM, 8, 18, 13
MM, 9, 18, 11
MM, 9, 17, 13
MM, 10, 17, 25
MC, 1, 301
MM, 10, 20, 146
MM, 9, 22, 3
MM, 9, 25, 13
MM, 8, 27, 13
MM, 6, 30, 12
MM, 649, 535, 12
MM, 12, 2, 13
MM, 10, 13, 12
MM, 10, 22, 13
MM, 10, 27, 13
MM, 647, 572, 12
MM, 7, 0, 13
MM, 7, 7, 12
MM, 7, 14, 13
MM, 8, 18, 12
MM, 8, 20, 13
MM, 9, 22, 12
MM, 9, 23, 13
MM, 9, 25, 12
MM, 9, 26, 13
MM, 9, 27, 25
MC, 1, 225
MM, 8, 27, 262
MM, 4, 24, 12
MM, 638, 594, 13
MM, 26, 9, 12
MM, 621, 575, 13
MM, 618, 571, 12
MM, 18, 27, 12
MM, 16, 24, 13
MM, 15, 21, 12
MM, 14, 19, 13
MM, 13, 18, 12
MM, 13, 17, 13
MM, 13, 16, 12
MM, 13, 15, 13
MM, 13, 14, 12
MM, 12, 14, 125
MM, 11, 14, 38
MM, 10, 14, 12
MM, 8, 14, 12
MM, 5, 14, 13
MM, 3, 14, 13
MM, 1, 14, 13
MM, 595, 553, 12
MM, 592, 553, 12
MM, 36, 14, 13
MM, 33, 14, 12
MM, 32, 14, 13
MM, 31, 14, 12
MM, 30, 14, 13
MM, 29, 14, 12
MM, 28, 14, 50
MC, 1, 149
MM, 27, 14, 177
MM, 20, 14, 12
MM, 7, 14, 12
MM, 24, 12, 12
MM, 421, 545, 13
MM, 32, 2, 13
MM, 20, 1, 12
MM, 10, 1, 13
MM, 342, 540, 13
MM, 55, 1, 12
MM, 51, 1, 12
MM, 49, 1, 13
MM, 47, 1, 12
MM, 48, 1, 237
MM, 52, 1, 13
MM, 339, 541, 12
MM, 0, 5, 13
MM, 6, 7, 13
MM, 11, 8, 12
MM, 14, 9, 13
MM, 16, 10, 12
MM, 18, 11, 12
MM, 19, 11, 13
MM, 20, 11, 25
MM, 21, 11, 37
MC, 1, 250
MM, 22, 12, 50
MM, 25, 12, 13
MM, 27, 13, 12
MM, 31, 13, 12
MM, 34, 13, 13
MM, 384, 553, 13
MM, 6, 15, 12
MM, 10, 15, 12
MM, 13, 16, 13
MM, 14, 16, 12
MM, 16, 16, 13
MM, 21, 15, 212
MM, 31, 9, 13
MM, 9, 0, 12
MM, 17, 28, 12
MM, 33, 25, 13
MM, 481, 526, 13
MM, 4, 23, 12
MM, 7, 22, 12
MM, 9, 21, 12
MM, 10, 21, 13
MM, 11, 21, 13
MM, 12, 21, 13
MC, 1, 387
MM, 9, 21, 50
MM, 6, 22, 13
MM, 2, 23, 12
MM, 478, 526, 13
MM, 33, 26, 12
MM, 30, 29, 12
MM, 463, 533, 13
MM, 457, 535, 13
MM, 449, 538, 12
MM, 15, 1, 12
MM, 8, 4, 13
MM, 5, 6, 12
MM, 1, 6, 12
MM, 0, 8, 14
MM, 426, 548, 12
MM, 424, 548, 12
MM, 423, 549, 25
MM, 422, 549, 50
MM, 421, 550, 13
MM, 35, 12, 37
MM, 34, 13, 12
MM, 33, 13, 13
MM, 32, 14, 12
MM, 31, 14, 26
MM, 30, 14, 24
MM, 29, 15, 12
MM, 28, 15, 14
MM, 28, 16, 11
MM, 27, 16, 13
MM, 26, 16, 12
MM, 25, 17, 26
MM, 24, 17, 24
MM, 23, 17, 64
MC, 1, 236
MM, 23, 18, 113
MM, 23, 19, 13
MM, 24, 22, 12
MM, 26, 25, 13
MM, 31, 29, 12
MM, 422, 574, 13
MM, 429, 579, 12
MM, 0, 8, 13
MM, 3, 13, 12
MM, 6, 17, 12
MM, 8, 19, 13
MM, 11, 21, 13
MM, 13, 24, 12
MM, 16, 26, 13
MM, 19, 27, 12
MM, 24, 29, 12
MM, 27, 30, 13
MM, 29, 30, 13
MM, 465, 607, 12
MM, 466, 608, 13
MM, 467, 608, 12
MM, 467, 609, 12
MM, 468, 609, 13
MM, 468, 610, 13
MM, 469, 610, 12
MM, 469, 611, 12
MM, 469, 612, 13
MM, 470, 612, 23
MM, 471, 612, 27
MM, 81, 0, 25
MM, 81, 1, 25
MM, 82, 2, 12
MM, 82, 3, 12
MM, 83, 3, 13
MM, 83, 5, 12
MM, 84, 5, 13
MM, 84, 6, 12
MM, 85, 7, 139
MM, 86, 8, 36
MM, 87, 9, 13
MM, 88, 10, 13
MM, 88, 11, 12
MM, 89, 12, 25
MM, 89, 13, 62
MC, 1, 225
MM, 91, 12, 151
MM, 100, 8, 12
MM, 508, 611, 12
MM, 20, 24, 13
MM, 12, 11, 12
MM, 29, 6, 13
MM, 36, 3, 13
MM, 606, 575, 12
MM, 620, 570, 12
MM, 33, 27, 13
MM, 634, 563, 13
MM, 1, 22, 12
MM, 4, 21, 13
MM, 7, 20, 12
MM, 10, 19, 12
MM, 16, 18, 13
MM, 19, 17, 13
MM, 22, 16, 12
MM, 25, 15, 12
MM, 26, 14, 13
MM, 28, 14, 12
MM, 29, 13, 13
MM, 30, 12, 12
MM, 30, 11, 25
MM, 31, 11, 13
MM, 32, 9, 25
MM, 32, 8, 24
MM, 32, 5, 13
MM, 32, 2, 13
MM, 32, 0, 12
MM, 669, 536, 13
MM, 669, 533, 12
MM, 25, 28, 12
MM, 25, 25, 13
MM, 24, 23, 13
MM, 23, 21, 12
MM, 23, 19, 12
MM, 22, 17, 13
MM, 21, 16, 12
MM, 21, 15, 13
MM, 20, 14, 12
MM, 20, 13, 13
MM, 19, 12, 12
MM, 19, 11, 63
MC, 1, 150
MM, 18, 11, 38
MM, 15, 11, 12
MM, 8, 13, 13
MM, 19, 17, 11
MM, 25, 26, 14
MM, 4, 30, 12
MM, 542, 535, 13
MM, 10, 1, 12
MM, 509, 542, 13
MM, 28, 4, 12
MM, 16, 6, 13
MM, 10, 7, 11
MM, 7, 8, 13
MM, 6, 8, 13
MM, 5, 8, 13
MM, 4, 8, 12
MM, 7, 8, 149
MM, 11, 8, 13
MM, 16, 9, 13
MM, 20, 9, 12
MM, 22, 9, 13
MM, 23, 10, 12
MM, 24, 11, 13
MM, 25, 11, 12
MM, 26, 11, 50
MC, 1, 200
MC, 2, 250
MM, 26, 12, 124
MM, 26, 13, 26
MM, 26, 18, 25
MM, 25, 23, 12
MM, 24, 26, 13
MM, 493, 571, 12
MM, 16, 1, 13
MM, 14, 10, 12
MM, 13, 18, 13
MM, 12, 24, 12
MM, 11, 28, 12
MM, 486, 607, 13
MM, 486, 610, 13
MM, 96, 0, 12
MM, 96, 6, 13
MM, 96, 11, 13
MM, 96, 15, 11
MM, 96, 18, 12
MM, 96, 21, 13
MM, 96, 22, 12
MM, 96, 24, 14
MM, 96, 25, 25
MC, 1, 299
MM, 96, 22, 88
MM, 96, 17, 12
MM, 96, 10, 13
MM, 488, 611, 12
MM, 494, 571, 37
MM, 25, 24, 13
MM, 26, 17, 12
MM, 28, 12, 12
MM, 29, 4, 13
MM, 499, 537, 12
MM, 500, 533, 15
MM, 19, 29, 11
MM, 19, 26, 12
MM, 19, 24, 13
MM, 19, 23, 12
MM, 19, 22, 12
MM, 19, 21, 13
MM, 19, 20, 13
MM, 19, 19, 12
MM, 19, 18, 25
MM, 19, 17, 12
MM, 20, 16, 13
MM, 20, 15, 25
MM, 22, 15, 213
MM, 23, 15, 12
MM, 26, 15, 12
MM, 29, 16, 14
MM, 517, 520, 12
MM, 1, 20, 12
MM, 11, 23, 13
MM, 28, 25, 12
MM, 562, 529, 13
MM, 4, 27, 12
MM, 11, 28, 12
MM, 22, 30, 13
MM, 32, 30, 12
MM, 605, 532, 13
MM, 1, 30, 13
MM, 4, 30, 12
MM, 614, 533, 13
MM, 615, 533, 11
MM, 616, 534, 13
MM, 618, 534, 226
MM, 621, 533, 12
MM, 19, 28, 13
MM, 27, 23, 12
MM, 642, 520, 12
MM, 6, 15, 13
MM, 12, 12, 13
MM, 14, 10, 12
MM, 16, 9, 12
MM, 17, 9, 13
MM, 18, 9, 50
MM, 18, 8, 100
MC, 1, 175
MM, 14, 12, 99
MM, 7, 20, 13
MM, 639, 532, 13
MM, 29, 6, 12
MM, 15, 17, 12
MM, 6, 23, 14
MM, 0, 29, 12
MM, 591, 573, 12
MM, 26, 3, 13
MM, 18, 10, 14
MM, 9, 16, 11
MM, 1, 24, 13
MM, 556, 607, 11
MM, 552, 612, 13
MM, 160, 1, 13
MM, 158, 4, 14
MM, 157, 5, 11
MM, 155, 6, 13
MM, 154, 6, 237
MM, 152, 6, 13
MM, 149, 7, 12
MM, 144, 7, 12
MM, 136, 9, 13
MM, 127, 12, 13
MM, 122, 13, 12
MM, 118, 14, 12
MM, 116, 15, 12
MM, 113, 16, 13
MM, 112, 16, 12
MM, 111, 16, 13
MM, 110, 17, 12
MM, 110, 18, 25
MM, 109, 18, 12
MC, 1, 889
MM, 108, 17, 288
MM, 108, 13, 12
MM, 106, 6, 13
MM, 18, 29, 12
MM, 17, 13, 13
MM, 21, 30, 12
MM, 21, 21, 13
MM, 21, 16, 12
MM, 21, 13, 13
MM, 21, 12, 12
MM, 21, 11, 13
MM, 21, 10, 12
MM, 21, 9, 12
MM, 21, 8, 13
MM, 20, 7, 12
MM, 19, 7, 314
MM, 18, 7, 24
MM, 17, 7, 13
MM, 15, 6, 13
MM, 11, 6, 11
MM, 3, 6, 13
MM, 36, 7, 13
MM, 29, 8, 12
MM, 25, 8, 13
MM, 23, 8, 12
MM, 21, 9, 13
MM, 20, 9, 25
MM, 19, 10, 24
MM, 18, 10, 26
MM, 17, 10, 213
MM, 16, 10, 15
MM, 13, 11, 9
MM, 8, 11, 12
MM, 1, 12, 13
MM, 422, 551, 13
MM, 33, 12, 12
MM, 31, 12, 13
MM, 30, 12, 12
MM, 29, 12, 13
MM, 28, 12, 86
MM, 27, 12, 76
MM, 26, 12, 37
MC, 1, 187
MM, 27, 12, 26
MM, 30, 12, 12
MM, 35, 12, 13
MM, 1, 12, 12
MM, 7, 12, 13
MM, 12, 12, 13
MM, 14, 12, 12
MM, 18, 12, 12
MM, 26, 10, 13
MM, 466, 547, 12
MM, 9, 6, 13
MM, 21, 2, 12
MM, 522, 535, 13
MM, 17, 29, 12
MM, 32, 25, 13
MM, 19, 20, 12
MM, 30, 17, 13
MM, 36, 16, 12
MM, 603, 517, 13
MM, 0, 15, 12
MM, 3, 15, 12
MM, 4, 15, 201
MM, 6, 15, 13
MM, 8, 15, 12
MM, 12, 15, 12
MM, 24, 15, 12
MM, 0, 17, 13
MM, 10, 18, 13
MM, 13, 20, 12
MM, 16, 21, 13
MM, 17, 21, 12
MM, 19, 21, 12
MM, 21, 21, 25
MM, 22, 21, 38
MC, 1, 274
MM, 22, 22, 75
MM, 23, 22, 13
MM, 25, 23, 12
MM, 27, 24, 13
MM, 31, 27, 12
MM, 36, 30, 12
MM, 684, 534, 13
MM, 687, 537, 13
MM, 689, 538, 12
MM, 13, 2, 12
MM, 14, 2, 13
MM, 15, 4, 12
MM, 16, 4, 13
MM, 17, 5, 25
MC, 1, 237
MM, 15, 5, 112
MM, 7, 5, 13
MM, 29, 5, 12
MM, 15, 5, 12
MM, 0, 5, 14
MM, 20, 5, 12
MM, 7, 5, 13
MM, 593, 545, 13
MM, 13, 8, 12
MM, 552, 547, 12
MM, 33, 8, 13
MM, 28, 8, 12
MM, 21, 8, 13
MM, 16, 8, 12
MM, 13, 8, 13
MM, 10, 8, 21
MM, 8, 8, 3
MM, 6, 8, 13
MM, 4, 8, 12
MM, 1, 8, 13
MM, 508, 547, 13
MM, 505, 546, 12
MM, 30, 6, 12
MM, 28, 6, 13
MM, 26, 6, 12
MM, 25, 6, 13
MM, 24, 6, 12
MM, 23, 6, 25
MM, 22, 6, 13
MM, 21, 6, 12
MM, 20, 7, 12
MM, 19, 10, 13
MM, 17, 10, 12
MM, 15, 12, 13
MM, 13, 13, 13
MM, 7, 14, 12
MM, 3, 15, 12
MM, 469, 556, 13
MM, 464, 557, 12
MM, 35, 18, 13
MM, 33, 19, 12
MM, 31, 19, 12
MM, 29, 19, 12
MM, 28, 19, 14
MM, 27, 19, 11
MM, 26, 19, 14
MM, 25, 19, 12
MM, 24, 19, 13
MC, 1, 262
MM, 25, 19, 101
MM, 28, 19, 12
MM, 35, 16, 12
MM, 12, 8, 13
MM, 29, 2, 12
MM, 513, 537, 13
MM, 7, 30, 12
MM, 21, 28, 13
MM, 29, 26, 12
MM, 559, 527, 13
MM, 4, 24, 13
MM, 12, 24, 12
MM, 19, 23, 12
MM, 23, 23, 12
MM, 26, 23, 13
MM, 28, 23, 13
MM, 30, 23, 12
MM, 31, 23, 13
MM, 33, 23, 12
MM, 35, 23, 12
MM, 601, 525, 13
MM, 602, 525, 13
MM, 603, 524, 12
MM, 604, 524, 13
MM, 605, 524, 37
MM, 606, 524, 13
MM, 0, 22, 26
MM, 1, 22, 36
MM, 2, 22, 25
MM, 3, 21, 25
MM, 4, 21, 25
MM, 5, 21, 25
MM, 6, 21, 12
MM, 7, 21, 13
MM, 8, 21, 12
MM, 8, 20, 13
MM, 9, 20, 24
MC, 1, 200
MM, 8, 19, 89
MM, 4, 19, 12
MM, 35, 17, 12
MM, 6, 13, 13
MM, 503, 500, 12
MM, 1, 28, 13
MM, 25, 23, 13
MM, 5, 20, 12
MM, 434, 483, 12
MM, 429, 483, 12
MM, 33, 17, 13
MM, 28, 17, 13
MM, 22, 17, 12
MM, 17, 17, 13
MM, 10, 17, 12
MM, 6, 17, 13
MM, 3, 18, 12
MM, 2, 18, 12
MM, 0, 19, 13
MM, 390, 484, 12
MM, 389, 485, 12
MM, 390, 485, 76
MM, 3, 20, 12
MM, 11, 21, 13
MM, 18, 22, 12
MM, 22, 22, 13
MM, 23, 24, 12
MM, 25, 25, 13
MM, 27, 26, 25
MM, 28, 27, 12
MM, 29, 29, 13
MM, 422, 496, 12
MM, 423, 498, 12
MM, 424, 499, 13
MM, 29, 0, 12
MM, 29, 1, 13
MM, 30, 2, 12
MM, 31, 4, 13
MM, 32, 5, 50
MM, 32, 6, 38
MM, 32, 7, 62
MM, 32, 8, 37
MM, 32, 9, 25
MC, 1, 175
MM, 35, 9, 100
MM, 434, 511, 12
MM, 437, 512, 13
MM, 0, 11, 12
MM, 2, 11, 12
MM, 3, 12, 13
MM, 5, 12, 13
MM, 6, 12, 25
MC, 1, 262
MM, 6, 13, 63
MM, 6, 15, 25
MM, 5, 16, 12
MM, 2, 18, 13
MM, 436, 523, 12
MM, 32, 26, 13
MM, 28, 30, 12
MM, 420, 536, 12
MM, 417, 538, 13
MM, 30, 1, 12
MM, 29, 2, 13
MM, 27, 3, 13
MM, 26, 4, 12
MM, 25, 4, 12
MM, 25, 5, 13
MM, 24, 5, 25
MC, 1, 200
MM, 24, 6, 63
MM, 24, 7, 12
MM, 24, 8, 12
MM, 24, 13, 13
MM, 29, 25, 12
MM, 30, 3, 13
MM, 429, 587, 12
MM, 2, 15, 13
MM, 6, 19, 13
MM, 9, 21, 12
MM, 11, 22, 12
MM, 13, 23, 13
MM, 15, 23, 12
MM, 16, 24, 13
MM, 18, 26, 263
MM, 20, 27, 12
MM, 457, 607, 12
MM, 460, 610, 13
MM, 462, 612, 13
MM, 74, 2, 12
MM, 75, 4, 12
MM, 77, 5, 13
MM, 78, 8, 13
MM, 79, 9, 12
MM, 79, 11, 13
MM, 80, 13, 12
MM, 82, 15, 12
MM, 82, 16, 13
MM, 82, 17, 12
MM, 83, 18, 26
MC, 1, 337
MM, 83, 16, 275
MM, 83, 4, 25
MM, 474, 597, 12
MM, 474, 582, 12
MM, 474, 573, 13
MM, 4, 28, 12
MM, 4, 23, 13
MM, 4, 19, 13
MM, 4, 15, 11
MM, 4, 12, 13
MM, 4, 9, 13
MM, 4, 7, 12
MM, 3, 7, 238
MM, 2, 6, 12
MM, 0, 5, 13
MM, 468, 543, 12
MM, 464, 542, 13
MM, 32, 0, 12
MM, 452, 537, 12
MM, 445, 535, 12
MM, 440, 534, 13
MM, 438, 534, 13
MM, 437, 534, 12
MM, 435, 533, 12
MM, 434, 532, 26
MM, 433, 531, 26
MM, 35, 29, 224
MM, 33, 29, 12
MM, 29, 28, 12
MM, 19, 27, 13
MM, 7, 24, 13
MM, 396, 524, 12
MM, 391, 522, 13
MM, 38, 19, 12
MM, 36, 19, 13
MM, 35, 18, 37
MM, 34, 18, 163
MM, 33, 18, 24
MM, 32, 18, 13
MM, 31, 18, 13
MM, 29, 18, 24
MM, 27, 18, 13
MM, 26, 18, 12
MM, 25, 18, 13
MM, 24, 18, 50
MC, 1, 175
MM, 26, 18, 50
MM, 29, 18, 12
MM, 34, 18, 13
MM, 7, 18, 12
MM, 34, 18, 12
MM, 8, 19, 13
MM, 18, 22, 12
MM, 33, 24, 12
MM, 481, 528, 13
MM, 4, 28, 13
MM, 8, 30, 12
MM, 11, 30, 12
MM, 496, 533, 13
MM, 498, 534, 12
MM, 500, 535, 14
MM, 502, 535, 12
MM, 503, 535, 12
MM, 504, 535, 13
MM, 504, 536, 137
MM, 505, 536, 50
MM, 507, 537, 13
MM, 508, 539, 12
MM, 0, 3, 13
MM, 5, 7, 12
MM, 14, 10, 13
MM, 26, 12, 12
MM, 35, 14, 13
MM, 552, 554, 12
MM, 0, 16, 12
MM, 2, 17, 12
MM, 3, 17, 13
MM, 4, 17, 12
MM, 5, 17, 13
MM, 6, 17, 25
MM, 7, 17, 25
MM, 9, 17, 388
MM, 13, 16, 13
MM, 19, 15, 11
MM, 33, 10, 13
MM, 0, 7, 13
MM, 7, 5, 12
MM, 14, 2, 13
MM, 618, 538, 13
MM, 628, 534, 12
MM, 27, 29, 12
MM, 638, 529, 13
MM, 641, 527, 12
MM, 643, 526, 12
MM, 0, 22, 13
MM, 2, 22, 12
MM, 3, 21, 13
MM, 4, 20, 12
MM, 7, 20, 13
MM, 9, 19, 13
MM, 11, 18, 12
MM, 13, 17, 13
MM, 15, 17, 12
MM, 16, 17, 25
MC, 1, 238
MM, 15, 17, 62
MM, 13, 17, 13
MM, 9, 18, 12
MM, 0, 26, 13
MM, 28, 1, 12
MM, 596, 556, 14
MM, 29, 25, 11
MM, 567, 572, 13
MM, 25, 7, 12
MM, 14, 14, 13
MM, 5, 23, 12
MM, 513, 605, 12
MM, 107, 0, 14
MM, 99, 4, 12
MM, 94, 7, 12
MM, 91, 8, 13
MM, 89, 9, 12
MM, 88, 10, 13
MM, 87, 10, 12
MM, 87, 11, 13
MM, 86, 11, 13
MM, 85, 12, 11
MC, 1, 476
MM, 84, 12, 86
MM, 83, 12, 12
MM, 82, 10, 13
MM, 77, 4, 12
MM, 26, 28, 15
MM, 19, 17, 10
MM, 14, 7, 12
MM, 11, 0, 13
MM, 16, 30, 13
MM, 13, 22, 12
MM, 11, 14, 12
MM, 10, 9, 13
MM, 10, 6, 12
MM, 9, 4, 13
MM, 8, 4, 238
MM, 5, 4, 13
MM, 0, 3, 12
MM, 32, 1, 12
MM, 407, 537, 13
MM, 402, 535, 13
MM, 397, 534, 12
MM, 394, 532, 13
MM, 392, 532, 12
MM, 38, 29, 12
MM, 37, 28, 12
MM, 36, 28, 13
MM, 35, 28, 12
MM, 35, 27, 13
MM, 34, 27, 38
MC, 1, 299
MM, 34, 26, 63
MM, 37, 25, 12
MM, 395, 526, 13
MM, 19, 19, 13
MM, 19, 13, 12
MM, 481, 513, 12
MM, 30, 9, 13
MM, 5, 9, 12
MM, 16, 8, 13
MM, 560, 509, 12
MM, 16, 5, 13
MM, 24, 4, 12
MM, 30, 4, 13
MM, 605, 505, 12
MM, 8, 3, 13
MM, 15, 1, 12
MM, 18, 0, 12
MM, 20, 0, 13
MM, 628, 501, 14
MM, 629, 501, 13
MM, 629, 500, 11
MM, 630, 500, 225
MM, 24, 0, 13
MM, 26, 2, 12
MM, 28, 5, 13
MM, 641, 511, 12
MM, 1, 12, 12
MM, 4, 14, 13
MM, 7, 15, 16
MM, 8, 16, 9
MM, 9, 17, 12
MM, 10, 17, 13
MM, 11, 17, 12
MM, 11, 18, 14
MM, 12, 18, 11
MM, 13, 18, 25
MM, 13, 19, 13
MC, 1, 299
MM, 9, 19, 301
MM, 642, 521, 12
MM, 6, 13, 13
MM, 26, 1, 13
MM, 529, 497, 12
MM, 0, 30, 13
MM, 32, 28, 12
MM, 22, 26, 12
MM, 18, 25, 13
MM, 15, 24, 13
MM, 12, 24, 12
MM, 10, 24, 11
MM, 9, 22, 14
MM, 8, 22, 237
MM, 6, 22, 25
MM, 5, 24, 13
MM, 2, 25, 12
MM, 477, 493, 13
MM, 471, 497, 12
MM, 465, 500, 13
MM, 23, 0, 12
MM, 21, 1, 12
MM, 19, 3, 13
MM, 18, 4, 25
MM, 18, 5, 300
MM, 17, 6, 12
MM, 17, 8, 13
MM, 16, 9, 12
MM, 16, 11, 13
MM, 16, 12, 12
MM, 16, 13, 12
MM, 15, 14, 13
MM, 16, 14, 239
MM, 17, 14, 12
MM, 19, 14, 12
MM, 23, 13, 13
MM, 29, 11, 12
MM, 33, 11, 13
MM, 36, 10, 12
MM, 476, 512, 13
MM, 477, 512, 12
MM, 478, 512, 25
MM, 476, 512, 150
MM, 34, 10, 13
MM, 29, 10, 13
MM, 23, 11, 12
MM, 18, 12, 12
MM, 15, 12, 13
MM, 13, 13, 12
MM, 12, 13, 13
MM, 11, 13, 24
MC, 1, 262
MM, 12, 14, 12
MM, 15, 14, 13
MM, 22, 15, 12
MM, 35, 19, 14
MM, 4, 23, 12
MM, 12, 27, 12
MM, 501, 533, 13
MM, 510, 537, 12
MM, 8, 1, 13
MM, 13, 4, 11
MM, 16, 4, 13
MM, 18, 5, 13
MM, 20, 7, 13
MM, 22, 7, 12
MM, 24, 8, 12
MM, 25, 9, 12
MM, 26, 9, 14
MM, 27, 9, 226
MM, 30, 9, 11
MM, 33, 9, 12
MM, 550, 548, 13
MM, 8, 9, 12
MM, 24, 9, 13
MM, 591, 548, 13
MM, 1, 9, 12
MM, 7, 11, 12
MM, 10, 13, 13
MM, 14, 15, 12
MM, 18, 16, 13
MM, 21, 17, 12
MM, 22, 18, 12
MM, 23, 18, 13
MM, 25, 19, 13
MM, 26, 19, 13
MM, 27, 19, 12
MM, 28, 19, 12
MM, 29, 19, 12
MM, 30, 19, 26
MM, 31, 20, 38
MM, 32, 20, 12
MM, 33, 20, 13
MM, 631, 559, 12
MM, 632, 559, 12
MM, 633, 559, 13
MM, 635, 559, 13
MM, 0, 20, 12
MM, 2, 20, 13
MM, 4, 20, 12
MM, 5, 20, 12
MM, 7, 20, 13
MM, 8, 20, 25
MC, 1, 299
MM, 6, 20, 151
MM, 0, 20, 13
MM, 28, 22, 13
MM, 595, 575, 11
MM, 30, 20, 13
MM, 15, 28, 13
MM, 524, 608, 12
MM, 124, 1, 13
MM, 110, 5, 12
MM, 100, 11, 12
MM, 94, 14, 13
MM, 91, 17, 12
MM, 88, 20, 13
MM, 87, 21, 12
MM, 85, 22, 13
MM, 83, 24, 12
MM, 82, 26, 12
MM, 79, 27, 14
MM, 77, 29, 12
MM, 75, 30, 13
MM, 464, 644, 12
MM, 462, 646, 12
MM, 461, 646, 26
MM, 460, 647, 12
MM, 460, 648, 25
MM, 461, 648, 236
MM, 462, 647, 13
MM, 463, 647, 12
MM, 464, 647, 13
MM, 465, 647, 25
MM, 466, 647, 25
MM, 467, 647, 37
MM, 468, 646, 38
MM, 469, 646, 75
MM, 469, 645, 13
MM, 470, 645, 88
MM, 470, 644, 11
MM, 80, 30, 38
MM, 80, 29, 62
MM, 81, 29, 38
MM, 81, 28, 25
MM, 82, 27, 49
MM, 82, 26, 26
MM, 82, 25, 25
MM, 83, 24, 24
MM, 83, 23, 26
MM, 83, 22, 24
MM, 83, 21, 51
MC, 1, 236
MM, 83, 20, 164
MM, 83, 19, 13
MM, 85, 17, 11
MM, 86, 15, 12
MM, 91, 9, 13
MM, 97, 3, 13
MM, 17, 30, 12
MM, 22, 23, 12
MM, 23, 19, 13
MM, 25, 16, 13
MM, 26, 15, 12
MM, 26, 13, 12
MM, 26, 12, 12
MM, 26, 11, 25
MM, 26, 10, 14
MM, 26, 9, 12
MM, 26, 8, 12
MM, 26, 6, 13
MM, 26, 4, 12
MM, 25, 1, 13
MM, 498, 572, 13
MM, 26, 30, 12
MM, 23, 26, 12
MM, 20, 23, 12
MM, 18, 20, 14
MM, 17, 19, 12
MM, 16, 18, 12
MM, 16, 17, 50
MC, 1, 214
MM, 18, 17, 62
MM, 22, 17, 11
MM, 33, 16, 13
MM, 16, 15, 13
MM, 33, 13, 13
MM, 0, 13, 12
MM, 7, 13, 13
MM, 16, 13, 12
MM, 23, 13, 13
MM, 27, 13, 12
MM, 30, 13, 13
MM, 31, 13, 12
MM, 32, 12, 200
MM, 34, 11, 13
MM, 1, 5, 12
MM, 617, 533, 12
MM, 638, 523, 13
MM, 13, 14, 13
MM, 23, 11, 11
MM, 29, 10, 13
MM, 33, 9, 13
MM, 35, 9, 12
MM, 36, 8, 13
MM, 681, 510, 24
MM, 682, 510, 39
MM, 681, 510, 174
MM, 35, 8, 12
MM, 32, 8, 13
MM, 27, 9, 13
MM, 23, 11, 12
MM, 21, 11, 13
MM, 19, 12, 13
MM, 18, 12, 24
MC, 1, 261
MM, 15, 12, 126
MM, 10, 12, 13
MM, 642, 514, 12
MM, 0, 10, 13
MM, 563, 510, 12
MM, 28, 7, 12
MM, 18, 7, 13
MM, 7, 7, 13
MM, 2, 7, 12
MM, 522, 509, 13
MM, 520, 509, 11
MM, 518, 509, 13
MM, 517, 509, 25
MM, 34, 7, 13
MM, 33, 7, 13
MM, 31, 7, 12
MM, 28, 7, 13
MM, 24, 8, 12
MM, 19, 8, 12
MM, 14, 8, 13
MM, 10, 9, 13
MM, 7, 9, 12
MM, 6, 9, 12
MM, 5, 9, 13
MM, 4, 9, 12
MM, 2, 9, 13
MM, 1, 9, 25
MM, 480, 511, 13
MM, 476, 511, 12
MM, 34, 9, 13
MM, 32, 9, 12
MM, 30, 9, 13
MM, 29, 9, 11
MM, 28, 9, 13
MM, 27, 9, 25
MM, 26, 9, 25
MM, 25, 9, 12
MM, 25, 10, 13
MM, 24, 10, 50
MM, 23, 11, 25
MC, 1, 237
MM, 23, 12, 100
MM, 23, 15, 14
MM, 23, 20, 12
MM, 464, 538, 13
MM, 471, 570, 12
MM, 2, 11, 12
MM, 6, 19, 13
MM, 9, 28, 13
MM, 97, 0, 12
MM, 99, 10, 12
MM, 100, 15, 13
MM, 101, 18, 12
MM, 102, 21, 13
MM, 102, 22, 25
MM, 102, 23, 50
MC, 1, 374
MM, 102, 20, 126
MM, 103, 14, 12
MM, 493, 612, 12
MM, 19, 18, 13
MM, 24, 30, 12
MM, 25, 20, 13
MM, 25, 13, 12
MM, 25, 7, 13
MM, 26, 3, 12
MM, 27, 0, 13
MM, 497, 536, 12
MM, 498, 533, 13
MM, 16, 29, 12
MM, 16, 28, 13
MM, 16, 27, 25
MM, 17, 26, 25
MM, 17, 25, 12
MM, 17, 24, 25
MM, 19, 24, 301
MM, 21, 24, 13
MM, 25, 24, 12
MM, 32, 24, 12
MM, 521, 529, 12
MM, 529, 534, 13
MM, 535, 537, 12
MM, 32, 2, 13
MM, 549, 544, 11
MM, 1, 8, 13
MM, 4, 10, 13
MM, 6, 10, 13
MM, 9, 12, 12
MM, 11, 13, 12
MM, 14, 14, 12
MM, 16, 16, 14
MM, 19, 17, 12
MM, 23, 18, 12
MM, 25, 19, 14
MM, 26, 20, 12
MM, 27, 20, 12
MM, 28, 20, 13
MM, 29, 20, 36
MC, 1, 276
MM, 31, 19, 263
MM, 34, 16, 12
MM, 594, 547, 13
MM, 4, 0, 13
MM, 606, 533, 12
MM, 1, 27, 13
MM, 3, 25, 12
MM, 5, 24, 13
MM, 6, 22, 11
MM, 7, 20, 13
MM, 8, 19, 12
MM, 9, 17, 13
MM, 10, 15, 12
MM, 11, 14, 13
MM, 11, 12, 12
MM, 12, 12, 25
MM, 12, 11, 14
MC, 1, 211
MM, 10, 11, 51
MM, 3, 11, 12
MM, 26, 16, 13
MM, 4, 24, 13
MM, 29, 27, 11
MM, 18, 29, 13
MM, 530, 535, 12
MM, 522, 536, 13
MM, 517, 538, 13
MM, 1, 0, 13
MM, 508, 539, 12
MM, 506, 540, 12
MM, 33, 2, 13
MM, 30, 3, 13
MM, 29, 3, 11
MM, 27, 3, 226
MM, 24, 3, 13
MM, 18, 3, 12
MM, 470, 538, 12
MM, 10, 30, 12
MM, 435, 528, 13
MM, 29, 24, 12
MM, 21, 22, 13
MM, 16, 22, 13
MM, 13, 21, 11
MM, 11, 20, 13
MM, 10, 20, 13
MM, 9, 20, 12
MM, 9, 19, 25
MM, 8, 19, 25
MM, 18, 18, 275
MM, 24, 18, 13
MM, 30, 18, 12
MM, 438, 519, 12
MM, 8, 16, 12
MM, 14, 16, 13
MM, 17, 16, 13
MM, 19, 16, 13
MM, 20, 16, 12
MM, 21, 16, 13
MM, 22, 16, 25
MM, 23, 16, 12
MM, 24, 16, 63
MC, 1, 249
MM, 24, 18, 101
MM, 24, 21, 12
MM, 24, 26, 12
MM, 462, 536, 14
MM, 35, 9, 12
MM, 35, 25, 12
MM, 29, 0, 13
MM, 30, 6, 12
MM, 32, 13, 13
MM, 34, 21, 13
MM, 470, 607, 12
MM, 83, 0, 13
MM, 85, 3, 11
MM, 86, 5, 13
MM, 88, 7, 13
MM, 88, 8, 37
MM, 89, 8, 12
MM, 89, 9, 26
MM, 89, 10, 200
MM, 89, 11, 12
MM, 89, 12, 13
MM, 89, 13, 12
MM, 89, 16, 12
MM, 89, 19, 13
MM, 89, 21, 13
MM, 89, 22, 12
MM, 89, 23, 12
MM, 89, 24, 51
MC, 1, 336
MM, 89, 23, 100
MM, 89, 21, 13
MM, 88, 20, 12
MM, 85, 16, 13
MM, 80, 13, 12
MM, 73, 7, 12
MM, 450, 612, 12
MM, 35, 23, 13
MM, 23, 12, 13
MM, 18, 6, 12
MM, 14, 4, 13
MM, 13, 2, 12
MM, 11, 1, 13
MM, 11, 0, 12
MM, 10, 0, 13
MM, 9, 0, 112
MC, 1, 224
MM, 10, 0, 188
MM, 12, 0, 12
MM, 17, 0, 13
MM, 30, 0, 13
MM, 433, 576, 12
MM, 11, 0, 13
MM, 464, 574, 11
MM, 482, 572, 13
MM, 492, 571, 13
MM, 509, 568, 13
MM, 17, 24, 12
MM, 26, 22, 13
MM, 32, 19, 11
MM, 548, 556, 13
MM, 0, 13, 13
MM, 8, 9, 24
MM, 11, 6, 0
MM, 14, 5, 13
MM, 17, 3, 13
MM, 18, 2, 12
MM, 19, 1, 25
MM, 19, 0, 213
MM, 575, 538, 12
MM, 580, 536, 13
MM, 28, 29, 13
MM, 606, 525, 11
MM, 13, 20, 13
MM, 25, 17, 12
MM, 639, 517, 13
MM, 642, 516, 12
MM, 0, 14, 13
MM, 1, 13, 13
MM, 2, 13, 24
MM, 3, 13, 38
MM, 4, 13, 225
MM, 5, 13, 63
MC, 1, 138
MM, 2, 13, 75
MM, 640, 515, 12
MM, 21, 13, 13
MM, 11, 13, 11
MM, 4, 13, 13
MM, 605, 515, 13
MM, 35, 14, 13
MM, 31, 14, 12
MM, 28, 14, 13
MM, 26, 14, 12
MM, 24, 14, 13
MM, 22, 14, 13
MM, 21, 14, 12
MM, 20, 14, 12
MM, 19, 14, 12
MM, 18, 15, 12
MM, 17, 15, 14
MM, 16, 15, 13
MM, 15, 15, 12
MC, 1, 224
MM, 14, 15, 25
MM, 13, 16, 13
MM, 12, 16, 12
MM, 10, 18, 12
MM, 6, 24, 12
MM, 564, 535, 14
MM, 4, 6, 12
MM, 552, 554, 13
MM, 550, 559, 11
MM, 548, 563, 13
MM, 35, 27, 13
MM, 34, 29, 12
MM, 545, 570, 13
MM, 544, 572, 12
MM, 543, 574, 12
MM, 25, 0, 13
MM, 23, 3, 12
MM, 22, 6, 14
MM, 21, 8, 12
MM, 20, 8, 12
MM, 20, 10, 13
MM, 19, 10, 13
MM, 19, 11, 12
MM, 19, 12, 12
MM, 18, 13, 13
MM, 18, 14, 12
MM, 18, 15, 25
MM, 18, 16, 12
MC, 1, 225
MM, 17, 16, 51
MM, 16, 16, 24
MM, 15, 15, 25
MM, 14, 14, 12
MM, 12, 12, 13
MM, 9, 9, 13
MM, 5, 4, 12
MM, 518, 572, 12
MM, 3, 24, 13
MM, 509, 555, 12
MM, 507, 549, 13
MM, 506, 545, 13
MM, 34, 2, 12
MM, 34, 0, 12
MM, 504, 538, 13
MM, 504, 537, 12
MM, 504, 536, 12
MM, 504, 535, 26
MM, 504, 534, 13
MM, 22, 30, 24
MM, 22, 29, 26
MM, 22, 28, 25
MM, 22, 27, 62
MM, 22, 26, 13
MM, 21, 25, 24
MM, 21, 24, 13
MM, 20, 22, 25
MM, 20, 20, 25
MM, 19, 19, 25
MM, 18, 18, 12
MM, 18, 17, 25
MM, 18, 16, 25
MC, 1, 174
MM, 17, 16, 102
MM, 11, 16, 12
MM, 3, 14, 12
MM, 32, 10, 12
MM, 20, 7, 13
MM, 11, 4, 13
MM, 4, 3, 12
MM, 438, 505, 13
MM, 435, 505, 12
MM, 434, 505, 13
MM, 433, 505, 12
MM, 35, 3, 12
MM, 35, 2, 63
MM, 437, 503, 212
MM, 0, 1, 12
MM, 1, 1, 12
MM, 2, 1, 13
MM, 4, 1, 13
MM, 5, 1, 37
MM, 6, 1, 26
MM, 7, 2, 12
MM, 8, 2, 24
MM, 8, 3, 13
MM, 9, 3, 13
MM, 10, 4, 674
MM, 11, 5, 25
MM, 12, 6, 12
MM, 14, 7, 14
MM, 14, 8, 12
MM, 16, 9, 12
MM, 17, 10, 13
MM, 18, 10, 12
MM, 18, 11, 13
MM, 19, 11, 12
MM, 19, 12, 63
MM, 20, 12, 12
MM, 19, 12, 850
MM, 18, 12, 12
MM, 17, 12, 13
MM, 16, 12, 13
MM, 15, 12, 13
MM, 14, 12, 12
MM, 12, 12, 12
MM, 11, 12, 37
MC, 1, 350
MM, 12, 12, 213
MM, 12, 13, 12
MM, 14, 14, 13
MM, 16, 14, 12
MM, 18, 16, 13
MM, 22, 18, 12
MM, 27, 19, 13
MM, 31, 21, 12
MM, 35, 24, 12
MM, 478, 528, 12
MM, 481, 529, 14
MM, 1, 28, 12
MM, 2, 29, 12
MM, 3, 30, 12
MM, 5, 30, 251
MM, 9, 29, 12
MM, 15, 28, 12
MM, 27, 26, 14
MM, 34, 25, 12
MM, 520, 527, 13
MM, 0, 25, 12
MM, 2, 25, 12
MM, 4, 25, 13
MM, 7, 25, 12
MM, 8, 25, 12
MM, 9, 25, 13
MM, 10, 25, 13
MM, 12, 25, 12
MM, 13, 25, 38
MM, 14, 25, 24
MM, 15, 25, 13
MM, 16, 25, 24
MM, 17, 24, 26
MM, 18, 24, 12
MM, 18, 23, 12
MM, 19, 23, 13
MM, 20, 23, 37
MC, 1, 239
MM, 19, 23, 112
MM, 18, 23, 12
MM, 16, 23, 13
MM, 13, 24, 12
MM, 10, 25, 12
MM, 8, 26, 13
MM, 6, 28, 12
MM, 4, 28, 14
MM, 3, 29, 12
MM, 2, 30, 12
MM, 1, 30, 13
MM, 524, 533, 250
MM, 14, 25, 50
MM, 526, 575, 12
MM, 9, 4, 12
MM, 10, 10, 13
MM, 10, 14, 13
MM, 10, 19, 12
MM, 10, 22, 13
MM, 10, 25, 17
MM, 10, 28, 7
MM, 10, 30, 13
MM, 528, 609, 13
MM, 528, 611, 12
MM, 528, 612, 12
MM, 138, 0, 13
MM, 138, 2, 12
MM, 139, 3, 13
MM, 139, 4, 12
MM, 139, 5, 12
MM, 139, 6, 38
MM, 139, 7, 101
MC, 1, 386
MM, 138, 6, 213
MM, 137, 6, 12
MM, 134, 5, 13
MM, 130, 2, 13
MM, 514, 612, 12
MM, 507, 609, 12
MM, 28, 30, 13
MM, 25, 28, 13
MM, 24, 27, 12
MM, 23, 26, 13
MM, 22, 25, 11
MM, 21, 25, 25
MM, 21, 23, 352
MM, 21, 22, 12
MM, 21, 20, 13
MM, 21, 17, 12
MM, 20, 12, 12
MM, 19, 4, 13
MM, 494, 570, 12
MM, 23, 20, 13
MM, 23, 15, 12
MM, 22, 10, 12
MM, 21, 7, 14
MM, 21, 6, 12
MM, 21, 4, 12
MM, 22, 3, 251
MM, 25, 2, 12
MM, 30, 0, 12
MM, 508, 537, 12
MM, 515, 534, 12
MM, 521, 532, 13
MM, 2, 29, 14
MM, 8, 27, 11
MM, 15, 25, 13
MM, 18, 24, 13
MM, 20, 22, 12
MM, 23, 22, 12
MM, 24, 21, 26
MM, 25, 21, 37
MC, 1, 238
MM, 23, 21, 100
MM, 21, 21, 12
MM, 19, 22, 13
MM, 16, 23, 11
MM, 11, 26, 13
MM, 6, 30, 13
MM, 526, 535, 12
MM, 11, 1, 13
MM, 7, 8, 12
MM, 4, 14, 13
MM, 0, 22, 13
MM, 509, 564, 12
MM, 506, 569, 12
MM, 505, 573, 12
MM, 29, 0, 13
MM, 28, 3, 12
MM, 26, 8, 13
MM, 26, 10, 12
MM, 26, 12, 12
MM, 26, 13, 13
MM, 26, 14, 13
MM, 26, 15, 12
MM, 26, 16, 13
MM, 26, 17, 13
MM, 26, 19, 12
MM, 26, 20, 13
MM, 26, 23, 12
MM, 26, 25, 12
MM, 26, 28, 13
MM, 501, 607, 12
MM, 501, 610, 13
MM, 111, 0, 12
MM, 111, 2, 13
MM, 111, 3, 12
MM, 111, 4, 14
MM, 111, 5, 11
MM, 111, 6, 12
MM, 112, 6, 13
MM, 113, 7, 13
MM, 113, 8, 24
MM, 114, 9, 25
MM, 114, 10, 13
MM, 114, 11, 24
MC, 1, 251
MM, 113, 8, 161
MM, 110, 2, 13
MM, 14, 21, 13
MM, 4, 2, 12
MM, 2, 24, 13
MM, 467, 551, 12
MM, 464, 541, 12
MM, 461, 535, 13
MM, 20, 30, 13
MM, 19, 27, 12
MM, 19, 25, 12
MM, 18, 22, 13
MM, 16, 19, 12
MM, 16, 16, 13
MM, 16, 13, 12
MM, 16, 11, 12
MM, 15, 11, 13
MM, 15, 10, 13
MM, 15, 9, 12
MM, 14, 9, 12
MC, 1, 288
MM, 15, 9, 25
MM, 17, 9, 13
MM, 20, 9, 12
MM, 24, 10, 13
MM, 31, 13, 11
MM, 476, 518, 14
MM, 4, 18, 12
MM, 12, 22, 12
MM, 18, 23, 13
MM, 22, 24, 13
MM, 27, 26, 12
MM, 32, 27, 12
MM, 1, 28, 13
MM, 9, 29, 12
MM, 13, 30, 13
MM, 16, 30, 12
MM, 19, 30, 13
MM, 22, 30, 12
MM, 25, 30, 13
MM, 31, 30, 12
MM, 561, 532, 13
MM, 1, 30, 13
MM, 3, 30, 12
MM, 5, 30, 12
MM, 7, 30, 13
MM, 8, 30, 12
MM, 9, 29, 13
MM, 11, 28, 12
MM, 12, 27, 13
MM, 14, 25, 12
MM, 17, 24, 13
MM, 20, 22, 11
MM, 23, 21, 14
MM, 27, 19, 12
MM, 29, 18, 13
MM, 31, 17, 12
MM, 33, 17, 12
MM, 36, 16, 12
MM, 601, 518, 13
MM, 603, 517, 14
MM, 605, 517, 11
MM, 0, 15, 12
MM, 1, 15, 25
MM, 2, 15, 50
MM, 3, 15, 13
MM, 4, 15, 12
MM, 5, 15, 25
MC, 1, 275
MM, 4, 15, 75
MM, 1, 16, 14
MM, 604, 520, 12
MM, 34, 21, 12
MM, 24, 26, 12
MM, 11, 30, 12
MM, 562, 534, 13
MM, 552, 537, 13
MM, 537, 538, 12
MM, 7, 1, 12
MM, 507, 541, 13
MM, 27, 3, 12
MM, 12, 3, 13
MM, 1, 6, 13
MM, 36, 7, 12
MM, 29, 8, 12
MM, 21, 9, 13
MM, 11, 11, 12
MM, 5, 11, 13
MM, 2, 12, 13
MM, 426, 551, 12
MM, 424, 551, 12
MM, 423, 551, 13
MM, 422, 551, 12
MM, 421, 551, 13
MM, 35, 12, 13
MM, 34, 12, 12
MM, 34, 13, 25
MM, 33, 13, 37
MC, 1, 400
MM, 34, 13, 125
MM, 421, 552, 13
MM, 426, 552, 12
MM, 12, 13, 13
MM, 29, 13, 13
MM, 466, 550, 11
MM, 8, 10, 14
MM, 20, 8, 12
MM, 30, 8, 12
MM, 507, 546, 13
MM, 2, 7, 13
MM, 14, 6, 12
MM, 24, 6, 12
MM, 28, 6, 12
MM, 31, 6, 13
MM, 33, 6, 13
MM, 35, 6, 13
MM, 549, 545, 11
MM, 553, 545, 13
MM, 4, 6, 13
MM, 9, 6, 12
MM, 11, 6, 13
MM, 13, 6, 12
MM, 14, 6, 13
MM, 15, 6, 12
MM, 16, 6, 13
MM, 17, 6, 12
MM, 19, 6, 12
MM, 21, 6, 13
MM, 24, 6, 12
MM, 27, 6, 13
MM, 30, 6, 13
MM, 34, 6, 12
MM, 592, 545, 12
MM, 594, 545, 13
MM, 596, 545, 12
MM, 1, 7, 13
MM, 3, 7, 12
MM, 5, 7, 13
MM, 6, 7, 12
MM, 7, 7, 13
MM, 8, 7, 25
MM, 9, 7, 237
MM, 11, 7, 12
MM, 17, 7, 13
MM, 23, 7, 12
MM, 31, 7, 13
MM, 634, 546, 12
MM, 1, 8, 13
MM, 5, 8, 12
MM, 8, 8, 13
MM, 10, 8, 12
MM, 11, 9, 13
MM, 12, 9, 37
MC, 1, 300
MM, 11, 9, 62
MM, 8, 9, 13
MM, 4, 7, 12
MM, 631, 542, 13
MM, 622, 537, 13
MM, 616, 534, 12
MM, 7, 29, 13
MM, 5, 28, 12
MM, 3, 27, 12
MM, 3, 24, 14
MM, 2, 23, 12
MM, 1, 22, 12
MM, 1, 21, 13
MM, 1, 20, 12
MM, 1, 19, 138
MM, 3, 18, 62
MM, 4, 18, 12
MM, 5, 18, 13
MM, 7, 17, 12
MM, 8, 17, 13
MM, 9, 17, 12
MM, 10, 17, 13
MM, 11, 17, 13
MM, 12, 17, 12
MC, 1, 262
MM, 12, 18, 63
MM, 12, 20, 12
MM, 10, 23, 12
MM, 5, 30, 13
MM, 11, 2, 13
MM, 5, 9, 12
MM, 2, 18, 13
MM, 596, 562, 12
MM, 594, 569, 13
MM, 592, 573, 12
MM, 30, 0, 12
MM, 29, 2, 13
MM, 27, 5, 13
MM, 26, 6, 12
MM, 24, 8, 13
MM, 23, 10, 12
MM, 21, 11, 12
MM, 18, 13, 12
MM, 15, 15, 14
MM, 12, 18, 12
MM, 8, 20, 12
MM, 6, 20, 13
MM, 4, 22, 12
MM, 2, 23, 13
MM, 559, 599, 12
MM, 557, 600, 13
MM, 556, 601, 12
MM, 555, 601, 12
MM, 36, 25, 13
MM, 35, 25, 13
MM, 34, 26, 12
MM, 32, 26, 12
MM, 31, 26, 13
MM, 30, 26, 13
MM, 29, 26, 24
MM, 28, 26, 25
MM, 27, 26, 37
MM, 26, 26, 38
MM, 25, 25, 50
MM, 25, 23, 24
MM, 24, 23, 26
MM, 24, 22, 13
MM, 24, 21, 37
MC, 1, 174
MM, 24, 20, 213
MM, 24, 18, 26
MM, 24, 17, 13
MM, 24, 15, 12
MM, 23, 14, 12
MM, 23, 11, 12
MM, 23, 8, 13
MM, 22, 6, 12
MM, 22, 4, 13
MM, 21, 2, 12
MM, 21, 0, 12
MM, 538, 574, 14
MM, 538, 573, 24
MM, 538, 572, 13
MM, 538, 571, 12
MM, 538, 570, 25
MM, 27, 30, 37
MM, 27, 29, 39
MM, 27, 28, 12
MM, 26, 28, 12
MM, 25, 27, 12
MM, 25, 25, 13
MM, 25, 24, 12
MM, 24, 23, 13
MM, 23, 21, 13
MM, 23, 19, 25
MM, 22, 19, 24
MM, 22, 18, 12
MC, 1, 226
MM, 21, 18, 87
MM, 21, 19, 13
MM, 20, 20, 13
MM, 20, 21, 12
MM, 19, 23, 12
MM, 18, 26, 12
MM, 527, 570, 13
MM, 10, 1, 12
MM, 8, 7, 13
MM, 6, 11, 13
MM, 5, 15, 12
MM, 4, 19, 12
MM, 3, 21, 13
MM, 3, 23, 12
MM, 2, 26, 13
MM, 2, 30, 12
MM, 517, 612, 12
MM, 127, 3, 13
MM, 126, 6, 13
MM, 125, 8, 13
MM, 125, 10, 12
MM, 125, 13, 13
MM, 125, 14, 12
MM, 124, 15, 12
MM, 124, 17, 13
MM, 124, 18, 12
MM, 123, 19, 13
MM, 123, 20, 13
MM, 123, 21, 12
MM, 123, 22, 12
MM, 123, 23, 25
MM, 123, 25, 25
MM, 123, 26, 25
MM, 123, 27, 12
MM, 122, 28, 25
MM, 122, 29, 13
MM, 122, 30, 25
MM, 122, 29, 1938
MM, 122, 28, 26
MM, 122, 27, 24
MM, 122, 26, 63
MM, 122, 25, 88
MC, 1, 287
MM, 122, 24, 37
MM, 121, 23, 50
MM, 120, 20, 13
MM, 118, 17, 12
MM, 115, 11, 12
MM, 110, 3, 13
MM, 19, 29, 13
MM, 16, 16, 12
MM, 14, 7, 12
MM, 487, 575, 12
MM, 16, 30, 13
MM, 15, 27, 14
MM, 15, 24, 12
MM, 15, 21, 12
MM, 15, 20, 13
MM, 15, 17, 12
MM, 15, 15, 13
MM, 15, 14, 12
MM, 15, 13, 13
MM, 15, 11, 12
MM, 16, 10, 13
MM, 17, 9, 12
MM, 18, 8, 13
MM, 19, 7, 12
MM, 20, 6, 25
MM, 21, 5, 25
MM, 22, 4, 12
MM, 22, 3, 13
MM, 23, 3, 12
MM, 23, 1, 13
MM, 24, 1, 12
MM, 25, 0, 13
MM, 495, 538, 12
MM, 496, 538, 12
MM, 497, 537, 13
MM, 498, 537, 12
MM, 499, 537, 25
MM, 499, 536, 350
MM, 499, 535, 25
MM, 499, 533, 26
MM, 17, 30, 12
MM, 17, 29, 13
MM, 17, 28, 13
MM, 17, 26, 24
MM, 17, 25, 50
MC, 1, 238
MM, 18, 25, 38
MM, 19, 25, 13
MM, 20, 25, 12
MM, 22, 25, 12
MM, 25, 25, 13
MM, 31, 25, 12
MM, 517, 527, 12
MM, 520, 528, 15
MM, 0, 28, 10
MM, 2, 29, 13
MM, 529, 533, 12
MM, 534, 535, 13
MM, 539, 536, 12
MM, 33, 0, 13
MM, 548, 541, 12
MM, 551, 543, 12
MM, 553, 543, 13
MM, 1, 5, 12
MM, 3, 6, 13
MM, 6, 7, 12
MM, 13, 8, 14
MM, 19, 10, 11
MM, 23, 10, 13
MM, 26, 11, 12
MM, 28, 12, 13
MM, 29, 13, 12
MM, 30, 13, 13
MM, 31, 13, 12
MM, 31, 14, 13
MM, 32, 14, 25
MC, 1, 249
MM, 33, 14, 213
MM, 33, 12, 13
MM, 591, 548, 12
MM, 595, 543, 13
MM, 602, 535, 12
MM, 4, 21, 12
MM, 8, 15, 13
MM, 10, 12, 13
MM, 12, 10, 12
MM, 12, 8, 12
MM, 13, 8, 13
MM, 13, 7, 12
MM, 14, 7, 26
MM, 15, 6, 24
MM, 15, 5, 39
MM, 16, 5, 12
MC, 1, 249
MM, 15, 5, 63
MM, 12, 7, 12
MM, 3, 11, 12
MM, 32, 18, 13
MM, 17, 24, 13
MM, 1, 28, 12
MM, 25, 29, 13
MM, 15, 30, 12
MM, 8, 30, 12
MM, 2, 30, 13
MM, 517, 532, 13
MM, 23, 30, 11
MM, 12, 30, 13
MM, 7, 30, 12
MM, 0, 30, 13
MM, 34, 30, 12
MM, 27, 30, 13
MM, 23, 30, 12
MM, 20, 30, 13
MM, 18, 30, 12
MM, 15, 30, 13
MM, 14, 30, 12
MM, 12, 30, 12
MM, 9, 30, 14
MM, 7, 30, 12
MM, 5, 30, 13
MM, 2, 30, 12
MM, 0, 30, 13
MM, 437, 532, 11
MM, 435, 532, 13
MM, 433, 532, 12
MM, 35, 30, 13
MM, 34, 30, 12
MM, 33, 30, 13
MM, 32, 29, 12
MM, 31, 28, 13
MM, 30, 27, 25
MM, 29, 27, 12
MM, 29, 26, 13
MM, 28, 26, 12
MM, 26, 25, 26
MM, 26, 24, 12
MM, 25, 24, 13
MM, 23, 23, 11
MM, 23, 22, 13
MM, 21, 22, 13
MM, 21, 21, 25
MM, 20, 21, 25
MC, 1, 200
MM, 20, 20, 62
MM, 22, 20, 13
MM, 24, 19, 13
MM, 26, 19, 11
MM, 30, 18, 13
MM, 33, 18, 12
MM, 434, 520, 13
MM, 438, 520, 13
MM, 2, 18, 12
MM, 5, 18, 13
MM, 7, 18, 12
MM, 8, 18, 12
MM, 9, 18, 13
MM, 10, 18, 12
MM, 11, 18, 50
MC, 1, 475
MM, 12, 18, 88
MM, 13, 18, 12
MM, 15, 23, 12
MM, 459, 538, 14
MM, 36, 10, 12
MM, 466, 560, 12
MM, 468, 567, 13
MM, 473, 576, 12
MM, 1, 9, 12
MM, 4, 13, 14
MM, 6, 18, 11
MM, 8, 20, 14
MM, 9, 24, 11
MM, 11, 26, 12
MM, 12, 28, 13
MM, 489, 607, 13
MM, 102, 0, 12
MM, 104, 5, 13
MM, 105, 8, 12
MM, 106, 10, 13
MM, 107, 11, 12
MM, 108, 13, 13
MM, 110, 13, 12
MM, 111, 15, 13
MM, 112, 16, 12
MM, 113, 17, 13
MM, 114, 17, 12
MM, 114, 18, 25
MM, 115, 18, 13
MC, 1, 324
MM, 116, 18, 62
MM, 117, 18, 13
MM, 119, 17, 13
MM, 121, 13, 12
MM, 128, 2, 13
MM, 13, 25, 12
MM, 31, 8, 12
MM, 559, 577, 13
MM, 12, 30, 12
MM, 19, 21, 13
MM, 34, 13, 12
MM, 5, 8, 13
MM, 12, 6, 12
MM, 18, 4, 13
MM, 24, 3, 13
MM, 32, 2, 12
MM, 635, 540, 12
MM, 2, 1, 13
MM, 4, 0, 13
MM, 6, 0, 12
MM, 7, 0, 13
MM, 8, 0, 24
MM, 645, 538, 13
MM, 647, 538, 213
MM, 651, 538, 12
MM, 656, 538, 12
MM, 27, 2, 12
MM, 34, 4, 13
MM, 678, 544, 12
MM, 5, 7, 13
MM, 9, 8, 13
MM, 11, 9, 12
MM, 13, 9, 12
MM, 14, 10, 13
MM, 15, 10, 25
MC, 1, 288
MM, 14, 10, 87
MM, 11, 10, 12
MM, 7, 10, 13
MM, 3, 9, 12
MM, 675, 546, 13
MM, 30, 5, 12
MM, 18, 2, 13
MM, 645, 537, 12
MM, 639, 533, 13
MM, 29, 28, 12
MM, 28, 27, 12
MM, 27, 25, 13
MM, 26, 25, 12
MM, 25, 24, 14
MM, 24, 24, 212
MM, 23, 24, 50
MM, 21, 24, 24
MM, 20, 24, 26
MM, 19, 24, 11
MM, 18, 24, 13
MM, 17, 24, 51
MM, 16, 24, 186
MC, 1, 650
MM, 14, 24, 38
MM, 13, 24, 12
MM, 12, 24, 12
MM, 7, 25, 13
MM, 599, 533, 12
MM, 25, 3, 13
MM, 7, 11, 13
MM, 33, 19, 12
MM, 20, 24, 12
MM, 14, 27, 13
MM, 11, 28, 12
MM, 10, 29, 13
MM, 9, 29, 12
MM, 9, 30, 12
MM, 8, 30, 13
MM, 518, 570, 26
MM, 517, 570, 263
MM, 516, 570, 12
MM, 515, 570, 12
MM, 513, 570, 12
MM, 510, 570, 13
MM, 504, 570, 12
MM, 29, 29, 13
MM, 23, 25, 13
MM, 20, 21, 11
MM, 18, 19, 13
MM, 17, 18, 13
MM, 16, 16, 12
MM, 16, 15, 25
MM, 15, 15, 12
MM, 15, 14, 26
MM, 13, 16, 437
MM, 12, 18, 14
MM, 11, 19, 12
MM, 9, 22, 12
MM, 7, 23, 13
MM, 6, 24, 12
MM, 4, 26, 12
MM, 3, 27, 13
MM, 2, 28, 12
MM, 0, 29, 13
MM, 469, 570, 13
MM, 468, 570, 12
MM, 467, 572, 12
MM, 466, 572, 13
MM, 466, 573, 13
MM, 465, 574, 12
MM, 465, 575, 13
MM, 31, 0, 12
MM, 30, 0, 12
MM, 30, 1, 25
MM, 29, 2, 37
MM, 29, 3, 26
MM, 28, 3, 25
MM, 28, 4, 12
MM, 27, 5, 75
MM, 27, 6, 38
MC, 1, 187
MM, 26, 6, 26
MM, 25, 6, 24
MM, 23, 5, 13
MM, 21, 4, 13
MM, 18, 0, 12
MM, 447, 571, 13
MM, 14, 25, 12
MM, 8, 16, 12
MM, 4, 10, 12
MM, 2, 3, 13
MM, 426, 535, 12
MM, 28, 28, 13
MM, 27, 25, 13
MM, 27, 22, 12
MM, 27, 21, 12
MM, 27, 20, 13
MC, 1, 437
MM, 26, 20, 25
MM, 25, 20, 13
MM, 25, 21, 13
MM, 24, 23, 12
MM, 23, 24, 13
MM, 22, 26, 11
MM, 416, 533, 13
MM, 29, 0, 13
MM, 29, 5, 12
MM, 27, 7, 12
MM, 26, 9, 13
MM, 26, 10, 12
MM, 26, 12, 13
MM, 25, 13, 25
MM, 25, 14, 12
MM, 25, 15, 12
MM, 25, 16, 51
MC, 1, 212
MM, 29, 16, 63
MM, 422, 557, 13
MM, 12, 22, 12
MM, 482, 570, 12
MM, 25, 4, 13
MM, 35, 11, 12
MM, 6, 18, 12
MM, 18, 23, 14
MM, 27, 26, 12
MM, 30, 27, 12
MM, 31, 28, 13
MM, 33, 29, 13
MM, 34, 29, 12
MM, 36, 29, 250
MM, 556, 605, 12
MM, 5, 28, 13
MM, 19, 28, 13
MM, 1, 27, 12
MM, 15, 27, 12
MM, 23, 27, 12
MM, 27, 27, 14
MM, 29, 27, 12
MM, 635, 603, 13
MM, 638, 603, 11
MM, 1, 27, 13
MM, 4, 27, 12
MM, 5, 27, 13
MM, 6, 27, 12
MM, 7, 27, 13
MM, 8, 27, 24
MM, 9, 27, 25
MM, 10, 27, 38
MM, 11, 27, 13
MC, 1, 324
MM, 10, 27, 263
MM, 4, 27, 13
MM, 26, 26, 12
MM, 32, 18, 12
MM, 559, 582, 13
MM, 30, 0, 12
MM, 538, 572, 12
MM, 17, 28, 13
MM, 12, 27, 13
MM, 9, 24, 12
MM, 7, 23, 12
MM, 5, 22, 13
MM, 5, 21, 12
MM, 3, 19, 13
MM, 2, 18, 251
MM, 510, 555, 12
MM, 509, 553, 13
MM, 507, 551, 11
MM, 34, 11, 13
MM, 32, 7, 14
MM, 29, 3, 11
MM, 495, 536, 13
MM, 10, 28, 12
MM, 8, 24, 12
MM, 8, 23, 13
MM, 7, 22, 13
MM, 7, 21, 12
MM, 7, 20, 25
MM, 7, 19, 26
MM, 7, 18, 87
MM, 8, 18, 37
MM, 8, 17, 12
MM, 9, 17, 13
MC, 1, 187
MM, 10, 17, 25
MM, 11, 17, 13
MM, 12, 17, 12
MM, 14, 17, 12
MM, 15, 17, 13
MM, 19, 18, 13
MM, 23, 19, 11
MM, 28, 22, 14
MM, 32, 24, 12
MM, 517, 527, 13
MM, 522, 530, 12
MM, 530, 533, 13
MM, 536, 535, 12
MM, 541, 537, 12
MM, 34, 0, 13
MM, 36, 1, 12
MM, 550, 541, 13
MM, 553, 542, 12
MM, 2, 5, 12
MM, 5, 6, 13
MM, 10, 7, 13
MM, 14, 8, 16
MM, 17, 9, 9
MM, 19, 9, 12
MM, 21, 9, 12
MM, 22, 9, 13
MM, 22, 10, 13
MM, 23, 10, 12
MM, 24, 11, 12
MC, 1, 263
MM, 21, 11, 75
MM, 14, 12, 13
MM, 0, 12, 12
MM, 27, 13, 12
MM, 2, 13, 13
MM, 31, 13, 12
MM, 23, 12, 13
MM, 17, 10, 13
MM, 8, 8, 12
MM, 0, 7, 12
MM, 36, 5, 13
MM, 31, 4, 12
MM, 28, 3, 13
MM, 27, 2, 13
MM, 26, 2, 12
MM, 25, 1, 12
MM, 24, 1, 13
MM, 23, 0, 12
MM, 21, 0, 25
MM, 446, 538, 12
MM, 444, 537, 13
MM, 441, 536, 13
MM, 440, 535, 12
MM, 438, 534, 13
MM, 437, 534, 12
MM, 436, 533, 12
MM, 435, 533, 13
MM, 434, 532, 13
MM, 434, 531, 13
MM, 433, 530, 24
MM, 35, 27, 25
MM, 34, 26, 13
MM, 34, 25, 25
MM, 33, 25, 12
MM, 32, 24, 25
MM, 31, 24, 24
MM, 31, 23, 13
MM, 31, 22, 13
MM, 29, 22, 12
MM, 29, 21, 13
MM, 27, 21, 12
MM, 26, 21, 12
MM, 26, 20, 13
MM, 25, 20, 13
MM, 24, 20, 13
MM, 23, 19, 24
MM, 23, 18, 38
MM, 24, 18, 250
MM, 26, 18, 13
MM, 30, 18, 11
MM, 35, 18, 13
MM, 4, 18, 12
MM, 19, 21, 13
MM, 31, 22, 12
MM, 478, 526, 13
MM, 2, 24, 12
MM, 9, 25, 13
MM, 15, 25, 13
MM, 21, 26, 11
MM, 24, 27, 13
MM, 27, 27, 13
MM, 29, 27, 12
MM, 32, 27, 13
MM, 34, 28, 12
MM, 517, 530, 13
MM, 518, 530, 12
MM, 519, 530, 13
MM, 520, 530, 50
MM, 521, 530, 50
MM, 522, 530, 13
MM, 0, 28, 12
MM, 1, 28, 12
MM, 2, 28, 13
MM, 4, 27, 12
MM, 5, 26, 13
MM, 7, 24, 13
MM, 8, 22, 12
MM, 10, 20, 13
MM, 10, 18, 12
MM, 11, 18, 12
MM, 11, 16, 13
MM, 12, 16, 12
MM, 13, 15, 27
MM, 13, 14, 48
MM, 14, 14, 25
MC, 1, 187
MM, 14, 15, 25
MM, 14, 18, 13
MM, 12, 23, 13
MM, 10, 30, 12
MM, 19, 1, 13
MM, 16, 9, 13
MM, 11, 22, 12
MM, 517, 571, 12
MM, 513, 577, 13
MM, 35, 7, 23
MM, 33, 12, 1
MM, 31, 18, 13
MM, 29, 25, 13
MM, 502, 607, 12
MM, 501, 610, 12
MM, 501, 612, 12
MM, 110, 1, 14
MM, 110, 3, 12
MM, 109, 4, 12
MM, 109, 5, 13
MM, 109, 6, 12
MM, 108, 7, 39
MM, 108, 8, 11
MM, 108, 9, 13
MM, 108, 10, 38
MM, 108, 11, 24
MM, 108, 12, 13
MM, 108, 13, 49
MC, 1, 200
MM, 107, 13, 88
MM, 106, 13, 38
MM, 102, 12, 12
MM, 95, 11, 12
MM, 81, 9, 13
MM, 52, 3, 12
MM, 415, 608, 13
MM, 13, 26, 12
MM, 5, 21, 13
MM, 388, 590, 12
MM, 30, 9, 13
MM, 26, 5, 13
MM, 22, 3, 12
MM, 20, 1, 12
MM, 18, 0, 13
MM, 368, 574, 12
MM, 367, 574, 13
MM, 366, 573, 24
MM, 365, 573, 64
MM, 364, 572, 24
MM, 363, 572, 50
MM, 363, 571, 13
MM, 363, 570, 37
MM, 19, 30, 50
MM, 19, 29, 62
MM, 19, 28, 38
MM, 19, 27, 25
MM, 19, 26, 37
MM, 19, 25, 12
MM, 19, 24, 13
MM, 19, 23, 13
MM, 19, 21, 12
MM, 19, 20, 12
MM, 19, 19, 13
MM, 19, 18, 12
MM, 19, 17, 25
MM, 19, 16, 24
MC, 1, 264
MM, 21, 16, 50
MM, 23, 15, 12
MM, 27, 15, 13
MM, 380, 553, 13
MM, 2, 12, 12
MM, 8, 10, 13
MM, 14, 9, 12
MM, 23, 7, 12
MM, 31, 6, 12
MM, 423, 543, 13
MM, 1, 4, 12
MM, 4, 3, 13
MM, 6, 3, 12
MM, 7, 3, 13
MM, 8, 3, 13
MM, 9, 3, 24
MM, 10, 3, 25
MM, 11, 3, 12
MM, 12, 3, 75
MM, 12, 2, 26
MM, 13, 1, 49
MM, 13, 0, 13
MM, 14, 0, 13
MM, 442, 538, 12
MM, 443, 536, 12
MM, 444, 535, 13
MM, 444, 533, 12
MM, 445, 533, 13
MM, 6, 30, 12
MM, 7, 28, 12
MM, 7, 27, 13
MM, 7, 25, 13
MM, 8, 23, 12
MM, 8, 21, 12
MM, 9, 19, 13
MM, 9, 18, 13
MM, 9, 17, 12
MM, 9, 16, 13
MM, 9, 15, 24
MC, 1, 226
MM, 8, 15, 62
MM, 5, 15, 13
MM, 3, 15, 12
MM, 0, 15, 13
MM, 436, 517, 12
MM, 434, 518, 13
MM, 34, 16, 12
MM, 33, 17, 13
MM, 32, 17, 12
MM, 31, 17, 12
MM, 30, 17, 37
MM, 29, 17, 37
MM, 28, 17, 26
MC, 1, 226
MM, 28, 18, 49
MM, 29, 20, 13
MM, 31, 22, 12
MM, 34, 29, 13
MM, 11, 3, 12
MM, 18, 16, 13
MM, 25, 26, 12
MM, 459, 574, 13
MM, 30, 3, 12
MM, 34, 9, 12
MM, 473, 595, 13
MM, 2, 27, 12
MM, 479, 608, 13
MM, 482, 610, 13
MM, 483, 612, 12
MM, 95, 1, 12
MM, 97, 3, 13
MM, 99, 4, 12
MM, 101, 7, 12
MM, 102, 7, 13
MM, 103, 9, 13
MM, 104, 9, 12
MM, 105, 10, 37
MC, 1, 338
MM, 104, 8, 175
MM, 100, 5, 12
MM, 485, 608, 12
MM, 474, 586, 14
MM, 36, 26, 11
MM, 31, 15, 13
MM, 26, 4, 13
MM, 450, 534, 12
MM, 9, 27, 12
MM, 7, 23, 13
MM, 7, 21, 12
MM, 6, 21, 13
MM, 6, 20, 13
MM, 6, 19, 12
MM, 6, 18, 137
MC, 1, 263
MM, 5, 18, 62
MM, 4, 18, 25
MM, 2, 18, 13
MM, 1, 18, 12
MM, 438, 520, 12
MM, 437, 520, 13
MM, 435, 520, 13
MM, 433, 520, 12
MM, 33, 18, 12
MM, 30, 18, 13
MM, 29, 18, 12
MM, 28, 18, 13
MM, 26, 17, 12
MM, 25, 17, 38
MC, 1, 199
MM, 24, 17, 50
MM, 23, 17, 13
MM, 22, 17, 13
MM, 19, 20, 12
MM, 16, 23, 13
MM, 407, 533, 12
MM, 17, 1, 12
MM, 12, 5, 13
MM, 10, 8, 13
MM, 7, 11, 12
MM, 6, 11, 12
MM, 5, 13, 12
MM, 3, 13, 13
MM, 2, 15, 13
MM, 1, 15, 12
MM, 1, 16, 13
MM, 0, 17, 12
MM, 384, 556, 25
MM, 383, 556, 13
MM, 383, 557, 25
MM, 382, 557, 13
MM, 381, 557, 37
MM, 380, 558, 24
MM, 379, 558, 13
MM, 34, 19, 26
MM, 32, 19, 12
MM, 31, 19, 24
MM, 30, 19, 13
MM, 29, 19, 13
MM, 28, 19, 12
MM, 27, 19, 24
MM, 26, 19, 13
MM, 25, 19, 26
MM, 24, 19, 62
MC, 1, 762
MM, 26, 18, 427
MM, 30, 18, 12
MM, 383, 556, 13
MM, 23, 16, 12
MM, 0, 16, 13
MM, 16, 16, 12
MM, 31, 16, 13
MM, 467, 555, 13
MM, 3, 17, 12
MM, 9, 18, 11
MM, 13, 20, 13
MM, 20, 22, 13
MM, 25, 23, 13
MM, 28, 24, 12
MM, 30, 25, 12
MM, 31, 25, 26
MM, 32, 25, 12
MM, 33, 25, 242
MM, 505, 564, 8
MM, 509, 564, 12
MM, 11, 26, 13
MM, 29, 29, 12
MM, 554, 571, 12
MM, 560, 573, 13
MM, 564, 575, 13
MM, 6, 0, 12
MM, 9, 0, 13
MM, 9, 1, 12
MM, 10, 2, 13
MM, 11, 2, 13
MM, 12, 2, 262
MM, 13, 2, 12
MM, 15, 2, 13
MM, 20, 2, 12
MM, 31, 2, 12
MM, 600, 578, 13
MM, 4, 2, 12
MM, 10, 2, 13
MM, 20, 2, 12
MM, 28, 2, 12
MM, 636, 578, 13
MM, 639, 578, 13
MM, 1, 2, 12
MM, 3, 2, 13
MM, 4, 2, 12
MM, 5, 1, 12
MM, 7, 1, 13
MM, 9, 1, 13
MM, 10, 1, 12
MM, 13, 0, 12
MM, 658, 574, 13
MM, 661, 573, 13
MM, 663, 572, 12
MM, 666, 572, 12
MM, 667, 570, 13
MM, 670, 570, 12
MM, 34, 30, 13
MM, 35, 28, 13
MM, 674, 567, 12
MM, 675, 566, 12
MM, 678, 564, 13
MM, 4, 25, 12
MM, 7, 24, 12
MM, 9, 23, 13
MM, 10, 23, 13
MM, 12, 22, 12
MM, 13, 22, 12
MM, 14, 22, 25
MM, 15, 22, 38
MC, 1, 300
MM, 14, 22, 63
MM, 11, 22, 13
MM, 6, 23, 12
MM, 678, 564, 13
MM, 660, 571, 12
MM, 16, 8, 12
MM, 33, 23, 13
MM, 572, 611, 12
MM, 161, 8, 13
MM, 150, 13, 13
MM, 143, 16, 12
MM, 137, 19, 12
MM, 130, 21, 13
MM, 122, 23, 12
MM, 117, 24, 13
MM, 113, 24, 12
MM, 111, 25, 12
MM, 110, 25, 12
MM, 109, 25, 13
MM, 108, 25, 12
MC, 1, 427
MM, 110, 24, 124
MM, 113, 24, 12
MM, 117, 22, 14
MM, 123, 17, 11
MM, 128, 12, 12
MM, 134, 6, 13
MM, 140, 1, 14
MM, 536, 607, 11
MM, 27, 26, 13
MM, 32, 21, 12
MM, 34, 18, 12
MM, 36, 16, 13
MM, 555, 590, 13
MM, 556, 588, 12
MM, 557, 586, 12
MM, 559, 584, 13
MM, 559, 583, 13
MM, 0, 5, 12
MM, 1, 4, 13
MM, 1, 3, 12
MM, 2, 3, 13
MM, 2, 2, 12
MM, 3, 2, 13
MM, 4, 1, 12
MM, 4, 0, 25
MM, 5, 0, 12
MM, 565, 575, 13
MM, 565, 574, 62
MM, 566, 574, 13
MM, 567, 573, 25
MM, 568, 572, 13
MM, 568, 571, 12
MM, 569, 570, 12
MM, 15, 30, 13
MM, 16, 28, 12
MM, 17, 26, 12
MM, 18, 25, 13
MM, 18, 24, 12
MM, 18, 23, 13
MM, 18, 22, 13
MM, 19, 22, 12
MM, 19, 21, 12
MM, 19, 20, 25
MC, 1, 275
MM, 16, 20, 138
MM, 6, 20, 13
MM, 27, 20, 12
MM, 22, 18, 13
MM, 4, 16, 12
MM, 468, 553, 13
MM, 35, 12, 12
MM, 31, 9, 13
MM, 26, 5, 13
MM, 21, 3, 12
MM, 16, 0, 13
MM, 440, 536, 12
MM, 439, 535, 12
MM, 437, 535, 12
MM, 437, 534, 13
MM, 435, 534, 13
MM, 435, 533, 12
MM, 434, 532, 13
MM, 433, 532, 12
MM, 35, 30, 12
MM, 34, 29, 13
MM, 33, 29, 38
MM, 32, 29, 37
MM, 32, 28, 25
MM, 31, 28, 18
MM, 30, 28, 19
MM, 29, 27, 25
MM, 28, 27, 12
MM, 28, 26, 13
MM, 27, 26, 13
MM, 26, 26, 25
MM, 26, 25, 12
MM, 25, 25, 13
MM, 24, 24, 37
MM, 23, 24, 37
MC, 1, 726
MM, 23, 23, 112
MM, 24, 23, 12
MM, 26, 22, 12
MM, 29, 21, 13
MM, 32, 21, 12
MM, 435, 522, 13
MM, 4, 18, 13
MM, 12, 17, 12
MM, 17, 16, 12
MM, 22, 15, 13
MM, 25, 15, 12
MM, 26, 14, 13
MM, 27, 14, 12
MM, 29, 14, 13
MM, 30, 14, 49
MC, 1, 263
MM, 31, 14, 75
MM, 32, 14, 13
MM, 35, 14, 12
MM, 480, 516, 12
MM, 9, 14, 14
MM, 20, 16, 11
MM, 31, 19, 13
MM, 3, 21, 12
MM, 14, 24, 13
MM, 20, 26, 12
MM, 25, 27, 13
MM, 30, 29, 12
MM, 560, 533, 13
MM, 567, 535, 12
MM, 573, 536, 12
MM, 574, 536, 13
MM, 575, 536, 12
MM, 577, 536, 227
MM, 581, 536, 11
MM, 590, 533, 13
MM, 1, 27, 12
MM, 19, 23, 13
MM, 0, 20, 12
MM, 7, 18, 13
MM, 10, 18, 12
MM, 12, 17, 13
MM, 13, 17, 12
MM, 14, 16, 12
MM, 15, 16, 13
MM, 16, 16, 25
MM, 17, 16, 12
MM, 18, 16, 38
MC, 1, 276
MM, 17, 16, 24
MM, 12, 16, 13
MM, 2, 18, 12
MM, 12, 22, 12
MM, 0, 26, 14
MM, 22, 26, 11
MM, 10, 26, 13
MM, 521, 528, 13
MM, 29, 26, 12
MM, 24, 26, 13
MM, 20, 26, 12
MM, 17, 26, 12
MM, 16, 26, 13
MM, 13, 26, 13
MM, 12, 26, 12
MM, 11, 26, 12
MM, 10, 26, 13
MM, 9, 26, 13
MM, 8, 26, 25
MM, 7, 26, 12
MM, 6, 26, 12
MM, 5, 26, 13
MM, 4, 26, 12
MM, 3, 26, 26
MM, 2, 26, 24
MM, 1, 26, 13
MM, 0, 26, 13
MM, 479, 528, 13
MM, 477, 528, 12
MM, 33, 27, 12
MM, 27, 28, 13
MM, 20, 28, 13
MM, 14, 29, 11
MM, 10, 29, 13
MM, 9, 29, 12
MM, 7, 29, 288
MM, 4, 28, 13
MM, 2, 27, 12
MM, 437, 526, 12
MM, 35, 19, 13
MM, 32, 17, 13
MM, 31, 15, 12
MM, 29, 14, 13
MM, 29, 13, 12
MM, 28, 13, 12
MM, 28, 12, 13
MM, 25, 13, 338
MM, 24, 15, 12
MM, 22, 17, 12
MM, 20, 18, 13
MM, 18, 22, 12
MM, 17, 24, 13
MM, 15, 26, 12
MM, 13, 29, 13
MM, 408, 535, 12
MM, 407, 538, 13
MM, 21, 2, 12
MM, 20, 3, 12
MM, 20, 4, 13
MM, 20, 5, 12
MM, 19, 5, 12
MM, 19, 6, 25
MC, 1, 226
MM, 23, 7, 62
MM, 423, 550, 13
MM, 15, 25, 12
MM, 22, 13, 13
MM, 11, 30, 12
MM, 683, 643, 13
MM, 704, 654, 13
MM, 747, 667, 11
MM, 756, 672, 13
MM, 762, 676, 13
MM, 767, 681, 12
MM, 772, 686, 13
MM, 775, 686, 263
MM, 778, 685, 12
MM, 785, 682, 13
MM, 794, 679, 12
MM, 801, 676, 13
MM, 813, 670, 12
MM, 829, 664, 13
MM, 838, 661, 12
MM, 842, 659, 12
MM, 1, 8, 13
MM, 3, 7, 13
MM, 4, 6, 24
MM, 5, 6, 213
MM, 8, 6, 12
MM, 11, 6, 13
MM, 13, 6, 12
MM, 18, 6, 14
MM, 21, 6, 11
MM, 24, 7, 12
MM, 27, 8, 13
MM, 29, 8, 13
MM, 30, 8, 24
MM, 30, 9, 13
MM, 27, 9, 1363
MM, 10, 6, 12
MM, 748, 626, 12
MM, 641, 571, 13
MM, 2, 10, 12
MM, 580, 536, 13
MM, 4, 26, 12
MM, 561, 520, 13
MM, 33, 10, 12
MM, 29, 5, 12
MM, 28, 2, 13
MM, 548, 501, 238
MM, 17, 21, 12
MM, 238, 85, 12
