********************************************************************************
LOGGING TIME: 20161113_182608
CLIENT IP: 10.109.49.17
USERNAME: prudhvi
OS: Windows 8
**********************************Emotional database********************************************************************************
MM, 651, 697, 1477468750620
MM, 653, 680, 12
MM, 654, 655, 13
MM, 660, 607, 12
MM, 23, 8, 13
MM, 29, 19, 12
MM, 0, 22, 13
MM, 446, 75, 12
MM, 450, 68, 13
MM, 452, 62, 12
MM, 455, 56, 13
MM, 455, 53, 288
MM, 455, 50, 12
MM, 455, 46, 13
MM, 455, 34, 12
MM, 455, 12, 13
MM, 719, 352, 12
MM, 719, 344, 13
MM, 719, 339, 12
MM, 719, 331, 13
MM, 719, 323, 12
MM, 720, 316, 12
MM, 949, 161, 87198
MM, 916, 158, 12
MM, 840, 152, 13
MM, 796, 148, 12
MM, 758, 148, 12
MM, 743, 148, 13
MM, 727, 148, 13
MM, 716, 148, 12
MM, 711, 148, 12
MM, 707, 148, 13
MM, 705, 148, 12
MM, 703, 148, 13
MM, 702, 148, 25
MM, 701, 148, 163
MM, 698, 150, 12
MM, 692, 156, 13
MM, 676, 172, 12
MM, 650, 196, 13
MM, 629, 220, 12
MM, 348, 12, 12
MM, 337, 22, 13
MM, 331, 29, 12
MM, 327, 34, 13
MM, 324, 38, 13
MM, 322, 40, 12
MM, 322, 41, 12
MM, 321, 41, 13
MM, 320, 42, 12
MC, 1, 376
MM, 321, 42, 150
MM, 324, 41, 45
MM, 328, 40, 5
MM, 334, 40, 13
MM, 342, 40, 12
MM, 348, 40, 13
MM, 352, 40, 13
MM, 357, 40, 12
MM, 367, 40, 12
MM, 366, 40, 326
MM, 364, 40, 13
MM, 362, 41, 12
MM, 357, 42, 12
MM, 350, 44, 13
MM, 346, 47, 13
MM, 342, 49, 12
MM, 340, 49, 13
MM, 339, 49, 12
MM, 338, 50, 12
MM, 337, 50, 13
MM, 336, 52, 74450
MM, 335, 58, 13
MM, 331, 71, 12
MM, 593, 312, 12
MM, 589, 324, 13
MM, 586, 338, 12
MM, 583, 347, 12
MM, 314, 0, 13
MM, 311, 7, 12
MM, 309, 12, 14
MM, 306, 18, 12
MM, 304, 26, 12
MM, 301, 33, 12
MM, 298, 39, 14
MC, 1, 399
MM, 297, 39, 465
MM, 296, 39, 12
MM, 295, 39, 13
MM, 293, 39, 12
MM, 291, 39, 12
MM, 286, 39, 13
MM, 273, 41, 13
MM, 259, 46, 12
MM, 249, 50, 14
MM, 243, 54, 12
MM, 237, 59, 12
MM, 231, 62, 12
MM, 229, 64, 12
MM, 228, 65, 12
MM, 227, 66, 13
MM, 227, 68, 25
MM, 226, 69, 13
MM, 226, 71, 12
MM, 225, 75, 13
MM, 224, 82, 12
MM, 487, 447, 13
MM, 487, 452, 12
MM, 487, 456, 13
MM, 487, 458, 13
MM, 487, 462, 12
MM, 7, 3, 12
MM, 7, 17, 13
MM, 7, 26, 12
MM, 487, 498, 13
MM, 5, 0, 12
MM, 5, 3, 13
MM, 5, 5, 12
MM, 5, 8, 13
MM, 5, 11, 12
MM, 5, 14, 13
MM, 5, 16, 12
MM, 5, 17, 12
MM, 5, 19, 13
MM, 6, 20, 25
MM, 7, 21, 13
MM, 9, 23, 12
MM, 12, 24, 12
MM, 13, 24, 13
MM, 13, 25, 13
MM, 14, 25, 12
MM, 15, 25, 25
MM, 16, 25, 200
MM, 16, 24, 13
MM, 16, 23, 24
MM, 16, 22, 13
MM, 16, 21, 25
MM, 16, 20, 13
MM, 16, 19, 13
MM, 16, 18, 12
MM, 16, 17, 25
MM, 17, 16, 187
MM, 18, 16, 25
MM, 20, 16, 13
MM, 23, 17, 12
MM, 29, 19, 12
MM, 521, 526, 14
MM, 4, 29, 11
MM, 533, 534, 13
MM, 537, 536, 13
MM, 30, 0, 12
MM, 36, 2, 12
MM, 553, 543, 13
MM, 2, 5, 12
MM, 3, 6, 13
MM, 5, 6, 12
MM, 6, 6, 25
MM, 7, 6, 76
MM, 7, 7, 99
MM, 8, 7, 13
MM, 9, 7, 44
MM, 9, 8, 6
MM, 10, 9, 12
MM, 11, 9, 25
MM, 11, 10, 13
MM, 11, 11, 50
MC, 1, 164
MM, 10, 11, 137
MM, 8, 10, 12
MM, 1, 10, 12
MM, 34, 7, 13
MM, 23, 6, 12
MM, 17, 5, 12
MM, 9, 4, 14
MM, 505, 541, 12
MM, 20, 0, 12
MM, 482, 537, 13
MM, 472, 533, 12
MM, 21, 29, 13
MM, 10, 26, 13
MM, 3, 23, 12
MM, 437, 523, 12
MM, 435, 522, 13
MM, 433, 520, 12
MM, 33, 17, 13
MM, 32, 17, 12
MM, 31, 17, 13
MM, 30, 16, 12
MM, 29, 16, 26
MC, 1, 299
MM, 29, 15, 38
MM, 31, 15, 12
MM, 33, 15, 12
MM, 35, 15, 13
MM, 437, 516, 13
MM, 5, 13, 13
MM, 10, 12, 12
MM, 14, 12, 12
MM, 16, 11, 13
MM, 17, 11, 13
MM, 18, 11, 12
MM, 19, 11, 25
MM, 20, 11, 38
MC, 1, 199
MM, 18, 11, 63
MM, 15, 11, 13
MM, 11, 11, 12
MM, 6, 11, 12
MM, 4, 11, 12
MM, 1, 11, 13
MM, 438, 513, 13
MM, 435, 513, 12
MM, 35, 12, 13
MM, 32, 12, 12
MM, 30, 13, 13
MM, 27, 13, 13
MM, 26, 13, 12
MM, 24, 13, 12
MM, 23, 13, 12
MM, 22, 13, 14
MM, 21, 13, 24
MC, 1, 176
MM, 21, 15, 24
MM, 23, 17, 13
MM, 28, 22, 12
MM, 436, 537, 12
MM, 454, 574, 13
MM, 30, 19, 15
MM, 469, 607, 10
MM, 88, 13, 12
MM, 97, 26, 13
MM, 492, 647, 12
MM, 494, 650, 12
MM, 496, 653, 13
MM, 497, 655, 13
MM, 498, 655, 13
MM, 498, 657, 12
MM, 499, 657, 25
MM, 499, 658, 13
MM, 499, 659, 24
MM, 500, 659, 163
MM, 500, 658, 25
MM, 500, 657, 12
MM, 501, 656, 13
MM, 501, 653, 12
MM, 502, 649, 12
MM, 503, 644, 13
MM, 114, 28, 12
MM, 114, 25, 13
MM, 114, 23, 13
MM, 115, 21, 12
MM, 115, 19, 25
MM, 115, 18, 25
MM, 116, 18, 25
MM, 116, 17, 12
MC, 1, 213
MM, 116, 16, 100
MM, 117, 16, 13
MM, 118, 15, 13
MM, 120, 14, 12
MM, 125, 11, 12
MM, 131, 4, 13
MM, 527, 609, 12
MM, 18, 27, 13
MM, 24, 22, 12
MM, 34, 15, 12
MM, 558, 586, 12
MM, 6, 4, 14
MM, 571, 571, 12
MM, 20, 27, 13
MM, 22, 24, 12
MM, 24, 22, 13
MM, 25, 20, 12
MM, 27, 20, 13
MM, 29, 18, 12
MM, 30, 16, 12
MM, 33, 14, 13
MM, 34, 13, 12
MM, 36, 11, 12
MM, 591, 548, 14
MM, 592, 547, 12
MM, 593, 545, 13
MM, 594, 543, 12
MM, 595, 542, 13
MM, 595, 540, 12
MM, 596, 539, 13
MM, 597, 538, 24
MM, 598, 537, 13
MM, 598, 536, 13
MM, 599, 536, 12
MM, 599, 534, 12
MM, 601, 533, 13
MM, 602, 532, 12
MM, 604, 529, 12
MM, 605, 527, 14
MM, 1, 21, 11
MM, 3, 17, 13
MM, 6, 14, 13
MM, 8, 11, 12
MM, 10, 10, 12
MM, 11, 9, 13
MM, 12, 9, 12
MM, 12, 8, 13
MC, 1, 300
MM, 9, 8, 100
MM, 6, 8, 13
MM, 605, 511, 25
MM, 15, 18, 0
MM, 24, 27, 13
MM, 8, 30, 13
MM, 29, 0, 12
MM, 8, 3, 12
MM, 466, 544, 13
MM, 18, 8, 12
MM, 4, 9, 13
MM, 422, 549, 12
MM, 32, 10, 12
MM, 25, 11, 13
MM, 18, 11, 13
MM, 13, 12, 12
MM, 10, 12, 12
MM, 8, 12, 13
MM, 7, 12, 12
MM, 6, 12, 13
MM, 5, 12, 37
MM, 6, 12, 126
MM, 9, 12, 12
MM, 12, 12, 12
MM, 15, 12, 13
MM, 18, 13, 12
MM, 19, 13, 13
MM, 20, 13, 25
MM, 21, 13, 37
MC, 1, 150
MM, 21, 14, 75
MM, 22, 17, 26
MM, 24, 23, 12
MM, 412, 574, 12
MM, 24, 8, 13
MM, 29, 16, 12
MM, 34, 25, 13
MM, 430, 612, 12
MM, 46, 7, 12
MM, 49, 13, 13
MM, 50, 17, 14
MM, 52, 19, 11
MM, 53, 21, 13
MM, 55, 24, 12
MM, 56, 26, 13
MM, 56, 29, 12
MM, 57, 30, 13
MM, 447, 644, 12
MM, 448, 645, 13
MM, 448, 646, 37
MM, 449, 645, 225
MM, 60, 30, 25
MM, 60, 29, 25
MM, 60, 28, 13
MM, 61, 27, 12
MM, 61, 26, 25
MM, 61, 25, 63
MC, 1, 401
MM, 61, 24, 74
MM, 61, 23, 25
MM, 60, 23, 13
MM, 58, 22, 13
MM, 51, 19, 12
MM, 37, 11, 12
MM, 20, 0, 13
MM, 9, 29, 12
MM, 0, 22, 13
MM, 33, 16, 12
MM, 27, 11, 13
MM, 21, 4, 13
MM, 369, 575, 11
MM, 368, 572, 13
MM, 22, 29, 19
MM, 22, 27, 6
MM, 22, 26, 13
MM, 22, 25, 12
MM, 22, 24, 13
MM, 22, 23, 24
MM, 22, 22, 26
MM, 22, 21, 25
MC, 1, 275
MM, 24, 22, 37
MM, 27, 24, 13
MM, 34, 30, 12
MM, 387, 579, 12
MM, 6, 15, 13
MM, 13, 23, 13
MM, 24, 29, 12
MM, 34, 0, 12
MM, 39, 6, 13
MM, 44, 13, 12
MM, 47, 18, 13
MM, 50, 22, 12
MM, 52, 25, 13
MM, 54, 26, 12
MM, 54, 27, 13
MM, 55, 28, 12
MM, 56, 28, 13
MM, 57, 28, 112
MC, 1, 201
MM, 58, 28, 26
MM, 60, 28, 23
MM, 62, 28, 13
MM, 64, 28, 13
MM, 68, 26, 11
MM, 77, 22, 14
MM, 95, 11, 13
MM, 119, 0, 12
MM, 518, 610, 13
MM, 533, 607, 12
MM, 34, 29, 12
MM, 1, 29, 13
MM, 9, 29, 13
MM, 22, 29, 12
MM, 34, 29, 13
MM, 601, 605, 11
MM, 2, 30, 13
MM, 3, 30, 13
MM, 608, 607, 12
MM, 609, 607, 12
MM, 610, 607, 226
MM, 9, 30, 12
MM, 16, 27, 13
MM, 29, 20, 12
MM, 9, 8, 13
MM, 665, 574, 12
MM, 678, 567, 13
MM, 5, 26, 12
MM, 8, 25, 13
MM, 10, 24, 12
MM, 11, 24, 13
MM, 11, 23, 13
MM, 12, 23, 12
MM, 13, 23, 25
MM, 14, 23, 38
MM, 14, 22, 49
MM, 15, 22, 13
MM, 16, 22, 24
MM, 18, 21, 25
MM, 19, 21, 38
MC, 1, 188
MM, 19, 20, 88
MM, 17, 19, 50
MM, 16, 17, 12
MM, 14, 15, 13
MM, 12, 11, 12
MM, 9, 7, 13
MM, 4, 2, 12
MM, 681, 537, 13
MM, 679, 535, 12
MM, 678, 534, 13
MM, 677, 533, 13
MM, 32, 30, 25
MM, 31, 30, 12
MM, 31, 29, 12
MM, 30, 29, 100
MM, 29, 29, 101
MM, 29, 28, 37
MM, 26, 28, 402
MM, 23, 28, 11
MM, 18, 25, 13
MM, 6, 21, 12
MM, 15, 14, 13
MM, 604, 512, 13
MM, 29, 7, 13
MM, 6, 4, 11
MM, 559, 504, 13
MM, 29, 2, 13
MM, 24, 1, 11
MM, 18, 1, 13
MM, 12, 1, 13
MM, 5, 1, 13
MM, 1, 1, 12
MM, 521, 503, 13
MM, 518, 503, 11
MM, 34, 1, 13
MM, 33, 1, 13
MM, 32, 1, 13
MM, 30, 1, 12
MM, 28, 1, 12
MM, 27, 2, 13
MM, 24, 4, 12
MM, 22, 4, 13
MM, 21, 6, 12
MM, 20, 7, 13
MM, 19, 7, 12
MM, 18, 8, 12
MM, 18, 9, 13
MM, 17, 10, 13
MM, 17, 11, 25
MM, 16, 11, 13
MM, 16, 12, 37
MC, 1, 162
MM, 16, 14, 75
MM, 15, 16, 13
MM, 15, 20, 12
MM, 497, 535, 13
MM, 25, 9, 12
MM, 25, 20, 12
MM, 25, 28, 14
MM, 20, 0, 12
MM, 20, 11, 13
MM, 20, 18, 12
MM, 20, 21, 12
MM, 20, 24, 13
MM, 20, 27, 12
MM, 20, 28, 12
MM, 20, 30, 13
MM, 495, 608, 12
MM, 495, 609, 13
MM, 106, 0, 13
MM, 106, 1, 12
MM, 107, 3, 12
MM, 107, 4, 13
MM, 107, 6, 12
MM, 108, 6, 13
MM, 108, 7, 12
MM, 109, 7, 13
MM, 109, 8, 13
MM, 110, 9, 37
MM, 110, 10, 63
MM, 111, 10, 12
MC, 1, 262
MM, 112, 10, 88
MM, 113, 10, 26
MM, 115, 8, 12
MM, 118, 4, 12
MM, 515, 607, 13
MM, 13, 18, 12
MM, 33, 3, 13
MM, 6, 30, 12
MM, 14, 20, 14
MM, 21, 13, 11
MM, 31, 8, 13
MM, 594, 543, 12
MM, 1, 1, 12
MM, 602, 538, 13
MM, 605, 537, 13
MM, 609, 537, 12
MM, 615, 535, 12
MM, 622, 533, 13
MM, 20, 29, 13
MM, 23, 28, 12
MM, 25, 27, 13
MM, 26, 27, 12
MM, 28, 25, 13
MM, 29, 24, 24
MM, 29, 23, 13
MM, 30, 22, 13
MM, 30, 21, 25
MM, 638, 523, 12
MM, 639, 523, 38
MM, 639, 522, 12
MM, 639, 521, 12
MM, 640, 521, 12
MM, 641, 521, 13
MM, 642, 520, 13
MM, 0, 18, 12
MM, 1, 18, 12
MM, 3, 18, 13
MM, 4, 18, 13
MM, 6, 18, 12
MM, 8, 18, 13
MM, 10, 18, 24
MM, 11, 18, 38
MC, 1, 262
MM, 7, 18, 76
MM, 0, 20, 12
MM, 21, 27, 13
MM, 603, 537, 12
MM, 24, 6, 13
MM, 14, 9, 12
MM, 9, 10, 12
MM, 2, 12, 13
MM, 31, 14, 13
MM, 21, 16, 12
MM, 15, 17, 12
MM, 12, 18, 13
MM, 10, 18, 12
MM, 7, 19, 13
MM, 6, 19, 13
MM, 5, 19, 12
MM, 4, 19, 12
MM, 2, 20, 13
MM, 0, 20, 12
MM, 509, 560, 13
MM, 507, 560, 12
MM, 505, 560, 13
MM, 33, 21, 12
MM, 32, 21, 13
MM, 31, 21, 13
MM, 30, 21, 12
MM, 29, 21, 25
MM, 28, 21, 50
MM, 27, 21, 12
MM, 26, 21, 25
MM, 25, 20, 13
MM, 23, 20, 12
MM, 22, 19, 12
MM, 21, 18, 13
MM, 20, 18, 25
MC, 1, 212
MM, 19, 18, 26
MM, 18, 18, 13
MM, 16, 25, 39
MM, 484, 572, 10
MM, 7, 4, 13
MM, 6, 11, 12
MM, 5, 18, 13
MM, 5, 25, 12
MM, 4, 30, 12
MM, 479, 612, 13
MM, 89, 2, 13
MM, 89, 5, 12
MM, 89, 6, 12
MM, 89, 8, 13
MM, 89, 9, 12
MM, 89, 11, 13
MM, 89, 13, 12
MM, 89, 15, 25
MM, 89, 16, 25
MM, 89, 17, 13
MM, 89, 18, 13
MM, 89, 19, 12
MM, 89, 20, 26
MC, 1, 263
MM, 90, 19, 112
MM, 91, 18, 12
MM, 93, 16, 13
MM, 95, 13, 12
MM, 99, 8, 12
MM, 103, 1, 13
MM, 23, 28, 13
MM, 27, 21, 12
MM, 30, 16, 12
MM, 33, 13, 13
MM, 512, 584, 12
MM, 516, 580, 13
MM, 3, 0, 12
MM, 524, 574, 12
MM, 526, 570, 13
MM, 17, 30, 13
MM, 18, 28, 12
MM, 19, 26, 12
MM, 20, 25, 13
MM, 21, 23, 12
MM, 22, 23, 13
MM, 24, 22, 12
MM, 25, 20, 12
MM, 26, 19, 13
MM, 30, 19, 13
MM, 33, 17, 12
MM, 548, 555, 13
MM, 552, 554, 12
MM, 2, 15, 12
MM, 4, 13, 14
MM, 6, 13, 13
MM, 9, 12, 12
MM, 13, 11, 13
MM, 19, 11, 11
MM, 25, 9, 12
MM, 30, 9, 13
MM, 33, 9, 13
MM, 36, 9, 12
MM, 593, 548, 13
MM, 595, 548, 12
MM, 1, 9, 12
MM, 4, 9, 13
MM, 7, 9, 13
MM, 8, 9, 12
MM, 10, 9, 13
MM, 11, 9, 25
MM, 12, 9, 25
MM, 13, 9, 38
MM, 14, 9, 100
MC, 1, 288
MM, 14, 8, 137
MM, 15, 7, 25
MM, 16, 5, 13
MM, 18, 1, 12
MM, 618, 536, 13
MM, 15, 30, 13
MM, 18, 28, 12
MM, 21, 26, 13
MM, 24, 25, 11
MM, 27, 24, 13
MM, 28, 24, 12
MM, 29, 23, 13
MM, 638, 524, 12
MM, 639, 524, 13
MM, 640, 524, 14
MM, 641, 523, 23
MM, 643, 523, 26
MM, 643, 522, 12
MM, 0, 20, 13
MM, 1, 19, 12
MM, 2, 19, 13
MM, 4, 19, 12
MM, 6, 19, 12
MM, 8, 18, 13
MM, 9, 18, 25
MM, 10, 17, 13
MM, 11, 17, 25
MC, 1, 250
MM, 10, 17, 138
MM, 7, 17, 12
MM, 3, 17, 12
MM, 639, 519, 13
MM, 21, 18, 13
MM, 13, 19, 12
MM, 7, 19, 13
MM, 3, 19, 13
MM, 0, 19, 11
MM, 603, 521, 13
MM, 32, 19, 13
MM, 27, 19, 12
MM, 23, 19, 12
MM, 20, 19, 13
MM, 16, 19, 12
MM, 13, 20, 13
MM, 9, 20, 12
MM, 4, 21, 13
MM, 563, 523, 13
MM, 560, 524, 12
MM, 559, 524, 12
MM, 33, 22, 13
MM, 32, 22, 13
MM, 31, 22, 12
MM, 30, 22, 12
MM, 29, 22, 38
MC, 1, 301
MM, 28, 22, 37
MM, 27, 23, 13
MM, 27, 24, 12
MM, 26, 24, 12
MM, 25, 26, 13
MM, 21, 30, 12
MM, 24, 3, 13
MM, 11, 18, 13
MM, 31, 15, 12
MM, 23, 28, 13
MM, 104, 0, 12
MM, 100, 8, 13
MM, 94, 18, 12
MM, 90, 29, 12
MM, 476, 651, 14
MM, 473, 655, 12
MM, 471, 660, 12
MM, 471, 665, 13
MM, 471, 663, 324
MM, 471, 662, 13
MM, 472, 660, 12
MM, 473, 657, 13
MM, 475, 655, 12
MM, 476, 653, 13
MM, 478, 651, 12
MM, 479, 647, 13
MM, 481, 645, 13
MM, 91, 30, 13
MM, 93, 27, 11
MM, 94, 25, 13
MM, 94, 22, 13
MM, 94, 21, 12
MM, 95, 21, 13
MM, 95, 19, 12
MM, 96, 19, 12
MM, 96, 18, 13
MC, 1, 262
MM, 96, 17, 164
MM, 96, 16, 24
MM, 97, 15, 13
MM, 99, 13, 13
MM, 100, 10, 12
MM, 102, 7, 13
MM, 104, 2, 13
MM, 496, 612, 12
MM, 496, 609, 12
MM, 497, 607, 13
MM, 22, 29, 13
MM, 23, 29, 13
MM, 23, 28, 12
MM, 23, 27, 12
MM, 23, 26, 38
MM, 23, 25, 12
MM, 23, 24, 25
MM, 23, 23, 12
MM, 23, 22, 12
MM, 23, 21, 13
MM, 23, 20, 38
MM, 23, 19, 62
MC, 1, 137
MM, 23, 18, 214
MM, 21, 17, 37
MM, 19, 14, 13
MM, 14, 9, 12
MM, 5, 2, 13
MM, 470, 570, 12
MM, 464, 565, 12
MM, 32, 22, 13
MM, 29, 18, 13
MM, 26, 16, 12
MM, 23, 11, 14
MM, 16, 5, 12
MM, 12, 1, 12
MM, 435, 538, 13
MM, 432, 534, 12
MM, 430, 533, 12
MM, 32, 29, 13
MM, 31, 28, 12
MM, 31, 27, 13
MM, 30, 27, 13
MM, 29, 27, 12
MM, 29, 26, 26
MC, 1, 324
MM, 30, 26, 112
MM, 433, 527, 13
MM, 2, 25, 13
MM, 17, 23, 12
MM, 480, 525, 13
MM, 17, 23, 12
MM, 28, 23, 13
MM, 518, 525, 12
MM, 7, 23, 13
MM, 19, 23, 12
MM, 27, 23, 13
MM, 31, 23, 12
MM, 558, 525, 13
MM, 561, 525, 12
MM, 3, 23, 13
MM, 10, 23, 12
MM, 14, 23, 12
MM, 17, 24, 13
MM, 20, 24, 12
MM, 22, 24, 20
MM, 23, 24, 5
MM, 24, 24, 12
MM, 25, 24, 13
MM, 27, 24, 14
MM, 28, 24, 11
MM, 30, 24, 13
MM, 33, 24, 13
MM, 36, 24, 12
MM, 603, 526, 12
MM, 606, 526, 13
MM, 0, 24, 13
MM, 3, 24, 12
MM, 6, 24, 13
MM, 8, 24, 11
MM, 11, 24, 13
MM, 13, 23, 13
MM, 15, 22, 13
MM, 17, 22, 12
MM, 17, 21, 13
MM, 18, 21, 24
MC, 1, 250
MM, 17, 21, 37
MM, 16, 21, 13
MM, 15, 21, 13
MM, 14, 21, 12
MM, 12, 22, 13
MM, 9, 24, 12
MM, 3, 27, 13
MM, 602, 534, 12
MM, 592, 544, 13
MM, 30, 13, 13
MM, 26, 18, 12
MM, 24, 20, 13
MM, 23, 22, 11
MM, 20, 24, 14
MM, 19, 24, 12
MM, 18, 26, 12
MM, 16, 27, 12
MM, 13, 29, 13
MM, 563, 571, 12
MM, 561, 574, 13
MM, 557, 577, 13
MM, 555, 580, 12
MM, 554, 581, 13
MM, 36, 6, 12
MM, 35, 7, 13
MM, 35, 8, 13
MM, 34, 8, 11
MM, 34, 9, 26
MM, 33, 10, 24
MM, 32, 10, 25
MM, 32, 11, 13
MM, 31, 12, 12
MM, 30, 13, 25
MM, 29, 13, 38
MM, 29, 14, 12
MC, 1, 201
MM, 28, 14, 88
MM, 27, 14, 25
MM, 27, 12, 24
MM, 27, 10, 13
MM, 26, 6, 12
MM, 26, 2, 12
MM, 542, 573, 13
MM, 31, 29, 12
MM, 31, 27, 13
MM, 30, 26, 13
MM, 30, 25, 12
MM, 29, 24, 25
MM, 29, 23, 12
MM, 28, 22, 13
MM, 27, 22, 13
MM, 27, 21, 12
MM, 26, 19, 12
MM, 25, 17, 13
MM, 24, 15, 12
MM, 22, 12, 13
MM, 22, 9, 12
MM, 21, 8, 13
MM, 20, 7, 12
MM, 20, 5, 13
MM, 19, 4, 25
MC, 1, 237
MM, 18, 4, 51
MM, 18, 6, 25
MM, 17, 12, 12
MM, 15, 20, 13
MM, 13, 30, 13
MM, 5, 2, 19
MM, 2, 16, 6
MM, 0, 24, 12
MM, 516, 606, 12
MM, 515, 609, 13
MM, 513, 612, 12
MM, 122, 2, 13
MM, 121, 6, 12
MM, 120, 11, 13
MM, 120, 17, 12
MM, 120, 20, 13
MM, 119, 22, 12
MM, 119, 23, 13
MM, 119, 24, 12
MM, 119, 25, 25
MC, 1, 350
MM, 118, 25, 263
MM, 117, 25, 25
MM, 116, 25, 13
MM, 113, 25, 13
MM, 99, 21, 12
MM, 59, 5, 12
MM, 7, 8, 13
MM, 336, 572, 12
MM, 32, 19, 13
MM, 4, 0, 12
MM, 276, 533, 12
MM, 271, 529, 13
MM, 268, 527, 13
MM, 266, 526, 12
MM, 265, 525, 12
MM, 264, 524, 13
MM, 265, 524, 138
MM, 267, 524, 12
MM, 275, 524, 12
MM, 292, 525, 13
MM, 305, 527, 12
MM, 7, 26, 13
MM, 17, 27, 12
MM, 24, 27, 13
MM, 29, 28, 12
MM, 32, 29, 13
MM, 34, 30, 14
MM, 35, 30, 11
MM, 346, 534, 13
MM, 347, 535, 24
MM, 348, 535, 14
MM, 349, 536, 12
MM, 349, 537, 12
MM, 350, 537, 13
MM, 350, 538, 24
MM, 351, 538, 13
MM, 7, 0, 25
MM, 8, 1, 25
MM, 9, 1, 25
MM, 9, 2, 12
MM, 9, 3, 13
MM, 10, 3, 12
MM, 10, 4, 13
MM, 11, 4, 12
MM, 11, 5, 13
MM, 12, 5, 12
MM, 13, 6, 13
MM, 13, 7, 13
MM, 14, 7, 25
MM, 15, 8, 24
MC, 1, 201
MM, 16, 9, 49
MM, 17, 11, 14
MM, 20, 14, 12
MM, 30, 22, 12
MM, 389, 572, 13
MM, 10, 8, 12
MM, 19, 18, 12
MM, 26, 30, 13
MM, 35, 2, 13
MM, 44, 7, 12
MM, 51, 10, 13
MM, 53, 13, 12
MM, 54, 13, 13
MM, 55, 14, 12
MM, 55, 15, 13
MM, 56, 15, 12
MC, 1, 388
MM, 56, 14, 137
MM, 54, 12, 13
MM, 52, 10, 12
MM, 47, 5, 13
MM, 430, 610, 13
MM, 35, 29, 11
MM, 33, 24, 13
MM, 31, 22, 13
MM, 30, 21, 13
MM, 29, 20, 24
MM, 29, 19, 38
MC, 1, 275
MM, 29, 18, 100
MM, 30, 18, 12
MM, 36, 17, 13
MM, 6, 12, 13
MM, 23, 7, 12
MM, 475, 575, 12
MM, 27, 29, 13
MM, 506, 564, 13
MM, 1, 22, 13
MM, 7, 20, 11
MM, 14, 18, 13
MM, 23, 16, 12
MM, 31, 14, 13
MM, 548, 553, 12
MM, 0, 13, 13
MM, 3, 13, 13
MM, 6, 13, 12
MM, 12, 12, 12
MM, 15, 12, 13
MM, 16, 12, 12
MM, 17, 12, 13
MM, 18, 12, 25
MM, 19, 12, 175
MC, 1, 299
MM, 19, 11, 140
MM, 21, 9, 24
MM, 24, 7, 13
MM, 30, 3, 13
MM, 592, 536, 12
MM, 36, 29, 13
MM, 603, 528, 12
MM, 0, 22, 12
MM, 3, 18, 13
MM, 4, 15, 13
MM, 6, 14, 12
MM, 7, 11, 13
MM, 8, 11, 12
MM, 9, 10, 12
MM, 10, 10, 13
MM, 10, 9, 12
MM, 11, 9, 13
MM, 11, 8, 25
MM, 12, 8, 12
MM, 17, 8, 238
MM, 19, 8, 12
MM, 25, 11, 12
MM, 638, 520, 13
MM, 2, 23, 13
MM, 11, 28, 12
MM, 661, 534, 13
MM, 665, 536, 12
MM, 668, 538, 12
MM, 33, 0, 13
MM, 35, 2, 13
MM, 676, 544, 12
MM, 3, 8, 13
MM, 9, 14, 12
MM, 15, 19, 12
MM, 18, 23, 13
MM, 21, 25, 13
MM, 22, 26, 12
MM, 23, 27, 12
MM, 24, 27, 13
MM, 25, 28, 25
MC, 1, 276
MM, 24, 28, 163
MM, 23, 27, 12
MM, 23, 26, 13
MM, 22, 25, 12
MM, 22, 24, 13
MM, 22, 23, 14
MM, 21, 22, 36
MM, 20, 22, 200
MM, 19, 22, 12
MM, 17, 22, 13
MM, 13, 22, 12
MM, 6, 22, 13
MM, 25, 23, 12
MM, 636, 565, 12
MM, 30, 27, 13
MM, 19, 29, 13
MM, 5, 29, 16
MM, 591, 568, 8
MM, 32, 29, 14
MM, 26, 29, 12
MM, 21, 29, 13
MM, 13, 29, 12
MM, 3, 29, 12
MM, 551, 568, 13
MM, 35, 28, 13
MM, 31, 27, 12
MM, 25, 26, 12
MM, 18, 25, 13
MM, 13, 25, 12
MM, 9, 25, 13
MM, 6, 25, 13
MM, 4, 25, 11
MM, 2, 25, 13
MM, 510, 564, 12
MM, 508, 564, 12
MM, 34, 25, 13
MM, 31, 25, 13
MM, 28, 25, 13
MM, 26, 25, 12
MM, 25, 25, 13
MM, 24, 26, 12
MM, 22, 26, 38
MM, 22, 27, 12
MM, 21, 27, 13
MM, 19, 27, 12
MM, 17, 27, 13
MM, 14, 27, 12
MM, 8, 28, 12
MM, 0, 28, 13
MM, 36, 28, 13
MM, 32, 27, 12
MM, 27, 25, 12
MM, 24, 24, 13
MM, 22, 23, 12
MM, 20, 23, 13
MM, 17, 22, 13
MM, 16, 21, 12
MM, 15, 21, 12
MM, 14, 21, 13
MM, 13, 21, 12
MM, 12, 21, 13
MM, 12, 20, 150
MM, 14, 19, 363
MM, 16, 20, 12
MM, 18, 23, 13
MM, 23, 29, 12
MM, 23, 5, 13
MM, 29, 14, 13
MM, 32, 20, 12
MM, 34, 25, 12
MM, 471, 603, 13
MM, 473, 605, 12
MM, 475, 607, 14
MM, 476, 608, 12
MM, 477, 610, 12
MM, 478, 611, 12
MM, 479, 612, 14
MM, 89, 0, 12
MM, 90, 1, 12
MM, 91, 3, 12
MM, 92, 4, 13
MM, 93, 6, 13
MM, 93, 7, 12
MM, 94, 8, 12
MM, 94, 9, 13
MM, 95, 9, 13
MM, 95, 10, 37
MC, 1, 300
MM, 96, 10, 263
MM, 97, 10, 25
MM, 99, 10, 12
MM, 103, 10, 13
MM, 111, 10, 12
MM, 121, 10, 13
MM, 126, 9, 12
MM, 129, 8, 13
MM, 133, 8, 13
MM, 136, 7, 11
MM, 139, 7, 13
MM, 142, 7, 13
MM, 144, 6, 263
MM, 147, 5, 12
MM, 156, 3, 13
MM, 563, 612, 13
MM, 575, 610, 12
MM, 583, 609, 13
MM, 589, 608, 12
MM, 594, 607, 12
MM, 602, 607, 13
MM, 8, 30, 13
MM, 11, 30, 12
MM, 14, 30, 12
MM, 16, 29, 13
MM, 18, 29, 12
MM, 20, 28, 13
MM, 23, 28, 12
MM, 28, 28, 12
MM, 635, 604, 13
MM, 639, 604, 13
MM, 2, 28, 12
MM, 4, 27, 13
MM, 6, 27, 12
MM, 8, 27, 12
MM, 9, 27, 13
MM, 11, 27, 13
MM, 14, 27, 12
MM, 18, 27, 13
MM, 21, 27, 13
MM, 22, 27, 12
MM, 23, 27, 12
MM, 24, 27, 13
MM, 25, 27, 25
MC, 1, 238
MM, 25, 26, 112
MM, 25, 25, 124
MM, 25, 24, 13
MM, 26, 22, 13
MM, 29, 18, 13
MM, 672, 591, 12
MM, 680, 583, 13
MM, 687, 578, 12
MM, 696, 570, 13
MM, 23, 25, 12
MM, 27, 18, 13
MM, 30, 13, 12
MM, 32, 10, 13
MM, 33, 7, 12
MM, 33, 5, 12
MM, 34, 2, 13
MM, 34, 1, 225
MM, 713, 538, 25
MM, 713, 537, 25
MM, 713, 535, 13
MM, 713, 534, 12
MM, 713, 533, 12
MM, 26, 29, 13
MM, 26, 28, 13
MM, 26, 27, 12
MM, 26, 25, 13
MM, 26, 24, 12
MM, 25, 22, 25
MM, 25, 21, 37
MM, 24, 21, 25
MM, 24, 20, 26
MM, 23, 20, 12
MM, 21, 23, 226
MM, 21, 26, 12
MM, 20, 29, 13
MM, 705, 534, 12
MM, 705, 537, 12
MM, 25, 1, 14
MM, 24, 3, 11
MM, 23, 6, 13
MM, 22, 9, 13
MM, 22, 12, 11
MM, 21, 16, 13
MM, 21, 17, 13
MM, 21, 18, 25
MM, 21, 19, 25
MC, 1, 200
MM, 20, 19, 37
MM, 19, 19, 13
MM, 18, 19, 12
MM, 15, 19, 13
MM, 5, 20, 12
MM, 13, 21, 13
MM, 14, 27, 13
MM, 21, 29, 12
MM, 499, 570, 12
MM, 477, 571, 13
MM, 468, 571, 13
MM, 459, 571, 12
MM, 449, 571, 13
MM, 441, 571, 13
MM, 437, 571, 12
MM, 435, 571, 12
MM, 433, 571, 13
MM, 432, 571, 288
MM, 431, 571, 25
MM, 430, 571, 13
MM, 428, 571, 12
MM, 426, 571, 12
MM, 424, 571, 13
MM, 419, 572, 13
MM, 411, 573, 12
MM, 398, 574, 12
MM, 388, 575, 13
MM, 30, 1, 12
MM, 24, 2, 13
MM, 19, 3, 12
MM, 9, 4, 13
MM, 2, 5, 12
MM, 349, 582, 13
MM, 347, 582, 12
MM, 346, 582, 13
MM, 345, 582, 24
MM, 344, 582, 276
MM, 34, 5, 13
MM, 34, 3, 12
MM, 33, 1, 12
MM, 341, 575, 13
MM, 339, 573, 12
MM, 337, 570, 13
MM, 55, 29, 12
MM, 54, 28, 13
MM, 53, 26, 13
MM, 52, 24, 12
MM, 52, 23, 12
MM, 52, 22, 26
MM, 53, 20, 49
MM, 56, 19, 13
MM, 338, 557, 12
MM, 340, 556, 13
MM, 341, 555, 12
MM, 0, 15, 13
MM, 1, 14, 13
MM, 2, 13, 12
MM, 3, 13, 13
MM, 4, 12, 37
MM, 5, 12, 38
MC, 1, 249
MM, 8, 10, 139
MM, 27, 5, 12
MM, 8, 30, 13
MM, 30, 17, 12
MM, 5, 15, 13
MM, 15, 13, 15
MM, 30, 13, 10
MM, 521, 515, 12
MM, 4, 12, 12
MM, 7, 12, 12
MM, 8, 12, 13
MM, 9, 12, 13
MM, 11, 12, 12
MM, 12, 12, 12
MM, 13, 12, 13
MM, 15, 12, 13
MM, 18, 12, 12
MM, 22, 12, 12
MM, 26, 12, 13
MM, 31, 12, 12
MM, 33, 12, 13
MM, 34, 12, 12
MM, 558, 514, 14
MM, 559, 514, 12
MM, 34, 12, 300
MM, 33, 12, 25
MM, 32, 12, 12
MM, 31, 12, 12
MM, 30, 13, 14
MM, 29, 13, 12
MM, 28, 14, 13
MM, 27, 14, 12
MM, 26, 14, 25
MM, 25, 14, 37
MC, 1, 201
MM, 26, 14, 37
MM, 27, 14, 13
MM, 30, 14, 12
MM, 34, 14, 12
MM, 562, 517, 14
MM, 5, 15, 12
MM, 13, 15, 13
MM, 21, 15, 12
MM, 27, 16, 12
MM, 30, 17, 12
MM, 32, 19, 14
MM, 34, 19, 12
MM, 35, 20, 13
MM, 601, 523, 12
MM, 602, 523, 25
MM, 603, 523, 13
MM, 604, 523, 49
MM, 605, 523, 188
MM, 606, 523, 25
MM, 0, 20, 12
MM, 1, 20, 12
MM, 1, 19, 13
MM, 3, 19, 12
MM, 5, 18, 13
MM, 6, 17, 13
MM, 7, 17, 12
MM, 8, 16, 12
MM, 9, 15, 13
MM, 10, 15, 12
MC, 1, 276
MM, 10, 16, 62
MM, 7, 19, 13
MM, 2, 24, 13
MM, 601, 534, 12
MM, 596, 540, 13
MM, 593, 543, 12
MM, 36, 8, 13
MM, 34, 10, 13
MM, 33, 13, 12
MM, 31, 18, 12
MM, 29, 25, 12
MM, 26, 28, 13
MM, 577, 572, 13
MM, 12, 0, 12
MM, 8, 3, 13
MM, 5, 5, 12
MM, 3, 7, 12
MM, 1, 8, 13
MM, 0, 9, 12
MM, 559, 586, 13
MM, 558, 587, 12
MM, 557, 588, 13
MM, 556, 590, 12
MM, 555, 590, 13
MM, 36, 16, 26
MM, 35, 17, 11
MM, 33, 17, 12
MM, 31, 18, 13
MM, 28, 18, 13
MM, 25, 19, 12
MM, 23, 19, 13
MM, 21, 20, 12
MM, 20, 20, 12
MM, 19, 20, 13
MM, 18, 20, 13
MM, 17, 20, 12
MM, 16, 20, 75
MM, 16, 18, 262
MM, 16, 16, 26
MM, 16, 15, 12
MM, 16, 14, 12
MM, 16, 13, 13
MM, 16, 11, 12
MM, 15, 9, 13
MM, 15, 8, 12
MM, 15, 7, 13
MM, 15, 5, 13
MM, 14, 4, 12
MM, 14, 3, 12
MM, 14, 1, 13
MM, 13, 0, 12
MM, 530, 575, 13
MM, 530, 573, 13
MM, 530, 572, 12
MM, 530, 571, 12
MM, 530, 570, 13
MM, 18, 29, 25
MM, 18, 28, 25
MM, 18, 27, 25
MM, 17, 26, 13
MM, 17, 25, 12
MM, 16, 24, 25
MM, 16, 23, 25
MM, 16, 22, 13
MM, 15, 22, 12
MM, 15, 21, 25
MC, 1, 225
MM, 14, 21, 25
MM, 12, 23, 25
MM, 11, 27, 13
MM, 1, 2, 12
MM, 515, 589, 12
MM, 514, 595, 13
MM, 512, 598, 13
MM, 512, 600, 12
MM, 511, 602, 12
MM, 35, 27, 13
MM, 35, 29, 13
MM, 510, 608, 12
MM, 119, 1, 12
MM, 119, 6, 13
MM, 118, 9, 13
MM, 118, 12, 12
MM, 118, 14, 12
MM, 117, 14, 13
MM, 117, 15, 13
MC, 1, 312
MM, 119, 13, 101
MM, 125, 8, 12
MM, 135, 1, 12
MM, 19, 30, 13
MM, 28, 26, 12
MM, 36, 22, 13
MM, 4, 18, 12
MM, 13, 15, 13
MM, 20, 12, 12
MM, 25, 8, 13
MM, 30, 5, 12
MM, 597, 575, 13
MM, 608, 571, 13
MM, 19, 29, 12
MM, 25, 26, 12
MM, 28, 25, 13
MM, 30, 24, 12
MM, 33, 23, 12
MM, 633, 562, 14
MM, 1, 22, 11
MM, 5, 22, 13
MM, 8, 22, 13
MM, 11, 21, 12
MM, 13, 21, 13
MM, 15, 21, 12
MM, 17, 21, 13
MM, 18, 21, 12
MM, 20, 21, 12
MM, 22, 21, 13
MM, 26, 21, 12
MM, 29, 21, 14
MM, 32, 21, 11
MM, 34, 21, 12
MM, 673, 560, 17
MM, 674, 560, 9
MM, 675, 560, 25
MM, 676, 560, 26
MM, 676, 559, 261
MM, 677, 558, 38
MM, 678, 558, 25
MM, 1, 19, 13
MM, 2, 18, 12
MM, 3, 18, 13
MM, 4, 18, 12
MM, 5, 18, 13
MM, 6, 18, 25
MC, 1, 275
MM, 4, 17, 125
MM, 2, 15, 13
MM, 676, 550, 32
MM, 34, 8, 5
MM, 27, 4, 13
MM, 20, 1, 12
MM, 652, 537, 13
MM, 648, 534, 13
MM, 646, 533, 12
MM, 642, 532, 13
MM, 641, 531, 12
MM, 639, 529, 12
MM, 30, 27, 13
MM, 29, 26, 13
MM, 28, 25, 12
MM, 27, 25, 12
MM, 26, 25, 25
MM, 25, 25, 13
MM, 25, 24, 13
MM, 24, 24, 24
MM, 23, 24, 113
MC, 1, 213
MM, 24, 24, 50
MM, 26, 24, 13
MM, 27, 25, 12
MM, 29, 26, 13
MM, 30, 28, 12
MM, 639, 532, 12
MM, 641, 537, 14
MM, 5, 1, 12
MM, 7, 5, 12
MM, 8, 8, 13
MM, 9, 9, 12
MM, 10, 10, 12
MM, 10, 11, 13
MM, 11, 11, 25
MM, 11, 12, 13
MM, 12, 12, 37
MC, 1, 250
MM, 11, 13, 51
MM, 8, 13, 12
MM, 634, 554, 12
MM, 11, 18, 13
MM, 28, 19, 12
MM, 1, 21, 12
MM, 30, 22, 13
MM, 22, 22, 13
MM, 13, 22, 12
MM, 507, 559, 13
MM, 25, 19, 12
MM, 17, 16, 12
MM, 11, 14, 13
MM, 2, 10, 13
MM, 33, 7, 11
MM, 23, 0, 13
MM, 444, 536, 13
MM, 437, 532, 12
MM, 33, 27, 13
MM, 26, 24, 13
MM, 21, 23, 11
MM, 19, 22, 13
MM, 17, 21, 13
MM, 16, 21, 12
MM, 15, 21, 13
MM, 13, 21, 25
MM, 13, 20, 12
MM, 12, 20, 13
MM, 12, 19, 50
MM, 11, 18, 13
MM, 10, 17, 37
MC, 1, 225
MM, 10, 18, 113
MM, 11, 24, 13
MM, 413, 537, 12
MM, 33, 7, 12
MM, 421, 552, 13
MM, 426, 560, 12
MM, 4, 26, 12
MM, 435, 572, 13
MM, 7, 7, 13
MM, 10, 17, 12
MM, 13, 23, 13
MM, 15, 28, 12
MM, 451, 611, 12
MM, 64, 7, 13
MM, 65, 12, 12
MM, 66, 15, 13
MM, 67, 17, 12
MM, 68, 18, 13
MM, 68, 19, 12
MM, 69, 19, 13
MM, 70, 20, 25
MM, 71, 21, 24
MM, 71, 22, 13
MM, 72, 22, 13
MM, 72, 23, 50
MM, 73, 23, 13
MC, 1, 250
MM, 73, 22, 187
MM, 72, 21, 13
MM, 71, 21, 13
MM, 70, 19, 12
MM, 67, 16, 12
MM, 64, 13, 13
MM, 56, 5, 13
MM, 435, 611, 13
MM, 34, 29, 12
MM, 28, 25, 12
MM, 23, 21, 13
MM, 21, 19, 13
MM, 19, 16, 12
MM, 17, 14, 12
MM, 16, 13, 13
MM, 15, 11, 12
MM, 14, 11, 13
MM, 14, 10, 12
MM, 14, 9, 12
MC, 1, 276
MM, 15, 9, 50
MM, 20, 9, 13
MM, 31, 8, 11
MM, 0, 6, 13
MM, 10, 5, 14
MM, 19, 3, 11
MM, 31, 2, 13
MM, 1, 0, 12
MM, 483, 574, 13
MM, 490, 573, 13
MM, 497, 571, 12
MM, 508, 570, 12
MM, 5, 30, 13
MM, 11, 29, 12
MM, 14, 27, 12
MM, 16, 27, 13
MM, 19, 27, 12
MM, 22, 27, 14
MM, 24, 26, 12
MM, 27, 26, 13
MM, 30, 25, 12
MM, 33, 25, 13
MM, 36, 24, 12
MM, 549, 563, 13
MM, 550, 562, 11
MM, 551, 562, 13
MM, 551, 561, 26
MM, 552, 561, 12
MM, 553, 560, 50
MM, 0, 21, 24
MM, 1, 20, 13
MM, 2, 19, 13
MM, 3, 19, 13
MM, 4, 19, 12
MM, 5, 19, 13
MM, 5, 18, 12
MM, 7, 18, 12
MM, 8, 17, 25
MM, 9, 17, 12
MM, 10, 17, 26
MM, 10, 16, 12
MM, 11, 16, 13
MM, 11, 15, 25
MM, 12, 15, 37
MC, 1, 150
MM, 13, 15, 38
MM, 13, 14, 12
MM, 14, 14, 13
MM, 15, 13, 25
MM, 15, 12, 12
MM, 17, 12, 13
MM, 19, 11, 12
MM, 25, 8, 12
MM, 31, 5, 14
MM, 35, 3, 12
MM, 593, 538, 12
MM, 596, 533, 13
MM, 34, 28, 12
MM, 601, 528, 12
MM, 602, 526, 13
MM, 604, 525, 13
MM, 606, 524, 12
MM, 1, 21, 13
MM, 4, 20, 12
MM, 7, 18, 13
MM, 9, 17, 13
MM, 11, 17, 11
MM, 12, 16, 13
MM, 14, 15, 13
MM, 15, 15, 12
MM, 16, 14, 13
MM, 17, 13, 37
MC, 1, 275
MM, 18, 13, 151
MM, 19, 13, 13
MM, 21, 14, 12
MM, 24, 16, 13
MM, 638, 523, 13
MM, 4, 27, 12
MM, 655, 533, 15
MM, 659, 536, 10
MM, 662, 538, 12
MM, 27, 0, 13
MM, 29, 1, 13
MM, 31, 3, 12
MM, 33, 4, 12
MM, 673, 544, 13
MM, 677, 546, 12
MM, 1, 9, 13
MM, 3, 10, 12
MM, 7, 13, 13
MM, 9, 18, 13
MM, 11, 20, 12
MM, 12, 23, 11
MM, 13, 23, 14
MM, 14, 24, 12
MM, 15, 24, 50
MM, 15, 25, 13
MC, 1, 275
MM, 13, 25, 112
MM, 6, 25, 12
MM, 673, 564, 13
MM, 20, 25, 13
MM, 633, 564, 11
MM, 19, 25, 13
MM, 9, 25, 13
MM, 594, 564, 12
MM, 17, 26, 14
MM, 6, 27, 12
MM, 551, 566, 12
MM, 31, 27, 12
MM, 22, 27, 13
MM, 13, 27, 13
MM, 10, 27, 14
MM, 8, 27, 11
MM, 5, 27, 12
MM, 2, 27, 13
MM, 509, 566, 13
MM, 505, 566, 12
MM, 31, 27, 12
MM, 28, 26, 13
MM, 25, 26, 12
MM, 24, 25, 12
MM, 21, 24, 13
MM, 10, 21, 75
MM, 4, 20, 12
MM, 0, 19, 13
MM, 466, 558, 12
MM, 36, 18, 13
MM, 33, 18, 12
MM, 30, 18, 13
MM, 27, 18, 12
MM, 25, 18, 13
MM, 24, 18, 12
MM, 23, 18, 12
MM, 22, 18, 39
MC, 1, 199
MM, 22, 20, 226
MM, 22, 24, 13
MM, 450, 571, 12
MM, 19, 3, 13
MM, 21, 8, 13
MM, 22, 14, 12
MM, 25, 20, 12
MM, 28, 30, 13
MM, 463, 611, 12
MM, 75, 3, 13
MM, 76, 5, 13
MM, 78, 7, 11
MM, 79, 9, 13
MM, 80, 9, 13
MM, 80, 10, 12
MM, 81, 11, 25
MM, 81, 12, 12
MM, 82, 12, 13
MM, 83, 13, 38
MM, 83, 14, 24
MM, 84, 14, 38
MM, 84, 15, 13
MM, 85, 15, 12
MM, 85, 16, 13
MC, 1, 288
MM, 86, 16, 37
MM, 93, 14, 12
MM, 115, 4, 13
MM, 19, 16, 12
MM, 10, 26, 13
MM, 32, 10, 12
MM, 595, 543, 13
MM, 599, 538, 12
MM, 604, 534, 12
MM, 605, 532, 13
MM, 1, 27, 12
MM, 3, 25, 13
MM, 5, 24, 13
MM, 7, 22, 12
MM, 10, 21, 13
MM, 11, 21, 13
MM, 12, 20, 11
MM, 13, 19, 14
MM, 14, 19, 12
MC, 1, 350
MM, 12, 19, 63
MM, 9, 19, 12
MM, 4, 21, 13
MM, 35, 26, 13
MM, 577, 533, 12
MM, 4, 0, 13
MM, 36, 3, 12
MM, 19, 5, 13
MM, 6, 7, 12
MM, 507, 548, 13
MM, 29, 10, 12
MM, 16, 12, 13
MM, 3, 13, 12
MM, 36, 15, 12
MM, 29, 15, 13
MM, 24, 16, 13
MM, 16, 16, 12
MM, 7, 17, 12
MM, 426, 557, 12
MM, 421, 558, 13
MM, 29, 20, 12
MM, 21, 21, 13
MM, 15, 21, 12
MM, 11, 22, 13
MM, 9, 22, 12
MM, 7, 22, 14
MM, 6, 22, 12
MM, 5, 22, 38
MM, 4, 22, 25
MC, 1, 237
MM, 5, 22, 25
MM, 6, 22, 13
MM, 10, 22, 13
MM, 16, 21, 12
MM, 22, 21, 12
MM, 29, 21, 13
MM, 421, 560, 12
MM, 3, 23, 12
MM, 12, 29, 14
MM, 447, 575, 12
MM, 17, 4, 13
MM, 22, 10, 13
MM, 24, 15, 11
MM, 27, 18, 13
MM, 31, 23, 13
MM, 469, 608, 12
MM, 83, 1, 12
MM, 87, 7, 13
MM, 89, 9, 12
MM, 91, 10, 13
MM, 92, 13, 12
MM, 94, 13, 12
MM, 94, 14, 13
MM, 94, 15, 25
MM, 95, 15, 13
MC, 1, 338
MM, 96, 15, 12
MM, 97, 15, 25
MM, 99, 15, 14
MM, 106, 14, 11
MM, 121, 9, 13
MM, 534, 612, 12
MM, 16, 19, 12
MM, 597, 584, 13
MM, 2, 4, 12
MM, 13, 1, 12
MM, 630, 573, 14
MM, 638, 571, 13
MM, 642, 570, 12
MM, 644, 570, 12
MM, 645, 570, 13
MM, 646, 570, 12
MM, 9, 30, 12
MM, 10, 30, 25
MM, 10, 29, 188
MM, 10, 27, 26
MM, 12, 24, 12
MM, 15, 18, 12
MM, 19, 7, 13
MM, 660, 536, 12
MM, 17, 29, 13
MM, 19, 24, 13
MM, 20, 21, 12
MM, 21, 17, 13
MM, 21, 14, 13
MM, 21, 11, 11
MM, 21, 10, 13
MM, 21, 9, 26
MM, 21, 8, 24
MM, 19, 12, 275
MM, 14, 15, 13
MM, 7, 21, 13
MM, 1, 27, 12
MM, 637, 538, 13
MM, 30, 9, 12
MM, 20, 19, 12
MM, 13, 25, 13
MM, 9, 29, 12
MM, 603, 570, 13
MM, 601, 574, 13
MM, 599, 575, 12
MM, 597, 577, 12
MM, 36, 3, 13
MM, 34, 4, 13
MM, 31, 7, 12
MM, 27, 9, 12
MM, 24, 11, 13
MM, 21, 14, 12
MM, 18, 14, 13
MM, 14, 16, 12
MM, 11, 17, 13
MM, 9, 18, 12
MM, 5, 18, 13
MM, 559, 595, 12
MM, 555, 595, 13
MM, 34, 19, 12
MM, 31, 19, 12
MM, 28, 19, 13
MM, 26, 19, 13
MM, 23, 19, 12
MM, 20, 19, 13
MM, 17, 19, 12
MM, 14, 19, 12
MM, 11, 19, 13
MM, 8, 19, 13
MM, 6, 19, 12
MM, 3, 19, 12
MM, 2, 19, 13
MM, 1, 19, 25
MM, 0, 19, 13
MC, 1, 224
MM, 516, 595, 439
MM, 515, 594, 13
MM, 512, 594, 12
MM, 30, 15, 13
MM, 18, 9, 13
MM, 6, 1, 12
MM, 3, 30, 12
MM, 465, 564, 13
MM, 30, 21, 13
MM, 20, 18, 12
MM, 14, 15, 13
MM, 11, 12, 12
MM, 8, 11, 13
MM, 5, 9, 12
MM, 4, 8, 13
MM, 2, 6, 12
MM, 426, 544, 12
MM, 426, 543, 13
MM, 424, 542, 13
MM, 424, 541, 12
MM, 423, 540, 25
MM, 423, 539, 88
MM, 423, 538, 12
MM, 423, 537, 25
MM, 421, 535, 13
MM, 421, 533, 11
MM, 22, 30, 14
MM, 21, 26, 11
MM, 19, 24, 13
MM, 18, 22, 13
MM, 17, 20, 12
MM, 16, 18, 12
MM, 15, 16, 13
MM, 15, 15, 26
MM, 15, 14, 13
MC, 1, 249
MM, 15, 15, 88
MM, 15, 17, 12
MM, 16, 19, 12
MM, 20, 24, 13
MM, 422, 535, 13
MM, 1, 6, 12
MM, 4, 12, 19
MM, 6, 17, 6
MM, 7, 19, 12
MM, 9, 22, 13
MM, 10, 24, 12
MM, 11, 27, 13
MM, 12, 28, 12
MM, 440, 570, 12
MM, 442, 573, 13
MM, 8, 0, 13
MM, 10, 4, 12
MM, 12, 6, 13
MM, 14, 8, 12
MM, 15, 11, 12
MM, 18, 12, 13
MM, 20, 14, 13
MM, 21, 16, 12
MM, 23, 18, 13
MM, 24, 19, 12
MM, 27, 23, 12
MM, 28, 26, 13
MM, 29, 29, 13
MM, 464, 608, 12
MM, 465, 610, 12
MM, 465, 611, 13
MM, 465, 612, 13
MM, 466, 612, 12
MM, 76, 0, 25
MM, 76, 1, 250
MM, 77, 1, 13
MM, 78, 2, 13
MM, 80, 3, 12
MM, 82, 5, 12
MM, 87, 11, 14
MM, 92, 16, 12
MM, 94, 19, 12
MM, 96, 21, 13
MM, 97, 22, 12
MM, 97, 23, 13
MC, 1, 312
MM, 99, 21, 189
MM, 102, 16, 12
MM, 114, 6, 12
MM, 16, 18, 13
MM, 5, 26, 13
MM, 24, 6, 12
MM, 606, 524, 12
MM, 18, 10, 13
MM, 28, 0, 13
MM, 10, 25, 12
MM, 28, 17, 12
MM, 679, 478, 13
MM, 0, 11, 13
MM, 6, 8, 12
MM, 11, 6, 12
MM, 17, 6, 12
MM, 20, 5, 14
MM, 22, 5, 12
MM, 23, 5, 12
MM, 24, 5, 13
MM, 25, 5, 12
MM, 26, 5, 12
MM, 26, 7, 138
MM, 23, 11, 13
MM, 17, 20, 12
MM, 10, 26, 13
MM, 691, 496, 13
MM, 688, 498, 12
MM, 686, 500, 12
MM, 684, 502, 13
MM, 682, 504, 12
MM, 681, 505, 13
MM, 35, 4, 12
MM, 33, 5, 13
MM, 31, 6, 12
MM, 29, 8, 13
MM, 26, 9, 12
MM, 24, 12, 12
MM, 23, 13, 13
MM, 21, 14, 13
MM, 20, 14, 12
MM, 19, 15, 13
MM, 19, 16, 12
MM, 18, 16, 25
MC, 1, 238
MM, 17, 16, 63
MM, 16, 16, 12
MM, 11, 15, 12
MM, 2, 13, 13
MM, 16, 8, 13
MM, 17, 4, 12
MM, 0, 3, 13
MM, 558, 505, 12
MM, 28, 3, 12
MM, 20, 3, 13
MM, 9, 3, 13
MM, 521, 507, 12
MM, 33, 8, 12
MM, 26, 12, 13
MM, 20, 15, 12
MM, 14, 18, 13
MM, 11, 20, 12
MM, 8, 20, 13
MM, 7, 21, 13
MM, 6, 22, 12
MM, 5, 22, 12
MM, 4, 22, 26
MM, 4, 23, 263
MM, 4, 24, 12
MM, 4, 26, 12
MM, 4, 28, 13
MM, 4, 30, 12
MM, 486, 535, 12
MM, 486, 538, 14
MM, 16, 1, 12
MM, 16, 2, 13
MM, 16, 5, 12
MM, 16, 6, 12
MM, 16, 8, 13
MM, 16, 9, 13
MM, 16, 10, 37
MC, 1, 237
MM, 16, 11, 113
MM, 16, 12, 12
MM, 16, 15, 13
MM, 16, 19, 12
MM, 486, 570, 13
MM, 11, 9, 12
MM, 11, 20, 13
MM, 12, 27, 12
MM, 488, 609, 13
MM, 100, 3, 13
MM, 101, 9, 13
MM, 101, 12, 12
MM, 101, 13, 12
MM, 101, 14, 13
MM, 101, 15, 24
MC, 1, 339
MM, 102, 15, 87
MM, 102, 14, 38
MM, 26, 12, 50
MM, 504, 570, 12
MM, 505, 562, 13
MM, 506, 552, 13
MM, 508, 541, 12
MM, 26, 30, 13
MM, 27, 23, 12
MM, 27, 19, 12
MM, 27, 17, 13
MM, 27, 15, 12
MM, 27, 14, 13
MM, 27, 13, 13
MM, 27, 12, 12
MM, 27, 11, 50
MM, 27, 9, 37
MM, 27, 7, 13
MM, 28, 5, 12
MM, 28, 1, 13
MM, 510, 500, 12
MM, 510, 498, 13
MM, 510, 497, 12
MM, 30, 30, 12
MM, 510, 496, 201
MM, 510, 498, 12
MM, 509, 501, 13
MM, 26, 3, 13
MM, 25, 8, 12
MM, 25, 10, 12
MM, 24, 11, 13
MM, 24, 12, 12
MM, 24, 13, 13
MM, 24, 14, 12
MC, 1, 289
MM, 24, 15, 37
MM, 26, 16, 50
MM, 29, 18, 13
MM, 32, 19, 12
MM, 517, 524, 12
MM, 520, 525, 13
MM, 522, 528, 13
MM, 0, 28, 12
MM, 1, 30, 12
MM, 526, 533, 14
MM, 527, 536, 12
MM, 529, 537, 12
MM, 21, 0, 12
MM, 25, 1, 13
MM, 31, 4, 12
MM, 36, 6, 13
MM, 551, 546, 13
MM, 0, 8, 12
MM, 2, 9, 13
MM, 4, 10, 12
MM, 7, 11, 13
MM, 10, 12, 12
MM, 15, 13, 13
MM, 17, 14, 11
MM, 20, 14, 14
MM, 21, 15, 13
MM, 23, 15, 11
MM, 24, 15, 13
MM, 25, 16, 13
MM, 26, 16, 12
MM, 26, 17, 12
MM, 27, 17, 13
MM, 27, 18, 12
MM, 28, 18, 25
MM, 28, 19, 14
MC, 1, 149
MM, 28, 20, 75
MM, 26, 20, 25
MM, 21, 21, 12
MM, 11, 22, 13
MM, 1, 23, 12
MM, 29, 23, 13
MM, 9, 23, 12
MM, 509, 562, 13
MM, 27, 22, 12
MM, 10, 17, 13
MM, 467, 553, 12
MM, 33, 11, 12
MM, 26, 9, 14
MM, 22, 7, 14
MM, 17, 5, 11
MM, 11, 3, 11
MM, 7, 2, 14
MM, 4, 1, 11
MM, 1, 1, 13
MM, 426, 539, 13
MM, 424, 537, 12
MM, 423, 537, 12
MM, 422, 536, 15
MM, 420, 535, 10
MM, 420, 534, 13
MM, 418, 533, 12
MM, 20, 30, 13
MM, 20, 29, 12
MM, 19, 28, 13
MM, 19, 27, 25
MM, 19, 26, 13
MM, 19, 25, 87
MM, 18, 25, 71
MM, 18, 24, 4
MC, 1, 188
MM, 19, 25, 125
MM, 20, 26, 13
MM, 23, 28, 12
MM, 424, 533, 12
MM, 429, 535, 13
MM, 435, 538, 12
MM, 11, 0, 13
MM, 15, 3, 12
MM, 17, 4, 12
MM, 18, 7, 13
MM, 20, 10, 13
MM, 23, 17, 12
MM, 24, 22, 13
MM, 26, 28, 13
MM, 455, 572, 12
MM, 456, 575, 13
MM, 23, 2, 12
MM, 25, 8, 12
MM, 26, 15, 13
MM, 27, 20, 13
MM, 29, 25, 12
MM, 29, 28, 13
MM, 30, 29, 12
MM, 465, 607, 12
MM, 465, 609, 25
MM, 465, 610, 25
MM, 466, 610, 13
MM, 467, 611, 24
MM, 467, 612, 76
MP, 1, 262
MR, 1, 213
MM, 77, 1, 126
MM, 77, 2, 37
MM, 78, 2, 12
MM, 78, 4, 13
MM, 78, 5, 12
MM, 78, 6, 13
MM, 79, 8, 12
MM, 79, 9, 38
MC, 1, 238
MM, 80, 9, 62
MM, 81, 9, 76
MM, 81, 8, 12
MM, 83, 5, 13
MM, 85, 2, 12
MM, 476, 610, 12
MM, 479, 607, 13
MM, 6, 28, 13
MM, 7, 26, 12
MM, 9, 25, 13
MM, 9, 23, 12
MM, 10, 22, 13
MM, 10, 21, 25
MM, 10, 20, 13
MC, 1, 249
MM, 10, 19, 37
MM, 8, 18, 39
MM, 2, 16, 12
MM, 23, 8, 13
MM, 431, 571, 12
MM, 28, 22, 13
MM, 7, 10, 12
MM, 384, 543, 12
MM, 378, 534, 13
MM, 22, 26, 13
MM, 21, 23, 12
MM, 20, 20, 13
MM, 19, 18, 12
MM, 19, 17, 12
MM, 19, 15, 13
MM, 19, 14, 13
MM, 20, 11, 12
MM, 21, 10, 12
MM, 21, 9, 13
MM, 21, 8, 12
MM, 22, 7, 26
MM, 23, 6, 37
MM, 24, 6, 12
MM, 26, 5, 13
MM, 28, 5, 12
MM, 31, 5, 13
MM, 34, 5, 12
MM, 36, 5, 13
MM, 391, 508, 12
MM, 393, 508, 13
MM, 395, 511, 12
MM, 0, 9, 12
MM, 3, 11, 13
MM, 4, 12, 13
MM, 5, 12, 12
MM, 7, 12, 13
MM, 7, 13, 12
MM, 8, 13, 38
MC, 1, 237
MM, 8, 14, 25
MM, 8, 15, 12
MM, 8, 16, 13
MM, 8, 19, 13
MM, 8, 23, 12
MM, 403, 533, 12
MM, 17, 0, 13
MM, 16, 3, 12
MM, 16, 5, 13
MM, 16, 7, 12
MM, 15, 9, 13
MM, 15, 11, 13
MM, 15, 13, 12
MM, 15, 14, 12
MM, 15, 15, 13
MM, 15, 17, 13
MM, 15, 18, 37
MC, 1, 237
MM, 16, 18, 13
MM, 17, 18, 12
MM, 19, 18, 25
MM, 20, 17, 13
MM, 21, 16, 13
MM, 24, 16, 12
MM, 27, 14, 13
MM, 30, 12, 12
MM, 421, 548, 12
MM, 2, 7, 13
MM, 9, 4, 13
MM, 14, 2, 12
MM, 17, 2, 13
MM, 447, 538, 12
MM, 452, 537, 13
MM, 456, 535, 13
MM, 462, 533, 11
MM, 28, 30, 13
MM, 30, 29, 13
MM, 32, 27, 12
MM, 33, 27, 13
MM, 34, 26, 12
MM, 35, 26, 12
MM, 36, 26, 25
MM, 36, 25, 13
MM, 476, 526, 12
MM, 478, 525, 25
MM, 479, 525, 26
MM, 481, 524, 12
MM, 0, 22, 12
MM, 1, 21, 13
MM, 3, 21, 12
MM, 7, 19, 63
MM, 8, 19, 12
MM, 9, 19, 26
MC, 1, 263
MM, 7, 22, 100
MM, 1, 28, 12
MM, 4, 4, 12
MM, 467, 552, 13
MM, 36, 19, 13
MM, 34, 22, 12
MM, 32, 27, 13
MM, 456, 572, 12
MM, 20, 0, 12
MM, 17, 5, 13
MM, 16, 7, 13
MM, 14, 9, 12
MM, 13, 12, 13
MM, 11, 13, 12
MM, 11, 15, 12
MM, 10, 16, 13
MM, 9, 16, 13
MM, 9, 18, 12
MM, 9, 19, 12
MM, 9, 20, 13
MM, 8, 21, 12
MM, 8, 22, 13
MM, 8, 23, 12
MM, 8, 24, 25
MM, 8, 25, 13
MM, 8, 26, 12
MM, 7, 28, 13
MM, 7, 30, 12
MM, 441, 607, 25
MM, 441, 608, 13
MM, 441, 609, 12
MM, 440, 609, 13
MM, 440, 610, 12
MM, 440, 611, 25
MM, 440, 612, 13
MM, 50, 0, 12
MM, 50, 1, 25
MM, 50, 2, 13
MM, 50, 3, 12
MM, 50, 4, 25
MM, 50, 5, 25
MM, 50, 6, 100
MM, 50, 7, 51
MM, 50, 8, 12
MM, 50, 10, 25
MM, 50, 11, 12
MM, 50, 12, 13
MM, 50, 13, 13
MM, 50, 14, 25
MM, 50, 15, 12
MM, 50, 16, 25
MM, 50, 17, 25
MC, 1, 225
MM, 50, 15, 101
MM, 52, 9, 12
MM, 447, 610, 12
MM, 19, 22, 17
MM, 22, 15, 8
MM, 25, 9, 13
MM, 28, 3, 12
MM, 464, 572, 13
MM, 466, 566, 12
MM, 467, 563, 13
MM, 468, 560, 12
MM, 469, 559, 13
MM, 469, 557, 24
MM, 0, 18, 13
MM, 1, 17, 12
MM, 2, 16, 38
MM, 3, 15, 12
MM, 4, 15, 13
MM, 5, 14, 24
MM, 6, 14, 26
MM, 7, 14, 25
MM, 8, 14, 25
MM, 9, 13, 25
MM, 10, 13, 25
MC, 1, 175
MM, 7, 13, 112
MM, 4, 13, 14
MM, 1, 13, 12
MM, 468, 552, 12
MM, 464, 552, 12
MM, 34, 13, 13
MM, 29, 13, 12
MM, 25, 13, 13
MM, 22, 13, 13
MM, 19, 13, 12
MM, 17, 13, 13
MM, 16, 12, 12
MM, 15, 12, 12
MM, 13, 11, 13
MM, 12, 10, 13
MM, 10, 9, 12
MM, 9, 7, 13
MM, 7, 4, 12
MM, 3, 1, 13
MM, 426, 536, 12
MM, 423, 533, 13
MM, 22, 28, 12
MM, 18, 25, 13
MM, 15, 23, 12
MM, 13, 19, 13
MM, 11, 16, 12
MM, 9, 13, 13
MM, 9, 11, 12
MM, 7, 9, 13
MM, 7, 8, 37
MC, 1, 298
MC, 2, 253
MM, 12, 9, 150
MM, 20, 11, 12
MM, 434, 516, 14
MM, 17, 15, 12
MM, 2, 17, 12
MM, 16, 18, 13
MM, 25, 18, 12
MM, 521, 520, 12
MM, 13, 19, 13
MM, 22, 20, 12
MM, 28, 21, 13
MM, 559, 525, 12
MM, 7, 25, 13
MM, 17, 26, 12
MM, 23, 28, 13
MM, 27, 29, 12
MM, 30, 30, 13
MM, 600, 533, 12
MM, 605, 534, 12
MM, 610, 536, 13
MM, 612, 536, 13
MM, 613, 536, 12
MM, 615, 536, 214
MM, 617, 536, 12
MM, 622, 537, 12
MM, 632, 539, 13
MM, 8, 5, 12
MM, 27, 9, 13
MM, 673, 550, 13
MM, 0, 13, 12
MM, 2, 14, 12
MM, 5, 14, 13
MM, 6, 14, 13
MM, 6, 15, 12
MM, 7, 15, 13
MM, 8, 15, 24
MM, 9, 15, 88
MC, 1, 275
MM, 8, 15, 37
MM, 5, 15, 13
MM, 677, 554, 13
MM, 29, 15, 12
MM, 21, 14, 13
MM, 16, 11, 12
MM, 14, 9, 13
MM, 12, 7, 12
MM, 11, 6, 13
MM, 10, 5, 12
MM, 10, 4, 25
MM, 9, 4, 12
MM, 9, 3, 14
MM, 8, 2, 12
MM, 8, 1, 25
MM, 7, 0, 25
MM, 6, 0, 25
MM, 643, 538, 12
MM, 643, 537, 13
MM, 642, 537, 12
MM, 641, 536, 12
MM, 640, 536, 13
MM, 639, 534, 12
MM, 638, 533, 12
MM, 29, 29, 13
MM, 28, 28, 13
MM, 24, 22, 99
MM, 23, 22, 38
MM, 22, 21, 25
MM, 21, 21, 25
MM, 20, 20, 25
MM, 19, 20, 37
MC, 1, 138
MM, 18, 20, 63
MM, 17, 20, 13
MM, 15, 21, 13
MM, 11, 26, 12
MM, 610, 535, 12
MM, 7, 6, 13
MM, 1, 14, 13
MM, 592, 563, 12
MM, 585, 571, 12
MM, 19, 1, 13
MM, 14, 8, 12
MM, 12, 10, 13
MM, 10, 11, 12
MM, 9, 13, 13
MM, 7, 14, 12
MM, 7, 15, 13
MM, 6, 15, 12
MM, 6, 16, 13
MM, 5, 16, 12
MM, 5, 17, 38
MM, 4, 18, 37
MM, 3, 18, 12
MM, 2, 18, 25
MM, 1, 18, 13
MM, 559, 594, 12
MM, 556, 594, 13
MM, 554, 594, 13
MM, 34, 18, 12
MM, 32, 18, 13
MM, 30, 18, 12
MM, 29, 17, 13
MM, 28, 16, 12
MM, 26, 16, 12
MM, 25, 16, 14
MM, 24, 15, 12
MM, 23, 15, 12
MM, 22, 15, 37
MM, 21, 15, 38
MC, 1, 176
MM, 21, 14, 24
MM, 21, 13, 38
MM, 21, 12, 38
MM, 21, 10, 12
MM, 20, 8, 12
MM, 20, 7, 13
MM, 19, 4, 13
MM, 19, 2, 12
MM, 536, 575, 13
MM, 536, 572, 13
MM, 536, 570, 12
MM, 25, 30, 12
MM, 25, 29, 13
MM, 25, 27, 12
MM, 25, 26, 25
MM, 25, 25, 25
MM, 25, 24, 38
MM, 24, 23, 37
MM, 22, 23, 300
MM, 21, 24, 25
MM, 20, 24, 13
MM, 18, 26, 12
MM, 16, 29, 13
MM, 521, 575, 12
MM, 514, 585, 13
MM, 33, 17, 12
MM, 29, 23, 12
MM, 25, 25, 13
MM, 24, 28, 12
MM, 22, 30, 13
MM, 496, 607, 13
MM, 494, 609, 12
MM, 494, 611, 13
MM, 102, 0, 12
MM, 100, 3, 12
MM, 100, 5, 13
MM, 100, 6, 226
MM, 100, 7, 25
MM, 100, 8, 12
MM, 100, 9, 12
MM, 99, 11, 13
MM, 98, 12, 12
MM, 98, 14, 12
MM, 96, 16, 13
MM, 96, 17, 13
MM, 95, 19, 13
MM, 94, 19, 12
MM, 94, 20, 12
MM, 94, 21, 13
MM, 96, 21, 137
MM, 99, 21, 13
MM, 104, 21, 12
MM, 110, 21, 13
MM, 120, 21, 12
MM, 129, 21, 13
MM, 138, 21, 12
MM, 141, 21, 13
MM, 143, 21, 12
MM, 144, 21, 26
MM, 145, 20, 250
MM, 146, 19, 12
MM, 149, 16, 12
MM, 154, 12, 13
MM, 559, 618, 13
MM, 572, 611, 12
MM, 579, 608, 12
MM, 25, 29, 13
MM, 29, 27, 12
MM, 34, 24, 13
MM, 601, 599, 13
MM, 2, 22, 12
MM, 5, 21, 12
MM, 7, 20, 13
MM, 9, 20, 12
MM, 10, 20, 13
MM, 11, 20, 12
MM, 12, 19, 13
MM, 13, 19, 12
MM, 14, 19, 13
MM, 15, 19, 12
MM, 16, 19, 13
MM, 18, 19, 13
MM, 20, 19, 12
MM, 23, 19, 13
MM, 25, 19, 12
MM, 26, 19, 13
MM, 27, 19, 12
MM, 29, 19, 13
MM, 30, 19, 13
MM, 634, 595, 12
MM, 635, 595, 12
MM, 636, 595, 25
MM, 637, 595, 24
MM, 638, 595, 13
MM, 639, 595, 37
MM, 0, 19, 25
MM, 1, 19, 77
MM, 2, 19, 11
MM, 3, 19, 25
MM, 4, 19, 26
MM, 5, 19, 12
MM, 6, 19, 51
MC, 1, 351
MM, 4, 19, 49
MM, 2, 20, 13
MM, 638, 597, 12
MM, 28, 24, 12
MM, 12, 30, 13
MM, 597, 613, 12
MM, 588, 617, 13
MM, 577, 620, 12
MM, 557, 628, 13
MM, 157, 19, 12
MM, 151, 21, 13
MM, 148, 21, 12
MM, 146, 21, 13
MM, 145, 22, 12
MM, 143, 22, 13
MM, 142, 22, 25
MM, 141, 22, 25
MM, 140, 22, 37
MM, 140, 21, 125
MM, 140, 19, 14
MM, 143, 16, 12
MM, 147, 8, 12
MM, 33, 23, 13
MM, 566, 574, 12
MM, 20, 27, 13
MM, 25, 20, 13
MM, 29, 14, 11
MM, 33, 6, 13
MM, 35, 0, 13
MM, 591, 536, 12
MM, 592, 534, 13
MM, 30, 29, 13
MM, 30, 28, 12
MM, 32, 27, 12
MM, 33, 26, 13
MM, 35, 24, 12
MM, 36, 24, 12
MM, 601, 524, 13
MM, 602, 524, 12
MM, 602, 523, 13
MM, 603, 523, 25
MM, 604, 523, 12
MM, 605, 522, 26
MM, 606, 521, 25
MM, 1, 18, 25
MM, 1, 17, 12
MM, 3, 15, 12
MM, 4, 15, 13
MM, 6, 13, 13
MM, 8, 12, 12
MM, 9, 11, 13
MM, 10, 10, 12
MM, 10, 9, 13
MM, 12, 9, 12
MM, 12, 8, 25
MM, 14, 7, 12
MM, 15, 7, 51
MC, 1, 163
MM, 13, 9, 62
MM, 11, 12, 12
MM, 7, 20, 13
MM, 0, 27, 13
MM, 601, 536, 12
MM, 592, 545, 13
MM, 30, 16, 12
MM, 24, 25, 13
MM, 573, 570, 13
MM, 569, 575, 12
MM, 4, 5, 12
MM, 0, 10, 12
MM, 34, 20, 13
MM, 26, 27, 12
MM, 539, 609, 13
MM, 146, 0, 12
MM, 143, 3, 13
MM, 141, 6, 13
MM, 140, 7, 12
MM, 139, 8, 12
MM, 138, 8, 13
MM, 138, 9, 13
MM, 137, 9, 25
MM, 137, 10, 12
MM, 136, 11, 38
MM, 135, 11, 62
MM, 135, 12, 38
MM, 138, 11, 163
MM, 147, 8, 12
MM, 564, 614, 12
MM, 600, 601, 12
MM, 636, 587, 12
MM, 12, 2, 13
MM, 662, 571, 13
MM, 673, 565, 13
MM, 10, 22, 12
MM, 19, 19, 20
MM, 24, 19, 5
MM, 27, 17, 13
MM, 29, 17, 12
MM, 31, 16, 12
MM, 33, 16, 13
MM, 714, 555, 12
MM, 717, 555, 12
MM, 719, 555, 13
MM, 720, 555, 25
MM, 721, 555, 38
MM, 720, 555, 201
MM, 719, 555, 13
MM, 718, 555, 12
MM, 716, 555, 12
MM, 715, 555, 13
MM, 714, 555, 12
MM, 34, 16, 13
MM, 33, 16, 13
MM, 32, 16, 11
MM, 31, 16, 13
MM, 30, 16, 13
MM, 29, 16, 12
MM, 27, 16, 12
MM, 26, 16, 25
MM, 25, 16, 38
MC, 1, 876
MM, 24, 16, 125
MM, 23, 16, 12
MM, 21, 16, 13
MM, 20, 17, 13
MM, 17, 17, 12
MM, 15, 17, 12
MM, 12, 18, 14
MM, 9, 18, 12
MM, 7, 18, 12
MM, 4, 18, 13
MM, 0, 18, 12
MM, 676, 557, 12
MM, 673, 557, 13
MM, 35, 18, 12
MM, 33, 18, 13
MM, 31, 18, 12
MM, 30, 18, 13
MM, 28, 18, 12
MM, 24, 18, 13
MM, 20, 17, 12
MM, 13, 16, 13
MM, 9, 15, 12
MM, 4, 14, 13
MM, 2, 12, 12
MM, 1, 12, 13
MM, 636, 550, 12
MM, 635, 549, 25
MM, 635, 550, 939
MM, 635, 551, 12
MM, 634, 554, 13
MM, 633, 560, 12
MM, 30, 30, 13
MM, 19, 0, 12
MM, 11, 7, 13
MM, 4, 16, 12
MM, 598, 604, 13
MM, 592, 612, 12
MM, 587, 620, 12
MM, 583, 623, 13
MM, 580, 627, 13
MM, 575, 630, 12
MM, 571, 633, 13
MM, 568, 636, 12
MM, 565, 639, 13
MM, 564, 641, 12
MM, 563, 642, 13
MM, 563, 643, 12
MM, 562, 643, 13
MM, 562, 644, 12
MM, 562, 645, 12
MM, 561, 645, 138
MM, 560, 646, 38
MM, 559, 646, 12
MM, 557, 646, 25
MM, 556, 647, 12
MM, 555, 647, 13
MM, 554, 647, 12
MM, 553, 647, 38
MM, 553, 645, 62
MM, 163, 29, 13
MM, 556, 636, 12
MM, 563, 622, 13
MM, 19, 9, 12
MM, 1, 22, 13
MM, 9, 13, 12
MM, 17, 4, 13
MM, 621, 536, 12
MM, 19, 26, 13
MM, 22, 24, 13
MM, 26, 21, 11
MM, 29, 19, 13
MM, 638, 521, 13
MM, 640, 520, 12
MM, 642, 519, 12
MM, 643, 519, 14
MM, 0, 17, 24
MM, 1, 17, 38
MM, 643, 519, 212
MM, 641, 519, 13
MM, 638, 519, 13
MM, 28, 17, 12
MM, 26, 17, 13
MM, 23, 17, 12
MM, 22, 17, 12
MM, 20, 17, 13
MM, 19, 17, 13
MM, 18, 17, 50
MC, 1, 212
MM, 19, 17, 25
MM, 20, 18, 13
MM, 23, 21, 14
MM, 29, 27, 11
MM, 643, 535, 12
MM, 14, 3, 13
MM, 18, 7, 12
MM, 21, 10, 12
MM, 23, 13, 13
MM, 24, 16, 13
MM, 26, 19, 13
MM, 27, 22, 11
MM, 28, 24, 13
MM, 30, 26, 13
MM, 30, 27, 12
MM, 30, 28, 12
MM, 31, 28, 38
MC, 1, 262
MM, 30, 28, 250
MM, 29, 28, 13
MM, 25, 27, 13
MM, 17, 24, 12
MM, 632, 554, 13
MM, 7, 6, 12
MM, 571, 536, 13
MM, 561, 533, 12
MM, 31, 30, 13
MM, 0, 23, 75
MM, 521, 524, 12
MM, 520, 524, 13
MM, 518, 523, 12
MM, 517, 523, 13
MM, 34, 20, 12
MM, 31, 20, 13
MM, 29, 20, 12
MM, 26, 20, 13
MM, 24, 20, 13
MM, 23, 20, 12
MM, 21, 20, 12
MM, 19, 20, 13
MM, 18, 20, 24
MM, 17, 20, 14
MM, 16, 20, 12
MM, 15, 20, 250
MM, 14, 20, 12
MM, 13, 20, 14
MM, 10, 20, 12
MM, 6, 20, 12
MM, 0, 20, 12
MM, 34, 20, 13
MM, 23, 20, 13
MM, 17, 20, 12
MM, 13, 20, 13
MM, 10, 20, 12
MM, 8, 20, 13
MM, 6, 20, 12
MM, 5, 20, 12
MM, 4, 20, 13
MM, 2, 20, 13
MM, 1, 20, 12
MM, 438, 522, 25
MM, 437, 522, 25
MM, 435, 522, 25
MM, 434, 522, 25
MM, 433, 522, 12
MM, 35, 20, 13
MM, 34, 20, 12
MM, 33, 20, 25
MM, 32, 20, 63
MC, 1, 200
MM, 33, 22, 163
MM, 433, 527, 12
MM, 442, 535, 13
MM, 24, 5, 12
MM, 30, 12, 13
MM, 465, 561, 12
MM, 471, 570, 13
MM, 2, 1, 12
MM, 8, 7, 13
MM, 14, 12, 12
MM, 19, 17, 12
MM, 23, 23, 13
MM, 26, 28, 12
MM, 503, 609, 13
MM, 505, 611, 12
MM, 116, 0, 13
MM, 117, 2, 12
MM, 118, 2, 13
MM, 119, 3, 12
MM, 120, 5, 13
MM, 122, 6, 12
MM, 123, 6, 13
MM, 124, 7, 13
MM, 125, 7, 12
MM, 126, 7, 25
MM, 127, 7, 13
MM, 128, 8, 25
MM, 129, 9, 25
MM, 130, 9, 12
MM, 130, 10, 12
MM, 131, 10, 13
MM, 131, 11, 25
MM, 132, 11, 13
MC, 1, 237
MM, 133, 9, 150
MM, 135, 7, 13
MM, 136, 1, 13
MM, 15, 24, 12
MM, 20, 11, 12
MM, 23, 4, 12
MM, 542, 574, 12
MM, 543, 570, 14
MM, 32, 28, 12
MM, 32, 25, 13
MM, 32, 23, 12
MM, 32, 21, 13
MM, 32, 19, 12
MM, 31, 17, 13
MM, 30, 16, 12
MM, 29, 14, 13
MM, 28, 13, 12
MM, 26, 12, 13
MM, 25, 10, 12
MM, 23, 8, 12
MM, 19, 6, 13
MM, 13, 1, 16
MM, 518, 534, 9
MM, 31, 27, 13
MM, 27, 21, 12
MM, 25, 18, 13
MM, 24, 16, 12
MM, 23, 15, 12
MM, 23, 14, 13
MM, 22, 14, 12
MM, 22, 12, 12
MM, 21, 12, 13
MM, 20, 11, 13
MM, 20, 9, 13
MM, 19, 6, 12
MM, 18, 4, 13
MM, 17, 2, 12
MM, 17, 0, 13
MM, 499, 501, 12
MM, 499, 500, 25
MP, 1, 62
MR, 1, 150
MM, 17, 0, 13
MM, 17, 2, 13
MM, 17, 4, 12
MM, 19, 7, 12
MM, 19, 9, 13
MM, 22, 11, 12
MM, 23, 13, 13
MM, 26, 16, 13
MM, 27, 18, 12
MM, 30, 21, 13
MM, 32, 24, 12
MM, 34, 26, 13
MM, 518, 530, 12
MM, 519, 532, 13
MM, 520, 533, 12
MM, 521, 534, 13
MM, 522, 534, 12
MM, 522, 535, 13
MM, 523, 536, 37
MM, 521, 536, 225
MM, 520, 536, 25
MM, 518, 535, 12
MM, 517, 534, 13
MM, 516, 534, 13
MM, 32, 30, 12
MM, 30, 28, 25
MM, 28, 26, 25
MM, 27, 25, 25
MM, 26, 25, 16
MM, 25, 24, 9
MM, 24, 24, 125
MC, 1, 451
MM, 26, 24, 113
MM, 31, 24, 12
MM, 521, 529, 13
MM, 531, 533, 11
MM, 537, 537, 14
MM, 32, 1, 12
MM, 36, 3, 12
MM, 552, 544, 13
MM, 4, 7, 13
MM, 8, 9, 12
MM, 10, 11, 13
MM, 11, 11, 12
MM, 13, 12, 13
MM, 13, 13, 12
MM, 14, 13, 13
MM, 15, 14, 49
MC, 1, 301
MM, 16, 14, 62
MM, 18, 14, 13
MM, 22, 12, 12
MM, 33, 7, 12
MM, 601, 535, 13
MM, 4, 23, 12
MM, 10, 15, 13
MM, 15, 11, 12
MM, 20, 8, 12
MM, 24, 6, 13
MM, 27, 5, 13
MM, 29, 3, 12
MM, 638, 504, 25
MM, 639, 504, 38
MP, 1, 176
MR, 1, 125
MM, 22, 5, 24
MM, 21, 5, 25
MM, 20, 6, 501
MM, 20, 7, 12
MM, 19, 7, 13
MM, 18, 8, 25
MM, 14, 11, 13
MM, 7, 16, 12
MM, 33, 27, 12
MM, 581, 538, 13
MM, 553, 551, 12
MM, 24, 19, 13
MM, 16, 23, 12
MM, 10, 27, 12
MM, 5, 30, 13
MM, 511, 572, 13
MM, 507, 574, 12
MM, 504, 575, 13
MM, 26, 0, 12
MM, 25, 0, 13
MM, 25, 1, 12
MM, 24, 1, 25
MM, 24, 0, 38
MM, 22, 0, 237
MM, 17, 0, 14
MM, 485, 575, 12
MM, 474, 573, 12
MM, 464, 570, 13
MM, 26, 29, 12
MM, 17, 27, 12
MM, 10, 25, 13
MM, 7, 24, 13
MM, 5, 23, 11
MM, 4, 23, 26
MM, 3, 22, 12
MM, 2, 22, 126
MM, 0, 22, 50
MM, 426, 561, 12
MM, 424, 561, 12
MM, 421, 561, 13
MM, 32, 22, 12
MM, 29, 22, 13
MM, 25, 22, 12
MM, 22, 22, 13
MM, 20, 22, 12
MM, 19, 22, 13
MM, 18, 22, 12
MM, 17, 22, 38
MM, 19, 21, 263
MM, 22, 23, 12
MM, 28, 26, 13
MM, 424, 574, 12
MM, 1, 10, 13
MM, 9, 19, 13
MM, 17, 29, 12
MM, 71, 1, 12
MM, 82, 16, 13
MM, 89, 24, 12
MM, 91, 27, 13
MM, 93, 29, 13
MM, 94, 30, 12
MM, 486, 644, 12
MM, 486, 645, 13
MM, 487, 646, 13
MM, 488, 646, 25
MM, 488, 647, 12
MP, 1, 200
MR, 1, 99
MM, 489, 646, 150
MM, 489, 645, 13
MM, 489, 644, 13
MM, 99, 29, 12
MM, 100, 27, 12
MM, 100, 24, 21
MM, 100, 22, 4
MM, 100, 20, 13
MM, 100, 18, 12
MM, 100, 17, 13
MM, 100, 16, 12
MM, 100, 15, 13
MM, 100, 14, 50
MC, 1, 175
MM, 100, 13, 163
MM, 99, 13, 13
MM, 98, 12, 12
MM, 97, 11, 13
MM, 96, 10, 12
MM, 92, 5, 13
MM, 87, 1, 12
MM, 474, 610, 13
MM, 470, 607, 12
MM, 469, 606, 12
MM, 33, 28, 13
MM, 33, 27, 50
MM, 32, 27, 162
MM, 31, 27, 88
MM, 30, 27, 13
MM, 30, 26, 12
MM, 29, 26, 25
MM, 28, 26, 50
MC, 1, 176
MM, 31, 25, 138
MM, 472, 600, 12
MM, 9, 21, 12
MM, 25, 17, 13
MM, 11, 7, 13
MM, 24, 0, 12
MM, 548, 572, 13
MM, 553, 568, 11
MM, 5, 25, 13
MM, 12, 22, 13
MM, 18, 20, 12
MM, 21, 19, 12
MM, 25, 17, 13
MM, 28, 15, 12
MM, 31, 14, 14
MM, 33, 12, 12
MM, 36, 10, 12
MM, 594, 546, 13
MM, 0, 4, 12
MM, 4, 1, 13
MM, 603, 538, 12
MM, 606, 535, 12
MM, 608, 534, 13
MM, 2, 30, 14
MM, 4, 29, 11
MM, 5, 28, 25
MM, 5, 27, 12
MM, 6, 27, 13
MM, 6, 26, 25
MM, 7, 26, 12
MM, 8, 26, 13
MM, 8, 25, 12
MM, 9, 25, 13
MC, 1, 301
MM, 6, 25, 125
MM, 606, 527, 13
MM, 30, 25, 13
MM, 19, 25, 11
MM, 4, 26, 14
MM, 25, 26, 12
MM, 11, 27, 12
MM, 520, 530, 13
MM, 18, 29, 13
MM, 8, 30, 12
MM, 481, 532, 12
MM, 476, 533, 13
MM, 470, 534, 12
MM, 466, 534, 13
MM, 463, 535, 13
MM, 461, 535, 12
MM, 460, 535, 12
MM, 460, 536, 25
MM, 459, 536, 26
MM, 459, 537, 112
MM, 458, 537, 12
MM, 31, 0, 13
MM, 30, 2, 13
MM, 28, 7, 12
MM, 27, 11, 13
MM, 24, 17, 12
MM, 21, 23, 13
MM, 19, 30, 12
MM, 443, 575, 12
MM, 8, 2, 13
MM, 8, 3, 12
MM, 7, 4, 13
MM, 7, 3, 212
MM, 7, 2, 25
MM, 7, 1, 12
MM, 7, 0, 13
MM, 441, 573, 13
MM, 441, 572, 12
MM, 441, 570, 13
MM, 14, 30, 12
MM, 14, 28, 13
MM, 14, 27, 12
MM, 15, 25, 13
MM, 15, 24, 11
MM, 15, 22, 13
MM, 15, 21, 25
MM, 15, 20, 25
MC, 1, 289
MM, 15, 19, 74
MM, 14, 18, 38
MM, 13, 17, 12
MM, 11, 15, 13
MM, 9, 12, 13
MM, 6, 10, 12
MM, 3, 6, 12
MM, 0, 2, 13
MM, 423, 537, 13
MM, 422, 535, 12
MM, 420, 533, 13
MM, 22, 27, 12
MM, 20, 25, 12
MM, 19, 22, 13
MM, 17, 20, 12
MM, 17, 18, 13
MM, 16, 16, 13
MM, 15, 15, 12
MM, 15, 14, 12
MM, 14, 13, 25
MC, 1, 254
MM, 16, 13, 47
MM, 21, 13, 12
MM, 2, 15, 13
MM, 31, 18, 12
MM, 10, 20, 13
MM, 518, 525, 12
MM, 7, 23, 13
MM, 16, 24, 13
MM, 26, 25, 12
MM, 561, 529, 11
MM, 6, 29, 13
MM, 574, 533, 13
MM, 577, 534, 13
MM, 578, 535, 12
MM, 580, 536, 12
MM, 581, 537, 26
MM, 582, 537, 225
MM, 584, 537, 14
MM, 588, 536, 11
MM, 603, 534, 13
MM, 9, 29, 13
MM, 18, 28, 12
MM, 23, 28, 12
MM, 26, 28, 13
MM, 28, 28, 12
MM, 30, 27, 12
MM, 638, 529, 25
MM, 639, 529, 13
MM, 640, 529, 13
MM, 641, 529, 137
MM, 641, 528, 25
MM, 642, 528, 26
MM, 643, 528, 23
MM, 643, 527, 13
MM, 1, 24, 13
MM, 3, 23, 12
MM, 4, 22, 13
MM, 5, 20, 12
MM, 6, 19, 13
MM, 7, 17, 13
MM, 8, 17, 12
MM, 9, 16, 13
MM, 10, 16, 12
MM, 10, 15, 12
MM, 10, 14, 26
MC, 1, 224
MM, 11, 14, 227
MM, 16, 15, 13
MM, 24, 18, 12
MM, 689, 534, 13
MM, 741, 578, 12
MM, 771, 599, 12
MM, 780, 606, 13
MM, 788, 615, 12
MM, 801, 630, 13
MM, 811, 639, 13
MM, 817, 643, 12
MM, 820, 646, 12
MM, 822, 647, 12
MM, 822, 648, 13
MM, 823, 648, 12
MM, 823, 649, 13
MM, 824, 649, 238
MM, 825, 650, 13
MM, 829, 651, 12
MM, 841, 656, 13
MM, 7, 9, 13
MM, 14, 12, 12
MM, 18, 14, 12
MM, 21, 15, 12
MM, 22, 17, 14
MM, 24, 17, 12
MM, 25, 18, 25
MM, 25, 19, 25
MM, 25, 18, 637
MM, 25, 17, 13
MM, 25, 15, 25
MM, 24, 12, 13
MM, 23, 7, 12
MM, 21, 0, 12
MM, 861, 643, 13
MM, 860, 640, 12
MM, 859, 637, 12
MM, 858, 635, 13
MM, 857, 633, 12
MM, 855, 632, 13
MM, 854, 632, 251
MM, 851, 630, 13
MM, 841, 623, 13
MM, 822, 611, 11
MM, 753, 553, 13
MM, 33, 24, 13
MM, 1, 19, 12
MM, 379, 82, 13
