**********************************
LOGGING TIME: 20161113_180558
CLIENT IP: 10.109.49.17
USERNAME: prudhvi
OS: Windows 8
*********************Neutral database**********************************
MM, 113, 29, 1477468749773
MM, 114, 29, 196
MM, 161, 27, 1297
MM, 145, 13, 13
MM, 139, 8, 12
MM, 136, 5, 12
MM, 134, 4, 13
MM, 132, 2, 12
MM, 129, 2, 187
MM, 123, 0, 12
MM, 40, 3, 25
MM, 1, 6, 750
MM, 3, 6, 13
MM, 4, 6, 12
MM, 5, 6, 13
MC, 1, 412
MM, 6, 6, 1026
MM, 7, 7, 25
MM, 8, 7, 13
MM, 9, 8, 12
MM, 10, 9, 12
MM, 11, 9, 12
MM, 12, 10, 14
MM, 13, 11, 12
MM, 14, 12, 12
MM, 16, 14, 12
MM, 17, 14, 13
MM, 18, 15, 13
MM, 20, 17, 12
MM, 117, 0, 1450
MM, 118, 0, 12
MM, 118, 1, 12
MM, 118, 2, 13
MM, 119, 3, 24
MM, 119, 4, 13
MM, 119, 5, 13
MM, 120, 7, 25
MM, 120, 8, 25
MM, 121, 10, 25
MM, 121, 11, 25
MM, 121, 12, 37
MC, 1, 824
MM, 122, 12, 589
MM, 123, 13, 12
MM, 127, 16, 13
MM, 138, 24, 12
MM, 0, 24, 25
MM, 112, 7, 438
MM, 120, 28, 12
MM, 123, 38, 12
MM, 125, 43, 13
MM, 126, 44, 13
MM, 127, 45, 11
MM, 127, 43, 14
MM, 127, 45, 199
MM, 124, 53, 13
MM, 13, 27, 24
MM, 38, 0, 88
MM, 35, 3, 13
MM, 34, 4, 13
MM, 32, 5, 12
MM, 30, 6, 12
MM, 29, 6, 13
MM, 28, 7, 12
MM, 26, 7, 13
MM, 22, 7, 13
MM, 13, 8, 12
MM, 1, 8, 12
MM, 42, 8, 13
MM, 38, 8, 11
MM, 36, 8, 14
MM, 34, 8, 12
MM, 33, 8, 12
MM, 32, 8, 25
MM, 32, 7, 50
MM, 34, 2, 13
MM, 0, 30, 99
MM, 0, 28, 13
MM, 0, 26, 12
MM, 0, 24, 12
MM, 0, 22, 26
MM, 0, 21, 25
MM, 0, 20, 37
MM, 42, 17, 288
MM, 40, 15, 12
MM, 38, 14, 13
MM, 36, 13, 12
MM, 36, 12, 13
MM, 35, 12, 12
MM, 35, 11, 12
MM, 34, 11, 13
MM, 36, 11, 1051
MM, 43, 13, 12
MM, 22, 31, 13
MM, 31, 3, 25
MM, 40, 11, 12
MM, 1, 9, 50
MM, 3, 12, 14
MM, 3, 14, 11
MM, 3, 15, 13
MM, 4, 15, 238
MM, 5, 15, 11
MM, 7, 15, 13
MM, 10, 15, 13
MM, 13, 15, 12
MM, 17, 15, 13
MM, 21, 15, 12
MM, 23, 16, 12
MM, 25, 16, 13
MM, 26, 17, 13
MM, 27, 17, 11
MM, 28, 17, 13
MM, 29, 17, 38
MM, 31, 17, 75
MM, 32, 17, 12
MM, 35, 17, 13
MM, 40, 18, 12
MM, 11, 18, 25
MM, 26, 15, 12
MM, 36, 14, 13
MM, 42, 12, 13
MM, 43, 12, 349
MM, 39, 12, 13
MM, 34, 12, 12
MM, 30, 12, 13
MM, 27, 13, 12
MM, 24, 13, 12
MM, 22, 13, 13
MM, 21, 14, 13
MM, 20, 14, 12
MM, 19, 14, 12
MM, 18, 14, 13
MC, 1, 349
MM, 17, 15, 127
MM, 15, 17, 12
MM, 10, 21, 12
MM, 3, 30, 13
MM, 158, 1, 12
MM, 150, 8, 13
MM, 146, 13, 12
MM, 144, 16, 13
MM, 143, 18, 12
MM, 141, 20, 13
MM, 140, 22, 13
MM, 139, 24, 12
MM, 138, 25, 12
MM, 138, 26, 13
MM, 138, 27, 12
MM, 138, 29, 25
MC, 1, 500
MM, 138, 27, 213
MM, 139, 24, 12
MM, 144, 18, 13
MM, 162, 1, 12
MM, 31, 8, 13
MM, 3, 25, 13
MM, 30, 8, 12
MM, 4, 28, 37
MM, 8, 26, 12
MM, 10, 23, 12
MM, 12, 22, 13
MM, 13, 21, 12
MM, 15, 19, 189
MM, 20, 15, 11
MM, 4, 5, 764
MM, 9, 6, 11
MM, 16, 7, 13
MM, 21, 8, 13
MM, 23, 9, 12
MM, 24, 9, 12
MM, 25, 10, 13
MM, 27, 10, 12
MM, 28, 11, 13
MC, 1, 411
MM, 27, 11, 139
MM, 22, 11, 13
MM, 0, 11, 12
MM, 25, 11, 12
MM, 2, 11, 13
MC, 1, 900
MM, 1, 10, 275
MM, 5, 10, 12
MM, 6, 10, 225
MM, 8, 9, 13
MM, 12, 9, 13
MM, 19, 8, 12
MM, 29, 8, 13
MM, 39, 8, 12
MM, 1, 8, 50
MM, 3, 8, 12
MM, 5, 8, 13
MM, 8, 8, 12
MM, 10, 8, 13
MM, 12, 8, 12
MM, 14, 8, 225
MM, 16, 8, 12
MM, 20, 9, 13
MM, 26, 11, 13
MM, 29, 11, 12
MM, 30, 12, 12
MC, 1, 400
MM, 25, 12, 88
MM, 4, 13, 13
MM, 30, 9, 25
MM, 0, 19, 13
MM, 38, 23, 12
MM, 33, 26, 13
MM, 30, 27, 13
MM, 29, 27, 11
MM, 27, 28, 13
MM, 26, 30, 13
MM, 26, 27, 250
MM, 27, 26, 12
MM, 28, 23, 12
MM, 28, 21, 13
MM, 29, 19, 12
MM, 29, 16, 12
MM, 29, 14, 13
MM, 29, 13, 12
MM, 29, 12, 13
MM, 29, 11, 25
MC, 1, 362
MM, 32, 11, 127
MM, 37, 11, 11
MM, 1, 11, 13
MM, 22, 11, 12
MM, 15, 11, 25
MM, 23, 11, 13
MM, 33, 11, 12
MM, 39, 11, 13
MM, 46, 11, 12
MM, 1, 11, 50
MM, 2, 11, 13
MM, 4, 11, 12
MM, 5, 11, 24
MM, 6, 11, 25
MM, 7, 11, 13
MM, 8, 11, 13
MM, 9, 11, 25
MM, 11, 11, 12
MM, 13, 11, 13
MM, 14, 11, 12
MM, 15, 11, 13
MM, 16, 11, 25
MM, 17, 11, 24
MM, 18, 11, 13
MC, 1, 375
MM, 17, 11, 113
MM, 14, 12, 13
MM, 9, 14, 12
MM, 1, 7, 37
MM, 42, 13, 26
MM, 40, 15, 12
MM, 38, 15, 12
MM, 37, 16, 13
MM, 36, 17, 12
MM, 35, 17, 13
MM, 34, 17, 12
MM, 33, 17, 13
MM, 31, 17, 25
MM, 30, 17, 25
MM, 28, 17, 12
MM, 27, 17, 12
MM, 26, 16, 13
MM, 25, 16, 13
MM, 24, 15, 12
MM, 24, 14, 12
MM, 23, 14, 26
MC, 1, 386
MM, 25, 14, 139
MM, 30, 12, 12
MM, 42, 6, 13
MM, 16, 18, 38
MM, 24, 16, 12
MM, 34, 15, 12
MM, 4, 11, 25
MM, 10, 9, 13
MM, 15, 8, 12
MM, 21, 7, 13
MM, 27, 6, 13
MM, 33, 5, 12
MM, 39, 3, 12
MM, 42, 3, 13
MM, 0, 2, 49
MM, 1, 2, 26
MM, 2, 1, 250
MM, 3, 0, 24
MM, 9, 29, 50
MM, 10, 28, 13
MM, 12, 26, 12
MM, 12, 24, 13
MM, 13, 23, 12
MM, 14, 22, 12
MM, 14, 21, 13
MM, 15, 20, 13
MC, 1, 374
MM, 18, 20, 188
MM, 25, 19, 13
MM, 4, 17, 12
MM, 9, 9, 13
MM, 1, 2, 12
MM, 54, 0, 425
MM, 54, 1, 12
MM, 54, 2, 25
MM, 54, 3, 13
MM, 55, 4, 25
MM, 56, 4, 13
MM, 56, 5, 12
MM, 57, 5, 12
MM, 57, 6, 13
MM, 57, 7, 12
MM, 58, 8, 13
MM, 60, 9, 25
MC, 1, 412
MM, 59, 9, 189
MM, 56, 9, 12
MM, 46, 9, 13
MM, 22, 9, 12
MM, 12, 9, 12
MM, 29, 11, 13
MM, 17, 13, 12
MM, 10, 14, 12
MM, 5, 16, 13
MM, 0, 17, 13
MM, 34, 20, 37
MM, 32, 21, 12
MM, 31, 21, 176
MM, 26, 21, 12
MM, 9, 22, 13
MM, 19, 0, 12
MM, 26, 21, 25
MM, 16, 24, 13
MM, 8, 27, 12
MM, 3, 27, 13
MM, 41, 29, 37
MM, 40, 30, 13
MM, 37, 30, 187
MM, 31, 30, 12
MM, 22, 27, 13
MM, 34, 17, 12
MM, 0, 1, 13
MM, 20, 26, 313
MM, 22, 21, 12
MM, 24, 16, 12
MM, 25, 14, 13
MM, 25, 12, 12
MM, 26, 10, 12
MM, 26, 9, 13
MM, 26, 8, 13
MM, 27, 8, 25
MM, 27, 7, 12
MC, 1, 386
MM, 28, 7, 289
MM, 30, 7, 12
MM, 34, 7, 13
MM, 43, 9, 12
MM, 3, 12, 13
MM, 9, 14, 12
MM, 10, 16, 13
MM, 12, 16, 12
MM, 13, 16, 14
MM, 13, 17, 11
MM, 14, 17, 13
MM, 15, 18, 12
MM, 16, 18, 25
MM, 17, 18, 13
MM, 19, 18, 25
MM, 22, 18, 12
MM, 23, 18, 13
MM, 25, 18, 12
MM, 26, 18, 12
MM, 28, 18, 13
MM, 30, 18, 12
MM, 32, 18, 13
MM, 33, 18, 13
MM, 34, 18, 12
MM, 36, 18, 12
MM, 37, 18, 14
MM, 38, 18, 11
MM, 40, 18, 13
MM, 42, 18, 13
MM, 1, 18, 62
MM, 2, 17, 12
MM, 3, 17, 13
MM, 4, 17, 12
MM, 5, 17, 14
MM, 6, 17, 11
MM, 6, 16, 13
MM, 7, 16, 25
MM, 8, 16, 263
MM, 10, 16, 24
MM, 11, 16, 13
MM, 13, 16, 12
MM, 14, 16, 13
MM, 17, 16, 12
MM, 19, 16, 12
MM, 20, 16, 13
MM, 22, 16, 12
MC, 1, 374
MM, 21, 16, 102
MM, 19, 17, 12
MM, 17, 21, 13
MM, 11, 25, 12
MC, 1, 612
MM, 22, 6, 213
MM, 22, 15, 13
MM, 22, 23, 12
MM, 22, 31, 12
MM, 14, 2, 26
MM, 14, 4, 12
MM, 14, 5, 25
MM, 14, 6, 25
MM, 14, 7, 12
MM, 14, 8, 25
MM, 14, 9, 25
MM, 14, 10, 38
MM, 14, 11, 12
MM, 14, 12, 37
MC, 1, 439
MM, 14, 11, 87
MM, 14, 7, 13
MM, 24, 5, 25
MM, 41, 27, 75
MM, 42, 22, 12
MM, 42, 19, 13
MM, 43, 18, 12
MM, 43, 17, 13
MM, 43, 15, 12
MM, 43, 14, 25
MM, 43, 16, 888
MM, 3, 29, 201
MM, 4, 26, 11
MM, 7, 22, 12
MM, 9, 18, 13
MM, 12, 15, 12
MM, 14, 11, 13
MM, 16, 10, 12
MM, 17, 8, 13
MM, 19, 7, 12
MM, 20, 6, 13
MM, 21, 6, 12
MC, 1, 412
MM, 22, 6, 152
MM, 24, 5, 12
MM, 31, 4, 12
MC, 1, 1461
MC, 1, 1213
MM, 272, 60, 200
MM, 254, 57, 13
MM, 245, 56, 12
MM, 238, 55, 12
MM, 235, 54, 13
MM, 233, 54, 13
MM, 231, 54, 12
MM, 229, 54, 13
MM, 228, 54, 176
MM, 226, 54, 11
MM, 218, 55, 13
MM, 198, 61, 12
MM, 39, 3, 363
MM, 34, 6, 12
MM, 31, 8, 12
MM, 30, 9, 13
MM, 28, 10, 12
MM, 27, 10, 25
MC, 1, 387
MM, 29, 10, 150
MM, 36, 10, 13
MM, 13, 8, 12
MC, 1, 875
MM, 29, 2, 938
MM, 32, 6, 12
MM, 33, 6, 275
MM, 34, 7, 12
MM, 36, 8, 13
MM, 37, 10, 13
MM, 38, 11, 12
MM, 40, 12, 12
MM, 41, 14, 13
MM, 42, 15, 25
MM, 42, 16, 12
MM, 42, 17, 13
MM, 43, 17, 12
MM, 43, 18, 13
MM, 44, 19, 24
MM, 45, 21, 13
MM, 45, 22, 12
MM, 45, 25, 13
MC, 1, 600
MM, 27, 1, 563
MM, 370, 63, 363
MM, 361, 49, 12
MM, 339, 24, 12
MM, 322, 4, 12
MC, 1, 1676
MM, 38, 27, 1049294
MM, 32, 5, 13
MM, 382, 59, 75
MM, 382, 55, 12
MM, 382, 54, 388
MM, 382, 53, 12
MM, 381, 51, 12
MM, 381, 50, 13
MM, 380, 48, 13
MM, 378, 46, 12
MM, 377, 43, 12
MM, 376, 42, 13
MM, 376, 41, 12
MM, 375, 40, 38
MC, 1, 689
MM, 374, 40, 49823
MM, 370, 40, 12
MM, 355, 42, 13
MM, 280, 61, 13
MM, 39, 31, 400
MM, 43, 18, 12
MM, 26, 11, 13
MM, 20, 7, 12
MM, 15, 4, 13
MM, 9, 0, 387
MM, 10, 2, 14
MM, 11, 4, 11
MM, 12, 6, 13
MM, 12, 7, 13
MM, 12, 8, 12
MM, 13, 8, 13
MM, 13, 9, 13
MM, 14, 10, 37
MM, 14, 11, 12
MC, 1, 300
MM, 15, 11, 164
MM, 19, 11, 13
MM, 31, 9, 12
MM, 22, 2, 12
MM, 205, 62, 37
MM, 228, 59, 13
MM, 259, 56, 12
MM, 270, 55, 13
MM, 278, 55, 13
MM, 287, 55, 12
MM, 298, 55, 12
MM, 304, 55, 13
MM, 305, 55, 200
MM, 307, 55, 13
MM, 313, 55, 13
MM, 326, 57, 12
MM, 338, 60, 13
MM, 348, 62, 12
MC, 1, 649
MM, 32, 0, 125
MM, 20, 13, 13
MM, 12, 24, 13
MM, 32, 18, 25
MM, 25, 27, 12
MM, 29, 0, 225
MM, 32, 1, 12
MM, 36, 2, 12
MM, 42, 3, 13
MM, 1, 10, 37
MM, 3, 11, 13
MM, 3, 12, 12
MM, 4, 13, 13
MM, 5, 13, 37
MM, 5, 14, 13
MM, 6, 14, 12
MM, 7, 14, 38
MM, 7, 15, 13
MM, 9, 15, 11
MM, 11, 16, 13
MM, 12, 16, 13
MM, 13, 16, 12
MM, 14, 16, 13
MM, 15, 16, 50
MC, 1, 224
MM, 14, 16, 189
MM, 12, 15, 12
MM, 10, 13, 13
MM, 1, 9, 12
MM, 5, 25, 26
MM, 28, 8, 24
MC, 1, 1001
MM, 1, 28, 163
MM, 5, 30, 15
MM, 10, 31, 10
MM, 26, 0, 62
MM, 27, 0, 12
MM, 27, 1, 13
MM, 28, 1, 13
MM, 28, 2, 12
MM, 28, 3, 13
MM, 29, 3, 24
MM, 29, 4, 13
MM, 29, 5, 351
MM, 27, 7, 37
MM, 26, 8, 12
MM, 25, 9, 13
MM, 24, 9, 13
MM, 23, 9, 12
MM, 23, 10, 26
MC, 1, 162
MM, 22, 10, 50
MM, 21, 10, 25
MM, 19, 10, 13
MM, 16, 10, 12
MM, 12, 10, 12
MM, 4, 10, 13
MM, 41, 10, 24
MM, 30, 10, 13
MM, 18, 10, 13
MM, 6, 10, 14
MM, 42, 8, 24
MM, 26, 4, 24
MM, 17, 2, 13
MC, 1, 537
MM, 5, 13, 201
MM, 7, 20, 12
MM, 9, 25, 13
MM, 11, 31, 12
MM, 7, 5, 13
MM, 10, 18, 12
MM, 13, 25, 13
MM, 16, 31, 12
MM, 92, 2, 25
MM, 92, 3, 514
MM, 92, 4, 13
MM, 92, 6, 12
MM, 92, 9, 12
MM, 92, 12, 12
MM, 93, 20, 13
MM, 94, 26, 13
MM, 95, 32, 12
MM, 96, 35, 13
MM, 96, 37, 12
MM, 96, 38, 13
MC, 1, 300
MM, 96, 37, 100
MM, 96, 36, 12
MM, 95, 35, 13
MM, 93, 34, 12
MM, 90, 31, 13
MM, 82, 24, 13
MM, 70, 7, 12
MM, 40, 23, 12
MM, 24, 8, 13
MM, 11, 13, 24
MM, 5, 4, 13
MC, 1, 725
MM, 13, 7, 714
MM, 34, 4, 12
MM, 43, 4, 13
MM, 1, 3, 37
MM, 2, 3, 26
MM, 4, 3, 300
MM, 7, 3, 13
MM, 15, 3, 12
MM, 33, 3, 13
MM, 22, 5, 25
MM, 35, 7, 12
MM, 0, 7, 13
MM, 5, 8, 12
MM, 9, 9, 13
MM, 12, 10, 12
MM, 14, 11, 12
MM, 15, 11, 13
MM, 16, 11, 13
MM, 17, 11, 12
MM, 18, 11, 13
MC, 1, 388
MM, 17, 11, 37
MM, 14, 14, 13
MM, 7, 18, 13
MM, 32, 25, 12
MM, 16, 30, 12
MM, 12, 0, 101
MM, 0, 0, 12
MM, 39, 0, 13
MM, 27, 0, 12
MM, 20, 0, 12
MM, 16, 0, 13
MM, 3, 25, 864
MM, 12, 29, 11
MM, 36, 0, 50
MM, 39, 1, 13
MM, 40, 1, 1653
MM, 42, 1, 11
MM, 10, 4, 26
MM, 29, 9, 13
MM, 13, 18, 11
MM, 28, 26, 13
MM, 35, 30, 13
MM, 1, 0, 51
MM, 3, 1, 12
MM, 4, 1, 12
MM, 6, 1, 12
MM, 7, 1, 63
MM, 8, 1, 37
MM, 9, 1, 13
MM, 10, 1, 38
MM, 11, 1, 50
MM, 11, 0, 23
MM, 22, 30, 51
MM, 22, 28, 13
MM, 22, 26, 12
MM, 22, 25, 12
MM, 22, 23, 13
MM, 22, 22, 12
MM, 22, 21, 26
MM, 22, 20, 12
MM, 22, 19, 25
MM, 22, 18, 62
MC, 1, 175
MM, 21, 18, 101
MM, 19, 18, 12
MM, 13, 19, 13
MM, 42, 23, 13
MM, 13, 29, 11
MM, 29, 31, 889
MM, 30, 29, 24
MM, 31, 29, 13
MM, 32, 26, 12
MM, 34, 25, 13
MM, 34, 24, 977
MM, 34, 23, 24
MM, 34, 20, 13
MM, 34, 19, 13
MM, 33, 17, 12
MM, 32, 15, 12
MM, 32, 13, 13
MM, 31, 13, 12
MM, 30, 11, 13
MM, 29, 10, 50
MC, 1, 212
MM, 28, 10, 25
MM, 27, 10, 13
MM, 26, 10, 12
MM, 25, 11, 12
MM, 23, 13, 13
MM, 21, 14, 13
MM, 20, 15, 12
MM, 18, 17, 13
MM, 14, 19, 12
MM, 12, 21, 12
MM, 10, 22, 13
MM, 7, 23, 13
MM, 5, 24, 12
MM, 2, 25, 12
MM, 1, 26, 13
MM, 43, 27, 62
MM, 41, 27, 13
MM, 39, 27, 13
MM, 36, 27, 13
MM, 33, 27, 12
MM, 31, 27, 13
MM, 29, 27, 12
MM, 28, 27, 13
MM, 27, 27, 12
MM, 26, 27, 13
MM, 25, 27, 12
MM, 24, 27, 25
MM, 23, 27, 53
MM, 23, 26, 23
MC, 1, 237
MM, 23, 25, 62
MM, 23, 24, 25
MM, 24, 24, 26
MM, 26, 24, 12
MM, 31, 23, 13
MM, 41, 23, 12
MM, 4, 23, 25
MM, 13, 26, 13
MM, 22, 29, 12
MM, 35, 0, 38
MM, 38, 2, 13
MM, 41, 4, 12
MM, 3, 14, 37
MM, 7, 18, 13
MM, 9, 21, 12
MM, 11, 23, 13
MM, 11, 24, 12
MM, 12, 26, 13
MM, 13, 26, 12
MM, 13, 27, 12
MM, 14, 27, 26
MM, 14, 28, 12
MM, 15, 29, 12
MM, 17, 30, 25
MM, 87, 0, 75
MM, 87, 1, 25
MM, 88, 2, 38
MM, 88, 3, 39
MM, 89, 4, 23
MM, 90, 5, 13
MM, 92, 7, 12
MM, 93, 8, 12
MM, 95, 9, 13
MM, 95, 10, 12
MM, 96, 11, 13
MM, 97, 12, 50
MC, 1, 250
MM, 98, 12, 212
MM, 99, 12, 13
MM, 102, 12, 12
MM, 110, 11, 12
MM, 129, 10, 13
MM, 143, 9, 13
MM, 157, 8, 12
MM, 171, 7, 13
MM, 178, 7, 12
MM, 182, 7, 13
MM, 183, 7, 12
MM, 185, 6, 13
MM, 185, 5, 12
MM, 187, 5, 251
MM, 189, 3, 12
MM, 8, 13, 63
MM, 12, 9, 12
MM, 17, 6, 13
MM, 20, 5, 13
MM, 24, 3, 12
MM, 28, 0, 12
MM, 1, 31, 38
MM, 5, 28, 12
MM, 8, 24, 13
MM, 11, 22, 13
MM, 13, 19, 12
MM, 14, 18, 12
MM, 15, 17, 12
MM, 16, 15, 13
MM, 17, 15, 12
MM, 18, 14, 12
MM, 18, 13, 13
MM, 19, 13, 13
MM, 20, 12, 13
MM, 21, 12, 11
MM, 23, 11, 13
MM, 25, 10, 12
MM, 27, 9, 13
MM, 30, 7, 12
MM, 33, 5, 13
MM, 36, 3, 13
MM, 39, 1, 12
MM, 5, 30, 37
MM, 9, 27, 13
MM, 12, 27, 13
MM, 16, 25, 12
MM, 17, 24, 13
MM, 18, 24, 13
MM, 19, 23, 24
MM, 19, 22, 25
MM, 20, 22, 26
MC, 1, 274
MM, 20, 23, 101
MM, 20, 25, 11
MM, 21, 28, 14
MM, 16, 0, 25
MM, 17, 3, 12
MM, 18, 6, 13
MM, 18, 8, 13
MM, 19, 9, 12
MM, 20, 12, 13
MM, 20, 13, 12
MM, 20, 14, 12
MM, 20, 15, 13
MM, 20, 16, 12
MM, 20, 17, 13
MM, 20, 18, 49
MC, 1, 213
MM, 20, 20, 75
MM, 17, 20, 12
MM, 14, 22, 13
MM, 6, 25, 12
MM, 33, 28, 25
MM, 4, 31, 13
MM, 34, 31, 12
MM, 12, 31, 13
MM, 35, 31, 12
MM, 20, 31, 13
MM, 6, 31, 12
MM, 14, 31, 237
MM, 6, 30, 13
MM, 41, 28, 38
MM, 38, 28, 11
MM, 37, 27, 13
MM, 36, 26, 13
MM, 35, 26, 12
MM, 35, 25, 12
MC, 1, 351
MM, 35, 24, 100
MM, 35, 23, 12
MM, 35, 22, 25
MM, 33, 18, 13
MM, 33, 14, 12
MM, 32, 7, 12
MC, 1, 438
MM, 30, 3, 199
MM, 25, 7, 14
MM, 22, 11, 18
MM, 20, 12, 6
MM, 16, 14, 13
MM, 14, 14, 12
MM, 13, 15, 13
MM, 12, 16, 13
MM, 11, 16, 25
MM, 11, 17, 12
MM, 10, 17, 12
MC, 1, 276
MM, 11, 17, 37
MM, 12, 17, 25
MM, 13, 17, 12
MM, 14, 16, 13
MM, 16, 15, 13
MM, 19, 14, 12
MM, 24, 13, 13
MM, 33, 11, 12
MM, 43, 8, 13
MM, 2, 6, 12
MM, 11, 4, 13
MM, 19, 2, 12
MM, 31, 1, 13
MC, 1, 912
MM, 19, 14, 175
MM, 2, 4, 25
MM, 0, 9, 13
MM, 110, 0, 86
MM, 110, 1, 13
MM, 110, 2, 13
MM, 109, 2, 12
MM, 109, 3, 12
MM, 109, 4, 13
MM, 109, 5, 25
MM, 109, 6, 25
MM, 109, 7, 13
MM, 109, 8, 25
MC, 1, 462
MM, 112, 8, 163
MM, 121, 6, 12
MM, 140, 3, 13
MM, 33, 29, 25
MM, 43, 26, 12
MM, 2, 19, 326
MM, 10, 17, 12
MM, 28, 8, 13
MM, 21, 26, 13
MM, 42, 14, 12
MM, 5, 6, 25
MM, 8, 3, 12
MM, 13, 2, 13
MM, 18, 0, 12
MM, 0, 29, 50
MM, 1, 27, 13
MM, 2, 27, 12
MM, 3, 25, 13
MM, 4, 24, 24
MM, 5, 24, 38
MM, 4, 23, 450
MM, 0, 23, 13
MM, 35, 23, 13
MM, 22, 23, 12
MM, 9, 23, 12
MM, 27, 23, 25
MM, 20, 23, 12
MM, 17, 22, 13
MM, 15, 22, 12
MM, 13, 21, 13
MM, 13, 20, 12
MM, 12, 20, 12
MC, 1, 300
MM, 10, 20, 227
MM, 7, 20, 13
MM, 27, 20, 23
MM, 35, 16, 14
MM, 35, 3, 849
MM, 35, 13, 12
MM, 35, 21, 14
MM, 35, 25, 12
MM, 35, 28, 12
MM, 35, 30, 13
MM, 35, 31, 12
MM, 27, 2, 50
MM, 27, 5, 13
MM, 27, 6, 12
MM, 27, 7, 13
MM, 27, 8, 25
MM, 27, 9, 12
MM, 27, 10, 26
MM, 27, 11, 50
MC, 1, 262
MM, 27, 9, 75
MM, 27, 6, 13
MM, 28, 1, 12
MM, 36, 29, 13
MM, 37, 19, 12
MM, 38, 5, 13
MM, 0, 6, 637
MM, 5, 16, 13
MM, 16, 13, 24
MM, 22, 23, 13
MM, 28, 30, 12
MM, 99, 6, 13
MM, 108, 21, 13
MM, 114, 30, 12
MM, 119, 35, 12
MM, 122, 39, 13
MM, 125, 41, 13
MM, 129, 41, 425
MM, 129, 38, 12
MM, 129, 35, 13
MM, 129, 30, 12
MM, 129, 26, 14
MM, 129, 23, 11
MM, 129, 21, 12
MM, 129, 19, 13
MM, 129, 18, 25
MM, 129, 17, 38
MM, 129, 16, 37
MC, 1, 387
MM, 130, 15, 212
MM, 132, 12, 13
MM, 137, 6, 13
MM, 38, 31, 12
MM, 8, 15, 12
MM, 20, 6, 14
MM, 28, 0, 12
MM, 37, 31, 12
MM, 1, 21, 25
MM, 4, 19, 13
MM, 6, 18, 12
MM, 8, 16, 13
MM, 9, 15, 12
MM, 11, 15, 250
MM, 14, 14, 12
MM, 19, 11, 13
MM, 29, 7, 12
MM, 39, 0, 14
MM, 13, 28, 25
MM, 19, 25, 12
MM, 22, 23, 13
MM, 25, 22, 12
MM, 27, 21, 12
MM, 30, 19, 13
MM, 31, 19, 12
MM, 32, 19, 13
MM, 34, 18, 13
MM, 0, 14, 37
MM, 2, 13, 12
MM, 4, 13, 13
MM, 5, 12, 12
MM, 7, 11, 13
MM, 8, 11, 37
MC, 1, 313
MM, 5, 11, 113
MM, 28, 11, 25
MM, 6, 15, 13
MM, 23, 20, 12
MM, 10, 22, 12
MM, 0, 24, 13
MM, 33, 27, 12
MM, 18, 29, 13
MM, 33, 3, 37
MM, 24, 7, 13
MM, 18, 10, 12
MM, 12, 13, 12
MM, 9, 14, 13
MM, 6, 15, 13
MM, 3, 15, 12
MM, 0, 17, 12
MM, 43, 18, 38
MM, 41, 18, 12
MM, 40, 19, 12
MM, 39, 19, 14
MC, 1, 438
MM, 39, 20, 113
MM, 39, 23, 12
MM, 39, 30, 13
MM, 34, 2, 12
MM, 38, 11, 12
MM, 39, 18, 13
MM, 41, 30, 12
MM, 108, 1, 13
MM, 109, 8, 13
MM, 111, 11, 12
MM, 111, 13, 13
MM, 111, 15, 12
MM, 111, 16, 12
MM, 111, 17, 13
MM, 112, 17, 50
MM, 112, 18, 13
MM, 112, 19, 63
MM, 113, 19, 113
MC, 1, 249
MM, 113, 20, 75
MM, 112, 20, 26
MM, 109, 20, 12
MM, 106, 20, 12
MM, 99, 20, 12
MM, 90, 20, 13
MM, 79, 18, 12
MM, 72, 15, 14
MM, 65, 13, 12
MM, 59, 10, 13
MM, 51, 7, 12
MM, 45, 3, 12
MM, 19, 31, 50
MM, 18, 29, 12
MM, 17, 28, 13
MM, 16, 27, 25
MM, 16, 26, 13
MM, 16, 25, 63
MC, 1, 237
MM, 17, 24, 75
MM, 20, 23, 13
MM, 26, 21, 12
MM, 36, 18, 13
MM, 0, 12, 13
MM, 22, 5, 12
MM, 7, 30, 24
MM, 18, 24, 14
MM, 31, 21, 12
MM, 42, 17, 12
MM, 1, 13, 38
MM, 7, 13, 12
MM, 11, 12, 13
MM, 13, 12, 12
MM, 15, 12, 13
MM, 16, 12, 12
MM, 17, 12, 50
MM, 18, 12, 76
MC, 1, 224
MM, 16, 12, 138
MM, 13, 12, 12
MM, 8, 12, 12
MM, 28, 9, 26
MM, 8, 6, 13
MM, 30, 0, 24
MC, 1, 1000
MM, 1, 6, 338
MM, 6, 6, 12
MM, 12, 6, 13
MM, 17, 6, 12
MM, 21, 6, 13
MM, 26, 7, 13
MM, 32, 9, 11
MM, 37, 10, 14
MM, 3, 12, 24
MM, 9, 13, 13
MM, 14, 15, 12
MM, 17, 15, 13
MM, 21, 16, 12
MM, 26, 16, 12
MM, 32, 16, 14
MM, 36, 16, 12
MM, 39, 16, 12
MM, 40, 16, 13
MM, 41, 16, 12
MM, 43, 16, 13
MM, 0, 16, 487
MC, 1, 326
MM, 36, 29, 214
MM, 19, 4, 12
MM, 4, 16, 12
MM, 37, 31, 26
MM, 29, 2, 12
MM, 20, 10, 13
MM, 15, 15, 12
MM, 12, 17, 13
MM, 11, 19, 12
MM, 9, 20, 13
MM, 8, 21, 12
MM, 7, 22, 16
MM, 7, 23, 9
MM, 6, 23, 12
MM, 5, 23, 26
MM, 5, 24, 12
MM, 6, 23, 213
MM, 7, 22, 13
MM, 7, 21, 12
MM, 9, 20, 13
MM, 11, 17, 12
MM, 13, 15, 13
MM, 15, 14, 12
MM, 16, 12, 12
MM, 16, 11, 13
MM, 17, 10, 12
MC, 1, 250
MM, 15, 10, 138
MM, 14, 9, 13
MM, 13, 8, 13
MM, 10, 8, 12
MM, 8, 7, 12
MM, 5, 5, 13
MM, 3, 4, 12
MM, 0, 2, 12
MM, 43, 30, 38
MM, 41, 26, 14
MM, 39, 25, 15
MM, 38, 23, 9
MM, 37, 22, 13
MM, 37, 21, 12
MM, 36, 21, 12
MM, 36, 20, 13
MM, 35, 20, 37
MM, 35, 19, 13
MC, 1, 262
MM, 35, 21, 189
MM, 35, 26, 12
MM, 28, 3, 25
MM, 29, 11, 12
MM, 30, 20, 13
MM, 30, 30, 12
MM, 146, 3, 25
MM, 146, 6, 13
MM, 146, 8, 12
MM, 146, 10, 13
MM, 146, 12, 11
MM, 146, 14, 14
MM, 146, 16, 13
MM, 146, 17, 11
MM, 146, 18, 13
MM, 146, 19, 25
MM, 147, 18, 501
MM, 147, 17, 12
MM, 147, 16, 25
MM, 146, 14, 13
MM, 146, 13, 11
MM, 145, 10, 13
MM, 143, 4, 13
MM, 24, 25, 24
MM, 22, 19, 13
MM, 21, 15, 12
MM, 20, 11, 13
MM, 18, 5, 13
MM, 18, 0, 12
MM, 25, 29, 25
MM, 25, 27, 13
MM, 25, 26, 12
MM, 25, 25, 13
MM, 25, 24, 12
MM, 25, 23, 13
MM, 24, 23, 37
MC, 1, 338
MM, 24, 22, 112
MM, 26, 21, 13
MM, 33, 19, 12
MM, 46, 17, 13
MM, 3, 12, 13
MM, 17, 8, 12
MM, 32, 2, 13
MM, 4, 30, 37
MM, 7, 30, 12
MM, 10, 29, 13
MM, 13, 27, 13
MM, 15, 27, 12
MM, 17, 26, 12
MM, 19, 25, 13
MM, 21, 24, 12
MM, 22, 24, 13
MM, 23, 24, 12
MM, 25, 23, 13
MM, 26, 22, 25
MM, 27, 22, 12
MM, 28, 23, 425
MM, 28, 27, 13
MM, 31, 8, 25
MM, 32, 13, 12
MM, 34, 17, 13
MM, 34, 20, 12
MM, 35, 23, 12
MM, 36, 26, 13
MM, 36, 29, 12
MM, 37, 31, 13
MP, 1, 338
MR, 1, 150
MC, 1, 0
MM, 28, 0, 175
MM, 27, 0, 37
MM, 26, 0, 263
MM, 25, 0, 50
MM, 24, 0, 75
MC, 1, 201
MM, 24, 1, 62
MM, 22, 1, 13
MM, 21, 1, 12
MM, 20, 1, 13
MM, 17, 2, 12
MM, 14, 3, 12
MM, 9, 5, 13
MM, 2, 8, 13
MM, 38, 15, 24
MM, 29, 19, 13
MM, 22, 23, 12
MM, 15, 26, 13
MM, 5, 30, 13
MM, 146, 0, 87
MM, 145, 0, 25
MM, 144, 1, 25
MM, 143, 1, 39
MM, 143, 2, 11
MM, 142, 2, 25
MM, 142, 3, 150
MM, 142, 4, 38
MM, 142, 5, 25
MM, 142, 6, 12
MM, 142, 7, 13
MM, 142, 8, 12
MM, 142, 9, 12
MM, 142, 10, 63
MC, 1, 276
MM, 143, 10, 213
MM, 145, 7, 13
MM, 149, 1, 13
MM, 6, 16, 24
MM, 21, 2, 13
MM, 31, 28, 12
MM, 39, 20, 13
MM, 43, 15, 12
MM, 4, 6, 38
MM, 9, 4, 12
MM, 15, 1, 12
MM, 25, 31, 38
MM, 28, 28, 12
MM, 30, 25, 13
MM, 31, 23, 12
MM, 34, 22, 12
MM, 36, 20, 13
MM, 37, 19, 13
MM, 40, 18, 13
MM, 43, 17, 12
MM, 0, 14, 50
MM, 1, 14, 13
MM, 3, 13, 11
MM, 4, 13, 13
MM, 6, 11, 13
MM, 8, 11, 12
MM, 10, 11, 12
MM, 13, 10, 13
MM, 16, 9, 12
MM, 19, 9, 13
MM, 21, 9, 12
MM, 22, 9, 26
MC, 1, 262
MM, 21, 9, 126
MM, 37, 29, 75
MM, 23, 7, 24
MM, 28, 16, 13
MM, 4, 20, 12
MM, 37, 22, 13
MM, 14, 25, 12
MM, 4, 25, 12
MM, 43, 25, 26
MM, 39, 25, 12
MM, 37, 25, 12
MM, 35, 25, 13
MM, 34, 25, 12
MM, 32, 25, 13
MM, 31, 24, 326
MC, 1, 250
MM, 32, 24, 138
MM, 35, 25, 13
MM, 41, 29, 12
MM, 8, 14, 25
MM, 15, 22, 12
MM, 19, 27, 13
MM, 24, 31, 12
MM, 52, 0, 50
MM, 53, 1, 12
MM, 54, 2, 63
MM, 54, 3, 100
MM, 55, 3, 25
MM, 55, 4, 12
MM, 56, 5, 12
MM, 57, 7, 26
MM, 57, 8, 37
MM, 58, 8, 25
MM, 58, 9, 38
MC, 1, 174
MM, 59, 9, 302
MM, 62, 7, 13
MM, 72, 3, 12
MM, 42, 26, 12
MM, 27, 13, 13
MM, 15, 4, 12
MM, 29, 0, 12
MM, 8, 30, 38
MM, 16, 27, 12
MM, 21, 24, 13
MM, 24, 23, 12
MM, 27, 21, 13
MM, 29, 19, 25
MM, 32, 19, 226
MM, 35, 16, 12
MM, 16, 1, 25
MM, 4, 27, 37
MM, 7, 26, 13
MM, 10, 25, 12
MM, 12, 25, 13
MM, 16, 23, 12
MM, 19, 22, 13
MM, 17, 22, 388
MM, 16, 22, 12
MM, 14, 21, 13
MM, 12, 21, 12
MM, 10, 21, 13
MM, 8, 20, 12
MM, 6, 20, 13
MM, 4, 19, 12
MM, 1, 19, 13
MM, 33, 18, 37
MM, 30, 18, 12
MM, 28, 18, 13
MM, 26, 18, 13
MM, 25, 17, 12
MM, 24, 16, 25
MM, 24, 15, 63
MM, 26, 15, 37
MM, 28, 15, 13
MM, 31, 14, 12
MM, 34, 13, 13
MM, 3, 12, 37
MM, 8, 11, 13
MM, 13, 11, 12
MM, 17, 11, 12
MM, 19, 11, 13
MM, 21, 11, 13
MM, 23, 11, 12
MM, 24, 11, 13
MM, 25, 11, 12
MM, 26, 11, 25
MC, 1, 276
MM, 24, 11, 62
MM, 21, 13, 12
MM, 14, 15, 12
MM, 4, 19, 13
MM, 28, 28, 26
MM, 17, 31, 12
MM, 27, 3, 313
MM, 5, 18, 25
MM, 41, 27, 12
MM, 29, 31, 12
MM, 38, 2, 37
MM, 34, 3, 13
MM, 31, 3, 12
MM, 29, 3, 13
MM, 27, 4, 12
MM, 26, 5, 13
MM, 25, 5, 12
MM, 24, 6, 13
MM, 23, 6, 25
MC, 1, 388
MM, 22, 6, 163
MM, 21, 6, 38
MM, 20, 5, 13
MM, 19, 3, 12
MM, 17, 2, 13
MM, 19, 28, 25
MM, 13, 20, 12
MM, 6, 12, 13
MM, 1, 8, 12
MC, 1, 462
MC, 1, 1040
MM, 34, 3, 238
MM, 42, 18, 13
MM, 1, 30, 63
MM, 119, 6, 36
MM, 120, 11, 13
MM, 121, 16, 13
MM, 122, 17, 11
MM, 122, 18, 13
MM, 123, 20, 13
MM, 123, 21, 25
MM, 123, 22, 24
MM, 123, 23, 101
MC, 1, 300
MM, 124, 23, 74
MM, 124, 22, 88
MM, 124, 21, 12
MM, 124, 17, 12
MM, 124, 10, 12
MM, 124, 4, 14
MM, 6, 26, 37
MM, 4, 16, 13
MM, 0, 6, 12
MM, 42, 25, 38
MM, 36, 19, 12
MM, 30, 6, 13
MC, 1, 1500
MM, 35, 5, 213
MM, 32, 9, 12
MM, 29, 14, 12
MM, 28, 18, 13
MM, 26, 26, 13
MM, 25, 31, 12
MM, 17, 0, 26
MM, 17, 1, 12
MM, 17, 2, 12
MM, 16, 2, 213
MM, 14, 3, 12
MM, 12, 4, 13
MM, 11, 5, 12
MM, 8, 6, 13
MM, 6, 9, 12
MM, 2, 15, 13
MM, 42, 30, 37
MM, 26, 0, 288
MM, 26, 2, 13
MM, 24, 3, 12
MM, 24, 5, 13
MM, 24, 7, 12
MM, 23, 7, 13
MM, 23, 8, 12
MM, 22, 9, 12
MM, 22, 10, 13
MM, 22, 11, 24
MC, 1, 263
MM, 23, 10, 189
MM, 24, 8, 12
MM, 27, 3, 13
MM, 1, 22, 25
MM, 7, 15, 12
MM, 10, 10, 13
MM, 15, 3, 12
MM, 28, 29, 13
MM, 1, 12, 25
MM, 7, 5, 12
MM, 12, 1, 13
MC, 1, 674
MC, 2, 288
MC, 3, 326
MM, 15, 2, 325
MM, 14, 18, 25
MM, 27, 1, 38
MM, 18, 5, 12
MM, 14, 8, 12
MM, 12, 9, 13
MM, 10, 9, 13
MM, 9, 10, 12
MM, 7, 12, 176
MM, 6, 14, 12
MM, 4, 17, 12
MM, 2, 22, 12
MM, 40, 8, 39
MM, 37, 15, 13
MM, 34, 21, 12
MM, 31, 24, 12
MM, 30, 28, 12
MM, 28, 31, 13
MM, 141, 0, 250
MM, 140, 1, 12
MM, 139, 2, 26
MM, 139, 4, 12
MM, 139, 5, 12
MM, 138, 6, 13
MM, 137, 8, 12
MM, 137, 9, 13
MM, 137, 10, 12
MM, 136, 10, 13
MM, 136, 11, 25
MM, 136, 12, 25
MC, 1, 175
MM, 137, 9, 225
MM, 140, 1, 13
MM, 33, 26, 12
MM, 43, 14, 13
MM, 1, 4, 12
MM, 6, 29, 12
MM, 11, 19, 13
MM, 14, 14, 12
MM, 15, 10, 13
MM, 16, 8, 13
MM, 17, 7, 12
MM, 17, 5, 12
MM, 17, 4, 13
MM, 18, 3, 13
MM, 19, 1, 12
MM, 22, 28, 38
MM, 23, 26, 13
MM, 24, 23, 12
MM, 24, 22, 12
MM, 25, 21, 13
MM, 25, 19, 12
MM, 26, 19, 12
MM, 26, 18, 13
MM, 26, 17, 25
MM, 27, 16, 12
MM, 27, 15, 64
MC, 1, 200
MM, 26, 15, 75
MM, 25, 15, 11
MM, 23, 15, 14
MM, 21, 15, 13
MM, 17, 15, 11
MM, 8, 17, 13
MC, 1, 524
MM, 33, 0, 514
MM, 31, 0, 12
MM, 31, 1, 13
MM, 30, 1, 12
MM, 30, 2, 29
MM, 29, 2, 9
MM, 28, 2, 12
MM, 28, 3, 13
MM, 27, 4, 50
MC, 1, 175
MM, 30, 4, 101
MM, 36, 4, 12
MM, 6, 3, 25
MM, 14, 3, 12
MM, 25, 1, 12
MM, 35, 0, 13
MC, 1, 575
MM, 14, 4, 138
MM, 3, 10, 12
MM, 40, 16, 12
MM, 32, 19, 13
MM, 26, 22, 13
MM, 23, 23, 12
MM, 20, 24, 13
MM, 17, 24, 13
MM, 16, 24, 12
MM, 14, 24, 12
MM, 13, 24, 25
MM, 12, 24, 63
MM, 11, 24, 75
MM, 13, 23, 275
MM, 14, 23, 26
MM, 15, 23, 11
MM, 17, 23, 13
MM, 21, 23, 13
MM, 31, 23, 12
MM, 41, 23, 13
MM, 1, 24, 12
MM, 9, 27, 12
MM, 21, 31, 13
MM, 39, 1, 37
MM, 43, 4, 13
MM, 8, 14, 25
MM, 17, 22, 12
MM, 22, 26, 12
MM, 25, 28, 13
MM, 27, 30, 13
MM, 29, 30, 13
MM, 31, 31, 12
MM, 105, 2, 324
MM, 106, 5, 13
MM, 106, 8, 12
MM, 107, 10, 13
MM, 107, 11, 25
MM, 107, 12, 37
MC, 1, 213
MM, 110, 11, 239
MM, 120, 8, 12
MM, 138, 1, 13
MM, 3, 30, 12
MM, 2, 5, 25
MM, 0, 29, 25
MM, 11, 24, 12
MM, 19, 22, 13
MM, 25, 19, 11
MM, 32, 17, 13
MM, 39, 16, 13
MM, 0, 11, 251
MM, 1, 11, 13
MM, 3, 9, 12
MM, 8, 7, 12
MM, 15, 4, 13
MM, 22, 1, 12
MM, 0, 28, 49
MM, 2, 26, 13
MM, 3, 26, 13
MM, 4, 24, 12
MM, 8, 23, 14
MM, 11, 20, 12
MM, 13, 18, 12
MM, 16, 17, 12
MM, 18, 15, 13
MM, 19, 12, 12
MM, 22, 10, 13
MM, 23, 7, 11
MM, 26, 3, 13
MM, 28, 1, 13
MM, 32, 2, 275
MM, 31, 3, 13
MM, 29, 5, 12
MM, 29, 6, 12
MM, 28, 7, 26
MM, 27, 7, 12
MM, 27, 8, 25
MM, 27, 7, 113
MM, 28, 6, 12
MM, 30, 4, 13
MM, 33, 2, 12
MM, 33, 6, 225
MM, 28, 9, 12
MM, 24, 13, 12
MM, 18, 18, 13
MM, 10, 22, 12
MM, 7, 26, 13
MM, 3, 27, 13
MM, 1, 29, 12
MM, 18, 0, 100
MM, 14, 0, 13
MM, 12, 1, 12
MM, 9, 1, 13
MM, 7, 1, 12
MM, 5, 1, 13
MM, 3, 1, 25
MM, 2, 1, 25
MM, 1, 1, 50
MM, 8, 31, 62
MM, 8, 30, 12
MM, 8, 29, 13
MM, 8, 27, 13
MM, 9, 26, 12
MM, 10, 25, 12
MM, 11, 23, 13
MM, 11, 22, 12
MM, 12, 21, 13
MM, 12, 20, 13
MM, 12, 18, 24
MM, 13, 18, 13
MM, 13, 17, 38
MC, 1, 187
MM, 14, 17, 49
MM, 15, 18, 13
MM, 16, 19, 13
MM, 18, 22, 12
MM, 22, 24, 12
MM, 25, 29, 13
MM, 25, 3, 25
MM, 31, 15, 50
MM, 32, 16, 14
MM, 32, 17, 11
MM, 33, 17, 13
MM, 33, 18, 25
MC, 1, 225
MM, 32, 18, 338
MM, 26, 18, 13
MM, 15, 17, 12
MM, 28, 13, 12
MM, 22, 7, 13
MM, 19, 2, 25
MM, 5, 2, 13
MM, 38, 2, 37
MM, 30, 2, 12
MM, 26, 2, 13
MM, 21, 2, 13
MM, 18, 2, 12
MM, 15, 2, 12
MM, 10, 2, 13
MM, 5, 2, 12
MM, 1, 2, 13
MM, 43, 2, 37
MM, 42, 2, 13
MM, 40, 2, 12
MM, 37, 2, 13
MM, 34, 2, 12
MM, 29, 3, 13
MM, 26, 3, 12
MM, 22, 3, 13
MM, 19, 3, 12
MM, 17, 3, 13
MM, 15, 3, 12
MM, 12, 3, 12
MM, 9, 3, 13
MM, 7, 3, 13
MM, 3, 3, 12
MM, 43, 4, 62
MM, 41, 4, 12
MM, 40, 4, 13
MM, 39, 4, 13
MC, 1, 500
MM, 38, 5, 403
MM, 38, 6, 11
MM, 36, 8, 13
MM, 34, 13, 13
MM, 31, 16, 12
MM, 29, 18, 12
MM, 27, 21, 13
MM, 26, 22, 12
MM, 25, 23, 13
MM, 24, 24, 12
MM, 23, 24, 13
MM, 23, 25, 12
MM, 22, 25, 13
MM, 22, 26, 288
MM, 19, 29, 13
MM, 41, 10, 25
MM, 22, 21, 12
MM, 418, 5, 1963
MM, 411, 15, 13
MM, 406, 25, 12
MM, 397, 47, 12
MM, 392, 59, 13
MM, 8, 3, 62
MM, 2, 21, 13
MM, 39, 3, 25
MM, 38, 6, 12
MM, 36, 10, 13
MM, 34, 15, 12
MM, 33, 20, 13
MM, 32, 23, 12
MM, 32, 26, 13
MM, 32, 28, 12
MM, 32, 29, 25
MM, 31, 30, 25
MM, 31, 31, 25
MM, 17, 2, 88
MM, 14, 10, 12
MM, 12, 16, 13
MM, 8, 24, 12
MM, 6, 27, 13
MM, 5, 31, 12
MP, 1, 262
MR, 1, 113
MC, 1, 0
MM, 63, 1, 175
MM, 63, 2, 26
MM, 64, 16, 87
MM, 64, 17, 25
MM, 64, 18, 12
MM, 64, 19, 63
