**********************************
LOGGING TIME: 20161113_185201
CLIENT IP: 10.145.109.205
USERNAME: prudhvi
OS: Windows 8
*********************Neutral database**********************************
MM, 148, 12, 1477468751402
MM, 2, 16, 32
MM, 1, 4, 515
MM, 2, 4, 16
MM, 3, 4, 0
MM, 6, 4, 16
MM, 7, 5, 15
MM, 9, 5, 16
MM, 10, 5, 15
MM, 11, 5, 0
MM, 12, 6, 16
MM, 13, 6, 47
MC, 1, 375
MM, 13, 7, 266
MM, 11, 8, 0
MM, 10, 11, 15
MM, 10, 16, 16
MM, 79, 0, 109
MM, 79, 2, 16
MM, 79, 5, 15
MM, 79, 6, 16
MM, 79, 8, 16
MM, 79, 9, 47
MM, 79, 10, 31
MM, 79, 11, 47
MM, 79, 12, 0
MM, 79, 13, 31
MM, 78, 14, 16
MM, 78, 15, 15
MM, 78, 16, 0
MM, 77, 16, 16
MM, 77, 18, 15
MM, 77, 19, 32
MM, 77, 20, 15
MC, 1, 422
MM, 77, 19, 453
MM, 77, 17, 16
MM, 77, 15, 31
MM, 77, 14, 32
MM, 76, 13, 0
MM, 76, 12, 31
MM, 76, 11, 15
MM, 76, 12, 422
MM, 78, 21, 16
MM, 47, 41, 31
MM, 24, 5, 813
MM, 35, 14, 15
MM, 4, 31, 16
MM, 15, 0, 109
MM, 16, 0, 16
MM, 16, 1, 16
MM, 16, 2, 15
MM, 17, 2, 16
MM, 18, 3, 0
MM, 20, 5, 15
MM, 24, 10, 16
MM, 28, 13, 16
MM, 29, 15, 15
MM, 30, 16, 0
MM, 31, 17, 16
MM, 21, 23, 437
MM, 17, 27, 16
MM, 11, 31, 16
MM, 162, 5, 31
MM, 157, 10, 0
MM, 154, 14, 16
MM, 151, 16, 15
MM, 150, 18, 16
MM, 148, 20, 16
MM, 146, 21, 0
MM, 146, 22, 15
MM, 145, 23, 16
MM, 144, 24, 31
MC, 1, 375
MM, 146, 23, 109
MM, 151, 22, 16
MM, 163, 18, 16
MM, 177, 15, 0
MM, 186, 11, 15
MM, 11, 26, 313
MM, 36, 10, 15
MM, 33, 30, 16
MM, 19, 17, 16
MM, 30, 13, 0
MM, 35, 12, 15
MM, 40, 10, 16
MM, 43, 9, 16
MM, 45, 8, 15
MM, 46, 8, 0
MM, 47, 8, 16
MM, 47, 7, 15
MM, 48, 7, 32
MM, 48, 6, 125
MM, 48, 5, 31
MM, 48, 4, 16
MM, 48, 2, 15
MM, 48, 0, 16
MM, 12, 31, 31
MM, 12, 29, 16
MM, 12, 28, 15
MM, 12, 27, 0
MM, 12, 26, 16
MM, 12, 25, 16
MM, 12, 24, 31
MM, 12, 23, 15
MM, 3, 23, 375
MM, 32, 23, 16
MM, 7, 23, 16
MM, 6, 23, 15
MM, 24, 23, 16
MM, 10, 23, 0
MM, 42, 23, 16
MM, 27, 23, 15
MM, 18, 23, 16
MM, 11, 23, 15
MM, 7, 23, 0
MM, 2, 23, 16
MC, 1, 1000
MM, 9, 21, 125
MM, 22, 20, 0
MM, 37, 20, 16
MM, 3, 18, 31
MM, 7, 18, 16
MM, 10, 18, 0
MM, 14, 18, 15
MM, 17, 18, 16
MM, 20, 18, 16
MM, 22, 18, 15
MM, 23, 18, 0
MM, 24, 18, 31
MM, 24, 17, 157
MC, 1, 203
MM, 21, 17, 0
MM, 18, 17, 15
MM, 10, 17, 16
MM, 31, 17, 16
MM, 4, 17, 15
MM, 20, 0, 157
MM, 17, 1, 15
MM, 15, 1, 16
MM, 12, 2, 0
MM, 10, 3, 15
MM, 8, 3, 16
MM, 6, 4, 16
MM, 4, 4, 15
MM, 2, 4, 0
MM, 0, 4, 16
MM, 43, 7, 78
MM, 42, 7, 16
MM, 41, 8, 15
MM, 39, 8, 16
MM, 37, 9, 31
MM, 36, 9, 16
MM, 35, 9, 31
MC, 1, 250
MM, 36, 9, 31
MM, 37, 9, 16
MM, 40, 9, 0
MM, 9, 7, 31
MM, 21, 5, 16
MM, 32, 4, 15
MM, 39, 4, 0
MM, 7, 4, 32
MM, 17, 4, 15
MM, 22, 4, 16
MM, 28, 4, 0
MM, 32, 4, 16
MM, 36, 4, 15
MM, 41, 4, 16
MM, 44, 4, 15
MM, 2, 4, 141
MM, 6, 4, 16
MM, 10, 4, 15
MM, 13, 4, 16
MM, 15, 4, 0
MM, 17, 4, 16
MM, 18, 4, 15
MM, 19, 4, 16
MM, 20, 4, 16
MM, 21, 4, 62
MC, 1, 219
MM, 21, 5, 31
MM, 19, 6, 16
MM, 14, 10, 15
MM, 7, 16, 16
MM, 43, 31, 31
MM, 10, 1, 47
MM, 4, 3, 0
MM, 1, 4, 16
MM, 41, 7, 47
MM, 38, 8, 15
MM, 35, 8, 0
MM, 33, 9, 16
MM, 32, 10, 15
MM, 31, 10, 16
MM, 30, 11, 16
MM, 29, 11, 0
MM, 28, 11, 31
MM, 27, 12, 31
MC, 1, 281
MM, 30, 11, 16
MM, 36, 8, 16
MM, 5, 24, 62
MM, 13, 21, 16
MM, 24, 18, 15
MM, 33, 15, 16
MM, 39, 12, 16
MM, 43, 10, 0
MM, 1, 6, 31
MM, 7, 5, 16
MM, 11, 3, 15
MM, 14, 1, 0
MM, 18, 1, 16
MM, 40, 31, 125
MM, 42, 31, 15
MM, 43, 31, 16
MM, 1, 28, 78
MM, 2, 26, 16
MM, 4, 25, 0
MM, 6, 24, 15
MM, 7, 24, 16
MM, 7, 23, 16
MM, 8, 22, 15
MM, 9, 22, 16
MC, 1, 359
MM, 10, 22, 110
MM, 14, 22, 15
MM, 22, 24, 16
MM, 1, 30, 0
MM, 29, 0, 16
MM, 42, 5, 15
MM, 47, 7, 16
MM, 32, 26, 391
MM, 33, 26, 0
MM, 35, 25, 15
MM, 37, 24, 16
MM, 39, 24, 15
MM, 40, 23, 16
MM, 41, 23, 0
MM, 42, 23, 16
MM, 43, 23, 47
MM, 44, 23, 31
MM, 44, 22, 187
MC, 1, 391
MM, 41, 22, 156
MM, 32, 27, 0
MM, 16, 8, 47
MM, 27, 23, 16
MM, 4, 0, 31
MM, 193, 15, 344
MM, 190, 16, 15
MM, 184, 16, 0
MM, 176, 17, 16
MM, 164, 17, 16
MM, 152, 17, 15
MM, 143, 17, 16
MM, 136, 17, 0
MM, 133, 17, 15
MM, 131, 17, 16
MM, 130, 17, 16
MM, 128, 17, 15
MM, 127, 16, 16
MM, 127, 15, 31
MM, 127, 14, 328
MM, 126, 14, 16
MM, 125, 13, 0
MM, 122, 12, 16
MM, 116, 10, 15
MM, 105, 7, 16
MM, 97, 5, 15
MM, 91, 3, 0
MM, 87, 2, 16
MM, 84, 2, 16
MM, 81, 2, 15
MM, 77, 2, 16
MM, 74, 2, 0
MM, 72, 2, 16
MM, 71, 2, 15
MM, 70, 2, 31
MM, 69, 2, 0
MM, 69, 1, 125
MM, 71, 0, 16
MM, 21, 28, 47
MM, 30, 25, 0
MM, 38, 22, 16
MM, 2, 19, 46
MM, 5, 18, 0
MM, 7, 18, 16
MM, 8, 18, 16
MM, 9, 18, 15
MM, 11, 17, 16
MM, 12, 17, 0
MM, 11, 17, 219
MM, 7, 17, 15
MM, 43, 15, 16
MM, 3, 0, 0
MM, 42, 2, 16
MM, 10, 30, 47
MM, 6, 23, 15
MM, 4, 17, 0
MM, 3, 12, 16
MM, 2, 10, 15
MM, 1, 8, 16
MM, 2, 8, 188
MM, 5, 8, 15
MM, 9, 8, 0
MM, 16, 8, 16
MM, 20, 8, 15
MM, 22, 8, 16
MM, 23, 8, 16
MM, 24, 8, 0
MC, 1, 281
MM, 25, 8, 78
MM, 26, 8, 16
MM, 27, 8, 0
MM, 31, 8, 15
MM, 41, 8, 16
MM, 1, 8, 16
MM, 11, 8, 15
MM, 18, 8, 16
MM, 24, 8, 0
MM, 32, 8, 15
MM, 39, 8, 16
MM, 43, 8, 16
MM, 0, 8, 31
MM, 1, 8, 16
MM, 2, 8, 15
MM, 3, 8, 16
MM, 4, 8, 0
MM, 5, 8, 31
MM, 6, 8, 16
MM, 7, 8, 15
MM, 8, 8, 16
MM, 9, 8, 16
MM, 10, 8, 31
MM, 11, 8, 15
MM, 12, 8, 47
MM, 13, 8, 0
MM, 14, 8, 32
MM, 15, 8, 31
MM, 16, 8, 31
MM, 17, 8, 31
MC, 1, 203
MM, 17, 9, 110
MM, 17, 10, 47
MM, 17, 12, 15
MM, 17, 14, 16
MM, 16, 18, 0
MM, 14, 21, 16
MM, 13, 24, 15
MM, 11, 26, 16
MM, 9, 28, 15
MM, 7, 30, 0
MC, 1, 501
MM, 20, 2, 187
MM, 18, 14, 16
MM, 17, 19, 15
MM, 16, 22, 16
MM, 15, 25, 16
MM, 15, 27, 15
MM, 15, 28, 0
MM, 15, 29, 16
MM, 15, 30, 31
MM, 15, 31, 47
MM, 7, 0, 125
MM, 7, 1, 16
MM, 7, 2, 15
MM, 7, 3, 16
MM, 7, 4, 31
MM, 7, 5, 31
MC, 1, 297
MM, 7, 4, 156
MM, 8, 1, 16
MM, 24, 20, 31
MM, 34, 9, 0
MM, 17, 29, 63
MM, 18, 22, 15
MM, 19, 15, 16
MM, 20, 8, 16
MM, 21, 4, 15
MM, 21, 2, 0
MM, 21, 1, 16
MM, 21, 0, 16
MM, 21, 0, 281
MM, 21, 2, 31
MM, 21, 3, 31
MM, 21, 4, 16
MM, 21, 6, 31
MM, 21, 7, 16
MM, 21, 8, 15
MM, 21, 9, 32
MM, 21, 10, 15
MC, 1, 250
MM, 22, 10, 188
MM, 23, 10, 15
MM, 26, 10, 0
MM, 30, 10, 16
MM, 40, 10, 16
MC, 1, 922
MC, 1, 1062
MM, 29, 0, 500
MM, 17, 2, 16
MM, 7, 4, 15
MM, 1, 6, 16
MM, 43, 7, 31
MM, 41, 8, 16
MM, 39, 8, 16
MM, 38, 8, 0
MM, 37, 9, 15
MM, 36, 9, 16
MM, 36, 10, 16
MM, 34, 10, 15
MM, 33, 10, 31
MC, 1, 344
MM, 34, 10, 0
MM, 36, 10, 16
MM, 40, 10, 15
MM, 2, 10, 16
MM, 24, 10, 16
MC, 1, 922
MM, 31, 4, 250
MM, 5, 12, 31
MM, 10, 17, 15
MC, 1, 610
MM, 41, 16, 125
MM, 35, 16, 16
MM, 29, 16, 15
MM, 21, 16, 0
MM, 14, 16, 16
MM, 11, 16, 15
MM, 9, 16, 16
MM, 8, 16, 16
MM, 7, 16, 0
MM, 6, 16, 15
MM, 5, 16, 235
MM, 1, 16, 15
MM, 40, 12, 16
MM, 12, 11, 31
MM, 41, 2, 406
MM, 21, 3, 16
MM, 14, 4, 16
MM, 10, 4, 15
MM, 6, 4, 0
MM, 3, 4, 16
MM, 2, 4, 16
MM, 0, 4, 15
MM, 1, 4, 219
MM, 3, 1, 16
MM, 113, 39, 31
MM, 18, 19, 1015
MM, 5, 39, 16
MM, 2, 44, 0
MM, 10, 27, 563
MM, 12, 22, 15
MM, 15, 8, 0
MM, 17, 63, 63
MM, 17, 62, 15
MM, 17, 61, 16
MM, 17, 59, 16
MM, 18, 59, 15
MM, 18, 58, 0
MM, 18, 57, 360
MM, 18, 56, 78
MM, 18, 55, 31
MC, 1, 297
MM, 18, 56, 172
MM, 18, 57, 15
MM, 16, 59, 0
MM, 9, 0, 47
MM, 5, 10, 16
MM, 3, 15, 0
MM, 2, 18, 16
MM, 0, 20, 15
MM, 0, 21, 16
MM, 0, 22, 15
MM, 0, 23, 16
MM, 1, 28, 266
MM, 4, 27, 15
MM, 7, 24, 16
MM, 9, 24, 16
MM, 11, 22, 0
MM, 12, 21, 15
MM, 14, 21, 16
MM, 14, 20, 31
MC, 1, 234
MM, 16, 20, 188
MM, 22, 18, 16
MM, 33, 1, 15
MM, 20, 8, 78
MM, 29, 15, 16
MM, 34, 18, 16
MM, 34, 19, 15
MM, 35, 19, 0
MM, 32, 19, 63
MM, 24, 19, 15
MM, 8, 18, 16
MM, 19, 16, 16
MM, 9, 16, 15
MM, 6, 16, 0
MM, 4, 16, 16
MM, 3, 16, 31
MM, 3, 15, 47
MM, 8, 14, 16
MM, 17, 10, 15
MM, 27, 6, 0
MM, 34, 2, 16
MC, 1, 844
MM, 28, 11, 140
MM, 25, 1, 16
MM, 65, 11, 31
MM, 62, 20, 16
MM, 59, 26, 15
MM, 57, 33, 16
MM, 57, 36, 0
MM, 75, 33, 250
MM, 87, 27, 0
MM, 98, 21, 16
MM, 104, 17, 15
MM, 15, 29, 407
MM, 15, 26, 0
MM, 16, 22, 15
MM, 16, 19, 16
MM, 16, 18, 15
MM, 16, 16, 16
MM, 16, 15, 0
MM, 16, 14, 16
MC, 1, 297
MM, 15, 14, 482
MM, 9, 14, 12
MM, 20, 0, 26
MM, 19, 17, 12
MM, 1, 8, 12
MM, 39, 4, 4
MM, 12, 31, 47
MM, 9, 30, 0
MM, 8, 28, 15
MM, 7, 27, 16
MM, 6, 24, 16
MM, 5, 21, 15
MM, 4, 21, 172
MM, 1, 21, 17
MC, 1, 1669
MM, 0, 29, 151
MM, 14, 5, 38
MM, 16, 8, 12
MM, 18, 10, 15
MM, 19, 12, 10
MM, 20, 13, 12
MM, 20, 14, 13
MM, 21, 15, 25
MM, 22, 15, 38
MM, 18, 15, 351
MM, 10, 15, 13
MM, 23, 11, 25
MM, 38, 2, 25
MC, 1, 553
MM, 42, 2, 188
MM, 43, 5, 12
MM, 0, 18, 75
MM, 7, 25, 13
MM, 14, 2, 37
MM, 18, 5, 13
MM, 19, 7, 12
MM, 22, 9, 13
MM, 23, 12, 13
MM, 25, 15, 12
MM, 27, 19, 13
MM, 28, 22, 12
MM, 29, 23, 13
MM, 30, 25, 12
MM, 31, 25, 13
MM, 32, 26, 12
MM, 33, 26, 50
MM, 33, 27, 214
MM, 33, 28, 12
MM, 33, 30, 13
MM, 34, 31, 12
MM, 100, 1, 51
MM, 100, 2, 12
MM, 100, 3, 12
MM, 100, 4, 26
MM, 102, 5, 263
MM, 106, 7, 13
MM, 113, 11, 12
MM, 342, 5, 2173
MM, 340, 10, 13
MM, 340, 13, 13
MM, 336, 16, 198
MM, 325, 27, 16
MM, 1, 8, 15
MM, 43, 21, 344
MM, 34, 22, 16
MM, 21, 25, 0
MM, 11, 27, 15
MM, 5, 29, 16
MM, 2, 30, 16
MM, 154, 0, 359
MM, 153, 1, 16
MM, 152, 2, 15
MM, 152, 3, 16
MM, 151, 4, 0
MM, 150, 4, 31
MM, 150, 5, 16
MM, 149, 6, 15
MC, 1, 360
MM, 150, 5, 172
MM, 151, 4, 31
MM, 152, 3, 15
MM, 153, 2, 0
MM, 0, 26, 63
MM, 1, 23, 16
MM, 4, 18, 15
MM, 7, 11, 16
MM, 10, 5, 15
MM, 18, 29, 32
MM, 20, 25, 15
MM, 23, 22, 16
MM, 26, 16, 0
MM, 29, 9, 16
MM, 32, 3, 15
MM, 30, 28, 313
MM, 24, 18, 15
MM, 16, 7, 16
MC, 1, 1359
MM, 37, 10, 125
MM, 14, 10, 0
MM, 4, 11, 16
MM, 19, 12, 16
MM, 27, 14, 15
MM, 35, 16, 16
MM, 0, 17, 0
MM, 6, 18, 16
MM, 9, 19, 15
MM, 10, 19, 281
MM, 13, 19, 0
MM, 15, 19, 16
MM, 18, 18, 16
MM, 21, 17, 15
MM, 22, 17, 16
MM, 24, 16, 16
MM, 25, 16, 0
MM, 26, 16, 62
MM, 22, 27, 281
MM, 0, 27, 875
MM, 6, 29, 16
MM, 12, 31, 16
MM, 0, 4, 62
MM, 3, 6, 16
MM, 8, 10, 0
MM, 11, 12, 15
MM, 17, 16, 16
MM, 21, 19, 16
MM, 25, 21, 15
MM, 27, 21, 219
MM, 30, 21, 16
MM, 39, 20, 15
MM, 11, 17, 16
MM, 33, 16, 0
MM, 5, 16, 16
MM, 17, 16, 15
MM, 24, 16, 16
MM, 28, 16, 15
MM, 30, 16, 0
MM, 32, 16, 16
MM, 34, 16, 16
MM, 35, 16, 31
MC, 1, 328
MM, 32, 16, 16
MM, 28, 16, 15
MM, 19, 16, 16
MM, 3, 16, 16
MM, 26, 16, 0
MM, 42, 16, 15
MM, 28, 15, 16
MM, 15, 14, 15
MM, 1, 14, 16
MM, 42, 14, 0
MM, 32, 14, 16
MM, 27, 14, 15
MM, 23, 14, 16
MM, 17, 14, 16
MM, 14, 14, 0
MM, 13, 14, 15
MM, 12, 14, 16
MM, 12, 13, 15
MM, 8, 13, 204
MM, 28, 9, 31
MM, 41, 4, 15
MM, 18, 1, 16
MM, 32, 1, 375
MM, 31, 2, 16
MM, 30, 4, 15
MM, 29, 6, 32
MM, 29, 7, 15
MM, 29, 8, 47
MC, 1, 375
MM, 34, 7, 813
MM, 3, 24, 47
MM, 12, 24, 15
MM, 23, 23, 16
MM, 35, 23, 15
MM, 43, 23, 16
MM, 0, 23, 16
MM, 1, 23, 15
MM, 2, 23, 32
MM, 2, 22, 203
MM, 3, 21, 15
MM, 5, 17, 16
MM, 10, 10, 16
MM, 16, 0, 15
MM, 7, 10, 188
MM, 28, 10, 31
MM, 20, 20, 16
MM, 14, 26, 15
MM, 10, 29, 0
MM, 7, 31, 16
MM, 23, 5, 266
MM, 19, 19, 15
MM, 22, 26, 16
MM, 4, 29, 0
MM, 42, 29, 15
MM, 28, 30, 16
MM, 20, 30, 16
MM, 15, 30, 15
MM, 11, 30, 0
MM, 10, 30, 16
MM, 8, 30, 16
MM, 7, 30, 31
MM, 6, 31, 172
MM, 5, 31, 15
MC, 1, 657
MM, 14, 16, 406
MM, 25, 0, 15
MM, 39, 23, 16
MM, 43, 15, 0
MM, 43, 28, 438
MM, 42, 28, 15
MM, 42, 27, 16
MM, 41, 27, 15
MM, 40, 27, 16
MM, 40, 26, 16
MM, 39, 25, 0
MM, 38, 25, 15
MM, 37, 25, 16
MM, 35, 24, 16
MM, 34, 23, 15
MM, 34, 22, 0
MM, 32, 22, 16
MM, 32, 21, 15
MM, 31, 21, 16
MM, 31, 20, 16
MM, 30, 20, 15
MM, 30, 19, 63
MC, 1, 219
MM, 33, 19, 93
MC, 1, 829
MM, 6, 6, 109
MM, 36, 21, 16
MM, 29, 28, 15
MM, 15, 5, 16
MM, 7, 23, 15
MM, 1, 31, 16
MM, 15, 2, 297
MM, 18, 4, 16
MM, 19, 6, 15
MM, 21, 8, 0
MM, 21, 10, 16
MM, 22, 13, 15
MM, 22, 15, 16
MM, 23, 18, 16
MM, 23, 19, 0
MM, 23, 20, 15
MM, 23, 21, 16
MC, 1, 328
MM, 20, 21, 188
MM, 12, 21, 15
MM, 29, 14, 16
MM, 17, 23, 0
MM, 23, 5, 15
MM, 3, 19, 1188
MM, 8, 21, 0
MM, 11, 22, 16
MM, 13, 23, 15
MM, 14, 23, 16
MM, 15, 23, 16
MM, 16, 24, 0
MM, 17, 24, 15
MM, 18, 24, 31
MM, 18, 25, 16
MM, 18, 26, 31
MM, 19, 26, 16
MM, 19, 27, 31
MM, 21, 30, 0
MM, 25, 1, 63
MM, 26, 1, 0
MM, 26, 2, 15
MM, 26, 3, 32
MM, 27, 3, 15
MM, 27, 4, 0
MM, 27, 5, 47
MC, 1, 313
MM, 25, 5, 78
MM, 22, 6, 0
MM, 17, 6, 15
MM, 6, 7, 16
MM, 22, 8, 31
MM, 13, 3, 16
MM, 2, 1, 15
MM, 42, 0, 16
MC, 1, 656
MM, 40, 4, 125
MM, 42, 14, 0
MM, 41, 2, 47
MM, 1, 24, 328
MM, 3, 27, 16
MM, 4, 28, 0
MM, 5, 30, 16
MM, 6, 31, 15
MM, 76, 0, 63
MM, 77, 3, 15
MM, 79, 6, 16
MM, 79, 9, 0
MM, 80, 10, 16
MM, 81, 12, 15
MM, 81, 13, 32
MM, 82, 14, 15
MC, 1, 500
MM, 82, 12, 438
MM, 82, 9, 15
MM, 83, 4, 0
MM, 18, 30, 16
MM, 18, 2, 16
MM, 26, 20, 15
MM, 26, 10, 16
MM, 35, 30, 640
MM, 29, 26, 16
MM, 21, 19, 16
MM, 13, 13, 15
MM, 6, 8, 16
MM, 3, 7, 0
MM, 1, 6, 16
MM, 0, 5, 15
MM, 43, 4, 94
MM, 42, 4, 0
MM, 41, 4, 16
MM, 40, 4, 31
MM, 39, 4, 156
MM, 37, 7, 16
MM, 34, 11, 15
MM, 27, 18, 16
MM, 19, 26, 0
MC, 1, 594
MM, 1, 4, 672
MM, 14, 13, 15
MM, 22, 17, 0
MM, 29, 22, 16
MM, 35, 25, 16
MM, 42, 27, 15
MM, 12, 0, 78
MM, 12, 2, 16
MM, 13, 3, 0
MM, 13, 4, 16
MM, 14, 4, 31
MM, 15, 3, 62
MM, 16, 2, 32
MM, 16, 0, 15
MM, 24, 31, 78
MM, 26, 31, 16
MM, 27, 30, 0
MM, 29, 30, 16
MM, 31, 30, 15
MM, 33, 30, 16
MM, 35, 30, 15
MM, 0, 25, 79
MM, 2, 25, 15
MM, 4, 23, 16
MM, 6, 22, 15
MM, 7, 21, 0
MM, 8, 20, 16
MM, 9, 18, 16
MM, 10, 17, 15
MM, 10, 16, 16
MC, 1, 438
MM, 7, 16, 46
MM, 1, 16, 16
MM, 23, 17, 16
MM, 16, 21, 0
MM, 20, 22, 15
MM, 22, 4, 797
MM, 31, 10, 16
MM, 39, 17, 0
MM, 1, 25, 31
MM, 6, 28, 16
MM, 9, 28, 265
MM, 13, 28, 16
MM, 26, 28, 0
MM, 41, 28, 16
MM, 5, 28, 15
MM, 18, 28, 16
MM, 26, 28, 15
MM, 30, 28, 0
MM, 33, 28, 16
MM, 35, 28, 16
MM, 37, 28, 15
MM, 38, 28, 16
MM, 39, 28, 0
MM, 40, 28, 16
MM, 41, 28, 15
MM, 42, 28, 16
MM, 43, 28, 15
MM, 1, 28, 110
MM, 2, 28, 15
MM, 3, 28, 0
MM, 4, 28, 16
MM, 5, 28, 16
MM, 6, 28, 15
MM, 9, 27, 16
MM, 11, 27, 0
MM, 14, 26, 16
MM, 17, 26, 15
MM, 18, 25, 16
MM, 19, 25, 15
MM, 20, 25, 0
MM, 21, 25, 16
MM, 22, 25, 47
MC, 1, 281
MM, 21, 25, 63
MM, 18, 25, 15
MM, 11, 24, 16
MM, 41, 23, 16
MM, 35, 19, 0
MM, 32, 13, 15
MM, 25, 9, 32
MM, 0, 8, 15
MM, 34, 8, 0
MM, 23, 7, 16
MM, 16, 7, 15
MM, 7, 7, 16
MM, 1, 7, 16
MM, 42, 4, 265
MM, 40, 5, 16
MM, 37, 6, 16
MM, 35, 7, 15
MM, 33, 7, 0
MM, 32, 8, 16
MM, 31, 8, 15
MM, 31, 9, 16
MM, 30, 9, 16
MC, 1, 250
MM, 29, 9, 93
MM, 26, 9, 16
MM, 21, 9, 16
MM, 11, 13, 15
MM, 2, 15, 0
MM, 38, 19, 32
MM, 33, 20, 15
MM, 29, 21, 16
MM, 27, 21, 0
MM, 25, 21, 15
MM, 24, 21, 16
MM, 23, 21, 47
MM, 22, 21, 78
MC, 1, 313
MM, 23, 21, 31
MM, 25, 21, 15
MM, 28, 21, 0
MM, 34, 22, 16
MM, 10, 30, 31
MM, 21, 2, 16
MM, 25, 4, 16
MM, 28, 5, 15
MM, 33, 8, 16
MM, 34, 8, 250
MM, 35, 9, 15
MM, 37, 10, 0
MM, 42, 12, 16
MM, 1, 17, 16
MM, 8, 22, 15
MM, 12, 26, 16
MM, 15, 31, 0
MM, 84, 0, 31
MM, 85, 1, 16
MM, 85, 4, 15
MM, 86, 4, 16
MM, 86, 5, 0
MM, 87, 6, 31
MM, 87, 7, 32
MM, 87, 8, 0
MM, 88, 9, 31
MM, 89, 10, 15
MM, 89, 11, 16
MM, 90, 13, 0
MM, 90, 16, 16
MM, 91, 17, 15
MM, 91, 19, 16
MM, 91, 21, 16
MM, 91, 22, 0
MM, 91, 23, 15
MM, 91, 24, 31
MM, 94, 23, 782
MM, 99, 20, 0
MM, 120, 7, 15
MM, 18, 19, 16
MM, 42, 16, 31
MM, 18, 5, 0
MM, 9, 30, 63
MM, 15, 29, 0
MM, 18, 28, 15
MM, 21, 28, 16
MM, 22, 27, 16
MC, 1, 531
MM, 23, 27, 94
MM, 24, 28, 31
MM, 25, 29, 0
MM, 26, 30, 16
MM, 26, 31, 15
MM, 25, 0, 110
MM, 26, 0, 46
MM, 26, 1, 0
MC, 1, 266
MM, 26, 2, 0
MM, 24, 3, 31
MM, 19, 5, 16
MM, 13, 8, 16
MM, 6, 11, 0
MM, 1, 13, 15
MM, 41, 15, 16
MM, 35, 16, 15
MM, 31, 17, 16
MM, 28, 17, 0
MM, 25, 17, 16
MM, 24, 17, 218
MM, 21, 17, 16
MM, 9, 18, 0
MM, 32, 20, 16
MM, 10, 22, 31
MM, 38, 22, 31
MM, 31, 22, 16
MM, 25, 22, 15
MM, 21, 22, 16
MM, 18, 22, 16
MM, 17, 22, 0
MM, 15, 22, 203
MM, 11, 22, 16
MM, 21, 22, 31
MM, 38, 18, 15
MM, 29, 17, 16
MM, 23, 16, 16
MM, 21, 15, 15
MM, 19, 15, 0
MM, 18, 14, 16
MM, 17, 13, 16
MC, 1, 390
MM, 17, 12, 63
MM, 17, 11, 15
MM, 17, 9, 16
MM, 17, 6, 0
MM, 18, 3, 16
MC, 1, 468
MM, 35, 2, 110
MM, 33, 4, 15
MM, 31, 6, 16
MM, 29, 7, 16
MM, 28, 9, 0
MM, 26, 10, 15
MM, 26, 11, 16
MM, 24, 11, 15
MM, 24, 12, 16
MM, 23, 12, 16
MC, 1, 297
MM, 24, 12, 15
MM, 29, 12, 16
MM, 42, 8, 15
MM, 11, 3, 16
MM, 5, 1, 656
MM, 2, 6, 16
MM, 1, 15, 16
MM, 37, 0, 31
MM, 36, 3, 16
MM, 35, 4, 15
MM, 35, 5, 16
MM, 35, 7, 0
MM, 35, 11, 15
MM, 35, 12, 266
MM, 35, 13, 16
MM, 35, 14, 15
MM, 35, 17, 16
MM, 35, 23, 0
MM, 103, 4, 47
MM, 104, 6, 15
MM, 104, 7, 0
MM, 105, 8, 16
MM, 105, 9, 16
MM, 105, 10, 15
MM, 106, 11, 16
MM, 106, 12, 31
MM, 107, 12, 16
MM, 107, 13, 15
MM, 107, 14, 0
MM, 108, 15, 32
MM, 109, 17, 15
MM, 110, 18, 16
MM, 111, 20, 0
MC, 1, 3891
MM, 113, 16, 3734
MM, 120, 5, 0
MM, 23, 22, 16
MM, 0, 16, 31
MM, 5, 12, 16
MM, 10, 7, 0
MM, 17, 3, 15
MM, 25, 22, 297
MM, 18, 21, 16
MM, 29, 21, 16
MM, 0, 20, 31
MM, 33, 20, 359
MM, 31, 20, 16
MM, 29, 20, 15
MM, 28, 20, 0
MM, 27, 20, 16
MM, 26, 20, 16
MC, 1, 422
MM, 25, 20, 31
MM, 24, 20, 16
MM, 23, 20, 15
MM, 20, 20, 0
MM, 14, 20, 16
MM, 5, 20, 15
MM, 32, 19, 32
MM, 28, 17, 0
MM, 25, 16, 15
MM, 22, 15, 16
MM, 16, 10, 16
MM, 15, 10, 265
MM, 13, 10, 16
MM, 10, 10, 0
MM, 6, 10, 15
MM, 1, 10, 16
MM, 34, 9, 31
MM, 31, 5, 0
MM, 30, 5, 328
MM, 29, 6, 32
MM, 28, 7, 15
MM, 26, 9, 0
MM, 24, 11, 16
MM, 23, 12, 16
MM, 22, 12, 15
MM, 22, 13, 16
MM, 21, 13, 15
MC, 1, 438
MM, 20, 13, 1016
MM, 14, 13, 15
MM, 16, 13, 16
MM, 33, 13, 16
MM, 20, 14, 15
MM, 9, 15, 16
MC, 1, 1265
MM, 33, 1, 594
MM, 33, 6, 16
MM, 33, 12, 15
MM, 34, 15, 16
MM, 36, 16, 16
MM, 36, 19, 0
MM, 38, 21, 15
MM, 36, 21, 329
MM, 36, 22, 15
MM, 35, 22, 16
MM, 34, 23, 15
MM, 34, 24, 0
MM, 33, 26, 16
MM, 33, 27, 16
MM, 32, 29, 15
MM, 32, 30, 16
MM, 21, 1, 375
MM, 21, 2, 31
MM, 21, 3, 31
MM, 21, 4, 16
MM, 20, 5, 78
MM, 20, 6, 16
MM, 20, 8, 15
MM, 20, 10, 16
MM, 20, 11, 31
MM, 20, 12, 16
MM, 20, 13, 16
MM, 20, 14, 31
MM, 20, 15, 1125
MM, 22, 16, 15
MM, 22, 17, 16
MM, 23, 17, 31
MC, 1, 610
MM, 23, 16, 219
MM, 24, 14, 15
MM, 25, 11, 0
MM, 26, 7, 16
MM, 35, 17, 31
MM, 35, 4, 16
MC, 1, 515
MM, 14, 16, 94
MM, 36, 4, 31
MM, 0, 17, 16
MM, 5, 26, 16
MM, 128, 0, 312
MM, 128, 2, 16
MM, 128, 5, 15
MM, 127, 8, 16
MM, 127, 10, 0
MM, 126, 13, 16
MM, 126, 15, 15
MM, 125, 16, 16
MM, 125, 18, 15
MM, 124, 20, 0
MM, 124, 21, 16
MM, 123, 22, 16
MM, 123, 24, 15
MM, 123, 25, 16
MM, 122, 26, 16
MM, 122, 27, 46
MM, 122, 28, 16
MM, 122, 29, 141
MM, 121, 29, 15
MM, 121, 30, 16
MM, 121, 32, 16
MM, 121, 33, 46
MM, 121, 34, 32
MC, 1, 453
MM, 122, 34, 47
MM, 123, 34, 31
MM, 124, 33, 16
MM, 125, 33, 0
MM, 126, 31, 15
MM, 128, 27, 16
MM, 132, 21, 16
MM, 136, 19, 250
MM, 144, 16, 15
MM, 4, 21, 31
MM, 23, 14, 16
MM, 33, 13, 16
MM, 37, 13, 15
MM, 40, 12, 0
MM, 42, 12, 16
MM, 43, 12, 16
MM, 14, 30, 296
MM, 16, 26, 0
MM, 17, 23, 16
MM, 18, 22, 31
MM, 18, 21, 110
MC, 1, 265
MM, 16, 21, 16
MM, 13, 21, 16
MM, 9, 21, 15
MM, 11, 24, 31
MM, 38, 30, 0
MM, 2, 0, 32
MM, 41, 3, 15
MM, 32, 6, 16
MM, 22, 10, 0
MM, 12, 12, 16
MM, 5, 14, 15
MM, 1, 15, 16
MM, 45, 16, 250
MM, 33, 17, 15
MM, 24, 18, 16
MM, 18, 19, 0
MM, 12, 20, 16
MM, 8, 21, 15
MM, 3, 21, 16
MM, 43, 22, 16
MM, 41, 22, 15
MM, 39, 22, 16
MM, 38, 22, 31
MM, 37, 22, 0
MC, 1, 406
MM, 37, 23, 110
MM, 37, 25, 15
MM, 39, 26, 16
MM, 42, 29, 16
MM, 2, 8, 31
MM, 5, 10, 16
MM, 7, 12, 15
MM, 8, 14, 16
MM, 9, 15, 0
MM, 10, 19, 15
MM, 12, 21, 16
MM, 13, 23, 16
MM, 14, 26, 15
MM, 16, 28, 0
MM, 18, 30, 16
MM, 19, 31, 16
MM, 138, 1, 156
MM, 138, 3, 15
MM, 139, 4, 16
MM, 139, 5, 16
MM, 139, 6, 15
MM, 140, 7, 0
MM, 140, 8, 63
MM, 140, 9, 125
MC, 1, 219
MM, 140, 8, 406
MM, 140, 7, 15
MM, 140, 6, 0
MM, 140, 3, 16
MM, 139, 1, 16
MM, 19, 29, 47
MM, 17, 27, 15
MM, 16, 27, 16
MM, 15, 25, 15
MM, 14, 23, 16
MM, 13, 23, 16
MM, 12, 22, 15
MM, 11, 22, 188
MM, 9, 22, 15
MM, 7, 22, 16
MM, 4, 22, 0
MM, 0, 22, 16
MM, 43, 22, 31
MM, 37, 22, 16
MM, 33, 22, 0
MM, 29, 22, 15
MM, 26, 22, 16
MM, 23, 22, 15
MM, 21, 22, 16
MM, 20, 22, 0
MM, 18, 22, 16
MM, 16, 22, 15
MM, 13, 22, 16
MM, 11, 22, 16
MM, 8, 22, 0
MM, 5, 21, 15
MM, 3, 21, 16
MM, 0, 21, 15
MM, 42, 21, 47
MM, 41, 21, 16
MM, 40, 21, 16
MM, 39, 21, 15
MM, 37, 21, 0
MM, 36, 21, 16
MM, 34, 21, 15
MM, 33, 21, 16
MM, 31, 21, 16
MM, 30, 21, 15
MM, 29, 21, 16
MM, 28, 21, 16
MM, 27, 21, 78
MC, 1, 312
MM, 27, 20, 719
MM, 30, 18, 16
MM, 33, 17, 15
MM, 40, 12, 16
MM, 0, 6, 31
MM, 3, 4, 16
MM, 4, 4, 15
MM, 5, 2, 16
MM, 6, 1, 0
MM, 7, 0, 16
MM, 29, 29, 93
MM, 32, 27, 16
MM, 36, 26, 0
MM, 38, 24, 16
MM, 39, 24, 15
MM, 41, 23, 16
MM, 42, 22, 16
MM, 43, 22, 0
MM, 0, 18, 62
MM, 2, 17, 16
MM, 5, 17, 15
MM, 6, 16, 16
MM, 7, 16, 16
MM, 9, 15, 0
MM, 11, 14, 15
MM, 13, 14, 16
MM, 15, 14, 15
MM, 18, 14, 16
MM, 21, 14, 0
MM, 22, 14, 16
MM, 24, 14, 15
MM, 26, 14, 250
MM, 29, 14, 16
MM, 34, 14, 16
MM, 46, 15, 15
MM, 4, 16, 0
MM, 16, 17, 16
MM, 20, 17, 15
MM, 22, 18, 16
MM, 23, 18, 16
MM, 23, 19, 15
MM, 24, 19, 47
MC, 1, 328
MM, 22, 19, 63
MM, 14, 20, 15
MM, 1, 20, 16
MM, 32, 20, 16
MM, 28, 17, 15
MM, 17, 14, 16
MM, 5, 9, 16
MM, 43, 4, 31
MM, 41, 3, 0
MM, 40, 1, 15
MM, 39, 0, 16
MC, 1, 750
MC, 1, 578
MM, 31, 1, 625
MM, 36, 2, 16
MM, 37, 2, 266
MM, 40, 2, 15
MM, 11, 29, 31
MM, 42, 17, 0
MM, 19, 9, 16
MM, 30, 7, 16
MM, 39, 5, 15
MM, 0, 3, 16
MM, 15, 3, 0
MM, 23, 1, 16
MM, 26, 1, 15
MM, 26, 2, 328
MM, 25, 3, 16
MM, 25, 4, 16
MM, 25, 5, 0
MM, 24, 6, 31
MM, 24, 7, 31
MM, 24, 8, 16
MM, 23, 8, 15
MM, 23, 9, 94
MC, 1, 156
MM, 22, 10, 47
MM, 21, 10, 16
MM, 21, 11, 16
MM, 19, 13, 15
MM, 17, 14, 0
MM, 14, 17, 16
MM, 11, 19, 15
MM, 8, 21, 16
MM, 7, 23, 16
MM, 4, 25, 0
MM, 2, 29, 15
MM, 43, 15, 94
MM, 43, 18, 16
MM, 42, 22, 0
MM, 41, 25, 15
MM, 39, 30, 16
MM, 22, 2, 31
MM, 20, 3, 16
MM, 18, 3, 15
MM, 15, 4, 16
MM, 12, 4, 16
MM, 8, 5, 0
MM, 1, 6, 15
MM, 39, 4, 47
MM, 34, 2, 16
MM, 30, 0, 0
MM, 28, 0, 16
MM, 18, 0, 562
MM, 18, 1, 47
MM, 18, 3, 569
MM, 18, 8, 15
MM, 18, 16, 16
MM, 18, 25, 16
MM, 18, 28, 15
MM, 18, 30, 0
MM, 18, 31, 63
MM, 18, 30, 187
MM, 18, 29, 16
MM, 18, 27, 16
MM, 18, 26, 15
MM, 18, 24, 16
MM, 18, 23, 0
MM, 18, 21, 16
MM, 18, 20, 31
MM, 18, 19, 15
MM, 18, 18, 0
MM, 18, 17, 16
MM, 18, 16, 31
MM, 18, 15, 16
MM, 18, 14, 78
MC, 1, 188
MM, 17, 14, 47
MM, 15, 14, 15
MM, 12, 12, 16
MM, 5, 9, 15
MM, 33, 30, 79
MM, 32, 29, 15
MM, 31, 29, 0
MM, 30, 28, 16
MM, 29, 28, 15
MM, 28, 27, 16
MM, 28, 26, 16
MM, 27, 26, 0
MM, 26, 25, 15
MM, 25, 25, 63
MM, 25, 24, 15
MC, 1, 266
MM, 25, 25, 125
MM, 25, 28, 16
MM, 17, 6, 15
MM, 18, 14, 16
MM, 18, 19, 16
MM, 19, 22, 15
MM, 19, 24, 16
MM, 20, 26, 0
MM, 20, 27, 15
MM, 20, 29, 16
MM, 20, 31, 16
MM, 136, 0, 47
MM, 136, 2, 15
MM, 136, 3, 16
MM, 137, 4, 0
MM, 137, 6, 15
MM, 137, 8, 16
MM, 138, 10, 16
MM, 138, 11, 15
MM, 138, 13, 0
MM, 138, 15, 16
MM, 138, 17, 16
MM, 139, 18, 15
MM, 139, 19, 16
MM, 139, 20, 62
MC, 1, 297
MM, 139, 19, 158
MM, 139, 18, 15
MM, 140, 17, 16
MM, 140, 14, 15
MM, 140, 12, 16
MM, 140, 6, 0
MM, 27, 22, 31
MM, 27, 14, 16
MM, 27, 9, 16
MM, 27, 5, 0
MM, 35, 29, 31
MM, 34, 22, 15
MM, 33, 19, 16
MM, 33, 16, 0
MM, 32, 14, 16
MM, 32, 13, 15
MM, 31, 12, 16
MM, 31, 11, 16
MM, 31, 10, 0
MM, 30, 10, 31
MM, 30, 9, 31
MC, 1, 266
MM, 31, 9, 62
MM, 34, 9, 16
MM, 44, 6, 15
MM, 36, 23, 32
MM, 3, 15, 0
MM, 16, 11, 15
MM, 25, 8, 16
MM, 32, 5, 16
MM, 37, 4, 15
MM, 40, 3, 0
MM, 42, 2, 16
MM, 43, 2, 15
MM, 43, 1, 235
MM, 42, 2, 16
MM, 39, 3, 15
MM, 38, 4, 16
MM, 36, 5, 0
MM, 34, 7, 15
MM, 32, 8, 16
MM, 30, 11, 16
MM, 28, 12, 15
MM, 27, 13, 0
MM, 26, 13, 16
MM, 25, 14, 16
MM, 25, 15, 31
MC, 1, 281
MM, 29, 15, 203
MM, 37, 18, 16
MM, 3, 26, 15
MM, 23, 0, 32
MM, 28, 4, 15
MM, 32, 7, 16
MM, 34, 8, 0
MM, 36, 10, 16
MM, 37, 10, 15
MM, 37, 11, 281
MM, 37, 12, 16
MM, 37, 13, 0
MM, 37, 14, 16
MM, 37, 15, 15
MM, 37, 17, 16
MM, 37, 19, 16
MM, 37, 20, 0
MM, 37, 23, 15
MM, 37, 26, 16
MM, 37, 31, 15
MM, 27, 0, 32
MM, 27, 1, 15
MM, 27, 2, 16
MM, 28, 3, 16
MM, 28, 4, 281
MM, 28, 6, 31
MM, 28, 8, 16
MM, 27, 9, 0
MM, 27, 11, 15
MM, 27, 12, 32
MM, 27, 13, 15
MM, 27, 14, 125
MM, 26, 14, 31
MM, 25, 15, 16
MM, 23, 16, 16
MM, 20, 16, 0
MM, 15, 17, 15
MM, 7, 18, 16
MM, 0, 20, 16
MM, 43, 21, 15
MM, 37, 21, 0
MM, 34, 21, 16
MM, 31, 21, 15
MM, 30, 21, 16
MM, 29, 21, 16
MM, 28, 21, 0
MC, 1, 328
MM, 27, 21, 15
MM, 25, 21, 32
MM, 23, 21, 15
MM, 19, 22, 0
MM, 12, 25, 16
MM, 1, 30, 16
MM, 193, 10, 93
MM, 192, 10, 0
MM, 191, 12, 16
MM, 190, 12, 234
MM, 189, 12, 0
MM, 186, 13, 16
MM, 180, 14, 16
MM, 168, 18, 15
MM, 160, 19, 16
MM, 155, 20, 0
MM, 152, 20, 16
MM, 151, 20, 31
MC, 1, 234
MM, 152, 18, 219
MM, 158, 11, 16
MM, 10, 30, 15
MM, 10, 7, 16
MM, 24, 29, 15
MM, 30, 24, 16
MM, 34, 21, 16
MM, 36, 18, 0
MM, 38, 16, 15
MM, 39, 14, 16
MM, 41, 13, 16
MM, 43, 10, 15
MM, 0, 1, 188
MM, 1, 1, 15
MM, 2, 0, 16
MM, 4, 0, 16
MM, 6, 0, 15
MM, 8, 0, 0
MM, 10, 0, 16
MM, 11, 0, 15
MM, 13, 0, 16
MM, 15, 0, 16
MM, 17, 0, 0
MM, 18, 2, 15
MM, 20, 3, 16
MM, 21, 4, 16
MM, 22, 6, 15
MM, 23, 7, 31
MC, 1, 329
MM, 22, 7, 93
MM, 16, 8, 0
MM, 31, 13, 47
MM, 38, 22, 16
MM, 3, 29, 0
MM, 42, 31, 437
MM, 41, 30, 16
MM, 41, 29, 16
MM, 39, 27, 15
MM, 38, 26, 16
MM, 37, 25, 0
MM, 37, 24, 15
MM, 36, 24, 47
MC, 1, 360
MM, 37, 24, 203
MM, 41, 24, 16
MM, 16, 24, 15
MM, 13, 30, 31
MM, 22, 0, 32
MM, 30, 7, 0
MM, 38, 12, 15
MM, 41, 15, 16
MM, 115, 0, 219
MM, 115, 1, 0
MM, 115, 2, 15
MM, 115, 3, 32
MM, 115, 4, 46
MM, 115, 5, 157
MM, 115, 6, 15
MM, 115, 7, 16
MM, 115, 8, 16
MM, 115, 9, 15
MM, 115, 10, 16
MM, 115, 12, 0
MM, 115, 14, 15
MM, 115, 15, 16
MM, 115, 16, 31
MM, 115, 17, 0
MC, 1, 235
MM, 116, 17, 218
MM, 120, 16, 16
MM, 126, 11, 16
MM, 27, 18, 31
MM, 26, 26, 16
MM, 4, 11, 31
MM, 14, 7, 15
MM, 27, 4, 0
MM, 34, 3, 16
MM, 39, 2, 16
MM, 42, 1, 15
MM, 43, 1, 16
MM, 12, 31, 375
MM, 13, 31, 16
MM, 14, 30, 15
MM, 14, 29, 16
MM, 15, 28, 15
MM, 15, 27, 47
MM, 16, 27, 63
MM, 17, 26, 16
MM, 18, 26, 15
MM, 19, 25, 0
MM, 20, 24, 16
MM, 20, 23, 15
MM, 21, 23, 32
MC, 1, 312
MM, 16, 23, 141
MM, 41, 13, 31
MM, 62, 2, 47
MM, 50, 5, 16
MM, 43, 7, 15
MM, 43, 6, 281
MM, 44, 3, 16
MM, 47, 0, 16
MM, 43, 30, 15
MM, 0, 26, 16
MM, 4, 24, 16
MM, 8, 21, 15
MM, 11, 21, 16
MM, 14, 19, 0
MC, 1, 453
MM, 13, 19, 125
MM, 10, 17, 0
MM, 5, 13, 16
MM, 42, 23, 31
MM, 34, 14, 15
MM, 30, 7, 16
MM, 27, 1, 0
MC, 1, 453
MC, 1, 703
MM, 30, 4, 266
MM, 33, 10, 16
MM, 35, 18, 15
MM, 39, 31, 16
MM, 33, 0, 0
MM, 35, 5, 16
MM, 37, 9, 15
MM, 37, 12, 16
MM, 38, 13, 15
MM, 39, 15, 0
MM, 40, 17, 16
MM, 40, 18, 16
MM, 40, 19, 297
MM, 40, 20, 15
MM, 40, 21, 16
MM, 40, 23, 15
MM, 40, 25, 16
MM, 40, 26, 0
MM, 40, 27, 16
MM, 40, 28, 15
MM, 40, 29, 32
MM, 40, 30, 62
MM, 40, 31, 63
MM, 105, 0, 78
MM, 105, 2, 15
MM, 105, 4, 16
MM, 105, 7, 16
MM, 105, 9, 0
MM, 106, 12, 15
MM, 106, 15, 16
MM, 106, 19, 15
MM, 106, 25, 16
MM, 106, 29, 0
MM, 106, 31, 16
MM, 106, 33, 15
MM, 106, 34, 16
MM, 106, 35, 31
MM, 106, 36, 1172
MM, 106, 37, 16
MM, 106, 38, 15
MM, 106, 41, 0
MP, 1, 485
MR, 1, 109
MM, 102, 41, 47
MM, 102, 39, 0
MM, 102, 38, 16
MM, 102, 37, 31
MM, 102, 36, 16
MM, 102, 35, 156
MM, 104, 35, 531
MM, 105, 35, 172
MM, 106, 35, 1797
MM, 107, 36, 31
MM, 107, 37, 16
MM, 108, 37, 15
MM, 109, 37, 782
MM, 112, 40, 15
MM, 112, 39, 672
MM, 112, 37, 16
MM, 112, 36, 16
MM, 112, 35, 15
MM, 112, 32, 16
MM, 112, 26, 0
MM, 112, 16, 15
MM, 111, 11, 16
MM, 110, 6, 16
MM, 110, 4, 15
MM, 109, 3, 0
MM, 109, 2, 16
MM, 109, 1, 16
MM, 109, 0, 15
MM, 4, 22, 469
MM, 10, 19, 0
MM, 14, 18, 16
MM, 17, 17, 15
MM, 19, 16, 16
MM, 22, 13, 15
MM, 21, 13, 235
MM, 20, 13, 15
MM, 18, 14, 0
MM, 17, 14, 63
MM, 18, 13, 47
MM, 20, 10, 15
MM, 26, 0, 0
MM, 42, 23, 16
MM, 1, 1, 47
MM, 10, 31, 16
MM, 13, 29, 15
MM, 16, 28, 16
MM, 16, 27, 281
MM, 17, 26, 0
MM, 19, 24, 16
MM, 22, 21, 15
MM, 30, 15, 16
MM, 41, 8, 16
MM, 8, 12, 1437
MM, 5, 6, 16
MM, 33, 8, 15
MM, 9, 24, 16
MM, 146, 8, 16
MM, 138, 15, 15
MM, 135, 18, 16
MM, 132, 20, 16
MM, 130, 21, 0
MC, 1, 515
MM, 132, 20, 63
MM, 135, 19, 0
MM, 140, 17, 15
MM, 149, 15, 16
MM, 150, 14, 250
MM, 153, 11, 16
MM, 159, 3, 15
MM, 18, 19, 0
MM, 23, 1, 16
MM, 4, 12, 15
MC, 1, 782
MM, 35, 7, 734
MM, 32, 11, 0
MM, 30, 15, 16
MM, 27, 19, 15
MM, 26, 25, 16
MM, 26, 26, 16
MM, 25, 28, 0
MM, 24, 28, 203
MM, 23, 28, 15
MM, 22, 29, 16
MM, 20, 30, 16
MM, 5, 2, 15
MM, 1, 10, 16
MM, 43, 22, 31
MM, 40, 26, 16
MM, 39, 28, 0
MM, 38, 29, 15
MM, 36, 31, 16
MM, 23, 0, 63
MM, 23, 1, 15
MM, 22, 3, 16
MM, 21, 4, 0
MM, 21, 6, 15
MM, 21, 7, 32
MM, 20, 7, 15
MM, 20, 8, 0
MM, 20, 9, 32
MM, 19, 10, 15
MM, 19, 11, 16
MM, 19, 12, 15
MM, 19, 13, 47
MM, 19, 14, 32
MC, 1, 390
MM, 19, 13, 3188
MM, 19, 12, 16
MM, 20, 6, 15
MM, 21, 25, 31
MM, 28, 14, 16
MM, 32, 8, 16
MM, 35, 5, 15
MM, 36, 1, 0
MC, 1, 1063
MC, 2, 281
MC, 3, 297
MM, 22, 10, 844
MM, 16, 9, 15
MM, 13, 16, 0
MM, 0, 27, 16
MM, 191, 11, 297
MM, 180, 16, 16
MM, 167, 19, 0
MM, 159, 20, 15
MM, 155, 22, 16
MM, 150, 22, 15
MM, 148, 23, 16
MM, 146, 23, 0
MM, 145, 23, 16
MM, 144, 23, 15
MM, 143, 23, 32
MC, 1, 328
MM, 144, 18, 187
MM, 148, 10, 0
MM, 39, 31, 16
MM, 9, 16, 31
MM, 16, 4, 16
MM, 32, 30, 15
MM, 38, 25, 16
MM, 42, 20, 16
MM, 43, 13, 343
MM, 39, 15, 16
MM, 36, 15, 16
MM, 33, 15, 15
MM, 30, 16, 16
MM, 28, 16, 0
MM, 26, 16, 16
MM, 24, 17, 15
MM, 22, 17, 16
MM, 21, 17, 15
MM, 21, 18, 0
MM, 20, 18, 16
MM, 19, 18, 31
MC, 1, 250
MM, 18, 18, 94
MM, 17, 18, 16
MM, 13, 18, 15
MM, 1, 18, 16
MC, 1, 609
MM, 42, 1, 375
MM, 43, 15, 94
MM, 38, 16, 16
MM, 33, 18, 0
MM, 26, 21, 15
MM, 17, 22, 16
MM, 10, 23, 16
MM, 3, 24, 15
MM, 42, 25, 31
MM, 39, 26, 16
MM, 34, 26, 16
MM, 29, 26, 0
MM, 25, 26, 15
MM, 22, 26, 16
MM, 20, 26, 16
MM, 18, 26, 15
MM, 17, 25, 0
MM, 16, 25, 16
MM, 15, 25, 31
MM, 15, 24, 16
MM, 14, 24, 15
MC, 1, 375
MM, 14, 23, 63
MM, 18, 21, 62
MM, 24, 18, 0
MM, 38, 11, 16
MC, 1, 844
MM, 23, 0, 140
MM, 21, 2, 16
MM, 18, 3, 16
MM, 16, 3, 0
MM, 14, 4, 15
MM, 9, 6, 16
MM, 5, 7, 16
MM, 42, 9, 78
MM, 41, 9, 31
MM, 40, 9, 16
MM, 39, 9, 15
MM, 38, 9, 16
MM, 37, 9, 31
MM, 36, 10, 16
MM, 35, 10, 31
MC, 1, 281
MM, 36, 10, 172
MM, 37, 10, 16
MM, 38, 12, 0
MM, 40, 13, 15
MM, 1, 18, 16
MM, 19, 26, 16
MM, 10, 11, 31
MM, 19, 18, 15
MM, 23, 23, 16
MM, 27, 27, 16
MM, 31, 30, 15
MM, 96, 2, 313
MM, 93, 8, 0
MM, 92, 11, 15
MM, 91, 14, 16
MM, 90, 16, 16
MM, 89, 18, 15
MM, 89, 19, 16
MM, 88, 19, 0
MM, 87, 21, 16
MM, 86, 22, 46
MM, 86, 23, 32
MC, 1, 250
MM, 87, 23, 62
MM, 90, 22, 16
MM, 97, 19, 16
MM, 125, 7, 0
MM, 3, 21, 15
MM, 22, 9, 16
MM, 41, 2, 15
MM, 24, 29, 313
MM, 3, 1, 31
MM, 19, 25, 16
MM, 30, 22, 15
MM, 35, 21, 16
MM, 0, 21, 31
MM, 1, 21, 32
MM, 2, 21, 15
MM, 3, 21, 16
MM, 4, 21, 47
MM, 5, 21, 15
MM, 6, 20, 16
MM, 8, 19, 16
MM, 11, 17, 15
MM, 13, 15, 0
MM, 15, 13, 16
MM, 18, 11, 15
MM, 20, 7, 16
MM, 23, 6, 16
MM, 25, 4, 0
MM, 26, 3, 15
MM, 28, 1, 16
MM, 29, 0, 31
MM, 27, 0, 328
MM, 26, 1, 0
MM, 25, 1, 16
MM, 22, 2, 16
MM, 15, 3, 15
MM, 8, 5, 16
MM, 1, 7, 0
MM, 33, 10, 31
MM, 30, 11, 16
MM, 28, 11, 15
MM, 26, 12, 0
MM, 24, 13, 16
MM, 21, 14, 16
MM, 16, 16, 15
MM, 13, 18, 16
MM, 11, 19, 0
MM, 8, 19, 15
MM, 5, 21, 16
MM, 33, 25, 31
MM, 22, 27, 0
MM, 14, 27, 16
MM, 10, 28, 16
MM, 7, 28, 15
MM, 5, 28, 16
MM, 3, 28, 0
MM, 2, 28, 15
MM, 0, 28, 16
MM, 0, 26, 375
MM, 1, 25, 16
MM, 4, 23, 15
MM, 7, 23, 16
MM, 8, 21, 0
MM, 9, 20, 16
MM, 11, 19, 15
MM, 12, 19, 32
MM, 13, 18, 0
MM, 13, 17, 31
MM, 14, 16, 31
MC, 1, 250
MM, 15, 16, 297
MM, 16, 18, 16
MM, 18, 20, 15
MM, 19, 24, 0
MM, 22, 29, 16
MM, 19, 0, 62
MM, 20, 0, 16
MM, 20, 1, 16
MM, 20, 2, 62
MM, 21, 2, 16
MM, 21, 3, 6041
MM, 22, 3, 250
MM, 22, 4, 531
MM, 22, 6, 31
MM, 22, 7, 16
MM, 21, 8, 0
MM, 20, 11, 15
MM, 19, 12, 16
MM, 19, 13, 16
MM, 19, 14, 15
MM, 18, 15, 0
MC, 1, 469
MM, 17, 15, 172
MM, 13, 15, 16
MM, 38, 16, 0
MM, 6, 21, 15
MM, 13, 21, 16
MM, 2, 21, 16
MM, 42, 19, 31
MM, 37, 18, 15
MM, 34, 16, 16
MM, 33, 16, 250
MM, 32, 16, 16
MM, 29, 16, 0
MM, 26, 16, 15
MM, 21, 16, 16
MM, 16, 16, 16
MM, 13, 16, 15
MM, 9, 16, 0
MM, 5, 16, 16
MM, 36, 16, 31
MM, 29, 16, 16
MM, 25, 16, 0
MM, 22, 16, 15
MM, 21, 16, 16
MM, 19, 16, 16
MM, 18, 16, 15
MM, 17, 16, 0
MM, 16, 16, 16
MM, 15, 16, 219
MM, 13, 16, 15
MM, 9, 16, 16
MM, 5, 16, 0
MM, 0, 16, 15
MM, 43, 16, 32
MM, 40, 16, 15
MM, 38, 16, 0
MM, 35, 16, 16
MM, 33, 16, 16
MM, 32, 16, 15
MM, 30, 16, 16
MM, 29, 16, 0
MC, 1, 265
MM, 30, 16, 2501
MM, 31, 16, 0
MM, 33, 17, 15
MM, 35, 17, 16
MM, 37, 19, 15
MM, 39, 21, 16
MM, 41, 24, 0
MM, 43, 1, 63
MM, 43, 2, 15
MM, 0, 8, 63
MM, 1, 10, 15
MM, 2, 10, 16
MM, 2, 11, 16
MM, 2, 13, 0
MM, 3, 14, 250
MM, 4, 15, 15
MM, 5, 17, 16
MM, 6, 20, 15
MM, 9, 23, 16
MM, 12, 28, 0
MM, 82, 3, 31
MM, 83, 7, 16
MM, 84, 10, 16
MM, 85, 13, 0
MM, 85, 14, 31
MM, 86, 15, 15
MM, 87, 16, 32
MC, 1, 2719
MM, 87, 15, 11065
MM, 87, 12, 16
MM, 88, 10, 15
MM, 90, 7, 0
MM, 91, 3, 16
MM, 92, 1, 16
MM, 37, 30, 125
MM, 39, 29, 15
MM, 41, 26, 16
MM, 42, 22, 0
MM, 42, 21, 3610
MM, 42, 20, 15
MM, 42, 18, 16
MM, 0, 8, 47
MM, 2, 6, 15
MM, 3, 4, 16
MM, 4, 1, 0
MM, 16, 31, 47
MM, 16, 30, 15
MM, 17, 29, 0
MM, 17, 28, 16
MM, 18, 27, 16
MM, 18, 26, 15
MM, 18, 25, 32
MM, 19, 25, 0
MM, 19, 24, 15
MM, 19, 23, 16
MM, 20, 23, 15
MM, 20, 22, 16
MM, 21, 21, 0
MM, 21, 20, 16
MM, 22, 19, 15
MM, 22, 17, 32
MM, 22, 16, 250
MM, 23, 16, 0
MM, 23, 14, 15
MM, 26, 13, 16
MM, 27, 11, 15
MM, 32, 5, 16
MM, 37, 0, 0
MM, 2, 17, 1926
MM, 12, 11, 16
MM, 20, 7, 16
MM, 28, 3, 15
MM, 33, 1, 0
MM, 9, 0, 141
MM, 9, 2, 16
MM, 10, 3, 15
MM, 11, 5, 16
MM, 13, 7, 0
MM, 14, 8, 15
MM, 15, 9, 16
MM, 17, 10, 16
MM, 19, 12, 15
MM, 21, 13, 16
MM, 23, 13, 0
MM, 22, 13, 234
MM, 19, 14, 16
MM, 12, 18, 0
MM, 20, 11, 31
MM, 1, 25, 16
MM, 37, 2, 16
MM, 31, 8, 15
MM, 26, 12, 16
MM, 23, 15, 15
MM, 19, 16, 16
MM, 17, 18, 0
MM, 16, 18, 16
MM, 15, 18, 15
MM, 14, 19, 16
MM, 15, 19, 266
MM, 18, 19, 15
MM, 26, 20, 0
MM, 12, 25, 31
MM, 18, 26, 16
MM, 20, 27, 16
MM, 21, 27, 0
MM, 22, 27, 15
MM, 22, 28, 47
MM, 20, 28, 0
MM, 7, 30, 16
MM, 376, 15, 2734
MM, 43, 4, 47
MM, 41, 14, 16
MM, 39, 18, 0
MM, 39, 23, 15
MM, 38, 25, 16
MM, 38, 29, 16
MM, 33, 8, 218
MM, 10, 31, 16
MM, 19, 5, 16
MM, 18, 11, 15
MM, 18, 14, 16
MM, 17, 16, 0
MM, 17, 17, 16
MM, 17, 19, 15
MM, 17, 20, 16
MM, 17, 22, 15
MM, 17, 26, 0
MM, 17, 31, 16
MM, 17, 34, 16
MM, 17, 37, 15
MM, 38, 10, 782
MM, 40, 7, 0
MM, 42, 4, 15
MM, 44, 2, 16
MM, 38, 31, 47
MM, 38, 29, 15
MM, 39, 28, 16
MM, 39, 27, 16
MM, 40, 27, 0
MM, 40, 26, 15
MM, 40, 29, 313
MM, 51, 1, 62
MM, 51, 2, 0
MM, 51, 4, 16
MM, 51, 5, 31
MM, 51, 6, 16
MM, 51, 7, 47
