********************************************************************************
LOGGING TIME: 20161113_170507
CLIENT IP: 10.109.49.17
USERNAME: prudhvi
OS: Windows 8
**********************************Emotional database********************************************************************************
MM, 603, 648, 1477468751602
MM, 599, 639, 4
MM, 596, 630, 12
MM, 594, 621, 13
MM, 593, 610, 12
MM, 32, 28, 13
MM, 31, 24, 12
MM, 31, 23, 13
MM, 31, 21, 13
MM, 31, 20, 12
MM, 31, 19, 12
MM, 31, 18, 13
MM, 31, 17, 12
MM, 31, 16, 351
MM, 31, 15, 25
MM, 30, 12, 12
MM, 29, 6, 12
MM, 586, 571, 13
MM, 29, 22, 13
MM, 26, 10, 12
MM, 575, 535, 12
MM, 8, 24, 13
MM, 6, 18, 13
MM, 5, 15, 12
MM, 4, 13, 13
MM, 4, 11, 12
MM, 3, 9, 12
MM, 2, 8, 13
MM, 2, 5, 13
MM, 1, 2, 11
MM, 565, 498, 14
MM, 565, 496, 312
MM, 3, 28, 12
MM, 3, 19, 13
MM, 560, 455, 13
MM, 289, 64, 12
MM, 284, 27, 13
MM, 282, 13, 12
MM, 280, 5, 13
MM, 543, 355, 12
MM, 543, 346, 13
MM, 542, 338, 12
MM, 542, 334, 13
MM, 542, 331, 12
MM, 542, 329, 13
MM, 542, 326, 12
MM, 542, 325, 13
MM, 542, 324, 3354
MM, 542, 323, 13
MM, 540, 320, 12
MM, 537, 314, 12
MM, 268, 76, 13
MM, 261, 67, 12
MM, 256, 61, 13
MM, 253, 54, 13
MM, 250, 48, 12
MM, 248, 44, 12
MM, 247, 40, 13
MM, 246, 38, 12
MM, 246, 37, 13
MM, 245, 36, 13
MM, 245, 35, 24
MC, 1, 575
MM, 245, 36, 652
MM, 244, 42, 12
MM, 244, 50, 13
MM, 244, 66, 12
MM, 508, 324, 13
MM, 508, 341, 11
MM, 510, 348, 13
MM, 513, 353, 13
MM, 252, 0, 13
MM, 253, 2, 12
MM, 255, 6, 12
MM, 256, 9, 13
MM, 258, 12, 12
MM, 259, 14, 12
MM, 259, 16, 13
MM, 259, 17, 13
MM, 259, 18, 24
MM, 259, 19, 314
MM, 259, 20, 12
MM, 259, 22, 13
MM, 259, 25, 12
MM, 259, 30, 13
MM, 259, 34, 13
MM, 259, 37, 12
MM, 259, 39, 13
MM, 259, 40, 12
MM, 259, 41, 12
MM, 259, 42, 13
MM, 259, 43, 38
MM, 259, 42, 976
MM, 256, 41, 13
MM, 253, 36, 12
MM, 249, 30, 12
MM, 243, 20, 13
MM, 240, 16, 12
MM, 238, 11, 12
MM, 236, 9, 13
MM, 235, 7, 13
MM, 234, 4, 12
MM, 233, 0, 12
MM, 496, 353, 13
MM, 496, 351, 12
MM, 496, 349, 60
MM, 495, 348, 304
MM, 494, 347, 12
MM, 492, 343, 12
MM, 489, 339, 13
MM, 484, 330, 12
MM, 480, 324, 16
MM, 477, 319, 10
MM, 474, 314, 12
MM, 208, 81, 12
MM, 206, 75, 13
MM, 205, 71, 12
MM, 205, 68, 13
MM, 205, 67, 13
MM, 205, 64, 12
MM, 205, 63, 25
MM, 205, 62, 688
MM, 206, 58, 13
MM, 215, 49, 13
MM, 239, 27, 12
MM, 537, 222, 12
MM, 570, 195, 13
MM, 582, 185, 13
MM, 589, 179, 12
MM, 595, 175, 12
MM, 599, 171, 12
MM, 602, 168, 13
MM, 604, 166, 13
MM, 605, 165, 12
MM, 607, 163, 12
MM, 607, 162, 13
MM, 607, 161, 12
MM, 607, 160, 13
MM, 610, 158, 188
MM, 626, 148, 13
MM, 728, 83, 12
MM, 798, 39, 13
MM, 749, 654, 274781
MM, 748, 654, 208
MM, 745, 654, 12
MM, 738, 652, 12
MM, 717, 638, 12
MM, 25, 27, 13
MM, 25, 4, 12
MM, 616, 571, 13
MM, 5, 17, 13
MM, 592, 545, 13
MM, 585, 538, 12
MM, 581, 534, 13
MM, 15, 29, 11
MM, 13, 27, 13
MM, 12, 24, 13
MM, 12, 21, 13
MM, 12, 15, 11
MM, 10, 11, 264
MM, 2, 1, 12
MM, 534, 458, 13
MM, 205, 4, 12
MM, 450, 338, 12
MM, 168, 75, 14
MM, 162, 65, 12
MM, 158, 59, 12
MM, 155, 54, 13
MM, 152, 46, 12
MM, 151, 40, 12
MM, 149, 40, 338
MM, 147, 41, 13
MM, 145, 42, 12
MM, 141, 46, 12
MM, 137, 49, 13
MM, 134, 51, 12
MM, 130, 53, 13
MM, 129, 53, 13
MM, 128, 54, 12
MM, 127, 54, 13
MM, 126, 54, 12
MM, 125, 56, 1979
MM, 124, 60, 20
MM, 121, 68, 4
MM, 380, 322, 13
MM, 110, 15, 13
MM, 110, 25, 11
MM, 110, 32, 12
MM, 110, 41, 14
MM, 111, 50, 12
MM, 112, 54, 13
MM, 112, 57, 12
MM, 113, 59, 12
MM, 113, 60, 13
MM, 113, 61, 25
MM, 113, 60, 363
MM, 113, 59, 12
MM, 113, 57, 13
MM, 113, 56, 13
MM, 113, 55, 12
MM, 113, 53, 13
MM, 113, 52, 12
MM, 112, 51, 12
MM, 112, 49, 12
MM, 112, 48, 13
MM, 111, 47, 12
MM, 110, 45, 13
MM, 110, 44, 25
MM, 110, 43, 37
MM, 109, 43, 112
MC, 1, 325
MM, 109, 42, 452
MM, 109, 41, 12
MM, 108, 37, 12
MM, 107, 29, 13
MM, 107, 14, 13
MM, 371, 345, 13
MM, 374, 324, 12
MM, 377, 317, 13
MM, 379, 313, 12
MM, 117, 81, 13
MM, 119, 79, 12
MM, 120, 76, 13
MM, 121, 75, 12
MM, 121, 73, 250
MM, 121, 70, 13
MM, 120, 67, 12
MM, 119, 65, 13
MM, 119, 63, 12
MM, 118, 62, 12
MM, 118, 61, 13
MM, 118, 60, 13
MC, 1, 262
MM, 118, 59, 201
MM, 118, 58, 50
MM, 119, 56, 12
MM, 122, 54, 12
MM, 124, 50, 13
MM, 128, 44, 13
MM, 131, 41, 11
MM, 133, 39, 13
MM, 134, 37, 13
MM, 135, 36, 13
MM, 137, 38, 110544
MM, 138, 42, 13
MM, 143, 49, 12
MM, 149, 59, 12
MM, 158, 68, 13
MM, 169, 74, 13
MM, 179, 81, 12
MM, 449, 313, 13
MM, 455, 316, 12
MM, 465, 320, 12
MM, 474, 322, 13
MM, 474, 323, 250
MM, 474, 326, 13
MM, 474, 329, 12
MM, 474, 339, 12
MM, 471, 353, 13
MM, 206, 6, 13
MM, 205, 12, 12
MM, 205, 15, 13
MM, 204, 17, 13
MM, 203, 19, 12
MM, 202, 21, 12
MM, 201, 23, 13
MM, 198, 26, 11
MC, 1, 413
MM, 201, 25, 501
MM, 208, 23, 13
MM, 224, 17, 12
MM, 251, 9, 13
MM, 296, 2, 13
MM, 572, 354, 11
MM, 589, 352, 13
MM, 618, 347, 13
MM, 632, 345, 12
MM, 659, 341, 12
MM, 682, 336, 13
MM, 691, 332, 12
MM, 701, 326, 13
MM, 719, 320, 13
MM, 727, 316, 12
MM, 733, 313, 12
MM, 472, 82, 13
MM, 476, 81, 12
MM, 479, 80, 13
MM, 481, 79, 12
MM, 482, 79, 213
MM, 483, 78, 13
MM, 485, 77, 12
MM, 488, 76, 12
MM, 495, 73, 14
MM, 508, 67, 11
MM, 518, 62, 14
MM, 524, 58, 12
MM, 526, 53, 12
MM, 528, 51, 13
MM, 529, 50, 12
MM, 529, 49, 12
MC, 1, 401
MM, 529, 51, 19122
MM, 525, 61, 12
MM, 518, 77, 13
MM, 777, 317, 13
MM, 771, 327, 12
MM, 765, 336, 12
MM, 759, 345, 13
MM, 753, 354, 12
MM, 482, 5, 13
MM, 477, 11, 13
MC, 1, 437
MM, 476, 11, 688
MM, 473, 13, 12
MM, 462, 20, 13
MM, 429, 42, 13
MM, 388, 67, 12
MM, 357, 80, 12
MM, 345, 85, 13
MM, 338, 87, 12
MM, 332, 89, 14
MM, 330, 89, 13
MM, 592, 447, 12
MM, 590, 447, 12
MM, 587, 447, 213
MM, 575, 453, 13
MM, 29, 1, 12
MM, 16, 19, 12
MM, 2, 24, 13
MM, 34, 27, 13
MM, 29, 29, 11
MM, 464, 496, 13
MM, 461, 496, 12
MM, 458, 497, 12
MM, 457, 498, 14
MM, 456, 498, 12
MM, 456, 499, 12
MM, 456, 500, 26
MM, 456, 501, 11
MM, 17, 0, 38
MM, 18, 0, 13
MM, 19, 1, 12
MM, 19, 2, 12
MM, 19, 4, 13
MM, 20, 6, 12
MM, 20, 8, 13
MM, 20, 10, 13
MM, 20, 14, 12
MM, 20, 19, 12
MM, 20, 26, 13
MM, 458, 534, 13
MM, 29, 1, 12
MM, 28, 5, 13
MM, 26, 9, 12
MM, 26, 13, 12
MM, 25, 18, 13
MM, 25, 21, 12
MM, 25, 23, 13
MM, 25, 26, 12
MM, 25, 28, 13
MM, 25, 29, 25
MM, 25, 30, 24
MM, 452, 570, 26
MM, 452, 571, 24
MM, 452, 572, 25
MM, 454, 573, 14
MM, 454, 574, 12
MM, 22, 1, 12
MM, 23, 3, 12
MM, 24, 5, 14
MM, 25, 6, 11
MM, 25, 8, 13
MM, 25, 9, 12
MM, 25, 10, 13
MM, 25, 11, 25
MM, 25, 12, 25
MM, 25, 13, 75
MC, 1, 263
MM, 23, 11, 74
MM, 19, 7, 13
MM, 11, 0, 12
MM, 9, 26, 13
MM, 0, 14, 13
MM, 35, 5, 12
MM, 31, 0, 12
MM, 413, 536, 13
MM, 411, 533, 12
MM, 12, 28, 12
MM, 10, 27, 13
MM, 10, 26, 13
MM, 9, 26, 12
MM, 8, 25, 38
MM, 8, 24, 263
MM, 15, 20, 174
MM, 15, 19, 12
MM, 16, 19, 13
MM, 17, 19, 12
MM, 18, 19, 14
MM, 20, 19, 11
MM, 23, 18, 13
MM, 28, 18, 13
MM, 34, 18, 12
MM, 436, 520, 13
MM, 0, 18, 12
MM, 2, 18, 13
MM, 4, 18, 12
MM, 5, 18, 13
MM, 7, 18, 12
MM, 8, 18, 25
MM, 8, 17, 13
MM, 9, 17, 12
MM, 10, 17, 12
MM, 11, 17, 25
MM, 12, 16, 26
MM, 14, 16, 24
MM, 14, 15, 13
MM, 15, 15, 12
MM, 15, 14, 25
MM, 16, 13, 13
MM, 17, 13, 12
MM, 18, 13, 12
MM, 18, 12, 13
MM, 20, 12, 12
MM, 20, 11, 25
MM, 21, 11, 13
MM, 22, 10, 24
MC, 1, 201
MM, 24, 10, 50
MM, 25, 10, 12
MM, 28, 10, 13
MM, 32, 10, 12
MM, 478, 512, 13
MM, 2, 10, 12
MM, 5, 10, 13
MM, 9, 10, 12
MM, 13, 10, 13
MM, 18, 10, 12
MM, 24, 10, 12
MM, 30, 10, 13
MM, 34, 11, 13
MM, 519, 513, 12
MM, 521, 513, 12
MM, 0, 11, 13
MM, 1, 11, 26
MM, 2, 11, 37
MM, 3, 11, 12
MM, 4, 11, 37
MM, 6, 11, 26
MM, 7, 11, 12
MM, 8, 10, 12
MM, 11, 10, 13
MM, 12, 9, 13
MM, 13, 8, 12
MM, 14, 8, 13
MM, 16, 8, 25
MM, 17, 8, 25
MM, 18, 8, 24
MM, 19, 8, 25
MC, 1, 262
MM, 17, 8, 138
MM, 14, 12, 12
MM, 7, 18, 13
MM, 519, 529, 13
MM, 513, 534, 12
MM, 510, 537, 12
MM, 506, 540, 13
MM, 34, 3, 12
MM, 31, 5, 13
MM, 26, 8, 13
MM, 23, 11, 12
MM, 19, 14, 12
MM, 16, 18, 13
MM, 13, 21, 12
MM, 10, 26, 13
MM, 8, 29, 13
MM, 477, 572, 12
MM, 476, 574, 12
MM, 474, 576, 13
MM, 473, 579, 12
MM, 471, 584, 12
MM, 470, 588, 13
MM, 469, 591, 12
MM, 34, 18, 13
MM, 33, 20, 13
MM, 32, 22, 12
MM, 31, 23, 13
MM, 30, 25, 12
MM, 29, 26, 12
MM, 27, 28, 13
MM, 27, 29, 12
MM, 26, 29, 12
MM, 460, 607, 239
MM, 459, 610, 12
MM, 69, 0, 12
MM, 69, 7, 14
MM, 69, 15, 11
MM, 68, 19, 13
MM, 68, 22, 13
MM, 68, 23, 12
MM, 68, 24, 25
MM, 68, 25, 25
MM, 68, 24, 225
MM, 67, 22, 312
MM, 66, 21, 13
MM, 65, 19, 12
MM, 63, 18, 13
MM, 60, 16, 13
MM, 58, 13, 12
MM, 55, 7, 12
MM, 441, 612, 13
MM, 5, 28, 12
MM, 3, 21, 13
MM, 2, 16, 13
MM, 1, 12, 11
MM, 1, 9, 13
MM, 1, 4, 13
MM, 1, 0, 13
MM, 435, 572, 11
MM, 435, 570, 13
MM, 8, 29, 12
MM, 8, 28, 13
MM, 8, 27, 13
MM, 9, 27, 62
MM, 12, 27, 12
MM, 14, 27, 12
MM, 17, 27, 13
MM, 19, 27, 13
MM, 21, 27, 12
MM, 24, 27, 12
MM, 26, 27, 13
MM, 29, 27, 13
MM, 32, 27, 12
MM, 36, 27, 13
MM, 468, 566, 12
MM, 1, 25, 12
MM, 4, 24, 13
MM, 5, 24, 13
MM, 6, 24, 12
MM, 7, 23, 25
MM, 8, 23, 76
MM, 9, 22, 37
MM, 9, 21, 75
MC, 1, 212
MM, 9, 20, 213
MM, 9, 19, 12
MM, 10, 18, 13
MM, 11, 15, 12
MM, 11, 13, 13
MM, 13, 10, 12
MM, 14, 8, 13
MM, 14, 6, 12
MM, 15, 5, 13
MM, 16, 2, 12
MM, 16, 0, 12
MM, 487, 536, 13
MM, 489, 533, 13
MM, 8, 29, 16
MM, 9, 27, 8
MM, 11, 26, 13
MM, 14, 24, 12
MM, 18, 23, 12
MM, 24, 20, 13
MM, 29, 19, 13
MM, 34, 17, 12
MM, 519, 517, 13
MM, 521, 516, 12
MM, 1, 14, 13
MM, 2, 13, 12
MM, 3, 12, 14
MM, 5, 11, 12
MM, 6, 10, 12
MM, 7, 10, 12
MM, 7, 9, 25
MM, 8, 9, 26
MM, 9, 9, 25
MM, 10, 9, 12
MM, 11, 9, 12
MM, 13, 9, 13
MM, 14, 9, 12
MM, 15, 9, 12
MM, 17, 9, 13
MM, 18, 9, 25
MM, 20, 9, 13
MM, 22, 9, 12
MM, 23, 10, 13
MM, 26, 11, 12
MM, 29, 11, 12
MM, 32, 11, 13
MM, 34, 11, 12
MM, 558, 513, 38
MM, 559, 513, 263
MM, 560, 513, 12
MM, 561, 513, 13
MM, 563, 513, 13
MM, 0, 11, 12
MM, 1, 11, 25
MM, 2, 11, 12
MM, 3, 11, 187
MM, 4, 11, 26
MM, 5, 11, 12
MM, 7, 11, 13
MM, 9, 11, 12
MM, 10, 11, 25
MM, 11, 11, 12
MM, 12, 11, 25
MM, 13, 11, 14
MM, 14, 11, 23
MC, 1, 238
MM, 13, 12, 138
MM, 12, 14, 13
MM, 9, 17, 11
MM, 5, 23, 12
MM, 1, 29, 13
MM, 562, 536, 13
MM, 5, 0, 12
MM, 4, 2, 14
MM, 2, 5, 11
MM, 2, 7, 13
MM, 0, 9, 12
MM, 553, 550, 12
MM, 552, 554, 13
MM, 552, 559, 13
MM, 551, 561, 13
MM, 550, 563, 12
MM, 550, 564, 12
MM, 549, 566, 12
MM, 549, 568, 26
MM, 548, 569, 12
MM, 547, 570, 12
MM, 547, 572, 13
MM, 546, 573, 12
MM, 546, 574, 13
MM, 546, 575, 24
MM, 545, 575, 50
MM, 28, 0, 13
MM, 27, 2, 25
MM, 26, 4, 25
MM, 25, 4, 13
MM, 24, 5, 12
MM, 24, 6, 37
MM, 23, 6, 38
MM, 23, 8, 12
MM, 22, 8, 13
MM, 22, 9, 13
MM, 21, 10, 37
MC, 1, 212
MC, 2, 238
MM, 21, 8, 176
MM, 21, 7, 11
MM, 21, 4, 12
MM, 21, 1, 13
MM, 539, 573, 13
MM, 29, 29, 12
MM, 31, 23, 12
MM, 32, 19, 13
MM, 34, 12, 13
MM, 35, 9, 13
MM, 36, 6, 12
MM, 36, 3, 12
MM, 548, 540, 12
MM, 548, 539, 13
MM, 549, 538, 13
MM, 549, 537, 12
MM, 549, 535, 12
MM, 549, 534, 13
MM, 549, 533, 13
MM, 26, 29, 12
MM, 26, 27, 12
MM, 26, 25, 12
MM, 26, 24, 13
MM, 26, 23, 13
MM, 26, 22, 13
MM, 26, 21, 12
MM, 26, 20, 25
MM, 26, 19, 24
MM, 26, 18, 64
MM, 26, 17, 62
MM, 25, 17, 14
MC, 1, 173
MM, 23, 17, 112
MM, 22, 19, 14
MM, 20, 22, 11
MM, 16, 27, 13
MM, 20, 5, 12
MM, 35, 8, 13
MM, 101, 0, 13
MM, 95, 10, 12
MM, 91, 20, 12
MM, 88, 30, 13
MM, 475, 650, 12
MM, 473, 653, 13
MM, 472, 655, 12
MM, 472, 656, 12
MM, 472, 655, 289
MM, 472, 654, 12
MM, 472, 652, 13
MM, 473, 650, 11
MM, 473, 647, 14
MM, 474, 645, 11
MM, 474, 644, 13
MM, 85, 30, 13
MM, 85, 28, 12
MM, 85, 27, 25
MM, 86, 27, 25
MM, 86, 26, 25
MM, 86, 25, 38
MC, 1, 325
MM, 86, 24, 287
MM, 85, 21, 14
MM, 85, 18, 11
MM, 83, 14, 13
MM, 81, 11, 13
MM, 80, 7, 12
MM, 78, 5, 13
MM, 77, 4, 13
MM, 77, 3, 11
MM, 77, 2, 13
MM, 76, 1, 13
MM, 76, 0, 12
MM, 464, 612, 13
MM, 463, 608, 12
MM, 26, 29, 12
MM, 23, 26, 13
MM, 22, 23, 13
MM, 20, 21, 12
MM, 20, 20, 13
MM, 19, 19, 12
MM, 18, 18, 25
MM, 17, 17, 13
MM, 17, 16, 50
MC, 1, 249
MM, 18, 16, 113
MM, 21, 15, 12
MM, 25, 14, 13
MM, 470, 586, 12
MM, 9, 6, 13
MM, 24, 1, 12
MM, 511, 572, 13
MM, 7, 30, 12
MM, 13, 27, 13
MM, 18, 24, 12
MM, 22, 23, 12
MM, 27, 21, 13
MM, 30, 20, 13
MM, 34, 20, 12
MM, 548, 558, 12
MM, 550, 557, 13
MM, 552, 556, 12
MM, 553, 556, 13
MM, 2, 16, 12
MM, 4, 14, 13
MM, 5, 13, 13
MM, 8, 12, 12
MM, 12, 11, 12
MM, 14, 9, 14
MM, 17, 8, 11
MM, 19, 6, 12
MM, 21, 5, 13
MM, 23, 2, 13
MM, 25, 1, 12
MM, 581, 538, 13
MM, 582, 536, 12
MM, 583, 535, 12
MM, 585, 533, 13
MM, 22, 30, 13
MM, 24, 28, 12
MM, 26, 28, 26
MM, 27, 27, 12
MM, 28, 27, 12
MM, 30, 26, 12
MM, 31, 26, 26
MM, 32, 26, 275
MM, 33, 26, 12
MM, 34, 26, 12
MM, 35, 25, 13
MM, 36, 25, 12
MM, 603, 526, 12
MM, 605, 526, 13
MM, 606, 525, 12
MM, 0, 23, 13
MM, 1, 23, 25
MM, 2, 23, 25
MM, 2, 22, 12
MM, 3, 22, 13
MM, 4, 21, 50
MM, 5, 21, 76
MM, 6, 21, 12
MM, 7, 20, 12
MM, 8, 20, 13
MM, 9, 18, 12
MM, 10, 18, 13
MM, 11, 17, 12
MM, 11, 16, 38
MC, 1, 187
MM, 10, 16, 287
MM, 6, 16, 13
MM, 606, 518, 12
MM, 20, 18, 13
MM, 25, 19, 12
MM, 10, 22, 13
MM, 522, 526, 12
MM, 23, 28, 13
MM, 12, 30, 12
MM, 487, 534, 12
MM, 482, 535, 13
MM, 476, 537, 12
MM, 473, 538, 13
MM, 0, 0, 13
MM, 469, 540, 12
MM, 467, 540, 13
MM, 467, 541, 13
MM, 466, 541, 288
MM, 35, 2, 12
MM, 28, 2, 12
MM, 20, 2, 13
MM, 12, 3, 12
MM, 5, 4, 13
MM, 0, 5, 13
MM, 425, 545, 12
MM, 423, 545, 12
MM, 422, 545, 13
MM, 421, 545, 12
MM, 35, 6, 802
MM, 34, 6, 25
MM, 33, 7, 11
MM, 32, 7, 13
MM, 31, 7, 13
MM, 30, 7, 12
MM, 28, 8, 12
MM, 27, 9, 13
MM, 26, 9, 13
MM, 25, 9, 24
MM, 24, 10, 38
MM, 23, 10, 12
MM, 22, 10, 63
MM, 23, 10, 124
MM, 26, 11, 14
MM, 30, 11, 12
MM, 425, 552, 12
MM, 4, 15, 12
MM, 9, 16, 13
MM, 14, 17, 13
MM, 17, 19, 12
MM, 19, 19, 12
MM, 20, 19, 13
MM, 21, 19, 38
MC, 1, 362
MM, 20, 19, 225
MM, 19, 19, 13
MM, 17, 19, 12
MM, 16, 17, 13
MM, 14, 15, 13
MM, 11, 14, 12
MM, 9, 11, 12
MM, 7, 10, 13
MM, 5, 8, 13
MM, 5, 7, 13
MM, 4, 7, 11
MM, 4, 6, 26
MM, 3, 6, 11
MM, 3, 5, 26
MM, 3, 4, 75
MM, 3, 3, 49
MM, 3, 2, 26
MM, 3, 1, 24
MM, 2, 0, 26
MM, 429, 538, 25
MM, 428, 537, 12
MM, 427, 536, 12
MM, 426, 535, 13
MM, 425, 534, 12
MM, 424, 533, 13
MM, 26, 30, 13
MM, 25, 29, 12
MM, 25, 28, 12
MM, 24, 27, 13
MM, 23, 26, 12
MM, 23, 25, 26
MM, 23, 24, 24
MM, 22, 24, 12
MM, 22, 23, 14
MM, 22, 22, 12
MM, 22, 21, 12
MM, 22, 20, 25
MM, 22, 19, 13
MM, 21, 18, 12
MM, 21, 17, 37
MC, 1, 175
MM, 22, 17, 125
MM, 25, 17, 12
MM, 30, 17, 14
MM, 436, 519, 11
MM, 10, 17, 14
MM, 33, 20, 12
MM, 4, 23, 12
MM, 12, 24, 12
MM, 20, 26, 13
MM, 32, 30, 12
MM, 525, 535, 14
MM, 534, 536, 12
MM, 537, 538, 12
MM, 540, 538, 13
MM, 542, 538, 250
MM, 549, 538, 13
MM, 570, 536, 12
MM, 598, 533, 12
MM, 634, 533, 13
MM, 646, 533, 12
MM, 7, 30, 12
MM, 11, 30, 13
MM, 13, 30, 13
MM, 16, 30, 12
MM, 16, 29, 13
MM, 17, 29, 12
MM, 17, 28, 12
MM, 17, 27, 262
MM, 17, 26, 26
MM, 17, 25, 38
MM, 17, 24, 25
MM, 18, 23, 12
MM, 18, 22, 50
MC, 1, 275
MM, 16, 22, 136
MM, 11, 22, 14
MM, 0, 26, 13
MM, 628, 534, 11
MM, 0, 7, 13
MM, 22, 19, 13
MM, 11, 26, 12
MM, 554, 570, 13
MM, 24, 1, 12
MM, 14, 5, 12
MM, 10, 8, 13
MM, 6, 11, 13
MM, 4, 12, 12
MM, 2, 15, 12
MM, 1, 17, 13
MM, 2, 17, 350
MM, 3, 17, 13
MM, 5, 17, 12
MM, 8, 17, 12
MM, 17, 17, 13
MM, 29, 17, 12
MM, 554, 593, 13
MM, 0, 17, 12
MM, 3, 17, 14
MM, 5, 17, 11
MM, 6, 17, 13
MM, 7, 17, 13
MM, 8, 17, 12
MM, 9, 17, 12
MM, 10, 17, 238
MM, 11, 17, 13
MM, 12, 17, 13
MM, 14, 17, 12
MM, 17, 17, 12
MM, 21, 18, 12
MM, 28, 19, 13
MM, 34, 21, 12
MM, 598, 597, 13
MM, 601, 597, 12
MM, 0, 21, 13
MM, 2, 21, 12
MM, 3, 21, 14
MM, 4, 21, 11
MM, 5, 22, 12
MM, 6, 22, 25
MM, 7, 23, 13
MM, 8, 23, 13
MM, 11, 23, 12
MM, 14, 23, 13
MM, 17, 23, 12
MM, 20, 23, 12
MM, 22, 23, 13
MM, 24, 23, 12
MM, 25, 23, 13
MM, 26, 23, 12
MM, 29, 23, 13
MM, 30, 23, 12
MM, 634, 599, 13
MM, 635, 599, 13
MM, 637, 599, 11
MM, 638, 599, 14
MM, 1, 23, 12
MM, 3, 23, 12
MM, 5, 22, 12
MM, 7, 22, 14
MM, 8, 22, 12
MM, 9, 22, 13
MM, 10, 21, 12
MM, 11, 21, 25
MM, 12, 21, 37
MM, 13, 21, 50
MC, 1, 274
MM, 12, 21, 139
MM, 8, 21, 12
MM, 638, 598, 13
MM, 609, 609, 12
MM, 564, 630, 13
MM, 161, 24, 12
MM, 152, 29, 13
MM, 530, 647, 12
MM, 519, 651, 12
MM, 512, 654, 13
MM, 507, 656, 12
MM, 504, 658, 13
MM, 502, 659, 12
MM, 500, 659, 13
MM, 499, 660, 25
MM, 498, 660, 25
MM, 497, 660, 137
MM, 496, 658, 25
MM, 496, 657, 12
MM, 496, 656, 13
MM, 496, 655, 12
MM, 496, 652, 13
MM, 496, 649, 12
MM, 496, 647, 13
MM, 496, 646, 13
MM, 496, 645, 13
MM, 496, 644, 26
MM, 106, 30, 35
MC, 1, 375
MM, 106, 29, 464
MM, 106, 28, 13
MM, 106, 27, 37
MM, 106, 26, 37
MM, 106, 25, 401
MM, 106, 24, 12
MM, 107, 23, 12
MM, 107, 21, 12
MM, 109, 18, 13
MM, 112, 12, 12
MM, 116, 2, 13
MM, 515, 599, 13
MM, 5, 10, 12
MM, 9, 4, 13
MM, 13, 0, 13
MM, 531, 574, 12
MM, 532, 573, 12
MM, 533, 572, 25
MM, 534, 571, 12
MM, 535, 570, 226
MM, 26, 30, 12
MM, 32, 28, 13
MM, 550, 563, 12
MM, 3, 21, 12
MM, 9, 18, 13
MM, 14, 15, 13
MM, 17, 12, 12
MM, 20, 11, 13
MM, 23, 9, 12
MM, 26, 6, 13
MM, 28, 3, 12
MM, 31, 1, 12
MM, 31, 0, 13
MM, 587, 537, 12
MM, 588, 536, 13
MM, 589, 535, 13
MM, 590, 535, 12
MM, 590, 534, 13
MM, 592, 533, 12
MM, 29, 30, 25
MM, 30, 30, 13
MM, 31, 29, 12
MM, 33, 28, 13
MM, 35, 27, 12
MM, 36, 26, 13
MM, 602, 527, 12
MM, 603, 525, 13
MM, 605, 525, 12
MM, 605, 523, 13
MM, 606, 522, 12
MM, 1, 18, 12
MM, 3, 16, 13
MM, 4, 15, 13
MM, 5, 13, 12
MM, 6, 13, 13
MM, 8, 12, 12
MM, 8, 11, 12
MM, 9, 11, 13
MM, 10, 11, 12
MM, 10, 10, 12
MM, 11, 10, 14
MC, 1, 274
MM, 11, 12, 151
MM, 8, 15, 12
MM, 4, 22, 12
MM, 605, 533, 13
MM, 593, 545, 12
MM, 25, 28, 13
MM, 572, 575, 13
MM, 8, 5, 12
MM, 7, 9, 12
MM, 4, 11, 13
MM, 2, 14, 12
MM, 559, 594, 13
MM, 556, 597, 13
MM, 33, 29, 12
MM, 546, 611, 12
MM, 154, 1, 13
MM, 151, 5, 12
MM, 150, 7, 13
MM, 147, 9, 12
MM, 147, 10, 13
MM, 145, 12, 12
MM, 144, 13, 13
MM, 144, 15, 12
MM, 142, 17, 13
MM, 142, 19, 12
MM, 141, 21, 12
MM, 140, 23, 13
MM, 139, 24, 25
MM, 138, 25, 12
MM, 137, 26, 25
MM, 137, 27, 13
MM, 136, 28, 12
MM, 135, 28, 13
MM, 134, 29, 12
MM, 522, 644, 25
MM, 521, 644, 13
MM, 520, 646, 12
MM, 518, 646, 13
MM, 517, 648, 12
MM, 516, 648, 13
MM, 516, 649, 12
MM, 515, 649, 38
MP, 1, 100
MR, 1, 137
MC, 1, 0
MM, 515, 648, 63
MM, 516, 646, 25
MM, 517, 645, 12
MM, 517, 644, 12
MM, 128, 28, 13
MM, 129, 27, 12
MM, 129, 26, 13
MM, 129, 25, 13
MM, 130, 25, 12
MM, 130, 24, 25
MC, 1, 275
MM, 129, 23, 288
MM, 125, 22, 12
MM, 117, 16, 13
MM, 96, 1, 12
MM, 17, 14, 13
MM, 3, 5, 12
MM, 431, 576, 13
MM, 426, 573, 13
MM, 423, 570, 12
MM, 35, 28, 12
MM, 34, 27, 13
MM, 32, 24, 12
MM, 31, 19, 13
MM, 30, 12, 12
MM, 29, 10, 337
MM, 28, 8, 13
MM, 28, 6, 13
MM, 28, 4, 12
MM, 27, 2, 13
MM, 411, 538, 12
MM, 410, 537, 13
MM, 409, 536, 12
MM, 408, 536, 14
MM, 406, 536, 11
MM, 403, 535, 13
MM, 400, 534, 12
MM, 399, 534, 13
MM, 397, 533, 12
MM, 395, 532, 13
MM, 393, 531, 12
MM, 391, 531, 13
MM, 37, 29, 12
MM, 35, 28, 13
MM, 33, 27, 12
MM, 31, 27, 13
MM, 28, 26, 12
MM, 26, 26, 12
MM, 24, 26, 13
MM, 23, 26, 13
MM, 21, 26, 12
MM, 20, 26, 12
MM, 19, 25, 12
MM, 17, 25, 13
MM, 16, 25, 25
MM, 16, 24, 25
MM, 15, 24, 12
MM, 15, 23, 113
MC, 1, 138
MM, 15, 22, 63
MM, 17, 22, 12
MM, 22, 21, 12
MM, 37, 19, 12
MM, 9, 19, 13
MM, 438, 521, 12
MM, 19, 19, 12
MM, 477, 527, 13
MM, 505, 537, 13
MM, 18, 4, 12
MM, 28, 8, 13
MM, 29, 8, 263
MM, 33, 7, 12
MM, 551, 544, 13
MM, 16, 0, 12
MM, 30, 30, 12
MM, 605, 530, 13
MM, 4, 27, 13
MM, 8, 27, 12
MM, 11, 26, 13
MM, 13, 25, 12
MM, 15, 25, 13
MM, 16, 24, 12
MM, 17, 24, 13
MM, 18, 24, 37
MM, 18, 23, 12
MM, 18, 22, 51
MM, 18, 21, 37
MC, 1, 249
MM, 19, 21, 51
MM, 20, 21, 12
MM, 21, 21, 13
MM, 24, 21, 12
MM, 27, 21, 13
MM, 642, 524, 12
MM, 10, 25, 13
MM, 20, 29, 12
MM, 668, 533, 12
MM, 672, 534, 13
MM, 673, 535, 13
MM, 674, 536, 25
MM, 675, 536, 12
MM, 676, 536, 112
MM, 677, 537, 15
MM, 678, 538, 10
MM, 2, 0, 12
MM, 5, 1, 13
MM, 7, 3, 12
MM, 8, 4, 13
MM, 9, 4, 12
MM, 10, 4, 25
MM, 11, 5, 12
MM, 12, 5, 14
MM, 13, 6, 12
MM, 14, 7, 12
MM, 15, 9, 12
MM, 16, 9, 13
MM, 16, 11, 13
MM, 17, 11, 12
MM, 18, 12, 13
MC, 1, 262
MC, 2, 238
MM, 17, 12, 139
MM, 13, 13, 12
MM, 5, 16, 13
MM, 27, 29, 12
MM, 16, 11, 13
MM, 33, 24, 11
MM, 570, 609, 13
MM, 160, 7, 12
MM, 151, 13, 13
MM, 144, 17, 13
MM, 138, 21, 12
MM, 131, 24, 13
MM, 123, 27, 13
MM, 119, 30, 12
MM, 505, 645, 12
MM, 503, 646, 13
MM, 502, 646, 12
MM, 501, 646, 13
MM, 499, 646, 13
MM, 498, 647, 12
MM, 497, 648, 12
MM, 495, 649, 13
MM, 494, 650, 12
MM, 493, 650, 12
MM, 493, 651, 13
MM, 492, 651, 25
MM, 493, 650, 150
MM, 493, 649, 13
MM, 494, 648, 13
MM, 495, 647, 12
MM, 495, 646, 12
MM, 496, 644, 12
MM, 107, 30, 13
MM, 107, 29, 13
MM, 108, 27, 12
MM, 109, 26, 13
MM, 109, 25, 12
MM, 109, 24, 37
MM, 110, 24, 12
MC, 1, 338
MM, 110, 23, 313
MM, 110, 22, 13
MM, 112, 19, 12
MM, 114, 13, 12
MM, 119, 4, 13
MM, 512, 610, 13
MM, 516, 606, 13
MM, 1, 27, 12
MM, 2, 26, 13
MM, 3, 25, 12
MM, 3, 24, 13
MM, 4, 23, 12
MM, 5, 22, 37
MM, 6, 22, 13
MM, 6, 21, 13
MM, 7, 21, 12
MM, 8, 19, 12
MM, 10, 17, 13
MM, 12, 15, 12
MM, 14, 12, 13
MM, 16, 11, 12
MM, 19, 9, 12
MM, 20, 8, 13
MM, 21, 7, 13
MM, 22, 7, 12
MM, 23, 6, 12
MM, 24, 4, 26
MM, 24, 3, 12
MM, 24, 2, 13
MM, 541, 575, 12
MM, 540, 572, 13
MM, 27, 28, 13
MM, 26, 24, 12
MM, 25, 21, 12
MM, 23, 20, 13
MM, 23, 19, 12
MM, 22, 17, 12
MM, 22, 16, 25
MM, 21, 16, 12
MM, 21, 15, 13
MM, 20, 15, 87
MC, 1, 188
MM, 19, 15, 151
MM, 16, 15, 12
MM, 10, 15, 13
MM, 510, 553, 13
MM, 30, 13, 13
MM, 20, 11, 12
MM, 10, 9, 11
MM, 1, 4, 13
MM, 464, 541, 13
MM, 459, 538, 12
MM, 457, 537, 12
MM, 455, 536, 14
MM, 452, 535, 12
MM, 450, 535, 13
MM, 447, 533, 12
MM, 3, 29, 12
MM, 438, 530, 13
MM, 435, 530, 13
MM, 434, 529, 12
MM, 35, 27, 12
MM, 35, 26, 13
MM, 34, 26, 12
MM, 33, 26, 100
MM, 32, 26, 12
MM, 31, 25, 26
MM, 30, 25, 12
MM, 30, 24, 12
MM, 29, 24, 13
MM, 28, 23, 25
MC, 1, 200
MM, 29, 23, 62
MM, 31, 23, 13
MM, 35, 23, 12
MM, 437, 525, 13
MM, 10, 23, 13
MM, 20, 23, 12
MM, 28, 23, 12
MM, 36, 23, 13
MM, 480, 525, 12
MM, 3, 23, 13
MM, 6, 23, 12
MM, 8, 23, 13
MM, 9, 22, 12
MM, 10, 22, 13
MM, 11, 21, 12
MM, 12, 21, 25
MM, 13, 21, 13
MM, 13, 20, 25
MM, 14, 20, 12
MC, 1, 324
MM, 13, 22, 76
MM, 9, 27, 12
MM, 13, 3, 13
MM, 6, 14, 13
MM, 1, 21, 12
MM, 468, 564, 12
MM, 467, 568, 13
MM, 465, 570, 12
MM, 464, 573, 13
MM, 30, 0, 12
MM, 30, 2, 12
MM, 29, 3, 13
MM, 29, 4, 13
MM, 29, 5, 12
MM, 29, 6, 63
MM, 28, 6, 49
MM, 28, 7, 13
MM, 28, 9, 24
MM, 27, 10, 14
MM, 27, 11, 12
MM, 26, 13, 12
MM, 26, 15, 13
MM, 26, 16, 12
MM, 26, 18, 13
MM, 25, 21, 12
MM, 25, 24, 13
MM, 24, 27, 13
MM, 24, 29, 12
MM, 24, 30, 12
MM, 457, 607, 13
MM, 457, 608, 25
MM, 457, 610, 24
MM, 456, 610, 13
MM, 456, 611, 12
MM, 66, 0, 13
MM, 65, 2, 13
MM, 65, 4, 12
MM, 64, 6, 12
MM, 64, 9, 13
MM, 63, 11, 12
MM, 63, 13, 13
MM, 62, 15, 13
MM, 61, 16, 12
MM, 61, 19, 13
MM, 60, 20, 12
MM, 60, 21, 12
MM, 60, 22, 37
MC, 1, 239
MM, 61, 20, 212
MM, 64, 16, 13
MM, 69, 9, 12
MM, 76, 1, 12
MM, 477, 608, 13
MM, 12, 25, 13
MM, 22, 20, 12
MM, 28, 14, 12
MM, 34, 10, 13
MM, 0, 6, 12
MM, 6, 3, 13
MM, 11, 1, 13
MM, 13, 0, 12
MM, 531, 575, 12
MM, 533, 575, 13
MM, 533, 574, 12
MM, 534, 574, 238
MM, 535, 574, 12
MM, 541, 572, 12
MM, 555, 570, 13
MM, 14, 29, 13
MM, 26, 28, 12
MM, 36, 27, 12
MM, 1, 27, 13
MM, 6, 27, 12
MM, 9, 27, 13
MM, 10, 27, 13
MM, 12, 27, 12
MM, 13, 27, 200
MM, 15, 26, 13
MM, 19, 26, 12
MM, 26, 25, 13
MM, 631, 563, 12
MM, 6, 23, 13
MM, 16, 22, 12
MM, 23, 20, 13
MM, 26, 20, 12
MM, 29, 19, 13
MM, 32, 19, 12
MM, 35, 18, 24
MM, 675, 557, 1
MM, 1, 17, 13
MM, 7, 16, 12
MM, 11, 16, 13
MM, 14, 16, 12
MM, 16, 16, 12
MM, 18, 16, 13
MM, 19, 16, 12
MM, 20, 16, 13
MM, 21, 16, 12
MM, 22, 16, 13
MM, 23, 16, 49
MC, 1, 251
MM, 21, 16, 199
MM, 15, 19, 12
MM, 676, 564, 14
MM, 639, 571, 12
MM, 24, 1, 13
MM, 559, 577, 12
MM, 4, 1, 12
MM, 27, 1, 13
MM, 15, 1, 12
MM, 472, 577, 13
MM, 27, 1, 12
MM, 20, 1, 12
MM, 17, 1, 13
MM, 14, 1, 13
MM, 11, 1, 250
MM, 4, 1, 12
MM, 34, 0, 13
MM, 412, 574, 12
MM, 404, 572, 13
MM, 399, 571, 12
MM, 395, 570, 13
MM, 7, 30, 12
MM, 6, 29, 13
MM, 5, 29, 13
MM, 5, 28, 25
MM, 4, 28, 137
MM, 3, 28, 25
MM, 2, 28, 12
MM, 0, 27, 13
MM, 383, 566, 12
MM, 380, 565, 13
MM, 32, 25, 12
MM, 29, 25, 12
MM, 26, 23, 13
MM, 22, 22, 13
MM, 19, 21, 12
MM, 18, 21, 12
MM, 17, 20, 13
MM, 17, 19, 12
MM, 16, 19, 13
MM, 16, 18, 37
MM, 15, 18, 25
MC, 1, 212
MM, 18, 16, 176
MM, 28, 13, 13
MM, 17, 2, 11
MM, 440, 533, 13
MM, 480, 523, 13
MM, 10, 19, 13
MM, 15, 19, 12
MM, 23, 18, 13
MM, 31, 18, 12
MM, 521, 520, 12
MM, 3, 18, 13
MM, 6, 18, 12
MM, 8, 18, 13
MM, 9, 18, 12
MM, 10, 18, 13
MM, 11, 18, 25
MM, 13, 18, 26
MM, 16, 18, 12
MM, 22, 18, 12
MM, 28, 19, 12
MM, 33, 20, 13
MM, 558, 522, 12
MM, 561, 523, 13
MM, 562, 523, 16
MM, 563, 523, 21
MM, 0, 21, 13
MM, 1, 21, 12
MM, 3, 21, 25
MM, 4, 21, 25
MM, 6, 21, 13
MM, 7, 21, 12
MM, 9, 21, 25
MM, 10, 21, 25
MC, 1, 300
MM, 9, 21, 615
MM, 6, 23, 12
MM, 562, 527, 12
MM, 25, 27, 13
MM, 12, 30, 12
MM, 518, 534, 12
MM, 507, 536, 13
MM, 500, 537, 12
MM, 495, 537, 13
MM, 490, 538, 13
MM, 486, 538, 12
MM, 482, 538, 12
MM, 479, 538, 13
MM, 478, 538, 13
MM, 476, 538, 12
MM, 475, 538, 250
MM, 474, 538, 13
MM, 0, 0, 13
MM, 465, 539, 12
MM, 28, 1, 12
MM, 19, 3, 13
MM, 9, 4, 12
MM, 0, 5, 12
MM, 35, 5, 13
MM, 32, 6, 12
MM, 29, 6, 13
MM, 28, 7, 13
MM, 27, 7, 12
MM, 26, 7, 13
MM, 25, 7, 12
MM, 25, 8, 12
MM, 24, 8, 13
MM, 23, 8, 13
MM, 23, 9, 200
MM, 22, 9, 13
MM, 22, 10, 37
MM, 22, 11, 112
MM, 23, 12, 14
MM, 24, 13, 14
MM, 26, 15, 10
MM, 30, 16, 13
MM, 421, 556, 12
MM, 426, 558, 12
MM, 3, 20, 13
MM, 6, 20, 12
MM, 9, 21, 13
MM, 12, 22, 13
MM, 15, 23, 12
MM, 20, 24, 13
MM, 24, 24, 12
MM, 29, 25, 12
MM, 33, 26, 13
MM, 35, 26, 12
MM, 36, 26, 12
MM, 464, 565, 13
MM, 465, 565, 13
MM, 466, 565, 25
MM, 467, 565, 25
MM, 468, 565, 12
MM, 468, 564, 25
MM, 469, 563, 13
MM, 0, 24, 12
MM, 1, 22, 12
MM, 3, 20, 13
MM, 5, 18, 13
MM, 8, 16, 12
MM, 10, 15, 12
MM, 12, 13, 13
MM, 14, 12, 12
MM, 15, 12, 13
MM, 16, 11, 13
MM, 19, 10, 12
MM, 21, 9, 13
MM, 22, 9, 12
MM, 24, 9, 13
MM, 27, 8, 12
MM, 31, 8, 12
MM, 505, 547, 12
MM, 508, 547, 14
MM, 510, 547, 12
MM, 0, 8, 12
MM, 1, 8, 26
MM, 2, 8, 286
MM, 4, 8, 26
MM, 6, 8, 12
MM, 7, 8, 13
MM, 9, 8, 12
MM, 11, 9, 12
MM, 12, 9, 13
MC, 1, 237
MM, 13, 9, 64
MM, 14, 9, 37
MM, 15, 10, 24
MM, 17, 10, 13
MM, 19, 12, 13
MM, 21, 13, 13
MM, 24, 14, 12
MM, 27, 15, 11
MM, 31, 16, 13
MM, 35, 17, 13
MM, 549, 556, 13
MM, 551, 557, 12
MM, 552, 557, 12
MM, 0, 19, 12
MM, 1, 19, 26
MM, 2, 19, 12
MM, 3, 19, 38
MM, 4, 19, 25
MM, 5, 19, 24
MM, 6, 19, 13
MM, 7, 19, 25
MM, 8, 19, 19
MM, 9, 19, 5
MM, 10, 19, 13
MC, 1, 387
MM, 9, 19, 163
MM, 4, 19, 13
MM, 550, 558, 13
MM, 27, 16, 12
MM, 16, 12, 13
MM, 7, 7, 12
MM, 0, 0, 13
MM, 505, 533, 12
MM, 20, 26, 12
MM, 18, 24, 12
MM, 17, 22, 13
MM, 16, 21, 13
MM, 16, 19, 12
MM, 16, 18, 26
MM, 16, 17, 37
MC, 1, 300
MM, 15, 17, 37
MM, 14, 17, 38
MM, 13, 17, 12
MM, 11, 17, 12
MM, 10, 18, 13
MM, 8, 19, 12
MM, 4, 21, 13
MM, 479, 524, 13
MM, 34, 24, 12
MM, 28, 25, 12
MM, 25, 26, 13
MM, 23, 26, 12
MM, 21, 26, 13
MM, 19, 26, 12
MM, 18, 26, 12
MM, 15, 26, 14
MM, 13, 26, 12
MM, 12, 26, 12
MM, 9, 26, 12
MM, 8, 26, 13
MM, 6, 26, 12
MM, 4, 26, 13
MM, 2, 26, 12
MM, 0, 26, 12
MM, 438, 528, 13
MM, 435, 527, 13
MM, 35, 25, 12
MM, 33, 25, 13
MM, 31, 24, 12
MM, 29, 24, 12
MM, 28, 23, 13
MM, 27, 23, 13
MM, 26, 23, 12
MM, 26, 22, 25
MM, 25, 22, 12
MM, 24, 22, 63
MM, 24, 21, 12
MM, 23, 21, 13
MM, 22, 21, 25
MC, 1, 225
MM, 23, 21, 62
MM, 25, 21, 13
MM, 27, 21, 12
MM, 30, 21, 13
MM, 33, 21, 12
MM, 434, 523, 14
MM, 437, 523, 12
MM, 1, 21, 12
MM, 3, 21, 13
MM, 5, 21, 12
MM, 8, 21, 13
MM, 10, 21, 12
MM, 12, 21, 13
MM, 13, 21, 12
MM, 14, 21, 12
MM, 15, 21, 12
MM, 16, 21, 38
MC, 1, 251
MM, 16, 24, 199
MM, 16, 28, 13
MM, 455, 537, 13
MM, 28, 6, 13
MM, 28, 11, 12
MM, 28, 18, 13
MM, 30, 27, 12
MM, 25, 0, 12
MM, 26, 6, 13
MM, 28, 10, 12
MM, 29, 13, 13
MM, 29, 15, 12
MM, 30, 17, 13
MM, 31, 19, 12
MM, 31, 20, 13
MM, 32, 22, 12
MM, 32, 23, 13
MM, 33, 24, 13
MM, 33, 26, 12
MM, 33, 27, 513
MM, 34, 27, 13
MM, 469, 605, 12
MM, 469, 606, 25
MM, 470, 607, 12
MM, 470, 608, 13
MM, 470, 609, 38
MM, 471, 610, 149
MM, 471, 611, 13
MM, 472, 612, 13
MM, 82, 1, 12
MM, 82, 3, 13
MM, 83, 5, 12
MM, 83, 6, 12
MM, 83, 7, 13
MM, 83, 8, 12
MM, 83, 9, 13
MM, 83, 10, 24
MM, 83, 11, 14
MM, 83, 12, 12
MM, 83, 13, 25
MC, 1, 274
MM, 81, 13, 201
MM, 73, 10, 13
MM, 450, 612, 12
MM, 32, 7, 13
MM, 12, 22, 12
MM, 0, 11, 13
MM, 34, 2, 12
MM, 18, 29, 12
MM, 12, 19, 13
MM, 8, 13, 12
MM, 5, 9, 13
MM, 3, 6, 12
MM, 0, 4, 13
MM, 350, 503, 12
MM, 349, 501, 13
MM, 347, 499, 12
MM, 347, 498, 13
MM, 346, 495, 12
MM, 345, 495, 13
MM, 345, 494, 12
MM, 345, 493, 13
MM, 345, 492, 37
MM, 347, 492, 88
MM, 0, 28, 12
MM, 2, 29, 12
MM, 355, 496, 13
MM, 358, 498, 13
MM, 360, 500, 12
MM, 361, 501, 12
MM, 11, 1, 13
MM, 12, 2, 25
MM, 12, 3, 25
MM, 13, 4, 12
MM, 14, 5, 26
MM, 14, 6, 12
MM, 14, 9, 12
MM, 14, 11, 13
MM, 14, 14, 12
MM, 14, 15, 12
MM, 14, 16, 13
MM, 14, 17, 50
MC, 1, 213
MM, 15, 17, 112
MM, 16, 17, 12
MM, 18, 17, 13
MM, 21, 17, 13
MM, 28, 17, 12
MM, 391, 521, 12
MM, 15, 22, 13
MM, 29, 24, 12
MM, 434, 528, 13
MM, 438, 529, 12
MM, 3, 28, 13
MM, 12, 29, 12
MM, 17, 29, 13
MM, 21, 29, 12
MM, 23, 29, 13
MM, 25, 29, 13
MM, 27, 29, 237
MM, 30, 29, 12
MM, 36, 29, 14
MM, 14, 30, 12
MM, 516, 535, 12
MM, 525, 537, 13
MM, 19, 0, 12
MM, 25, 3, 13
MM, 30, 6, 12
MM, 33, 6, 13
MM, 35, 7, 12
MM, 36, 8, 12
MM, 548, 547, 13
MM, 549, 547, 13
MM, 550, 548, 37
MM, 551, 548, 100
MM, 551, 549, 25
MM, 553, 550, 12
MM, 0, 11, 25
MM, 1, 12, 13
MM, 2, 12, 13
MM, 3, 12, 13
MM, 5, 12, 12
MM, 7, 13, 11
MM, 8, 13, 13
MM, 8, 14, 13
MM, 9, 14, 13
MM, 10, 14, 13
MC, 1, 273
MM, 9, 14, 164
MM, 7, 14, 13
MM, 2, 12, 12
MM, 26, 6, 12
MM, 16, 30, 13
MM, 34, 22, 12
MM, 10, 16, 13
MM, 437, 516, 12
MM, 33, 12, 13
MM, 29, 11, 13
MM, 27, 10, 13
MM, 24, 10, 11
MM, 23, 10, 12
MM, 22, 9, 13
MM, 21, 9, 13
MM, 20, 9, 25
MM, 19, 9, 37
MC, 1, 301
MM, 20, 10, 87
MM, 22, 11, 12
MM, 24, 17, 13
MM, 34, 28, 12
MM, 19, 5, 13
MM, 27, 13, 12
MM, 35, 18, 12
MM, 467, 562, 13
MM, 3, 29, 13
MM, 5, 3, 13
MM, 12, 12, 11
MM, 18, 17, 13
MM, 21, 18, 13
MM, 22, 20, 12
MM, 23, 21, 13
MM, 24, 21, 25
MM, 25, 21, 238
MM, 26, 21, 12
MM, 29, 20, 13
MM, 33, 19, 12
MM, 514, 593, 12
MM, 1, 16, 13
MM, 4, 16, 13
MM, 7, 15, 12
MM, 8, 15, 12
MM, 9, 14, 13
MM, 10, 14, 12
MM, 11, 14, 25
MM, 11, 13, 88
MC, 1, 262
MM, 10, 13, 163
MM, 6, 12, 13
MM, 516, 582, 12
MM, 23, 29, 13
MM, 469, 554, 12
MM, 31, 8, 12
MM, 22, 1, 13
MM, 438, 535, 12
MM, 32, 26, 13
MM, 29, 21, 12
MM, 25, 18, 13
MM, 23, 16, 12
MM, 23, 14, 12
MM, 22, 14, 13
MM, 22, 13, 12
MM, 21, 13, 13
MM, 20, 12, 13
MM, 20, 11, 12
MM, 19, 11, 12
MM, 19, 10, 25
MM, 18, 10, 13
MC, 1, 351
MM, 18, 12, 74
MM, 20, 17, 12
MM, 25, 24, 13
MM, 431, 535, 13
MM, 12, 3, 12
MM, 18, 8, 13
MM, 23, 12, 12
MM, 25, 14, 12
MM, 28, 19, 13
MM, 31, 23, 13
MM, 33, 27, 12
MM, 36, 29, 13
MM, 465, 570, 13
MM, 466, 573, 11
MM, 468, 573, 13
MM, 469, 575, 12
MM, 470, 575, 13
MM, 470, 576, 12
MM, 470, 577, 38
MM, 470, 578, 12
MM, 470, 579, 38
MM, 469, 579, 12
MM, 33, 4, 13
MM, 32, 5, 12
MM, 31, 5, 12
MM, 29, 5, 21
MM, 27, 6, 5
MM, 26, 7, 12
MM, 24, 8, 13
MM, 22, 8, 12
MM, 20, 10, 12
MM, 19, 10, 13
MM, 16, 11, 13
MM, 15, 12, 12
MM, 14, 12, 13
MM, 14, 13, 37
MC, 1, 226
MM, 13, 13, 75
MM, 11, 10, 24
MM, 8, 4, 13
MM, 11, 30, 12
MM, 3, 10, 13
MM, 425, 534, 12
MM, 25, 24, 13
MM, 22, 21, 12
MM, 20, 18, 13
MM, 18, 16, 12
MM, 16, 14, 12
MM, 15, 12, 13
MM, 15, 11, 13
MM, 14, 10, 12
MM, 14, 9, 25
MC, 1, 312
MM, 15, 9, 89
MM, 16, 9, 11
MM, 17, 9, 13
MM, 19, 9, 13
MM, 20, 10, 11
MM, 22, 10, 12
MM, 25, 10, 13
MM, 28, 10, 13
MM, 33, 10, 12
MM, 435, 512, 12
MM, 0, 10, 13
MM, 2, 10, 12
MM, 4, 10, 13
MM, 5, 10, 13
MM, 6, 10, 12
MM, 7, 10, 12
MM, 8, 10, 13
MM, 9, 10, 51
MC, 1, 287
MM, 9, 11, 62
MM, 9, 12, 13
MM, 9, 13, 25
MM, 8, 16, 12
MM, 6, 23, 13
MM, 443, 535, 12
MM, 14, 3, 13
MM, 12, 8, 12
MM, 12, 11, 13
MM, 12, 13, 12
MM, 11, 15, 13
MM, 11, 17, 12
MM, 11, 19, 12
MM, 11, 22, 13
MM, 11, 24, 13
MM, 11, 26, 12
MM, 11, 28, 12
MM, 11, 30, 13
MM, 438, 570, 13
MM, 438, 571, 12
MM, 438, 572, 225
MM, 438, 574, 13
MM, 4, 1, 12
MM, 6, 8, 12
MM, 9, 15, 13
MM, 12, 21, 12
MM, 16, 30, 13
MM, 64, 2, 12
MM, 67, 10, 14
MM, 69, 14, 12
MM, 70, 16, 12
MM, 71, 19, 13
MM, 71, 20, 12
MM, 72, 21, 13
MM, 72, 22, 12
MM, 72, 23, 37
MC, 1, 313
MM, 73, 23, 113
MM, 74, 23, 25
MM, 76, 21, 12
MM, 79, 18, 12
MM, 87, 8, 13
MM, 20, 28, 12
MM, 512, 590, 13
MM, 3, 5, 12
MM, 527, 572, 13
MM, 21, 26, 12
MM, 25, 22, 13
MM, 27, 21, 12
MM, 30, 19, 13
MM, 31, 18, 12
MM, 32, 17, 12
MM, 33, 16, 13
MM, 34, 15, 12
MM, 35, 15, 201
MM, 549, 553, 12
MM, 1, 12, 13
MM, 12, 4, 12
MM, 581, 533, 13
MM, 601, 524, 12
MM, 2, 18, 13
MM, 6, 16, 12
MM, 8, 14, 13
MM, 10, 13, 12
MM, 11, 12, 26
MM, 12, 12, 11
MM, 12, 11, 25
MM, 13, 11, 13
MC, 1, 338
MM, 12, 12, 100
MM, 8, 17, 13
MM, 606, 531, 12
MM, 0, 2, 13
MM, 591, 548, 12
MM, 32, 14, 13
MM, 28, 20, 12
MM, 22, 29, 12
MM, 11, 2, 13
MM, 5, 8, 13
MM, 1, 13, 11
MM, 556, 592, 13
MM, 555, 594, 13
MM, 35, 20, 12
MM, 34, 22, 13
MM, 32, 23, 12
MM, 31, 25, 12
MM, 29, 28, 13
MM, 29, 29, 13
MM, 27, 30, 12
MM, 544, 608, 12
MM, 542, 609, 13
MM, 542, 610, 12
MM, 541, 610, 13
MM, 540, 611, 12
MM, 538, 612, 13
MM, 146, 0, 12
MM, 144, 2, 13
MM, 142, 3, 12
MM, 140, 4, 13
MM, 138, 5, 12
MM, 137, 6, 13
MM, 135, 7, 12
MM, 134, 7, 13
MM, 133, 8, 12
MM, 131, 9, 13
MM, 129, 10, 25
MM, 128, 11, 25
MM, 127, 11, 25
MC, 1, 199
MM, 124, 11, 189
MM, 119, 11, 12
MM, 110, 7, 13
MM, 478, 611, 13
MM, 10, 20, 12
MM, 432, 592, 13
MM, 33, 13, 12
MM, 28, 11, 12
MM, 24, 10, 13
MM, 21, 10, 13
MM, 16, 9, 12
MM, 11, 8, 12
MM, 7, 8, 13
MM, 4, 8, 12
MM, 3, 8, 13
MM, 1, 7, 12
MM, 390, 582, 12
MM, 388, 582, 13
MM, 387, 581, 13
MM, 385, 579, 12
MM, 385, 578, 14
MM, 33, 0, 11
MM, 382, 573, 13
MM, 382, 570, 12
MM, 382, 568, 13
MM, 382, 565, 12
MM, 382, 563, 13
MM, 382, 562, 12
MM, 383, 560, 13
MM, 0, 20, 12
MM, 3, 19, 13
MM, 9, 17, 12
MM, 14, 17, 13
MM, 20, 16, 12
MM, 21, 16, 12
MM, 22, 16, 13
MM, 23, 16, 25
MM, 24, 16, 37
MC, 1, 262
MM, 24, 15, 201
MM, 25, 12, 13
MM, 27, 9, 12
MM, 29, 2, 12
MM, 19, 27, 13
MM, 21, 17, 12
MM, 22, 11, 13
MM, 23, 8, 13
MM, 23, 7, 12
MM, 23, 6, 25
MM, 23, 5, 26
MC, 1, 261
MC, 2, 263
MM, 23, 6, 125
MM, 23, 9, 12
MM, 22, 12, 13
MM, 22, 19, 13
MM, 22, 28, 12
MM, 420, 537, 12
MM, 422, 546, 13
MM, 424, 555, 13
MM, 426, 562, 12
MM, 1, 28, 13
MM, 429, 570, 13
MM, 430, 572, 11
MM, 431, 575, 13
MM, 433, 577, 12
MM, 0, 5, 13
MM, 3, 10, 13
MM, 8, 15, 12
MM, 12, 20, 13
MM, 15, 24, 12
MM, 16, 26, 12
MM, 18, 28, 13
MM, 18, 30, 13
MM, 453, 607, 12
MM, 454, 609, 25
MM, 455, 609, 12
MM, 455, 610, 25
MM, 455, 611, 212
MM, 455, 612, 13
MM, 67, 1, 12
MM, 67, 3, 13
MM, 68, 5, 12
MM, 69, 6, 12
MM, 70, 8, 14
MM, 70, 10, 24
MM, 71, 10, 26
MM, 71, 11, 12
MM, 71, 12, 50
MM, 73, 13, 400
MM, 74, 13, 12
MM, 75, 13, 13
MM, 80, 13, 12
MM, 93, 9, 13
MM, 108, 5, 12
MM, 120, 0, 13
MM, 520, 608, 13
MM, 15, 28, 12
MM, 22, 26, 12
MM, 27, 23, 13
MM, 29, 22, 13
MM, 31, 21, 12
MM, 32, 21, 26
MM, 32, 20, 11
MM, 33, 20, 38
MM, 34, 20, 25
MM, 35, 20, 12
MM, 36, 20, 25
MM, 554, 596, 25
MM, 555, 596, 25
MM, 556, 596, 12
MM, 557, 596, 13
MM, 558, 596, 25
MM, 559, 596, 12
MM, 0, 19, 13
MM, 1, 19, 13
MM, 2, 19, 12
MM, 4, 18, 12
MM, 6, 16, 13
MM, 8, 16, 13
MM, 10, 16, 12
MM, 11, 16, 12
MM, 14, 15, 13
MM, 15, 15, 12
MM, 17, 15, 13
MM, 18, 15, 13
MM, 20, 14, 11
MM, 21, 14, 38
MC, 1, 262
MM, 19, 14, 139
MM, 17, 13, 12
MM, 14, 13, 13
MM, 7, 10, 12
MM, 28, 1, 13
MM, 10, 24, 12
MM, 510, 556, 13
MM, 34, 14, 12
MM, 30, 12, 13
MM, 28, 10, 12
MM, 27, 10, 13
MM, 25, 9, 12
MM, 25, 8, 13
MM, 24, 8, 25
MM, 22, 8, 24
MM, 22, 7, 13
MM, 21, 7, 13
MM, 19, 6, 12
MM, 19, 5, 13
MM, 17, 5, 12
MM, 16, 4, 12
MM, 15, 3, 13
MM, 13, 2, 13
MM, 479, 537, 12
MM, 474, 534, 12
MM, 30, 25, 13
MM, 25, 21, 12
MM, 23, 17, 13
MM, 21, 15, 12
MM, 21, 13, 13
MM, 20, 13, 12
MM, 19, 12, 13
MC, 1, 301
MM, 20, 12, 124
MM, 23, 12, 13
MM, 27, 15, 13
MM, 32, 19, 12
MM, 477, 527, 13
MM, 487, 536, 12
MM, 34, 7, 12
MM, 6, 14, 13
MM, 14, 20, 12
MM, 24, 24, 13
MM, 549, 568, 12
MM, 559, 572, 13
MM, 5, 1, 12
MM, 10, 6, 13
MM, 13, 11, 12
MM, 15, 13, 12
MM, 16, 13, 263
MM, 21, 13, 13
MM, 32, 13, 12
MM, 9, 13, 13
MM, 634, 589, 12
MM, 13, 13, 13
MM, 22, 13, 12
MM, 25, 13, 13
MM, 28, 13, 12
MM, 30, 13, 12
MM, 671, 589, 26
MM, 672, 589, 37
MM, 671, 590, 287
MM, 29, 15, 25
MM, 28, 16, 25
MM, 27, 16, 12
MM, 26, 16, 26
MM, 25, 17, 12
MM, 24, 17, 25
MM, 23, 17, 25
MM, 23, 18, 13
MM, 21, 18, 12
MM, 21, 19, 13
MM, 20, 19, 12
MM, 20, 20, 12
MM, 19, 20, 26
MC, 1, 174
MM, 18, 20, 250
MM, 15, 20, 13
MM, 11, 20, 13
MM, 3, 20, 12
MM, 13, 15, 12
MM, 25, 12, 13
MM, 14, 10, 12
MM, 4, 9, 13
MM, 555, 584, 13
MM, 31, 8, 12
MM, 27, 8, 12
MM, 25, 8, 13
MM, 24, 8, 12
MM, 22, 8, 13
MM, 21, 8, 12
MM, 19, 8, 25
MM, 18, 8, 25
MM, 16, 8, 13
MM, 15, 8, 25
MM, 14, 8, 12
MM, 13, 8, 13
MM, 12, 8, 12
MM, 11, 8, 38
MM, 10, 8, 12
MM, 9, 8, 25
MM, 8, 8, 13
MM, 6, 8, 13
MM, 4, 8, 12
MM, 1, 9, 12
MM, 515, 585, 13
MM, 511, 586, 12
MM, 31, 12, 13
MM, 28, 12, 13
MM, 25, 12, 12
MM, 24, 12, 13
MM, 23, 12, 12
MM, 22, 12, 75
MC, 1, 212
MM, 21, 12, 126
MM, 19, 12, 12
MM, 13, 11, 13
MM, 471, 581, 12
MM, 8, 23, 12
MM, 33, 12, 13
MM, 27, 5, 13
MM, 23, 1, 12
MM, 21, 0, 13
MM, 405, 537, 12
MM, 405, 536, 12
MM, 404, 535, 13
MM, 404, 534, 163
MM, 404, 533, 49
MM, 8, 30, 26
MM, 9, 29, 12
MM, 11, 28, 12
MM, 12, 27, 13
MM, 13, 27, 12
MM, 13, 26, 13
MM, 14, 26, 13
MM, 14, 25, 25
MC, 1, 312
MM, 13, 25, 62
MM, 11, 25, 13
MM, 9, 25, 13
MM, 7, 25, 12
MM, 4, 26, 13
MM, 394, 530, 17
MM, 36, 29, 7
MM, 382, 533, 13
MM, 379, 534, 12
MM, 377, 536, 12
MM, 376, 537, 13
MM, 374, 538, 13
MM, 29, 1, 12
MM, 27, 3, 13
MM, 27, 5, 12
MM, 24, 5, 13
MM, 23, 7, 12
MM, 22, 7, 12
MM, 21, 7, 13
MM, 20, 8, 13
MM, 19, 8, 12
MM, 19, 9, 12
MM, 18, 9, 50
MC, 1, 263
MM, 19, 9, 62
MM, 21, 9, 14
MM, 24, 9, 11
MM, 31, 9, 13
MM, 1, 10, 12
MM, 14, 13, 12
MM, 23, 14, 13
MM, 34, 15, 13
MM, 6, 17, 12
MM, 21, 19, 13
MM, 30, 20, 12
MM, 464, 560, 13
MM, 2, 21, 12
MM, 14, 21, 12
MM, 23, 22, 13
MM, 30, 22, 13
MM, 505, 563, 12
MM, 510, 563, 13
MM, 8, 25, 12
MM, 15, 25, 13
MM, 19, 26, 12
MM, 22, 27, 13
MM, 23, 27, 25
MM, 23, 28, 225
MM, 23, 29, 12
MM, 23, 30, 13
MM, 534, 570, 12
MM, 534, 571, 25
MM, 534, 572, 38
MM, 534, 573, 76
MM, 533, 573, 11
MM, 533, 574, 13
MM, 533, 575, 12
MM, 16, 0, 13
MM, 16, 1, 12
MM, 16, 2, 13
MM, 16, 3, 12
MM, 16, 5, 25
MM, 16, 6, 12
MM, 16, 7, 14
MM, 16, 9, 12
MM, 16, 10, 12
MM, 16, 11, 25
MC, 1, 287
MM, 15, 11, 151
MM, 14, 12, 13
MM, 13, 13, 12
MM, 11, 17, 13
MM, 7, 27, 12
MM, 129, 0, 13
MM, 125, 6, 12
MM, 122, 12, 13
MM, 121, 15, 12
MM, 119, 17, 13
MM, 119, 19, 12
MM, 118, 19, 12
MM, 118, 20, 13
MM, 117, 20, 13
MM, 117, 21, 87
MM, 116, 22, 25
MM, 116, 23, 38
MC, 1, 425
MM, 115, 23, 238
MM, 114, 23, 12
MM, 112, 22, 12
MM, 108, 21, 13
MM, 98, 19, 13
MM, 88, 17, 12
MM, 81, 16, 13
MM, 78, 14, 12
MM, 76, 14, 12
MM, 75, 14, 13
MM, 75, 13, 12
MM, 74, 13, 26
MM, 74, 12, 12
MM, 74, 11, 25
MM, 74, 9, 12
MM, 74, 7, 12
MM, 74, 5, 13
MM, 73, 4, 13
MM, 72, 2, 12
MM, 71, 0, 13
MM, 461, 612, 12
MM, 459, 610, 12
MM, 459, 608, 13
MM, 457, 607, 13
MM, 23, 29, 12
MM, 21, 28, 12
MM, 20, 27, 13
MM, 20, 26, 12
MM, 20, 25, 13
MM, 19, 24, 13
MM, 19, 23, 24
MC, 1, 275
MM, 20, 21, 163
MM, 22, 20, 13
MM, 27, 16, 12
MM, 4, 10, 14
MM, 27, 1, 12
MM, 514, 573, 13
MM, 524, 570, 12
MM, 25, 28, 12
MM, 35, 25, 13
MM, 550, 561, 12
MM, 1, 19, 13
MM, 3, 17, 12
MM, 7, 13, 13
MM, 11, 9, 12
MM, 15, 6, 12
MM, 21, 2, 12
MM, 580, 538, 14
MM, 585, 536, 12
MM, 589, 534, 13
MM, 591, 533, 11
MM, 594, 533, 13
MM, 33, 30, 12
MM, 602, 531, 14
MM, 605, 530, 12
MM, 1, 27, 12
MM, 2, 27, 13
MM, 3, 26, 13
MM, 4, 26, 24
MM, 5, 26, 76
MM, 5, 25, 75
MM, 6, 25, 50
MC, 1, 286
MM, 3, 25, 414
MM, 603, 527, 13
MM, 24, 25, 12
MM, 562, 528, 12
MM, 6, 28, 13
MM, 517, 531, 12
MM, 28, 30, 13
MM, 503, 534, 13
MM, 500, 535, 12
MM, 496, 535, 12
MM, 493, 536, 13
MM, 490, 536, 12
MM, 487, 537, 13
MM, 485, 537, 12
MM, 482, 538, 13
MM, 10, 0, 12
MM, 7, 1, 13
MM, 1, 3, 12
MM, 464, 546, 13
MM, 31, 11, 12
MM, 27, 13, 13
MM, 25, 15, 12
MM, 24, 15, 25
MM, 23, 16, 13
MM, 22, 16, 37
MM, 21, 17, 25
MM, 20, 18, 25
MM, 19, 18, 13
MC, 1, 211
MM, 18, 18, 126
MM, 15, 17, 25
MM, 13, 14, 13
MM, 8, 11, 12
MM, 4, 5, 12
MM, 426, 536, 14
MM, 26, 30, 12
MM, 24, 26, 12
MM, 23, 24, 12
MM, 22, 22, 13
MM, 21, 22, 12
MM, 20, 21, 13
MM, 19, 21, 25
MM, 19, 20, 12
MC, 1, 325
MM, 23, 20, 113
MM, 32, 20, 12
MM, 10, 20, 12
MM, 11, 20, 13
MM, 3, 20, 13
MM, 16, 21, 12
MM, 28, 24, 12
MM, 1, 25, 13
MM, 10, 26, 13
MM, 14, 27, 12
MM, 18, 27, 12
MM, 19, 28, 13
MM, 21, 29, 13
MM, 22, 29, 12
MM, 27, 29, 262
MM, 34, 29, 13
MM, 10, 23, 13
MM, 16, 12, 12
MM, 33, 7, 13
MM, 681, 507, 12
MM, 684, 507, 12
MM, 685, 507, 13
MM, 686, 507, 62
MM, 685, 507, 237
MM, 683, 508, 13
MM, 36, 8, 12
MM, 34, 8, 13
MM, 32, 9, 13
MM, 30, 9, 12
MM, 28, 10, 12
MM, 27, 10, 26
MM, 26, 10, 13
MC, 1, 336
MM, 22, 10, 151
MM, 13, 10, 13
MM, 28, 11, 12
MM, 19, 13, 12
MM, 30, 13, 13
MM, 13, 14, 12
MM, 27, 19, 13
MM, 18, 21, 12
MM, 11, 22, 13
MM, 4, 25, 12
MM, 477, 529, 13
MM, 466, 533, 12
MM, 457, 536, 13
MM, 451, 538, 12
MM, 18, 0, 13
MM, 17, 1, 212
MM, 17, 2, 12
MM, 15, 2, 13
MM, 11, 4, 13
MM, 3, 6, 12
MM, 423, 547, 13
MM, 33, 10, 12
MM, 30, 11, 12
MM, 27, 11, 13
MM, 25, 12, 12
MM, 24, 12, 13
MM, 23, 12, 12
MM, 22, 12, 13
MM, 21, 12, 25
MM, 20, 12, 38
MC, 1, 275
MM, 21, 12, 125
MM, 24, 12, 12
MM, 31, 12, 13
MM, 10, 17, 12
MM, 32, 23, 13
MM, 3, 28, 12
MM, 490, 572, 13
MM, 501, 575, 12
MM, 30, 2, 13
MM, 35, 4, 12
MM, 512, 582, 12
MM, 516, 585, 13
MM, 0, 9, 238
MM, 3, 10, 13
MM, 10, 11, 12
MM, 28, 17, 12
MM, 2, 24, 13
MM, 12, 28, 13
MM, 580, 609, 12
MM, 589, 614, 12
MM, 595, 616, 13
MM, 598, 617, 12
MM, 599, 618, 13
MM, 601, 618, 13
MM, 602, 618, 24
MM, 603, 618, 112
MM, 604, 618, 51
MM, 605, 618, 12
MM, 606, 618, 12
MM, 607, 617, 13
MM, 610, 614, 12
MM, 614, 610, 13
MM, 619, 607, 13
MM, 20, 27, 12
MM, 22, 25, 12
MM, 25, 24, 13
MM, 27, 23, 12
MM, 28, 22, 13
MM, 29, 21, 13
MM, 634, 596, 11
MM, 636, 596, 13
MM, 638, 596, 13
MM, 1, 20, 12
MM, 4, 19, 13
MM, 6, 19, 12
MM, 8, 19, 12
MM, 10, 18, 13
MM, 11, 18, 25
MM, 12, 18, 13
MC, 1, 324
MM, 9, 18, 214
MM, 5, 18, 12
MM, 638, 594, 13
MM, 26, 19, 12
MM, 15, 21, 13
MM, 4, 22, 12
MM, 599, 600, 13
MM, 34, 24, 12
MM, 29, 23, 13
MM, 27, 21, 12
MM, 24, 19, 13
MM, 22, 17, 12
MM, 21, 16, 13
MM, 20, 15, 12
MM, 18, 15, 13
MM, 16, 14, 12
MM, 14, 14, 13
MM, 11, 14, 12
MM, 7, 14, 13
MM, 2, 15, 12
MM, 555, 595, 13
MM, 30, 24, 12
MM, 143, 0, 12
MM, 134, 7, 13
MM, 128, 12, 13
MM, 125, 15, 12
MM, 124, 16, 12
MM, 123, 17, 13
MM, 122, 17, 24
MM, 122, 16, 64
MM, 122, 12, 11
MM, 126, 6, 13
MM, 522, 611, 12
MM, 14, 29, 13
MM, 20, 24, 13
MM, 25, 19, 13
MM, 29, 14, 12
MM, 33, 7, 13
MM, 36, 3, 12
MM, 556, 576, 12
MM, 558, 573, 13
MM, 560, 572, 12
MM, 561, 570, 13
MM, 562, 570, 12
MM, 10, 30, 13
MM, 11, 28, 25
MM, 12, 28, 12
MM, 13, 27, 13
MC, 1, 313
MM, 10, 27, 263
MM, 5, 27, 12
MM, 34, 24, 13
MM, 9, 19, 13
MM, 26, 14, 12
MM, 18, 12, 12
MM, 13, 11, 13
MM, 9, 9, 13
MM, 5, 8, 12
MM, 0, 7, 12
MM, 466, 545, 13
MM, 36, 4, 12
MM, 33, 4, 13
MM, 30, 3, 12
MM, 29, 2, 12
MM, 28, 2, 13
MM, 27, 1, 12
MM, 26, 0, 13
MM, 24, 0, 12
MM, 450, 538, 13
MM, 448, 537, 12
MM, 445, 536, 13
MM, 441, 534, 12
MM, 439, 533, 13
MM, 437, 531, 13
MM, 436, 530, 12
MM, 435, 529, 13
MM, 434, 529, 12
MM, 433, 528, 12
MM, 35, 25, 13
MM, 35, 24, 13
MM, 34, 23, 12
MM, 33, 22, 25
MM, 32, 21, 38
MM, 32, 20, 24
MM, 31, 20, 24
MM, 31, 19, 13
MC, 1, 262
MM, 34, 19, 139
MM, 3, 19, 13
MM, 35, 19, 12
MM, 13, 20, 13
MM, 32, 20, 12
MM, 2, 20, 12
MM, 13, 20, 13
MM, 25, 20, 13
MM, 31, 20, 12
MM, 605, 522, 75
MM, 0, 20, 288
MM, 2, 20, 13
MM, 4, 20, 12
MM, 6, 19, 12
MM, 8, 19, 12
MM, 11, 19, 12
MM, 12, 19, 14
MM, 13, 19, 24
MM, 14, 19, 38
MC, 1, 250
MM, 10, 19, 401
MM, 5, 19, 13
MM, 29, 21, 12
MM, 27, 29, 13
MM, 527, 535, 12
MM, 0, 0, 12
MM, 29, 3, 13
MM, 19, 5, 13
MM, 13, 6, 11
MM, 10, 8, 13
MM, 8, 8, 12
MM, 7, 8, 13
MM, 6, 8, 38
MM, 5, 8, 1088
MM, 4, 8, 13
MM, 3, 8, 14
MM, 1, 8, 11
MM, 469, 547, 12
MM, 468, 547, 13
MM, 465, 547, 13
MM, 36, 8, 12
MM, 33, 8, 14
MM, 28, 8, 11
MM, 22, 8, 12
MM, 18, 8, 13
MM, 14, 8, 12
MM, 11, 8, 13
MM, 10, 8, 13
MM, 8, 8, 12
MM, 7, 8, 12
MM, 6, 8, 13
MM, 5, 8, 25
MM, 6, 8, 500
MM, 7, 9, 12
MM, 11, 11, 13
MM, 15, 13, 13
MM, 21, 16, 12
MM, 26, 19, 12
MM, 29, 21, 12
MM, 31, 22, 14
MM, 34, 24, 12
MM, 36, 25, 12
MM, 464, 564, 12
MM, 467, 566, 12
MM, 468, 566, 13
MM, 469, 567, 12
MM, 469, 568, 839
MM, 0, 29, 13
MM, 1, 30, 25
MM, 472, 570, 12
MM, 474, 572, 12
MM, 475, 574, 14
MM, 4, 0, 12
MM, 6, 3, 12
MM, 7, 4, 13
MM, 9, 6, 12
MM, 10, 7, 25
MM, 11, 7, 13
MM, 11, 8, 312
MM, 11, 9, 13
MM, 11, 10, 13
MM, 11, 12, 12
MM, 15, 14, 12
MM, 17, 17, 13
MM, 19, 18, 12
MM, 21, 19, 13
MM, 23, 20, 12
MM, 23, 21, 13
MM, 24, 22, 25
MM, 25, 22, 25
MM, 25, 21, 125
MM, 25, 20, 12
MM, 25, 19, 13
MM, 25, 21, 112
MM, 23, 23, 13
MM, 22, 27, 12
MM, 495, 608, 13
MM, 494, 611, 12
MM, 103, 0, 13
MM, 103, 2, 12
MM, 102, 3, 13
MM, 101, 4, 12
MM, 100, 6, 13
MM, 99, 6, 12
MM, 98, 7, 25
MM, 97, 7, 688
MM, 97, 8, 13
MM, 95, 8, 13
MM, 94, 8, 13
MM, 92, 8, 12
MM, 85, 8, 19
MM, 68, 7, 6
MM, 440, 611, 12
MM, 36, 28, 13
MM, 25, 22, 12
MM, 15, 16, 12
MM, 9, 13, 13
MM, 6, 11, 13
MM, 4, 10, 11
MM, 3, 8, 13
MM, 2, 8, 13
MM, 2, 7, 12
MM, 1, 7, 13
MM, 2, 7, 313
MM, 5, 8, 12
MM, 10, 13, 13
MM, 23, 24, 13
MM, 429, 612, 12
MM, 50, 7, 12
MM, 57, 11, 12
MM, 62, 14, 13
MM, 64, 15, 12
MM, 65, 17, 13
MM, 66, 17, 12
MM, 66, 18, 25
MM, 67, 18, 12
MM, 67, 17, 375
MM, 67, 16, 25
MM, 67, 15, 26
MM, 67, 14, 38
MC, 1, 349
MM, 67, 13, 275
MM, 68, 11, 25
MM, 68, 10, 12
MM, 69, 9, 13
MM, 69, 8, 13
MM, 70, 7, 12
MM, 70, 6, 12
MM, 71, 5, 13
MM, 71, 4, 12
MM, 72, 4, 13
MM, 72, 3, 13
MM, 72, 2, 50
MM, 72, 0, 237
MM, 462, 612, 13
MM, 462, 611, 12
MM, 464, 608, 13
MM, 33, 26, 13
MM, 471, 588, 12
MM, 1, 1, 12
MM, 479, 570, 13
MM, 11, 27, 12
MM, 12, 24, 13
MM, 14, 21, 12
MM, 15, 16, 12
MM, 17, 12, 13
MM, 18, 7, 13
MM, 20, 4, 12
MM, 22, 1, 13
MM, 494, 537, 12
MM, 496, 535, 12
MM, 500, 533, 13
MM, 22, 30, 12
MM, 25, 28, 12
MM, 29, 27, 14
MM, 32, 26, 12
MM, 517, 527, 12
MM, 520, 526, 13
MM, 3, 23, 12
MM, 7, 21, 13
MM, 11, 21, 12
MM, 14, 21, 13
MM, 16, 21, 12
MM, 18, 21, 12
MM, 19, 21, 13
MM, 20, 21, 12
MM, 22, 21, 13
MM, 24, 21, 13
MM, 26, 21, 12
MM, 30, 21, 12
MM, 558, 523, 13
MM, 562, 523, 12
MM, 1, 21, 13
MM, 3, 21, 12
MM, 6, 21, 13
MM, 7, 20, 25
MM, 9, 20, 226
MM, 12, 19, 12
MM, 17, 19, 13
MM, 29, 18, 12
MM, 603, 519, 12
MM, 2, 16, 13
MM, 5, 16, 13
MM, 8, 16, 12
MM, 9, 16, 12
MM, 10, 16, 25
MM, 11, 16, 13
MC, 1, 350
MM, 8, 16, 100
MM, 3, 16, 13
MM, 602, 518, 12
MM, 24, 16, 13
MM, 14, 16, 13
MM, 6, 16, 11
MM, 34, 17, 13
MM, 22, 17, 13
MM, 14, 17, 12
MM, 8, 18, 13
MM, 5, 19, 12
MM, 3, 19, 12
MM, 1, 19, 13
MM, 0, 19, 13
MM, 521, 521, 25
MM, 519, 521, 200
MM, 33, 19, 12
MM, 28, 19, 12
MM, 13, 21, 13
MM, 30, 24, 12
MM, 12, 27, 13
MM, 4, 29, 13
MM, 436, 533, 12
MM, 426, 536, 13
MM, 419, 538, 12
MM, 30, 1, 13
MM, 27, 3, 12
MM, 25, 3, 12
MM, 25, 4, 13
MM, 24, 4, 13
MM, 23, 4, 25
MM, 22, 4, 25
MM, 22, 5, 112
MM, 22, 6, 13
MM, 22, 7, 12
MM, 21, 8, 13
MM, 21, 9, 12
MM, 21, 10, 13
MM, 20, 11, 24
MM, 20, 12, 12
MM, 19, 12, 13
MM, 19, 13, 25
MC, 1, 176
MM, 19, 14, 125
MM, 19, 16, 13
MM, 22, 21, 12
MM, 414, 572, 13
MM, 32, 9, 12
MM, 433, 595, 12
MM, 7, 28, 13
MM, 58, 2, 13
MM, 63, 9, 12
MM, 66, 13, 12
MM, 75, 20, 88
MM, 76, 20, 12
MM, 77, 20, 38
MM, 79, 20, 424
MM, 80, 20, 25
MM, 82, 18, 26
MM, 83, 13, 12
MM, 88, 5, 12
MM, 482, 609, 13
MM, 11, 26, 12
MM, 16, 16, 13
MM, 499, 574, 12
MM, 34, 23, 12
MM, 507, 555, 13
MM, 509, 549, 12
MM, 510, 546, 13
MM, 510, 542, 12
MM, 511, 538, 13
MM, 512, 535, 12
MM, 512, 533, 13
MM, 30, 30, 12
MM, 30, 29, 12
MM, 30, 28, 13
MM, 30, 26, 25
MM, 30, 25, 25
MM, 30, 24, 38
MM, 30, 23, 24
MM, 28, 21, 25
MM, 26, 19, 13
MM, 23, 16, 13
MM, 20, 11, 12
MM, 18, 9, 12
MM, 17, 6, 13
MM, 16, 5, 12
MM, 16, 4, 12
MM, 15, 4, 26
MC, 1, 238
MM, 16, 5, 25
MM, 17, 6, 13
MM, 19, 8, 12
MM, 22, 11, 12
MM, 25, 14, 14
MM, 28, 17, 12
MM, 30, 19, 11
MM, 32, 22, 13
MM, 34, 24, 13
MM, 518, 529, 13
MM, 522, 533, 12
MM, 525, 536, 12
MM, 17, 0, 12
MM, 20, 3, 14
MM, 23, 4, 12
MM, 24, 5, 12
MM, 26, 6, 13
MM, 27, 7, 38
MM, 28, 7, 112
MM, 29, 7, 39
MM, 30, 7, 11
MM, 31, 7, 13
MM, 32, 7, 13
MM, 33, 7, 12
MM, 34, 7, 13
MM, 548, 546, 12
MM, 552, 546, 13
MM, 0, 7, 13
MM, 3, 8, 11
MM, 4, 9, 13
MM, 5, 9, 12
MM, 6, 9, 13
MM, 7, 9, 12
MM, 8, 9, 13
MM, 8, 10, 12
MC, 1, 337
MM, 5, 10, 127
MM, 0, 10, 12
MM, 31, 10, 12
MM, 15, 10, 13
MM, 28, 8, 13
MM, 18, 8, 12
MM, 12, 8, 13
MM, 6, 8, 12
MM, 468, 547, 12
MM, 29, 7, 13
MM, 21, 7, 12
MM, 17, 5, 13
MM, 15, 5, 13
MM, 13, 5, 12
MM, 12, 4, 13
MM, 11, 4, 12
MM, 10, 4, 25
MM, 9, 3, 25
MM, 8, 3, 12
MM, 7, 2, 13
MM, 4, 1, 12
MM, 3, 0, 12
MM, 429, 538, 13
MM, 427, 537, 12
MM, 426, 536, 13
MM, 425, 535, 12
MM, 425, 534, 13
MM, 27, 30, 12
MM, 26, 29, 13
MM, 25, 27, 12
MM, 25, 25, 13
MM, 24, 25, 12
MM, 23, 24, 13
MM, 22, 22, 12
MM, 22, 21, 13
MM, 21, 20, 13
MM, 20, 18, 12
MM, 20, 16, 25
MM, 20, 15, 50
MC, 1, 200
MM, 20, 16, 113
MM, 20, 17, 12
MM, 20, 18, 12
MM, 20, 20, 25
MM, 20, 21, 13
MM, 20, 23, 13
MM, 20, 28, 13
MM, 417, 538, 12
MM, 33, 7, 12
MM, 421, 553, 12
MM, 424, 563, 13
MM, 430, 579, 12
MM, 2, 14, 12
MM, 7, 20, 13
MM, 9, 25, 13
MM, 12, 29, 12
MM, 448, 610, 13
MM, 61, 4, 12
MM, 62, 11, 13
MM, 64, 16, 13
MM, 65, 18, 12
MM, 65, 19, 12
MM, 65, 20, 13
MC, 1, 475
MM, 66, 20, 175
MM, 67, 18, 12
MM, 69, 17, 13
MM, 72, 14, 13
MM, 77, 10, 12
MM, 81, 5, 13
MM, 84, 0, 13
MM, 478, 608, 12
MM, 5, 30, 12
MM, 6, 28, 12
MM, 7, 27, 12
MM, 7, 26, 34
MM, 8, 25, 16
MM, 9, 25, 127
MM, 10, 24, 12
MM, 11, 24, 50
MC, 1, 199
MM, 9, 22, 201
MM, 6, 19, 13
MM, 0, 14, 12
MM, 20, 0, 12
MM, 0, 11, 13
MM, 415, 533, 13
MM, 12, 23, 12
MM, 9, 19, 13
MM, 7, 17, 12
MM, 6, 16, 13
MM, 5, 14, 12
MM, 5, 13, 50
MC, 1, 387
MM, 5, 15, 88
MM, 5, 16, 12
MM, 5, 19, 12
MM, 5, 26, 13
MM, 402, 533, 13
MM, 402, 537, 12
MM, 16, 3, 13
MM, 15, 6, 13
MM, 14, 10, 12
MM, 12, 13, 12
MM, 11, 15, 13
MM, 10, 17, 12
MM, 9, 18, 12
MM, 8, 20, 14
MM, 7, 21, 11
MM, 7, 22, 13
MM, 6, 22, 13
MM, 5, 23, 24
MM, 4, 23, 13
MM, 3, 23, 12
MM, 2, 23, 13
MM, 1, 23, 12
MM, 383, 562, 13
MM, 381, 562, 12
MM, 31, 23, 13
MM, 28, 22, 12
MM, 26, 21, 13
MM, 25, 21, 13
MM, 23, 20, 12
MM, 23, 19, 12
MM, 22, 19, 38
MM, 22, 18, 37
MM, 25, 18, 13
MM, 28, 17, 12
MM, 32, 17, 13
MM, 382, 556, 12
MM, 2, 17, 12
MM, 5, 17, 13
MM, 10, 19, 13
MM, 13, 20, 12
MM, 15, 20, 12
MM, 16, 20, 14
MM, 17, 20, 11
MM, 18, 20, 26
MM, 19, 20, 87
MC, 1, 251
MM, 20, 20, 62
MM, 22, 20, 25
MM, 23, 18, 12
MM, 28, 16, 13
MM, 3, 9, 12
MM, 15, 4, 13
MM, 25, 0, 12
MM, 456, 537, 13
MM, 461, 535, 12
MM, 468, 533, 13
MM, 36, 30, 13
MM, 479, 531, 12
MM, 0, 27, 12
MM, 2, 27, 13
MM, 5, 27, 12
MM, 8, 27, 13
MM, 9, 27, 12
MM, 11, 27, 12
MM, 12, 27, 13
MM, 14, 27, 12
MM, 15, 27, 12
MM, 16, 27, 64
MC, 1, 362
MM, 14, 27, 237
MM, 13, 28, 13
MM, 10, 29, 13
MM, 488, 534, 12
MM, 13, 0, 12
MM, 7, 6, 13
MM, 466, 561, 12
MM, 32, 30, 13
MM, 455, 574, 12
MM, 20, 1, 12
MM, 18, 2, 13
MM, 18, 3, 12
MM, 17, 4, 13
MM, 16, 6, 37
MM, 15, 8, 26
MM, 15, 9, 12
MM, 15, 10, 12
MM, 15, 12, 13
MM, 14, 15, 12
MM, 13, 16, 13
MM, 12, 19, 12
MM, 12, 21, 14
MM, 11, 23, 11
MM, 10, 25, 13
MM, 9, 26, 12
MM, 8, 28, 13
MM, 8, 29, 24
MM, 7, 29, 13
MM, 7, 30, 13
MM, 6, 30, 112
MM, 440, 607, 12
MM, 439, 608, 13
MM, 439, 610, 13
MM, 48, 0, 12
MM, 46, 3, 13
MM, 45, 5, 12
MM, 45, 7, 12
MM, 44, 9, 13
MM, 43, 10, 12
MM, 43, 12, 13
MM, 42, 13, 12
MM, 41, 15, 13
MM, 41, 16, 12
MM, 41, 17, 13
MC, 1, 287
MM, 39, 17, 251
MM, 39, 16, 12
MM, 37, 14, 13
MM, 36, 12, 13
MM, 34, 10, 12
MM, 32, 8, 12
MM, 28, 4, 12
MM, 25, 0, 14
MM, 412, 611, 12
MM, 410, 609, 12
MM, 409, 608, 13
MM, 408, 608, 25
MM, 408, 607, 25
MM, 17, 30, 50
MC, 1, 312
MM, 17, 29, 113
MM, 20, 28, 13
MM, 24, 28, 12
MM, 35, 23, 12
MM, 5, 20, 13
MM, 17, 17, 13
MM, 27, 14, 12
MM, 469, 588, 12
MM, 4, 10, 13
MM, 15, 8, 12
MM, 23, 5, 13
MM, 29, 3, 12
MM, 35, 0, 13
MM, 518, 573, 12
MM, 16, 30, 13
MM, 23, 27, 12
MM, 29, 25, 13
MM, 34, 24, 12
MM, 550, 561, 12
MM, 3, 19, 12
MM, 11, 17, 13
MM, 18, 15, 13
MM, 24, 13, 12
MM, 27, 12, 13
MM, 30, 11, 12
MM, 33, 10, 13
MM, 591, 547, 12
MM, 596, 546, 13
MM, 3, 5, 12
MM, 7, 5, 13
MM, 9, 4, 12
MM, 12, 3, 13
MM, 14, 2, 12
MM, 15, 1, 12
MM, 17, 0, 13
MM, 616, 538, 12
MM, 619, 537, 12
MM, 622, 535, 13
MM, 625, 534, 14
MM, 630, 533, 11
MM, 26, 30, 12
MM, 28, 30, 14
MM, 30, 29, 12
MM, 638, 531, 13
MM, 639, 531, 12
MM, 640, 530, 12
MM, 641, 529, 13
MM, 641, 528, 250
MM, 643, 526, 26
MM, 0, 23, 12
MM, 1, 22, 12
MM, 3, 20, 13
MM, 5, 19, 12
MM, 7, 17, 13
MM, 7, 16, 13
MM, 8, 15, 12
MM, 9, 14, 25
MM, 10, 14, 25
MM, 10, 13, 25
MC, 1, 313
MM, 8, 13, 75
MM, 5, 16, 12
MM, 0, 21, 13
MM, 30, 29, 13
MM, 631, 539, 12
MM, 29, 5, 13
MM, 27, 7, 12
MM, 23, 10, 13
MM, 18, 14, 12
MM, 16, 16, 12
MM, 14, 17, 13
MM, 11, 21, 12
MM, 10, 22, 13
MM, 9, 24, 12
MM, 8, 25, 12
MM, 7, 26, 13
MM, 7, 27, 25
MM, 6, 27, 13
MM, 5, 28, 37
MM, 5, 29, 12
MM, 4, 30, 13
MM, 3, 30, 12
MM, 599, 571, 13
MM, 596, 573, 12
MM, 594, 575, 13
MM, 30, 3, 12
MM, 27, 6, 12
MM, 23, 9, 14
MM, 20, 14, 12
MM, 16, 18, 12
MM, 14, 20, 13
MM, 13, 20, 12
MM, 12, 22, 50
MC, 1, 251
MM, 11, 22, 1114
MM, 11, 21, 12
MM, 8, 19, 12
MM, 7, 17, 13
MM, 3, 12, 13
MM, 558, 582, 12
MM, 36, 0, 13
MM, 36, 30, 12
MM, 29, 21, 12
MM, 24, 15, 13
MM, 21, 10, 12
MM, 19, 7, 13
MM, 17, 4, 12
MM, 15, 2, 13
MM, 14, 0, 12
MM, 522, 537, 12
MM, 521, 535, 13
MM, 519, 533, 12
MM, 519, 531, 13
MM, 517, 529, 13
MM, 34, 25, 12
MM, 34, 24, 12
MM, 33, 23, 13
MM, 31, 22, 238
MM, 28, 20, 13
MM, 22, 16, 12
MM, 9, 9, 12
MM, 480, 505, 13
MM, 472, 498, 13
MM, 25, 29, 12
MM, 19, 26, 13
MM, 14, 24, 12
MM, 11, 23, 12
MM, 9, 23, 13
MM, 8, 23, 13
MM, 7, 23, 12
MM, 6, 23, 12
MM, 4, 23, 25
MM, 2, 23, 13
MM, 1, 23, 12
MM, 438, 489, 12
MM, 438, 490, 13
MM, 436, 491, 13
MM, 436, 492, 12
MM, 434, 493, 13
MM, 433, 494, 12
MM, 431, 497, 13
MM, 429, 500, 12
MM, 29, 1, 13
MM, 27, 5, 12
MM, 24, 7, 13
MM, 24, 9, 12
MM, 23, 10, 13
MM, 22, 10, 12
MM, 22, 11, 13
MM, 21, 12, 12
MM, 20, 12, 88
MM, 20, 13, 12
MC, 1, 188
MM, 20, 14, 112
MM, 20, 15, 12
MM, 19, 16, 13
MM, 19, 19, 13
MM, 19, 21, 12
MM, 19, 22, 12
MM, 20, 25, 13
MM, 23, 29, 12
MM, 425, 534, 13
MM, 429, 537, 13
MM, 6, 0, 11
MM, 7, 1, 14
MM, 9, 3, 12
MM, 10, 4, 12
MM, 11, 4, 13
MM, 12, 5, 25
MM, 13, 5, 25
MM, 13, 6, 12
MM, 14, 6, 13
MM, 15, 6, 12
MM, 16, 6, 13
MM, 17, 7, 12
MM, 18, 7, 13
MM, 19, 7, 37
MC, 1, 226
MM, 20, 7, 87
MM, 22, 7, 25
MM, 24, 7, 13
MM, 26, 7, 12
MM, 30, 7, 12
MM, 35, 7, 13
MM, 1, 6, 13
MM, 13, 4, 12
MM, 25, 0, 12
MM, 502, 535, 13
MM, 30, 27, 13
MM, 4, 18, 12
MM, 14, 14, 12
MM, 21, 11, 13
MM, 27, 8, 12
MM, 30, 7, 13
MM, 33, 5, 12
MM, 559, 507, 13
MM, 0, 4, 12
MM, 4, 2, 13
MM, 7, 1, 12
MM, 9, 1, 13
MM, 11, 0, 13
MM, 12, 0, 11
MM, 13, 0, 14
MM, 14, 0, 24
MM, 15, 0, 38
MM, 16, 0, 50
MM, 17, 0, 12
MM, 18, 0, 13
MM, 21, 0, 12
MM, 24, 0, 13
MM, 26, 0, 12
MM, 28, 1, 13
MM, 30, 2, 12
MM, 32, 3, 12
MM, 35, 3, 13
MM, 601, 506, 13
MM, 602, 507, 12
MM, 604, 507, 13
MM, 605, 508, 12
MM, 606, 509, 12
MM, 2, 7, 13
MM, 3, 7, 13
MM, 3, 8, 12
MM, 4, 8, 13
MM, 5, 9, 24
MM, 6, 9, 13
MC, 1, 363
MM, 5, 9, 150
MM, 2, 10, 13
MM, 35, 12, 12
MM, 11, 19, 13
MM, 519, 533, 12
MM, 494, 536, 13
MM, 460, 538, 12
MM, 11, 0, 13
MM, 423, 539, 12
MM, 20, 0, 12
MM, 8, 0, 13
MM, 384, 539, 13
MM, 34, 1, 12
MM, 29, 1, 13
MM, 24, 1, 13
MM, 21, 1, 11
MM, 18, 1, 13
MM, 15, 1, 12
MM, 14, 1, 13
MM, 12, 2, 12
MM, 11, 2, 13
MM, 9, 3, 12
MM, 8, 3, 39
MM, 8, 4, 149
MM, 11, 7, 463
MM, 12, 7, 12
MM, 15, 7, 13
MM, 20, 7, 12
MM, 380, 546, 13
MM, 31, 9, 13
MM, 24, 9, 25
MM, 1, 9, 12
MM, 12, 9, 13
MM, 18, 9, 12
MM, 24, 9, 12
MM, 31, 9, 13
MM, 508, 548, 13
MM, 1, 9, 12
MM, 3, 9, 12
MM, 4, 9, 13
MM, 5, 9, 12
MM, 5, 10, 213
MM, 5, 12, 12
MM, 5, 15, 13
MM, 6, 22, 12
MM, 9, 30, 13
MM, 5, 0, 12
MM, 9, 10, 13
MM, 12, 18, 12
MM, 14, 24, 13
MM, 15, 27, 12
MM, 16, 29, 13
MM, 16, 30, 13
MM, 533, 607, 24
MP, 1, 213
MR, 1, 150
MC, 1, 0
MM, 534, 607, 376
MM, 17, 30, 62
MM, 17, 29, 13
MM, 17, 28, 12
MM, 18, 26, 13
MM, 18, 24, 13
MM, 18, 23, 25
MM, 18, 22, 37
MC, 1, 688
MM, 17, 22, 251
MM, 16, 23, 24
MM, 13, 24, 13
MM, 11, 26, 12
MM, 9, 29, 12
MM, 521, 607, 13
MM, 519, 609, 12
MM, 517, 611, 13
MM, 124, 1, 13
MM, 124, 2, 12
MM, 123, 2, 12
MM, 123, 3, 13
MM, 123, 4, 13
MM, 122, 4, 12
MC, 1, 413
MM, 121, 4, 250
MM, 121, 5, 13
MM, 119, 5, 12
MM, 116, 7, 13
MM, 110, 10, 12
MM, 104, 13, 13
MM, 98, 15, 13
MM, 95, 16, 12
MM, 94, 16, 12
MM, 92, 16, 13
MM, 91, 16, 12
MM, 90, 16, 25
MM, 89, 16, 301
MM, 88, 15, 12
MM, 86, 11, 13
MM, 79, 4, 12
MM, 23, 22, 13
MM, 12, 6, 12
MM, 441, 573, 13
MM, 11, 30, 12
MM, 9, 26, 12
MM, 7, 24, 13
MM, 6, 21, 12
MM, 5, 18, 13
MM, 4, 15, 12
MM, 3, 11, 13
MM, 2, 10, 12
MM, 1, 10, 426
MM, 425, 548, 13
MM, 422, 548, 12
MM, 31, 7, 13
MM, 24, 6, 12
MM, 20, 3, 12
MM, 16, 1, 12
MM, 14, 0, 13
MM, 398, 537, 13
MM, 397, 537, 13
MM, 396, 535, 11
MM, 395, 534, 26
MM, 395, 533, 12
MM, 394, 533, 1101
MM, 394, 532, 150
MM, 394, 531, 25
MM, 394, 529, 13
MM, 394, 528, 12
MM, 394, 526, 13
MM, 394, 524, 12
MM, 394, 522, 13
MM, 395, 520, 12
MM, 396, 519, 12
MM, 0, 15, 13
MM, 2, 14, 25
MM, 3, 14, 25
MM, 3, 13, 13
MM, 5, 13, 13
MM, 6, 13, 24
MM, 6, 12, 13
MM, 8, 11, 12
MM, 9, 11, 25
MM, 9, 10, 25
MM, 10, 10, 13
MM, 11, 10, 75
MC, 1, 237
MM, 12, 10, 100
MM, 13, 10, 12
MM, 14, 10, 13
MM, 17, 11, 13
MM, 22, 14, 12
MM, 30, 18, 12
MM, 435, 526, 13
MM, 1, 28, 12
MM, 442, 533, 13
MM, 444, 534, 13
MM, 445, 536, 12
MM, 446, 538, 12
MM, 447, 538, 13
MM, 21, 1, 12
MM, 23, 2, 13
MM, 24, 4, 13
MM, 27, 7, 12
MM, 29, 13, 13
MM, 30, 19, 12
MM, 31, 25, 12
MM, 32, 27, 13
MM, 32, 28, 12
MM, 32, 29, 12
MM, 32, 30, 13
MM, 459, 570, 25
MM, 459, 571, 17
MM, 458, 571, 9
MM, 458, 572, 12
MM, 457, 573, 12
MM, 457, 574, 12
MM, 457, 575, 13
MM, 456, 575, 13
MM, 22, 1, 12
MM, 21, 2, 12
MM, 21, 5, 13
MM, 21, 7, 13
MM, 20, 8, 12
MM, 20, 9, 12
MM, 19, 10, 13
MM, 19, 11, 62
MC, 1, 300
MM, 18, 11, 113
MM, 17, 10, 12
MM, 14, 5, 13
MM, 10, 0, 12
MM, 10, 30, 13
MM, 4, 23, 12
MM, 424, 556, 13
MM, 421, 550, 12
MM, 35, 8, 12
MM, 34, 5, 13
MM, 33, 3, 12
MM, 33, 2, 25
MM, 33, 1, 126
MM, 33, 0, 37
MM, 418, 538, 12
MM, 418, 537, 26
MM, 417, 536, 24
MM, 417, 535, 25
MM, 417, 534, 25
MM, 416, 533, 25
MM, 19, 30, 13
MM, 19, 29, 11
MM, 19, 28, 13
MM, 18, 25, 13
MM, 18, 24, 12
MM, 18, 23, 12
MM, 18, 22, 14
MM, 18, 21, 25
MM, 18, 20, 12
MC, 1, 263
MM, 20, 20, 74
MM, 23, 20, 12
MM, 26, 20, 13
MM, 30, 20, 13
MM, 33, 20, 12
MM, 433, 522, 12
MM, 436, 522, 13
MM, 437, 521, 12
MM, 438, 521, 13
MM, 1, 18, 13
MM, 2, 18, 12
MM, 3, 18, 13
MM, 4, 17, 13
MM, 5, 17, 24
MC, 1, 315
MM, 6, 17, 86
MM, 7, 17, 13
MM, 12, 22, 11
MM, 459, 535, 12
MM, 468, 548, 14
MM, 11, 26, 11
MM, 23, 9, 13
MM, 29, 17, 12
MM, 32, 20, 13
MM, 34, 22, 13
MM, 511, 598, 262
MM, 516, 598, 13
MM, 8, 22, 13
MM, 36, 22, 12
MM, 31, 22, 13
MM, 1, 22, 12
MM, 8, 22, 12
MM, 14, 22, 13
MM, 19, 22, 13
MM, 25, 23, 12
MM, 28, 23, 12
MM, 634, 599, 13
MM, 636, 599, 12
MM, 637, 599, 12
MM, 638, 599, 14
MM, 0, 23, 12
MM, 1, 23, 12
MM, 2, 23, 13
MM, 3, 23, 13
MM, 4, 23, 12
MM, 6, 23, 25
MM, 7, 23, 12
MM, 8, 23, 13
MM, 10, 22, 12
MM, 12, 22, 13
MM, 13, 21, 12
MM, 14, 21, 12
MM, 15, 21, 25
MC, 1, 301
MM, 14, 21, 263
MM, 10, 21, 11
MM, 4, 20, 13
MM, 27, 14, 14
MM, 35, 3, 12
MM, 567, 570, 13
MM, 1, 26, 12
MM, 34, 22, 12
MM, 24, 20, 13
MM, 19, 18, 12
MM, 14, 16, 13
MM, 12, 15, 12
MM, 11, 15, 13
MM, 9, 15, 12
MM, 8, 14, 25
MM, 7, 13, 263
MM, 4, 10, 12
MM, 510, 544, 13
MM, 505, 536, 12
MM, 18, 26, 12
MM, 15, 23, 13
MM, 14, 21, 13
MM, 13, 20, 12
MM, 13, 19, 13
MM, 13, 18, 174
MC, 1, 262
MM, 16, 18, 50
MM, 18, 19, 13
MM, 22, 22, 12
MM, 26, 27, 14
MM, 29, 30, 12
MM, 513, 537, 12
MM, 5, 0, 13
MM, 5, 3, 13
MM, 7, 4, 12
MM, 8, 5, 12
MM, 9, 6, 13
MM, 10, 7, 12
MM, 11, 8, 13
MM, 12, 8, 12
MM, 14, 9, 13
MM, 16, 9, 12
MM, 19, 9, 13
MM, 21, 9, 12
MM, 22, 9, 13
MM, 24, 9, 12
MM, 26, 9, 13
MM, 29, 9, 12
MM, 32, 9, 13
MM, 548, 548, 12
MM, 553, 547, 13
MM, 2, 8, 13
MM, 5, 8, 12
MM, 8, 7, 12
MM, 10, 6, 13
MM, 11, 5, 12
MM, 13, 4, 12
MM, 16, 3, 13
MM, 18, 3, 12
MM, 19, 3, 13
MM, 20, 3, 12
MM, 21, 3, 38
MC, 1, 288
MM, 19, 3, 113
MM, 13, 3, 12
MM, 35, 7, 12
MM, 1, 11, 13
MM, 466, 551, 13
MM, 22, 14, 12
MM, 12, 14, 13
MM, 2, 14, 12
MM, 27, 14, 12
MM, 15, 14, 13
MM, 7, 14, 13
MM, 383, 553, 12
MM, 34, 15, 12
MM, 29, 15, 13
MM, 28, 15, 12
MM, 27, 15, 13
MM, 26, 15, 13
MC, 1, 413
MM, 28, 15, 124
MM, 31, 15, 14
MM, 379, 554, 12
MM, 7, 17, 12
MM, 31, 23, 12
MM, 5, 28, 13
MM, 14, 30, 12
MM, 448, 572, 13
MM, 460, 575, 13
MM, 470, 580, 12
MM, 1, 8, 13
MM, 4, 11, 12
MM, 8, 13, 12
MM, 12, 15, 13
MM, 17, 17, 12
MM, 21, 18, 12
MM, 23, 19, 14
MM, 26, 20, 12
MM, 29, 20, 12
MM, 30, 20, 12
MM, 31, 20, 251
MM, 32, 20, 13
MM, 33, 20, 13
MM, 511, 595, 12
MM, 514, 594, 12
MM, 1, 18, 13
MM, 4, 18, 12
MM, 7, 17, 13
MM, 8, 17, 12
MM, 9, 17, 13
MM, 10, 17, 37
MC, 1, 289
MM, 11, 16, 250
MM, 16, 14, 12
MM, 26, 11, 12
MM, 7, 1, 13
MM, 6, 26, 13
MM, 25, 19, 12
MM, 32, 17, 13
MM, 635, 554, 12
MM, 3, 14, 12
MM, 7, 13, 13
MM, 13, 12, 13
MM, 18, 10, 12
MM, 22, 10, 12
MM, 26, 9, 13
MM, 28, 9, 12
MM, 29, 9, 13
MM, 30, 8, 12
MM, 31, 8, 25
MM, 32, 7, 25
MM, 32, 6, 34
MM, 34, 6, 3
MM, 35, 6, 26
MM, 34, 6, 174
MM, 33, 6, 13
MM, 31, 7, 12
MM, 30, 8, 13
MM, 29, 8, 12
MM, 29, 9, 12
MM, 28, 9, 13
MM, 27, 9, 26
MM, 26, 9, 212
MM, 25, 9, 37
MM, 25, 10, 338
MM, 24, 10, 76
MM, 23, 10, 11
MM, 23, 11, 26
MM, 22, 12, 12
MM, 21, 13, 25
MC, 1, 250
MM, 20, 14, 113
MM, 19, 15, 13
MM, 16, 16, 12
MM, 8, 19, 13
MM, 631, 564, 12
MM, 614, 571, 12
MM, 603, 574, 12
MM, 32, 0, 14
MM, 20, 4, 11
MM, 12, 8, 13
MM, 6, 11, 13
MM, 1, 14, 12
MM, 557, 593, 12
MM, 554, 596, 14
MM, 35, 22, 12
MM, 33, 23, 12
MM, 30, 26, 13
MM, 26, 28, 12
MM, 24, 30, 13
MM, 539, 608, 12
MM, 537, 611, 13
MM, 145, 0, 12
MM, 143, 2, 13
MM, 141, 4, 12
MM, 141, 7, 12
MM, 138, 9, 13
MM, 138, 11, 12
MM, 136, 13, 13
MM, 135, 15, 12
MM, 134, 16, 13
MM, 133, 17, 12
MM, 132, 17, 25
MM, 132, 18, 14
MM, 131, 18, 12
MM, 131, 19, 25
MC, 1, 225
MM, 132, 16, 187
MM, 133, 13, 13
MM, 136, 9, 12
MM, 141, 0, 13
MM, 535, 607, 13
MM, 23, 24, 12
MM, 28, 16, 13
MM, 34, 6, 12
MM, 557, 575, 12
MM, 7, 30, 13
MM, 8, 28, 12
MM, 10, 26, 12
MM, 10, 24, 13
MM, 11, 22, 13
MM, 12, 20, 12
MM, 13, 18, 12
MM, 13, 14, 13
MM, 14, 10, 12
MM, 15, 4, 13
MM, 16, 1, 13
MM, 571, 537, 12
MM, 571, 535, 13
MM, 571, 533, 12
MM, 7, 30, 12
MM, 8, 29, 26
MM, 8, 28, 12
MM, 9, 27, 13
MM, 9, 25, 12
MM, 10, 23, 12
MM, 11, 21, 13
MM, 12, 19, 13
MM, 12, 17, 12
MM, 12, 16, 12
MM, 13, 15, 13
MM, 13, 14, 12
MM, 14, 13, 13
MM, 14, 12, 24
MC, 1, 288
MM, 14, 13, 112
MM, 12, 15, 12
MM, 12, 18, 13
MM, 9, 26, 13
MM, 570, 534, 12
MM, 12, 1, 12
MM, 9, 6, 13
MM, 6, 12, 12
MM, 2, 18, 13
MM, 552, 564, 13
MM, 549, 570, 12
MM, 546, 573, 12
MM, 27, 0, 13
MM, 25, 2, 12
MM, 24, 6, 14
MM, 22, 10, 12
MM, 20, 13, 12
MM, 18, 17, 13
MM, 18, 20, 13
MM, 16, 24, 12
MM, 15, 26, 12
MM, 14, 28, 13
MM, 13, 30, 12
MM, 529, 607, 26
MM, 528, 608, 12
MM, 528, 609, 24
MM, 527, 610, 13
MM, 527, 611, 37
MM, 526, 611, 76
MM, 526, 612, 12
MM, 135, 0, 13
MM, 135, 2, 12
MM, 133, 3, 13
MM, 133, 4, 12
MM, 132, 7, 13
MM, 131, 9, 13
MM, 130, 11, 12
MM, 129, 12, 12
MM, 128, 14, 12
MM, 127, 15, 25
MM, 127, 16, 37
MC, 1, 250
MM, 126, 16, 164
MM, 125, 16, 12
MM, 121, 15, 13
MM, 117, 12, 12
MM, 111, 8, 13
MM, 4, 11, 112
MM, 4, 10, 22
MM, 4, 9, 3
MM, 4, 8, 12
MM, 4, 7, 14
MM, 4, 6, 24
MM, 4, 5, 13
MM, 5, 3, 25
MM, 6, 1, 25
MM, 7, 1, 13
MM, 8, 0, 12
MM, 9, 0, 12
MM, 485, 575, 13
MM, 486, 575, 12
MM, 486, 574, 13
MM, 487, 574, 25
MM, 487, 573, 25
MM, 488, 573, 50
MM, 488, 571, 12
MM, 489, 570, 13
MM, 21, 30, 12
MM, 22, 27, 12
MM, 24, 22, 13
MM, 26, 17, 12
MM, 26, 16, 13
MM, 26, 15, 12
MM, 26, 14, 13
MC, 1, 313
MM, 27, 14, 149
MM, 30, 13, 13
MM, 34, 11, 13
MM, 4, 8, 13
MM, 18, 3, 12
MM, 551, 535, 12
MM, 9, 27, 13
MM, 20, 23, 13
MM, 29, 22, 12
MM, 2, 18, 12
MM, 11, 17, 13
MM, 17, 15, 13
MM, 23, 14, 12
MM, 26, 14, 12
MM, 28, 13, 13
MM, 30, 13, 12
MM, 638, 515, 13
MM, 639, 515, 12
MM, 640, 515, 13
MM, 641, 515, 12
MM, 642, 515, 13
MM, 0, 13, 24
MM, 1, 12, 25
MM, 2, 12, 14
MM, 3, 12, 12
MM, 4, 12, 12
MM, 5, 12, 112
MM, 6, 12, 37
MM, 7, 12, 76
MC, 1, 337
MM, 6, 12, 164
MM, 2, 12, 13
MM, 30, 12, 12
MM, 12, 12, 12
MM, 18, 7, 13
MM, 561, 505, 13
MM, 30, 1, 12
MM, 546, 501, 13
MM, 540, 500, 12
MM, 531, 499, 12
MM, 523, 499, 13
MM, 516, 499, 13
MM, 511, 499, 12
MM, 504, 499, 13
MM, 493, 500, 12
MM, 3, 0, 12
MM, 476, 504, 13
MM, 33, 3, 12
MM, 30, 5, 12
MM, 27, 5, 14
MM, 25, 5, 12
MM, 22, 6, 13
MM, 18, 7, 12
MM, 14, 9, 12
MM, 9, 10, 13
MM, 5, 11, 12
MM, 2, 12, 12
MM, 2, 13, 13
MM, 1, 13, 13
MM, 0, 13, 38
MM, 6, 13, 324
MM, 7, 13, 12
MM, 8, 13, 38
MM, 9, 14, 200
MM, 10, 17, 12
MM, 12, 25, 13
MM, 27, 5, 12
MM, 30, 18, 13
MM, 459, 572, 13
MM, 28, 19, 12
MM, 30, 30, 13
MM, 75, 0, 13
MM, 76, 8, 12
MM, 79, 19, 12
MM, 80, 26, 12
MM, 80, 30, 13
MM, 470, 646, 12
MM, 471, 647, 14
MM, 471, 648, 11
MM, 472, 648, 226
MM, 472, 647, 36
MM, 473, 644, 13
MM, 84, 28, 12
MM, 84, 26, 13
MM, 85, 24, 13
MM, 87, 23, 13
MM, 87, 22, 11
MM, 87, 21, 13
MM, 87, 20, 25
MM, 88, 20, 13
MC, 1, 287
MM, 87, 19, 138
MM, 87, 18, 12
MM, 86, 17, 13
MM, 84, 16, 13
MM, 82, 13, 12
MM, 79, 8, 24
MM, 75, 3, 1
MM, 462, 611, 12
MM, 461, 608, 13
MM, 25, 30, 12
MM, 24, 28, 12
MM, 23, 28, 13
MM, 22, 26, 13
MM, 22, 25, 50
MC, 1, 337
MM, 23, 24, 125
MM, 26, 22, 13
MM, 32, 19, 12
MM, 7, 10, 13
MM, 28, 0, 12
MM, 5, 30, 12
MM, 18, 23, 13
MM, 32, 18, 13
MM, 553, 554, 12
MM, 6, 12, 12
MM, 13, 9, 13
MM, 24, 6, 12
MM, 33, 2, 13
MM, 595, 537, 12
MM, 600, 533, 13
MM, 605, 531, 12
MM, 1, 26, 13
MM, 3, 24, 12
MM, 6, 22, 13
MM, 9, 21, 12
MM, 11, 20, 13
MM, 12, 19, 12
MM, 14, 19, 13
MM, 14, 18, 100
MC, 1, 299
MM, 13, 18, 126
MM, 11, 18, 12
MM, 8, 19, 13
MM, 1, 22, 13
MM, 32, 27, 12
MM, 577, 537, 12
MM, 4, 5, 13
MM, 25, 11, 12
MM, 1, 15, 13
MM, 31, 19, 12
MM, 23, 20, 12
MM, 19, 21, 13
MM, 15, 21, 13
MM, 12, 22, 12
MM, 10, 22, 13
MM, 8, 22, 13
MM, 7, 23, 11
MM, 5, 23, 12
MM, 3, 24, 13
MM, 2, 24, 13
MM, 0, 25, 12
MM, 467, 565, 13
MM, 465, 565, 13
MM, 34, 27, 11
MM, 27, 29, 14
MM, 20, 29, 12
MM, 15, 30, 12
MM, 12, 30, 13
MM, 10, 30, 12
MM, 8, 30, 13
MM, 7, 30, 24
MM, 6, 30, 37
MM, 6, 29, 89
MM, 7, 29, 12
MM, 9, 28, 12
MM, 10, 28, 13
MM, 13, 26, 13
MM, 15, 25, 12
MM, 16, 25, 13
MM, 17, 25, 18
MC, 1, 381
MM, 17, 24, 302
MM, 17, 23, 12
MM, 15, 21, 13
MM, 13, 17, 12
MM, 10, 14, 13
MM, 6, 8, 12
MM, 2, 2, 13
MM, 427, 537, 13
MM, 425, 535, 11
MM, 424, 533, 13
MM, 25, 29, 13
MM, 25, 28, 12
MM, 23, 27, 13
MM, 23, 26, 13
MM, 22, 25, 12
MM, 21, 25, 25
MM, 20, 24, 13
MM, 19, 24, 11
MM, 18, 24, 26
MM, 17, 24, 12
MM, 16, 24, 25
MM, 16, 23, 12
MM, 15, 23, 13
MM, 15, 22, 51
MC, 1, 237
MM, 17, 22, 87
MM, 18, 22, 13
MM, 21, 22, 11
MM, 29, 22, 13
MM, 438, 524, 12
MM, 11, 24, 13
MM, 23, 24, 12
MM, 8, 24, 14
MM, 30, 24, 12
MM, 28, 24, 12
MM, 9, 24, 13
MM, 23, 24, 12
MM, 4, 24, 13
MM, 16, 24, 12
MM, 22, 24, 12
MM, 26, 24, 13
MM, 30, 24, 13
MM, 641, 526, 12
MM, 643, 526, 12
MM, 0, 23, 250
MM, 2, 22, 38
MM, 3, 22, 25
MM, 5, 22, 13
MM, 5, 21, 12
MM, 6, 21, 12
MM, 7, 21, 12
MM, 8, 21, 26
MC, 1, 301
MM, 6, 24, 124
MM, 647, 533, 13
MM, 6, 4, 12
MM, 3, 12, 12
MM, 1, 16, 13
MM, 0, 18, 12
MM, 636, 557, 13
MM, 636, 558, 12
MM, 635, 559, 25
MM, 635, 560, 51
MM, 636, 561, 13
MM, 0, 23, 12
MM, 2, 27, 12
MM, 642, 571, 12
MM, 4, 0, 13
MM, 7, 2, 13
MM, 7, 5, 12
MM, 8, 6, 12
MM, 9, 7, 13
MM, 9, 8, 38
MM, 10, 8, 24
MM, 11, 9, 26
MM, 12, 11, 24
MM, 13, 11, 14
MM, 13, 12, 11
MM, 13, 13, 26
MM, 13, 14, 25
MC, 1, 237
MM, 14, 14, 263
MM, 16, 14, 12
MM, 21, 15, 13
MM, 679, 598, 12
MM, 726, 617, 12
MM, 752, 641, 13
MM, 764, 651, 14
MM, 772, 657, 11
MM, 781, 662, 13
MM, 785, 663, 12
MM, 789, 665, 13
MM, 790, 666, 13
MM, 791, 666, 12
MM, 792, 666, 226
MM, 794, 666, 11
MM, 798, 666, 12
MM, 803, 666, 13
MM, 819, 666, 13
MM, 838, 666, 12
MM, 6, 16, 13
MM, 13, 16, 12
MM, 17, 16, 13
MM, 20, 16, 12
MM, 23, 16, 13
MM, 27, 16, 12
MM, 30, 16, 13
MM, 31, 16, 12
MM, 33, 16, 13
MM, 35, 16, 12
MM, 36, 16, 25
MM, 36, 15, 189
MM, 31, 9, 887
MM, 860, 647, 13
MM, 804, 593, 12
MM, 32, 13, 13
MM, 702, 501, 12
MM, 660, 463, 13
MM, 376, 87, 12
MM, 369, 79, 13
MM, 364, 76, 12
MM, 361, 71, 13
MM, 356, 67, 12
MM, 352, 61, 12
MM, 348, 55, 12
MM, 346, 54, 252
MM, 342, 48, 12
